 6.9 -1.750 -2.50  0.1455000000  0.0172000000  0.6987000000  0.0027000000  0.0187000000
 6.9 -1.625 -2.50  0.1455000000  0.0172000000  0.6987000000  0.0036000000  0.0187000000
 6.9 -1.500 -2.50  0.1455000000  0.0172000000  0.6986000000  0.0048000000  0.0187000000
 6.9 -1.750 -2.25  0.1007000000  0.0237000000  0.8543000000  0.0019000000  0.0135000000
 6.9 -1.625 -2.25  0.1007000000  0.0237000000  0.8543000000  0.0025000000  0.0135000000
 6.9 -1.500 -2.25  0.1007000000  0.0237000000  0.8543000000  0.0033000000  0.0135000000
 6.9 -1.750 -2.00  0.0721000000  0.0312000000  1.0035000000  0.0013000000  0.0100000000
 6.9 -1.625 -2.00  0.0721000000  0.0312000000  1.0034000000  0.0018000000  0.0100000000
 6.9 -1.500 -2.00  0.0721000000  0.0312000000  1.0034000000  0.0024000000  0.0100000000
 7.0 -1.750 -2.50  0.1824000000  0.0211000000  0.8688000000  0.0034000000  0.0234000000
 7.0 -1.675 -2.50  0.1824000000  0.0211000000  0.8688000000  0.0041000000  0.0234000000
 7.0 -1.500 -2.50  0.1824000000  0.0211000000  0.8687000000  0.0061000000  0.0234000000
 7.0 -1.750 -2.25  0.1263000000  0.0290000000  1.0606000000  0.0023000000  0.0169000000
 7.0 -1.675 -2.25  0.1263000000  0.0290000000  1.0606000000  0.0028000000  0.0169000000
 7.0 -1.500 -2.25  0.1263000000  0.0290000000  1.0605000000  0.0042000000  0.0169000000
 7.0 -1.750 -2.00  0.0903000000  0.0379000000  1.2429000000  0.0017000000  0.0125000000
 7.0 -1.675 -2.00  0.0903000000  0.0379000000  1.2429000000  0.0020000000  0.0125000000
 7.0 -1.500 -2.00  0.0903000000  0.0379000000  1.2428000000  0.0030000000  0.0125000000
 7.1 -1.750 -2.50  0.2356195453  0.0257569223  1.0707960031  0.0044990125  0.0311013355
 7.1 -1.620 -2.50  0.2356131229  0.0257600125  1.0708513173  0.0059993077  0.0310997951
 7.1 -1.500 -2.50  0.2355975569  0.0257566393  1.0707518272  0.0080000105  0.0310987624
 7.1 -1.750 -2.20  0.1638212549  0.0353501360  1.3098901871  0.0031102863  0.0227577040
 7.1 -1.620 -2.20  0.1638168187  0.0353468861  1.3098380191  0.0041475798  0.0227577025
 7.1 -1.500 -2.20  0.1638032591  0.0353406871  1.3097844426  0.0055306442  0.0227563978
 7.1 -1.750 -2.00  0.1177679236  0.0462102607  1.5374217134  0.0022432048  0.0171558414
 7.1 -1.620 -2.00  0.1177571397  0.0461875799  1.5370646288  0.0029912146  0.0171557496
 7.1 -1.500 -2.00  0.1177502475  0.0461786806  1.5369340431  0.0039887301  0.0171553548
 7.2 -1.750 -2.50  0.2945937805  0.0312671422  1.3250958582  0.0056611619  0.0389884203
 7.2 -1.620 -2.50  0.2946174126  0.0312496186  1.3247258076  0.0075502193  0.0389915329
 7.2 -1.500 -2.50  0.2945921597  0.0312436686  1.3246262719  0.0100681324  0.0389890573
 7.2 -1.750 -2.20  0.2047800943  0.0426951638  1.6176926372  0.0039110815  0.0285252785
 7.2 -1.620 -2.20  0.2047794935  0.0427071724  1.6179261304  0.0052154409  0.0285259090
 7.2 -1.500 -2.20  0.2047555790  0.0426805242  1.6175044870  0.0069546408  0.0285243630
 7.2 -1.750 -2.00  0.1470828748  0.0554716912  1.8936408028  0.0028171703  0.0214925738
 7.2 -1.620 -2.00  0.1470774503  0.0554632130  1.8935568650  0.0037566995  0.0214923126
 7.2 -1.500 -2.00  0.1470625499  0.0554501661  1.8932968643  0.0050093051  0.0214909188
 7.3 -1.750 -2.50  0.3677694425  0.0374483718  1.6291479571  0.0071399850  0.0487051147
 7.3 -1.620 -2.50  0.3677582116  0.0374545268  1.6292526876  0.0095209423  0.0487042521
 7.3 -1.500 -2.50  0.3676949940  0.0374302800  1.6287548144  0.0126954634  0.0487003486
 7.3 -1.750 -2.20  0.2555405253  0.0508520981  1.9845560416  0.0049266961  0.0356215301
 7.3 -1.620 -2.20  0.2555158924  0.0508417864  1.9842846054  0.0065694170  0.0356218270
 7.3 -1.500 -2.20  0.2554947583  0.0508300773  1.9841550760  0.0087602312  0.0356188934
 7.3 -1.750 -2.00  0.1833861446  0.0656138040  2.3159359700  0.0035428576  0.0268275168
 7.3 -1.620 -2.00  0.1833727887  0.0655983628  2.3157853342  0.0047242633  0.0268265598
 7.4 -1.750 -2.50  0.4571820092  0.0442610458  1.9896583367  0.0089877651  0.0607297893
 7.4 -1.620 -2.50  0.4571294454  0.0442494512  1.9893608533  0.0119849075  0.0607270326
 7.4 -1.500 -2.50  0.4570778626  0.0442372630  1.9891293015  0.0159814711  0.0607241854
 7.4 -1.750 -2.20  0.3175811656  0.0596767953  2.4165007330  0.0061939200  0.0443965528
 7.4 -1.620 -2.20  0.3175490194  0.0596614003  2.4160871801  0.0082593654  0.0443970208
 7.4 -1.500 -2.20  0.3175070229  0.0596429693  2.4158777190  0.0110133994  0.0443940280
 7.4 -1.750 -2.00  0.2277053925  0.0764729988  2.8113487044  0.0044453812  0.0334149449
 7.4 -1.620 -2.00  0.2276672708  0.0764201292  2.8104988042  0.0059274886  0.0334118155
 7.4 -1.500 -2.00  0.2276525437  0.0764233452  2.8104998850  0.0079042714  0.0334108934
 7.5 -1.750 -2.50  0.5654024636  0.0514412672  2.4090361951  0.0112882796  0.0755443760
 7.5 -1.620 -2.50  0.5653156887  0.0514241876  2.4086664150  0.0150519360  0.0755375891
 7.5 -1.500 -2.50  0.5652127529  0.0514037948  2.4082639324  0.0200703770  0.0755301409
 7.5 -1.750 -2.20  0.3925903152  0.0687958681  2.9155585308  0.0077669957  0.0551811399
 7.5 -1.620 -2.20  0.3925282108  0.0687744405  2.9152194063  0.0103566548  0.0551765270
 7.5 -1.500 -2.20  0.3924699898  0.0687466733  2.9146748198  0.0138094201  0.0551730206
 7.5 -1.750 -2.00  0.2811120929  0.0874142453  3.3787463193  0.0055603172  0.0414826050
 7.5 -1.620 -2.00  0.2810803389  0.0873863442  3.3783466191  0.0074142534  0.0414789313
 7.5 -1.500 -2.00  0.2810305610  0.0873478767  3.3776889667  0.0098861849  0.0414752439
 7.6 -1.750 -2.50  0.6943083920  0.0585160010  2.8846318861  0.0141312994  0.0936433136
 7.6 -1.620 -2.50  0.6941913064  0.0584971668  2.8842737500  0.0188429792  0.0936337280
 7.6 -1.500 -2.50  0.6939800443  0.0584633764  2.8834852781  0.0251236460  0.0936188597
 7.6 -1.750 -2.20  0.4819061294  0.0775710349  3.4775285910  0.0097054582  0.0683270130
 7.6 -1.620 -2.20  0.4818127626  0.0775399874  3.4769021176  0.0129412155  0.0683194804
 7.6 -1.500 -2.20  0.4817048118  0.0774998704  3.4759820797  0.0172551671  0.0683110793
 7.6 -1.750 -2.00  0.3447464097  0.0977883442  4.0148856816  0.0069304760  0.0513014785
 7.6 -1.620 -2.00  0.3447003597  0.0977532234  4.0141821651  0.0092412788  0.0512973307
 7.6 -1.500 -2.00  0.3446206761  0.0977072932  4.0131550847  0.0123216077  0.0512886409
 7.7 -1.750 -2.50  0.8443540167  0.0647674529  3.4050025545  0.0176081031  0.1155216304
 7.7 -1.620 -2.50  0.8441515693  0.0647300151  3.4042145935  0.0234786049  0.1155094971
 7.7 -1.500 -2.50  0.8438396886  0.0646837674  3.4029493782  0.0313032753  0.1154878094
 7.7 -1.750 -2.20  0.5861448443  0.0850763704  4.0874124385  0.0120726238  0.0841851421
 7.7 -1.620 -2.20  0.5860342819  0.0850364002  4.0865166275  0.0160975063  0.0841763154
 7.7 -1.500 -2.20  0.5858557522  0.0849812757  4.0853013786  0.0214626508  0.0841604343
 7.7 -1.750 -2.00  0.4190776978  0.1064821725  4.7023856259  0.0085978931  0.0631172381
 7.7 -1.620 -2.00  0.4190164495  0.1064628930  4.7019265435  0.0114645289  0.0631124807
 7.7 -1.500 -2.00  0.4188767619  0.1063655710  4.6999096399  0.0152855420  0.0630990645
 7.8 -1.750 -2.50  1.0141719459  0.0693010086  3.9481072709  0.0218031340  0.1415826769
 7.8 -1.620 -2.50  1.0137568273  0.0692453145  3.9464093050  0.0290694471  0.1415529728
 7.8 -1.500 -2.50  1.0133400816  0.0691828184  3.9446855771  0.0387554976  0.1415139580
 7.8 -1.750 -2.20  0.7048335046  0.0902729617  4.7200891860  0.0149295845  0.1030658634
 7.8 -1.620 -2.20  0.7046385883  0.0902296023  4.7189208777  0.0199059704  0.1030496953
 7.8 -1.500 -2.20  0.7043649351  0.0901543937  4.7171299261  0.0265394180  0.1030200530
 7.8 -1.750 -2.00  0.5040895777  0.1124177584  5.4164279796  0.0106070224  0.0771747133
 7.8 -1.620 -2.00  0.5039285984  0.1123501340  5.4145592102  0.0141417912  0.0771598998
 7.8 -1.500 -2.00  0.5037822265  0.1122930199  5.4133646145  0.0188555429  0.0771467511
 7.9 -1.750 -2.80  1.7286473322  0.0511303462  3.4986611308  0.0397746276  0.2403142569
 7.9 -1.620 -2.80  1.7279523851  0.0511026559  3.4976971005  0.0530281115  0.2402632653
 7.9 -1.500 -2.80  1.7266095653  0.0510220784  3.4949546536  0.0706910551  0.2401748615
 7.9 -1.750 -2.50  1.2004626491  0.0712134617  4.4790945249  0.0268038555  0.1722131401
 7.9 -1.620 -2.50  1.2000298529  0.0711765431  4.4777559873  0.0357361249  0.1721775435
 7.9 -1.500 -2.50  1.1991375589  0.0710575466  4.4739777147  0.0476378014  0.1721099675
 7.9 -1.750 -2.20  0.8359662934  0.0922193488  5.3398283101  0.0183314202  0.1252020096
 7.9 -1.620 -2.20  0.8357087318  0.0921822948  5.3387289303  0.0244412630  0.1251787687
 7.9 -1.500 -2.20  0.8352790898  0.0920861017  5.3358834997  0.0325833501  0.1251395487
 8.0 -1.750 -2.80  2.0003200322  0.0505710319  3.8844079737  0.0483560423  0.2898731554
 8.0 -1.620 -2.80  1.9985128278  0.0504788515  3.8808091048  0.0644557116  0.2897423706
 8.0 -1.500 -2.80  1.9965479890  0.0503960642  3.8775562826  0.0859086468  0.2896081976
 8.0 -1.380 -2.80  1.9933585523  0.0502243511  3.8707660424  0.1144778572  0.2893944040
 8.0 -1.250 -2.80  1.9896095095  0.0500446520  3.8636628546  0.1525162160  0.2891286433
 8.0 -1.750 -2.50  1.3954581260  0.0698808222  4.9553748006  0.0326368705  0.2074651680
 8.0 -1.620 -2.50  1.3945850634  0.0697968279  4.9522187848  0.0435084288  0.2073911620
 8.0 -1.500 -2.50  1.3935200033  0.0697019117  4.9489326995  0.0579950275  0.2073150808
 8.0 -1.380 -2.50  1.3919942937  0.0695329565  4.9426306221  0.0772955207  0.2071875847
 8.0 -1.250 -2.50  1.3898427755  0.0693283509  4.9353727802  0.1029908671  0.2070049818
 8.0 -1.750 -2.20  0.9756298028  0.0902070295  5.8990480003  0.0223189746  0.1507308871
 8.0 -1.620 -2.20  0.9751055400  0.0900957470  5.8951424096  0.0297535541  0.1506824754
 8.0 -1.500 -2.20  0.9744762435  0.0899954724  5.8920035889  0.0396623443  0.1506213233
 8.0 -1.380 -2.20  0.9735044022  0.0898508559  5.8872555281  0.0528634874  0.1505444917
 8.0 -1.250 -2.20  0.9723309171  0.0895967604  5.8785991360  0.0704462639  0.1504268858
 8.1 -1.750 -3.00  3.1093415050  0.0309160178  2.9246622278  0.0837374880  0.4843396480
 8.1 -1.630 -3.00  3.1048925895  0.0308305009  2.9205187068  0.1115852183  0.4840601492
 8.1 -1.500 -3.00  3.0980905434  0.0306924819  2.9136061127  0.1486375031  0.4835884044
 8.1 -1.380 -3.00  3.0906093737  0.0305577835  2.9071806514  0.1979713998  0.4830491053
 8.1 -1.250 -3.00  3.0798300175  0.0303479551  2.8967417366  0.2635328098  0.4823108639
 8.1 -1.750 -2.80  2.2647307836  0.0474360098  4.1895196985  0.0580934303  0.3458740164
 8.1 -1.630 -2.80  2.2618025386  0.0473014428  4.1834522566  0.0774216651  0.3456611657
 8.1 -1.500 -2.80  2.2588402238  0.0471938334  4.1785621839  0.1031720878  0.3454573448
 8.1 -1.380 -2.80  2.2538406561  0.0469810661  4.1688393220  0.1374306914  0.3450855117
 8.1 -1.250 -2.80  2.2482315486  0.0467684485  4.1592458739  0.1830426121  0.3446631142
 8.1 -1.750 -2.50  1.5886867396  0.0651514685  5.3307125623  0.0392911032  0.2472081410
 8.1 -1.630 -2.50  1.5873350456  0.0650426449  5.3262769936  0.0523722858  0.2470925007
 8.1 -1.500 -2.50  1.5855016064  0.0649058521  5.3203639925  0.0697979992  0.2469388016
 8.1 -1.380 -2.50  1.5830199210  0.0647124870  5.3122613758  0.0930013922  0.2467363333
 8.1 -1.250 -2.50  1.5804274502  0.0645191884  5.3042649058  0.1239136349  0.2465115865
 8.1 -1.750 -2.20  1.1167867598  0.0840653608  6.3452251627  0.0268859124  0.1795142955
 8.1 -1.630 -2.20  1.1159651715  0.0839445931  6.3408464637  0.0358388614  0.1794353002
 8.1 -1.500 -2.20  1.1149998347  0.0838199786  6.3356055265  0.0477691893  0.1793389170
 8.1 -1.380 -2.20  1.1135565342  0.0836155345  6.3278017891  0.0636553814  0.1792031701
 8.1 -1.250 -2.20  1.1117559503  0.0833672213  6.3183001057  0.0848105619  0.1790326033
 8.2 -1.500 -3.00  3.3822992916  0.0269789342  3.0255237076  0.1747206652  0.5690193425
 8.2 -1.380 -3.00  3.3709548734  0.0268148837  3.0161543068  0.2325853523  0.5681847731
 8.2 -1.250 -3.00  3.3532045060  0.0265300963  2.9992938863  0.3093229259  0.5668458662
 8.2 -1.120 -3.00  3.3314335168  0.0261963285  2.9798806270  0.4111079885  0.5651640310
 8.2 -1.000 -3.00  3.3019908711  0.0257597722  2.9539472140  0.5457154410  0.5629494313
 8.2 -1.500 -2.80  2.4834312674  0.0410461921  4.3222210380  0.1219019933  0.4054272819
 8.2 -1.380 -2.80  2.4765476779  0.0408265187  4.3103544627  0.1623350398  0.4048841522
 8.2 -1.250 -2.80  2.4672008011  0.0405420648  4.2948429829  0.2160556994  0.4041492821
 8.2 -1.120 -2.80  2.4553909891  0.0401631176  4.2743162722  0.2874096585  0.4031963855
 8.2 -1.000 -2.80  2.4391115222  0.0396656984  4.2469946541  0.3819692399  0.4018993095
 8.2 -1.500 -2.50  1.7588763413  0.0563531233  5.5032725772  0.0828095748  0.2895560070
 8.2 -1.380 -2.50  1.7552802348  0.0561412348  5.4926162808  0.1103127548  0.2892499001
 8.2 -1.250 -2.50  1.7503326769  0.0558464707  5.4777629688  0.1468864115  0.2888046063
 8.2 -1.120 -2.50  1.7437680960  0.0554589541  5.4583519029  0.1954940597  0.2882422968
 8.2 -1.000 -2.50  1.7351402395  0.0549571584  5.4331962042  0.2600170789  0.2874746446
 8.2 -1.500 -2.20  1.2459099299  0.0730286485  6.5676608813  0.0567721419  0.2102562185
 8.2 -1.380 -2.20  1.2437919057  0.0728050300  6.5572801006  0.0756366640  0.2100464272
 8.2 -1.250 -2.20  1.2409573710  0.0725083930  6.5434706754  0.1007369145  0.2097675492
 8.2 -1.120 -2.20  1.2371712587  0.0721122782  6.5251928899  0.1341074270  0.2093952659
 8.2 -1.000 -2.20  1.2322160582  0.0715983304  6.5014583553  0.1784420929  0.2089090460
 8.3 -1.500 -3.00  3.5465193533  0.0212940414  2.9521220000  0.2004940713  0.6541943746
 8.3 -1.380 -3.00  3.5288926380  0.0210908840  2.9374784859  0.2666537386  0.6527101326
 8.3 -1.250 -3.00  3.5051491958  0.0208208269  2.9178621869  0.3543341628  0.6507483894
 8.3 -1.120 -3.00  3.4738585731  0.0204571110  2.8914347933  0.4702806963  0.6480980065
 8.3 -1.000 -3.00  3.4340820437  0.0200269324  2.8600631531  0.6233485297  0.6447470777
 8.3 -1.500 -2.80  2.6280706686  0.0320859607  4.2099634205  0.1408545341  0.4644422128
 8.3 -1.380 -2.80  2.6181306115  0.0318451617  4.1933953193  0.1874601286  0.4635884113
 8.3 -1.250 -2.80  2.6048281231  0.0315427704  4.1729457006  0.2493205504  0.4624358027
 8.3 -1.120 -2.80  2.5874783851  0.0311609055  4.1471784273  0.3313270502  0.4609550321
 8.3 -1.000 -2.80  2.5636785682  0.0306202310  4.1102074053  0.4397127137  0.4588924755
 8.3 -1.500 -2.50  1.8839235884  0.0441267948  5.3746461234  0.0962710932  0.3312850318
 8.3 -1.380 -2.50  1.8784813588  0.0439071999  5.3614965214  0.1281866979  0.3308006595
 8.3 -1.250 -2.50  1.8711631352  0.0436186730  5.3437749901  0.1705939283  0.3301301705
 8.3 -1.120 -2.50  1.8609958631  0.0431506417  5.3137784848  0.2268324021  0.3291694610
 8.3 -1.000 -2.50  1.8479564133  0.0426002444  5.2792249571  0.3013792006  0.3279759839
 8.4 -1.500 -3.00  3.5727030020  0.0155064385  2.7547225586  0.2244409419  0.7375081054
 8.4 -1.370 -3.00  3.5490479766  0.0153193310  2.7376739262  0.2982276069  0.7352675992
 8.4 -1.250 -3.00  3.5177540150  0.0150676076  2.7144328720  0.3958118475  0.7322685980
 8.4 -1.120 -3.00  3.4765144806  0.0147361802  2.6837173905  0.5244894882  0.7283829404
 8.4 -1.000 -3.00  3.4202281146  0.0142876756  2.6410232707  0.6932559458  0.7229613823
 8.4 -1.500 -2.80  2.6787910227  0.0231773784  3.9237150162  0.1590474028  0.5220517714
 8.4 -1.370 -2.80  2.6645166886  0.0229536908  3.9044054955  0.2115017791  0.5207411106
 8.4 -1.250 -2.80  2.6466585152  0.0226676997  3.8794881189  0.2810336800  0.5190261236
 8.4 -1.120 -2.80  2.6216946464  0.0222723436  3.8448874494  0.3728864368  0.5166736700
 8.4 -1.000 -2.80  2.5887609788  0.0217742747  3.8011191124  0.4939458209  0.5135554139
 8.4 -1.500 -2.50  1.9437138740  0.0319641697  5.0281365693  0.1094224634  0.3717741421
 8.4 -1.370 -2.50  1.9359545712  0.0317267756  5.0091965666  0.1456039101  0.3709881824
 8.4 -1.250 -2.50  1.9254100391  0.0314160376  4.9841588312  0.1936066464  0.3699378224
 8.4 -1.120 -2.50  1.9115857641  0.0310174094  4.9521057821  0.2571930778  0.3685680974
 8.4 -1.000 -2.50  1.8922739572  0.0304562475  4.9064542665  0.3411335339  0.3666585035
 8.5 -1.500 -3.20  4.3215828061  0.0058049903  1.3778059568  0.3192290347  1.1228232127
 8.5 -1.380 -3.20  4.2785560010  0.0056951361  1.3640588872  0.4233175436  1.1177505532
 8.5 -1.250 -3.20  4.2160662629  0.0055431820  1.3451261579  0.5598724808  1.1104411495
 8.5 -1.120 -3.20  4.1343014246  0.0053389785  1.3191266872  0.7384449404  1.1007281235
 8.5 -1.000 -3.20  4.0321570701  0.0050985696  1.2880954488  0.9709559649  1.0883571641
 8.5 -1.500 -3.00  3.5277649501  0.0099333343  2.3506136072  0.2456934996  0.8006179959
 8.5 -1.380 -3.00  3.4958924255  0.0097642001  2.3300966122  0.3260084148  0.7973548949
 8.5 -1.250 -3.00  3.4528919463  0.0095479195  2.3036129101  0.4318109332  0.7928341208
 8.5 -1.120 -3.00  3.3998598049  0.0092723414  2.2690836086  0.5709561368  0.7871712443
 8.5 -1.000 -3.00  3.3296459883  0.0089283808  2.2253207253  0.7527095927  0.7795598428
 8.5 -1.500 -2.80  2.6817583118  0.0147340283  3.3698547854  0.1754485654  0.5630699321
 8.5 -1.380 -2.80  2.6631242618  0.0145435778  3.3474521962  0.2330848323  0.5611595598
 8.5 -1.250 -2.80  2.6375311754  0.0142970079  3.3187863057  0.3092187397  0.5585876482
 8.5 -1.120 -2.80  2.6027320218  0.0139494899  3.2775841134  0.4094065520  0.5550203104
 8.5 -1.000 -2.80  2.5576218945  0.0135158678  3.2256153662  0.5408419987  0.5503990194
 8.6 -1.250 -3.20  4.0426012760  0.0028465718  0.9294042002  0.5916998099  1.1509136032
 8.6 -1.130 -3.20  3.9464480142  0.0027260173  0.9089578821  0.7783721120  1.1381488953
 8.6 -1.000 -3.20  3.8190068353  0.0025658483  0.8808352549  1.0188244608  1.1210005983
 8.6 -0.880 -3.20  3.6534907227  0.0023657883  0.8444877055  1.3249000928  1.0983106391
 8.6 -0.750 -3.20  3.4450363485  0.0021269708  0.7993148275  1.7089482396  1.0688166769
 8.6 -1.250 -3.00  3.4368708273  0.0050532323  1.6722883725  0.4629698023  0.8174740175
 8.6 -1.130 -3.00  3.3665662839  0.0048677863  1.6403218543  0.6103547012  0.8094778946
 8.6 -1.000 -3.00  3.2690668471  0.0046174106  1.5966453292  0.8008084194  0.7984757609
 8.6 -0.880 -3.00  3.1467561904  0.0043096505  1.5408732026  1.0455675598  0.7842597614
 8.6 -0.750 -3.00  2.9898966444  0.0039293954  1.4694089518  1.3553419023  0.7655719021
 8.6 -1.250 -2.80  2.6995282929  0.0076321760  2.4936272077  0.3336705936  0.5686384881
 8.6 -1.130 -2.80  2.6526995016  0.0074018704  2.4550180368  0.4407548827  0.5638174251
 8.6 -1.000 -2.80  2.5883825336  0.0070840144  2.4006448786  0.5799880696  0.5571292999
 8.6 -0.880 -2.80  2.5056470145  0.0066902849  2.3323697681  0.7599397508  0.5484553010
 8.6 -0.750 -2.80  2.4001750986  0.0061971910  2.2427414419  0.9899917152  0.5370581731
 8.7 -1.250 -3.50  3.7562918512  0.0005905737  0.2671405924  0.6828877941  1.5755333064
 8.7 -1.120 -3.50  3.6327246874  0.0005555483  0.2588099466  0.8931372144  1.5506325070
 8.7 -1.000 -3.50  3.4790661666  0.0005140645  0.2486765405  1.1616096278  1.5189059073
 8.7 -0.880 -3.50  3.2837857605  0.0004630633  0.2356124329  1.4980130205  1.4774201922
 8.7 -0.750 -3.50  3.0471706612  0.0004048190  0.2198449169  1.9127446890  1.4251628416
 8.7 -1.250 -3.20  3.6727707699  0.0013791822  0.6225787534  0.6068424705  1.1804532293
 8.7 -1.120 -3.20  3.5603044155  0.0013033867  0.6046200591  0.7950124309  1.1632248560
 8.7 -1.000 -3.20  3.4172656799  0.0012100381  0.5816742542  1.0357011035  1.1407205640
 8.7 -0.880 -3.20  3.2359398198  0.0010965250  0.5528499738  1.3388271502  1.1116078984
 8.7 -0.750 -3.20  3.0116217541  0.0009633505  0.5169785095  1.7136686016  1.0741377582
 8.8 -1.000 -3.50  2.8355347034  0.0002148914  0.1530323504  1.1243108313  1.4976820439
 8.8 -0.880 -3.50  2.6509690195  0.0001903356  0.1437439893  1.4416533087  1.4489985235
 8.8 -0.750 -3.50  2.4218122659  0.0001617759  0.1321809961  1.8236990924  1.3861277033
 8.8 -0.620 -3.50  2.1577363399  0.0001316268  0.1188474073  2.2736039013  1.3093122745
 8.8 -0.500 -3.50  1.8601317077  0.0001010926  0.1037519012  2.7806123534  1.2165800470
 8.8 -1.000 -3.20  2.8550484384  0.0005117791  0.3627137775  1.0129309111  1.1338501904
 8.8 -0.880 -3.20  2.6715728114  0.0004538860  0.3408011077  1.3003173604  1.0978470002
 8.8 -0.750 -3.20  2.4508033828  0.0003883092  0.3142345686  1.6502007095  1.0526002307
 8.8 -0.620 -3.20  2.1870533367  0.0003160810  0.2823925495  2.0611762430  0.9956446550
 8.8 -0.500 -3.20  1.8911913331  0.0002431585  0.2463783700  2.5281198888  0.9270284086
 8.8 -1.000 -3.00  2.6298310844  0.0009680213  0.7002228148  0.8175894866  0.8117282856
 8.8 -0.880 -3.00  2.4748280785  0.0008675324  0.6611767023  1.0538675397  0.7879571250
 8.8 -0.750 -3.00  2.2797420757  0.0007480991  0.6121222054  1.3422290412  0.7570136553
 8.8 -0.620 -3.00  2.0496098197  0.0006173046  0.5534889190  1.6861522632  0.7184636216
 8.8 -0.500 -3.00  1.7835023445  0.0004797409  0.4847847565  2.0794620425  0.6708538359
 8.9 -1.000 -3.80  1.7812062037  0.0000225778  0.0281812916  0.9943876860  1.6814127133
 8.9 -0.880 -3.80  1.6441772956  0.0000196405  0.0262497837  1.2652972395  1.6144198172
 8.9 -0.750 -3.80  1.4813093081  0.0000163649  0.0239096950  1.5871715135  1.5309904660
 8.9 -0.620 -3.80  1.2954938977  0.0000129784  0.0212463060  1.9567658865  1.4298404845
 8.9 -0.500 -3.80  1.0934296037  0.0000096946  0.0183164530  2.3630710571  1.3109967932
 8.9 -1.000 -3.50  1.9478037474  0.0000617102  0.0749106449  0.9860033030  1.3742817126
 8.9 -0.880 -3.50  1.7957337197  0.0000533329  0.0694555307  1.2536350394  1.3193588320
 8.9 -0.750 -3.50  1.6166568335  0.0000442055  0.0630119772  1.5717457644  1.2512782916
 8.9 -0.620 -3.50  1.4121447816  0.0000347445  0.0556275852  1.9361223835  1.1687831549
 8.9 -0.500 -3.50  1.1911001152  0.0000257195  0.0476259102  2.3368160017  1.0721020927
 8.9 -1.000 -3.20  1.9971046383  0.0001451064  0.1762415796  0.9016505781  1.0524812408
 8.9 -0.880 -3.20  1.8414519628  0.0001251626  0.1630659385  1.1470372744  1.0108496624
 8.9 -0.750 -3.20  1.6571733970  0.0001032191  0.1473229533  1.4384515948  0.9591387280
 8.9 -0.620 -3.20  1.4470024672  0.0000806462  0.1293401762  1.7726403252  0.8961897276
 8.9 -0.500 -3.20  1.2163406782  0.0000588511  0.1095340772  2.1363434184  0.8213984701
 9.0 -0.750 -3.80  0.6656505249  0.0000019851  0.0068583770  1.0754101437  1.1353976870
 9.0 -0.620 -3.80  0.5723343185  0.0000015352  0.0060182784  1.3127187300  1.0488801309
 9.0 -0.500 -3.80  0.4698481533  0.0000011031  0.0050910403  1.5595965835  0.9453129633
 9.0 -0.380 -3.80  0.3700392617  0.0000007383  0.0041545520  1.8090297202  0.8335854712
 9.0 -0.250 -3.80  0.2768170134  0.0000004535  0.0032461947  2.0361800794  0.7149876000
 9.0 -0.750 -3.50  0.7285148676  0.0000048964  0.0168032520  1.0703277877  0.9492975110
 9.0 -0.620 -3.50  0.6224350981  0.0000037299  0.0145887997  1.3003437628  0.8739855744
 9.0 -0.500 -3.50  0.5117943411  0.0000026590  0.0122323096  1.5450110234  0.7887728757
 9.0 -0.380 -3.50  0.4019230689  0.0000017529  0.0098548820  1.7869342538  0.6947205080
 9.0 -0.250 -3.50  0.2994350914  0.0000010573  0.0075797905  2.0038635517  0.5948185897
 9.0 -0.750 -3.20  0.7465216765  0.0000104793  0.0365880215  0.9942568330  0.7394946974
 9.0 -0.620 -3.20  0.6368427364  0.0000078844  0.0313870628  1.2063745682  0.6806720673
 9.0 -0.500 -3.20  0.5205640469  0.0000055030  0.0258738129  1.4274481142  0.6127975093
 9.0 -0.380 -3.20  0.4055055808  0.0000035352  0.0203627249  1.6412760035  0.5375853437
 9.0 -0.250 -3.20  0.3006867342  0.0000020783  0.0152089031  1.8306201728  0.4590593011
 9.1 -0.750 -3.80  0.2154099428  0.0000001345  0.0013943029  0.5889341721  0.6958828585
 9.1 -0.620 -3.80  0.1806346746  0.0000001004  0.0012009456  0.7083337139  0.6329739655
 9.1 -0.500 -3.80  0.1449741027  0.0000000696  0.0009956723  0.8301162512  0.5622053435
 9.1 -0.380 -3.80  0.1099125566  0.0000000440  0.0007880549  0.9412079262  0.4841096548
 9.1 -0.250 -3.80  0.0782773183  0.0000000251  0.0005903319  1.0283300010  0.4027208849
 9.1 -0.750 -3.50  0.2456257066  0.0000003140  0.0030242634  0.5890302747  0.6029151656
 9.1 -0.620 -3.50  0.2060749134  0.0000002338  0.0025879062  0.7078653396  0.5485089649
 9.1 -0.500 -3.50  0.1652381937  0.0000001615  0.0021290147  0.8283326479  0.4869081269
 9.1 -0.380 -3.50  0.1259658108  0.0000001024  0.0016687009  0.9399360585  0.4202294590
 9.1 -0.250 -3.50  0.0904931775  0.0000000587  0.0012340077  1.0285094771  0.3507465154
 9.1 -0.750 -3.20  0.2580996498  0.0000006334  0.0057645846  0.5508567319  0.4839887143
 9.1 -0.620 -3.20  0.2160027048  0.0000004669  0.0048572725  0.6598594508  0.4395895456
 9.1 -0.500 -3.20  0.1730188132  0.0000003200  0.0039173048  0.7696218972  0.3896377604
 9.1 -0.380 -3.20  0.1317545799  0.0000002012  0.0029940788  0.8698992264  0.3357028183
 9.1 -0.250 -3.20  0.0947567670  0.0000001147  0.0021461702  0.9481329228  0.2799310948
