#Cloudy 17.00 models results grids
# O/H: 7.1 - 8.9, log U: -4.0 - -1.5, f_abs: 0.01 - 1.0
# SED: BPASS v.2.1 (Eldridge et al 2017), alpha(IMF) = -1.35, M_up = 300, age = 4 Myr, Z_* = Z_g
# Spherical geometry
#
#12+log(O/H) f_abs log(Usp) OII_3727 OIII_5007 SII_6717,31 SIII_9069 He1_4471 He1_5876 He2_4686
7.1 1.000 -4.01 0.5382 0.0182 0.1567 0.0097 0.0234 0.06 0.0
7.1 0.515 -3.99 0.6217 0.0294 0.1188 0.012 0.0203 0.0518 0.0
7.1 0.242 -3.97 0.6376 0.0355 0.1146 0.0127 0.0199 0.0508 0.0
7.1 0.110 -3.97 0.6266 0.0358 0.1099 0.0125 0.0191 0.0488 0.001
7.1 0.065 -3.97 0.6455 0.0367 0.1124 0.0129 0.0194 0.0494 0.0013
7.1 0.038 -3.97 0.5697 0.032 0.0986 0.0114 0.017 0.0433 0.0015
7.1 0.013 -3.97 0.4172 0.0237 0.0717 0.0084 0.0125 0.032 0.0023
7.1 1.000 -3.75 0.616 0.065 0.13 0.0144 0.0229 0.0586 0.0
7.1 0.533 -3.72 0.6971 0.1044 0.0962 0.0181 0.0205 0.0524 0.0
7.1 0.231 -3.69 0.7007 0.129 0.0901 0.0192 0.02 0.0512 0.0011
7.1 0.109 -3.68 0.6857 0.1304 0.0858 0.0189 0.0192 0.0491 0.0016
7.1 0.065 -3.68 0.7073 0.1342 0.0876 0.0195 0.0195 0.0497 0.002
7.1 0.037 -3.68 0.6226 0.1171 0.0764 0.0171 0.017 0.0434 0.0024
7.1 0.013 -3.68 0.4521 0.0862 0.0551 0.0125 0.0124 0.0319 0.0034
7.1 1.000 -3.51 0.6223 0.1924 0.103 0.02 0.0224 0.0572 0.0
7.1 0.507 -3.45 0.6507 0.3155 0.0696 0.0254 0.0206 0.0525 0.0
7.1 0.208 -3.41 0.6118 0.378 0.0626 0.0264 0.02 0.0511 0.0017
7.1 0.100 -3.39 0.5848 0.3771 0.0584 0.0257 0.0191 0.0491 0.0025
7.1 0.058 -3.38 0.6104 0.3943 0.0602 0.0268 0.0195 0.0496 0.0032
7.1 0.034 -3.38 0.5288 0.3404 0.0515 0.0232 0.0167 0.0426 0.0039
7.1 0.012 -3.38 0.3736 0.2445 0.0362 0.0165 0.0119 0.0306 0.0053
7.1 1.000 -3.26 0.5172 0.4424 0.0763 0.0261 0.0219 0.056 0.0
7.1 0.507 -3.17 0.4283 0.7064 0.0433 0.0328 0.0205 0.0523 0.0012
7.1 0.211 -3.09 0.3497 0.8177 0.0363 0.034 0.0199 0.0511 0.0024
7.1 0.106 -3.05 0.3411 0.8691 0.0351 0.0352 0.0201 0.0515 0.0038
7.1 0.066 -3.04 0.3096 0.8079 0.0315 0.0324 0.0182 0.0467 0.0047
7.1 0.027 -3.02 0.3046 0.8047 0.0305 0.0321 0.0177 0.0453 0.0073
7.1 0.017 -3.02 0.2467 0.6525 0.0246 0.026 0.0143 0.0364 0.0084
7.1 1.000 -3.02 0.3803 0.7388 0.0554 0.031 0.0214 0.0549 0.0
7.1 0.499 -2.89 0.2166 1.1254 0.0241 0.0381 0.0204 0.0521 0.0014
7.1 0.200 -2.75 0.1446 1.2863 0.0173 0.0391 0.0198 0.0507 0.0033
7.1 0.113 -2.69 0.1281 1.3108 0.0153 0.0385 0.0191 0.0491 0.0054
7.1 0.055 -2.63 0.1115 1.2605 0.0132 0.0361 0.0176 0.0453 0.0087
7.1 0.025 -2.61 0.0966 1.1401 0.0113 0.0322 0.0154 0.0396 0.0132
7.1 0.012 -2.59 0.0902 1.0794 0.0105 0.0303 0.0144 0.0368 0.0184
7.1 1.000 -2.78 0.2816 1.0152 0.0413 0.0332 0.0211 0.0541 0.0
7.1 0.501 -2.62 0.1107 1.4841 0.013 0.039 0.0202 0.0517 0.0017
7.1 0.195 -2.42 0.0609 1.7231 0.0072 0.0379 0.0195 0.0503 0.0043
7.1 0.103 -2.3 0.0478 1.792 0.0054 0.036 0.0188 0.0484 0.0078
7.1 0.051 -2.2 0.0387 1.7571 0.0041 0.0328 0.0172 0.0445 0.0145
7.1 0.021 -2.13 0.0305 1.5673 0.0031 0.0278 0.0145 0.0373 0.0271
7.1 0.010 -2.1 0.0233 1.2582 0.0024 0.0219 0.0113 0.0292 0.0383
7.1 1.000 -2.53 0.2193 1.2444 0.0328 0.033 0.0208 0.0534 0.0012
7.1 0.517 -2.37 0.0679 1.7621 0.0079 0.0365 0.02 0.0513 0.0022
7.1 0.229 -2.17 0.0356 2.0526 0.0037 0.0329 0.0194 0.0501 0.0049
7.1 0.112 -2.0 0.0242 2.2176 0.0021 0.0286 0.0187 0.0484 0.0097
7.1 0.052 -1.83 0.0167 2.1986 0.0012 0.023 0.0167 0.0434 0.0203
7.1 0.021 -1.68 0.0114 1.9556 0.0 0.0173 0.0134 0.0347 0.0463
7.1 0.011 -1.6 0.0082 1.5476 0.0 0.0129 0.0099 0.0256 0.0721
7.1 1.000 -2.28 0.1759 1.4393 0.0271 0.0315 0.0205 0.0528 0.0016
7.1 0.538 -2.13 0.0466 1.9845 0.0052 0.0328 0.0197 0.0508 0.0029
7.1 0.214 -1.89 0.0214 2.3772 0.0018 0.0261 0.0191 0.0495 0.0072
7.1 0.108 -1.71 0.0137 2.5132 0.0 0.0199 0.0179 0.0465 0.014
7.1 0.059 -1.55 0.0097 2.562 0.0 0.0153 0.0166 0.0431 0.0251
7.1 0.023 -1.33 0.0059 2.3522 0.0 0.0096 0.0133 0.0346 0.0606
7.1 0.011 -1.19 0.0041 2.0206 0.0 0.0069 0.0099 0.0259 0.1165
7.1 1.000 -2.08 0.1503 1.5745 0.0238 0.0298 0.0202 0.0522 0.0021
7.1 0.500 -1.92 0.0321 2.1976 0.0033 0.0289 0.0194 0.0502 0.0041
7.1 0.210 -1.69 0.0157 2.6055 0.0011 0.0216 0.0189 0.049 0.0097
7.1 0.101 -1.49 0.0094 2.7242 0.0 0.0145 0.0173 0.0451 0.0196
7.1 0.054 -1.31 0.0062 2.7029 0.0 0.0098 0.0156 0.0407 0.0359
7.1 0.021 -1.05 0.0034 2.3748 0.0 0.005 0.0118 0.0308 0.0889
7.1 0.010 -0.89 0.0024 2.1269 0.0 0.0035 0.0088 0.023 0.1759
7.1 1.000 -1.78 0.1207 1.7624 0.0201 0.0269 0.0198 0.0513 0.0032
7.1 0.538 -1.63 0.0237 2.3948 0.0022 0.0243 0.019 0.0493 0.006
7.1 0.230 -1.41 0.011 2.8262 0.0 0.0161 0.0182 0.0473 0.0138
7.1 0.114 -1.21 0.0066 2.9842 0.0 0.0101 0.017 0.0442 0.0274
7.1 0.055 -0.98 0.0037 2.7854 0.0 0.0051 0.0143 0.0374 0.0556
7.1 0.023 -0.71 0.0019 2.3861 0.0 0.0021 0.0106 0.0278 0.1304
7.1 0.012 -0.56 0.0015 2.3022 0.0 0.0014 0.0087 0.0226 0.2424
7.1 1.000 -1.53 0.1031 1.8977 0.0179 0.0244 0.0195 0.0505 0.0047
7.1 0.539 -1.39 0.0182 2.5761 0.0015 0.0205 0.0187 0.0485 0.0086
7.1 0.222 -1.15 0.0082 3.0695 0.0 0.0122 0.0178 0.0463 0.0207
7.1 0.109 -0.94 0.0046 3.0766 0.0 0.0065 0.0159 0.0415 0.0413
7.1 0.053 -0.72 0.0025 2.783 0.0 0.0028 0.0132 0.0345 0.0827
7.1 0.022 -0.47 0.0015 2.4867 0.0 0.0012 0.0103 0.0269 0.1896
7.1 0.011 -0.28 0.0 2.094 0.0 0.0 0.0066 0.0171 0.3724
7.4 1.000 -4.01 1.0257 0.0317 0.3033 0.0186 0.0233 0.0595 0.0
7.4 0.549 -3.99 1.1712 0.0495 0.2332 0.0227 0.0204 0.0521 0.0
7.4 0.207 -3.97 1.1991 0.0619 0.221 0.0241 0.0198 0.0507 0.0
7.4 0.114 -3.97 1.183 0.062 0.2141 0.0239 0.0191 0.0489 0.0
7.4 0.068 -3.97 1.2213 0.0637 0.2192 0.0247 0.0194 0.0495 0.0011
7.4 0.039 -3.97 1.0764 0.0555 0.1919 0.0217 0.017 0.0434 0.0013
7.4 0.013 -3.97 0.7838 0.0409 0.1388 0.0159 0.0124 0.032 0.0019
7.4 1.000 -3.75 1.1784 0.1137 0.2525 0.0278 0.0228 0.0584 0.0
7.4 0.546 -3.72 1.3195 0.1796 0.188 0.0345 0.0206 0.0526 0.0
7.4 0.201 -3.69 1.3234 0.2261 0.1739 0.0366 0.02 0.0513 0.0012
7.4 0.113 -3.68 1.3032 0.2271 0.1677 0.0361 0.0193 0.0495 0.0015
7.4 0.067 -3.68 1.3477 0.2345 0.1714 0.0373 0.0196 0.0501 0.0018
7.4 0.039 -3.68 1.1843 0.2043 0.1491 0.0327 0.0171 0.0437 0.0021
7.4 0.013 -3.68 0.8551 0.1497 0.1068 0.0237 0.0124 0.0319 0.0028
7.4 1.000 -3.51 1.2021 0.3418 0.2 0.0386 0.0224 0.0573 0.0
7.4 0.521 -3.45 1.2493 0.5499 0.1361 0.0483 0.0207 0.0529 0.0011
7.4 0.215 -3.41 1.1798 0.6649 0.1224 0.0505 0.0202 0.0516 0.0018
7.4 0.102 -3.39 1.1303 0.6668 0.1142 0.0491 0.0193 0.0495 0.0025
7.4 0.059 -3.38 1.1837 0.6996 0.1179 0.0514 0.0196 0.0501 0.003
7.4 0.035 -3.38 1.0223 0.6024 0.1005 0.0442 0.0168 0.0429 0.0035
7.4 0.012 -3.38 0.7169 0.4296 0.0701 0.0312 0.0119 0.0305 0.0044
7.4 1.000 -3.26 1.0108 0.8002 0.1479 0.0504 0.022 0.0563 0.0
7.4 0.494 -3.16 0.8255 1.2804 0.0835 0.0628 0.0207 0.0529 0.0016
7.4 0.197 -3.08 0.7047 1.5212 0.0726 0.0669 0.0208 0.0532 0.0031
7.4 0.107 -3.05 0.6384 1.4862 0.065 0.0637 0.0193 0.0495 0.0041
7.4 0.069 -3.04 0.6121 1.4548 0.0616 0.0618 0.0184 0.0472 0.0049
7.4 0.028 -3.02 0.6029 1.4514 0.0597 0.0611 0.0179 0.0457 0.0068
7.4 0.017 -3.02 0.4869 1.1738 0.0479 0.0493 0.0143 0.0366 0.0074
7.4 1.000 -3.02 0.7469 1.3479 0.1068 0.06 0.0216 0.0554 0.0
7.4 0.500 -2.88 0.4201 2.0276 0.0463 0.0727 0.0206 0.0528 0.0018
7.4 0.198 -2.74 0.2868 2.3331 0.0339 0.0756 0.0204 0.0522 0.0043
7.4 0.108 -2.68 0.2502 2.3486 0.0295 0.0735 0.0194 0.0498 0.0068
7.4 0.063 -2.64 0.2272 2.2911 0.0266 0.0703 0.0181 0.0465 0.0093
7.4 0.021 -2.6 0.1755 1.8838 0.0202 0.0567 0.0143 0.0368 0.0139
7.4 0.012 -2.59 0.1786 1.9275 0.0205 0.0578 0.0145 0.037 0.0167
7.4 1.000 -2.77 0.5523 1.8488 0.0792 0.0646 0.0213 0.0547 0.0011
7.4 0.490 -2.6 0.2076 2.6596 0.0244 0.0746 0.0205 0.0525 0.0022
7.4 0.200 -2.41 0.1191 3.0403 0.0141 0.0732 0.0201 0.0517 0.0053
7.4 0.104 -2.29 0.0911 3.1002 0.0103 0.0683 0.0189 0.0488 0.0097
7.4 0.050 -2.19 0.0727 3.0062 0.0078 0.0618 0.0172 0.0443 0.0181
7.4 0.020 -2.12 0.0579 2.6803 0.006 0.0528 0.0143 0.037 0.0301
7.4 0.010 -2.09 0.0413 2.0004 0.0042 0.0387 0.0104 0.0268 0.0359
7.4 1.000 -2.53 0.4286 2.2555 0.0624 0.0643 0.0211 0.0542 0.0014
7.4 0.529 -2.37 0.1327 3.1047 0.0153 0.0702 0.0205 0.0525 0.0026
7.4 0.239 -2.15 0.0649 3.5321 0.0067 0.0619 0.0199 0.0512 0.006
7.4 0.112 -1.97 0.0422 3.7095 0.0036 0.0523 0.0188 0.0484 0.0126
7.4 0.055 -1.81 0.0296 3.6049 0.0021 0.0424 0.0166 0.043 0.0248
7.4 0.022 -1.67 0.0207 3.218 0.0013 0.0328 0.0131 0.0339 0.0531
7.4 0.012 -1.62 0.0173 2.9177 0.001 0.0286 0.0111 0.0287 0.0748
7.4 1.000 -2.27 0.3427 2.6012 0.0514 0.0615 0.0208 0.0536 0.0019
7.4 0.543 -2.12 0.0877 3.4713 0.0096 0.0626 0.0201 0.0518 0.0034
7.4 0.230 -1.89 0.0397 3.942 0.0034 0.0492 0.0195 0.0504 0.008
7.4 0.118 -1.71 0.0253 4.1486 0.0016 0.0381 0.0186 0.048 0.0153
7.4 0.055 -1.51 0.0153 4.041 0.0 0.0259 0.0161 0.0417 0.0324
7.4 0.023 -1.3 0.0093 3.5675 0.0 0.0167 0.0122 0.0315 0.073
7.4 0.011 -1.16 0.0058 2.7819 0.0 0.0115 0.0076 0.0197 0.1337
7.4 1.000 -2.07 0.2923 2.8432 0.0451 0.0585 0.0206 0.0531 0.0024
7.4 0.516 -1.91 0.0611 3.7918 0.0062 0.0554 0.0199 0.0513 0.0047
7.4 0.203 -1.65 0.0256 4.2443 0.0017 0.0374 0.0189 0.0488 0.0117
7.4 0.106 -1.47 0.0159 4.368 0.0 0.0262 0.0176 0.0456 0.0221
7.4 0.055 -1.28 0.0098 4.1692 0.0 0.0167 0.0153 0.0395 0.0416
7.4 0.020 -1.01 0.005 3.4942 0.0 0.0084 0.0104 0.0269 0.1081
7.4 0.010 -0.87 0.0035 2.9457 0.0 0.0062 0.0067 0.0173 0.1937
7.4 1.000 -1.76 0.2342 3.1827 0.0381 0.0528 0.0202 0.0523 0.0037
7.4 0.551 -1.62 0.0448 4.1526 0.0041 0.0467 0.0195 0.0504 0.0067
7.4 0.221 -1.37 0.0176 4.6267 0.0 0.0276 0.0184 0.0476 0.0164
7.4 0.110 -1.16 0.0097 4.5661 0.0 0.0158 0.0165 0.0428 0.0326
7.4 0.056 -0.94 0.0054 4.1271 0.0 0.0081 0.0136 0.0352 0.0635
7.4 0.023 -0.69 0.0029 3.382 0.0 0.0037 0.0092 0.0238 0.1453
7.4 0.011 -0.52 0.0018 2.7145 0.0 0.0025 0.005 0.013 0.2765
7.4 1.000 -1.52 0.1999 3.4312 0.0339 0.0481 0.0199 0.0516 0.0052
7.4 0.545 -1.37 0.0332 4.465 0.0027 0.039 0.0191 0.0495 0.0095
7.4 0.226 -1.12 0.0131 4.8893 0.0 0.0208 0.0178 0.0461 0.0227
7.4 0.113 -0.91 0.0071 4.7048 0.0 0.0106 0.0157 0.0407 0.0449
7.4 0.056 -0.68 0.0036 3.9668 0.0 0.0044 0.0121 0.0314 0.0896
7.4 0.023 -0.43 0.0019 3.0841 0.0 0.0019 0.0074 0.0191 0.2096
7.4 0.011 -0.26 0.0 2.0449 0.0 0.0012 0.0027 0.007 0.3761
7.7 1.000 -4.01 1.8461 0.053 0.5732 0.0348 0.0232 0.0595 0.0
7.7 0.540 -3.99 2.0602 0.0823 0.4358 0.0419 0.0204 0.0522 0.0
7.7 0.215 -3.97 2.1091 0.1019 0.4152 0.0445 0.0199 0.051 0.0
7.7 0.117 -3.97 2.0943 0.1029 0.4035 0.0442 0.0193 0.0493 0.0
7.7 0.069 -3.97 2.1778 0.1065 0.4152 0.0459 0.0196 0.0501 0.0011
7.7 0.040 -3.97 1.9232 0.093 0.3634 0.0404 0.0171 0.0438 0.0012
7.7 0.014 -3.97 1.4048 0.0688 0.2634 0.0296 0.0126 0.0324 0.0016
7.7 1.000 -3.75 2.1215 0.1894 0.4783 0.052 0.0229 0.0586 0.0
7.7 0.514 -3.71 2.3197 0.3052 0.3496 0.0641 0.0207 0.053 0.001
7.7 0.209 -3.69 2.3274 0.3716 0.3269 0.0673 0.0202 0.0518 0.0014
7.7 0.116 -3.68 2.3073 0.3765 0.3162 0.0667 0.0195 0.05 0.0016
7.7 0.068 -3.68 2.4054 0.392 0.3251 0.0694 0.0199 0.0509 0.0018
7.7 0.040 -3.68 2.118 0.3424 0.2827 0.0608 0.0173 0.0443 0.002
7.7 0.014 -3.68 1.5353 0.2519 0.2032 0.0442 0.0126 0.0325 0.0024
7.7 1.000 -3.5 2.174 0.5718 0.3787 0.0721 0.0225 0.0577 0.0
7.7 0.495 -3.44 2.1883 0.929 0.2521 0.0891 0.0209 0.0535 0.0016
7.7 0.226 -3.41 2.0814 1.0937 0.2294 0.0922 0.0204 0.0522 0.0022
7.7 0.105 -3.39 2.0296 1.1179 0.2166 0.091 0.0195 0.0499 0.0028
7.7 0.061 -3.38 2.1269 1.1756 0.2234 0.0951 0.02 0.0511 0.0032
7.7 0.036 -3.38 1.8422 1.0155 0.1906 0.082 0.017 0.0436 0.0035
7.7 0.013 -3.38 1.2999 0.7289 0.1336 0.0582 0.0121 0.0313 0.004
7.7 1.000 -3.25 1.8426 1.3472 0.2788 0.0936 0.0222 0.0568 0.0012
7.7 0.512 -3.16 1.4666 2.0985 0.1559 0.1134 0.021 0.0536 0.0021
7.7 0.212 -3.08 1.2017 2.4139 0.1302 0.1165 0.0204 0.0524 0.0038
7.7 0.111 -3.05 1.1359 2.4648 0.1212 0.1153 0.0196 0.0504 0.005
7.7 0.050 -3.03 1.0402 2.3269 0.1085 0.107 0.0178 0.0459 0.0062
7.7 0.029 -3.02 1.0933 2.4484 0.1127 0.1122 0.0183 0.0468 0.0072
7.7 0.018 -3.02 0.8861 1.9875 0.0905 0.0908 0.0147 0.0375 0.0073
7.7 1.000 -3.01 1.3678 2.266 0.1997 0.1107 0.0219 0.0561 0.0013
7.7 0.504 -2.87 0.7241 3.3119 0.0839 0.1299 0.021 0.0537 0.0025
7.7 0.203 -2.73 0.4872 3.7127 0.0608 0.1324 0.0205 0.0524 0.0057
7.7 0.101 -2.67 0.4298 3.8026 0.0532 0.1305 0.0195 0.05 0.0093
7.7 0.052 -2.63 0.3831 3.6478 0.0468 0.1225 0.0179 0.0459 0.0125
7.7 0.022 -2.6 0.3158 3.1232 0.038 0.1034 0.0148 0.038 0.015
7.7 0.013 -2.59 0.3229 3.2059 0.0386 0.1059 0.0149 0.0381 0.0171
7.7 1.000 -2.76 1.0123 3.0863 0.1468 0.1187 0.0217 0.0556 0.0015
7.7 0.499 -2.59 0.3495 4.2408 0.0431 0.1319 0.0209 0.0535 0.003
7.7 0.200 -2.39 0.1915 4.68 0.024 0.1261 0.0203 0.052 0.0073
7.7 0.106 -2.28 0.1514 4.8027 0.0181 0.1198 0.0193 0.0495 0.0132
7.7 0.050 -2.19 0.1274 4.81 0.0145 0.1128 0.0178 0.0457 0.0238
7.7 0.023 -2.13 0.1034 4.3115 0.0115 0.0976 0.0149 0.0383 0.0347
7.7 0.013 -2.1 0.091 3.9291 0.01 0.0879 0.0132 0.0338 0.0405
7.7 1.000 -2.51 0.787 3.7506 0.1151 0.1184 0.0215 0.0551 0.0019
7.7 0.504 -2.33 0.2007 4.9229 0.0243 0.1219 0.0208 0.0532 0.0037
7.7 0.205 -2.1 0.0952 5.3679 0.0101 0.1034 0.02 0.0514 0.009
7.7 0.102 -1.93 0.064 5.4802 0.0056 0.0871 0.0186 0.0479 0.0178
7.7 0.050 -1.79 0.0464 5.3383 0.0034 0.0722 0.0163 0.0421 0.0348
7.7 0.020 -1.66 0.0322 4.6201 0.0021 0.0556 0.0121 0.0312 0.0678
7.7 0.010 -1.59 0.0224 3.5211 0.0014 0.0411 0.0084 0.0217 0.0816
7.7 1.000 -2.26 0.6309 4.3269 0.0945 0.1138 0.0212 0.0546 0.0025
7.7 0.512 -2.08 0.1301 5.4999 0.0147 0.108 0.0206 0.0528 0.0048
7.7 0.223 -1.85 0.0585 5.858 0.005 0.0807 0.0196 0.0505 0.011
7.7 0.115 -1.67 0.0368 5.9835 0.0023 0.061 0.0182 0.0469 0.021
7.7 0.055 -1.48 0.0235 5.8472 0.0 0.0432 0.0158 0.0407 0.0433
7.7 0.022 -1.27 0.0138 4.9943 0.0 0.0279 0.0107 0.0276 0.0993
7.7 0.010 -1.15 0.009 3.907 0.0 0.0207 0.0065 0.0168 0.1533
7.7 1.000 -2.06 0.5394 4.7414 0.0831 0.1086 0.0211 0.0542 0.0032
7.7 0.485 -1.86 0.0895 5.9537 0.0092 0.0938 0.0203 0.0521 0.0065
7.7 0.192 -1.6 0.0365 6.2407 0.0023 0.0592 0.0189 0.0486 0.0163
7.7 0.098 -1.41 0.022 6.2149 0.0 0.0396 0.0171 0.044 0.0317
7.7 0.051 -1.22 0.0136 5.7776 0.0 0.0251 0.0141 0.0363 0.0602
7.7 0.020 -0.97 0.0068 4.4821 0.0 0.0136 0.0079 0.0204 0.1452
7.7 0.010 -0.86 0.0048 3.7863 0.0 0.0112 0.0049 0.0127 0.2205
7.7 1.000 -1.75 0.4334 5.3415 0.0703 0.0989 0.0207 0.0535 0.0047
7.7 0.517 -1.57 0.0653 6.5847 0.0059 0.0787 0.0199 0.0513 0.0091
7.7 0.214 -1.32 0.0256 6.7901 0.0012 0.0437 0.0186 0.0477 0.0219
7.7 0.110 -1.12 0.0143 6.464 0.0 0.0248 0.0162 0.0417 0.0422
7.7 0.056 -0.9 0.0079 5.6115 0.0 0.0127 0.0125 0.0322 0.0827
7.7 0.021 -0.61 0.003 3.5269 0.0 0.0051 0.0049 0.0126 0.2056
7.7 0.011 -0.47 0.0017 2.5187 0.0 0.0039 0.0023 0.0058 0.302
7.7 1.000 -1.5 0.3707 5.7885 0.0628 0.0906 0.0204 0.0528 0.0066
7.7 0.558 -1.35 0.0562 7.0953 0.0047 0.0701 0.0197 0.0507 0.0118
7.7 0.230 -1.09 0.02 7.1967 0.0 0.0339 0.018 0.0464 0.0284
7.7 0.108 -0.86 0.0098 6.4698 0.0 0.0153 0.0149 0.0383 0.0598
7.7 0.055 -0.64 0.0051 5.198 0.0 0.0069 0.0106 0.0272 0.1166
7.7 0.022 -0.39 0.0021 3.14 0.0 0.0031 0.0037 0.0094 0.2679
7.7 0.011 -0.21 0.0 1.6308 0.0 0.0018 0.0012 0.003 0.3683
8.0 1.000 -4.0 2.932 0.0781 1.0189 0.0603 0.0233 0.0597 0.0
8.0 0.543 -3.98 3.1221 0.1193 0.7577 0.0708 0.0206 0.0526 0.0
8.0 0.289 -3.98 3.2475 0.1448 0.748 0.0759 0.0206 0.0528 0.0
8.0 0.121 -3.97 3.2275 0.1513 0.7108 0.0753 0.0195 0.0499 0.0
8.0 0.071 -3.97 3.4206 0.1596 0.7419 0.0794 0.02 0.0512 0.0011
8.0 0.041 -3.97 3.0466 0.1405 0.6518 0.0702 0.0174 0.0447 0.0012
8.0 0.014 -3.97 2.2787 0.1064 0.4824 0.0524 0.013 0.0337 0.0014
8.0 1.000 -3.75 3.3864 0.2792 0.8569 0.0905 0.023 0.059 0.0
8.0 0.540 -3.71 3.5144 0.4326 0.6136 0.108 0.021 0.0536 0.0011
8.0 0.220 -3.69 3.5226 0.5336 0.5727 0.1134 0.0205 0.0525 0.0014
8.0 0.120 -3.68 3.5479 0.5503 0.5591 0.1137 0.0198 0.0508 0.0016
8.0 0.070 -3.68 3.7719 0.5841 0.5835 0.12 0.0204 0.0522 0.0019
8.0 0.041 -3.68 3.3487 0.5142 0.5092 0.1056 0.0177 0.0454 0.002
8.0 0.014 -3.68 2.487 0.3877 0.3739 0.0784 0.0131 0.0339 0.0023
8.0 1.000 -3.5 3.4811 0.8363 0.6794 0.125 0.0227 0.0583 0.0011
8.0 0.501 -3.44 3.272 1.3251 0.4356 0.1488 0.0211 0.054 0.0017
8.0 0.203 -3.4 3.1144 1.5762 0.3947 0.1539 0.0206 0.0528 0.0024
8.0 0.113 -3.39 3.1088 1.6218 0.382 0.1538 0.0199 0.051 0.0028
8.0 0.065 -3.38 3.3241 1.741 0.4002 0.1634 0.0206 0.0528 0.0033
8.0 0.038 -3.38 2.9104 1.5204 0.3435 0.1417 0.0176 0.0451 0.0036
8.0 0.013 -3.38 2.1131 1.1241 0.2473 0.1033 0.0129 0.0332 0.0039
8.0 1.000 -3.25 2.9977 1.933 0.5016 0.1599 0.0225 0.0575 0.0013
8.0 0.507 -3.15 2.1658 2.9263 0.2657 0.1851 0.0213 0.0545 0.0023
8.0 0.209 -3.08 1.801 3.337 0.2243 0.1887 0.0207 0.053 0.004
8.0 0.113 -3.06 1.7482 3.4514 0.213 0.189 0.02 0.0513 0.0051
8.0 0.054 -3.04 1.6671 3.3825 0.1978 0.1813 0.0186 0.0477 0.0062
8.0 0.020 -3.03 1.3787 2.8165 0.1596 0.1488 0.015 0.0386 0.0072
8.0 0.019 -3.03 1.4483 2.9491 0.1673 0.156 0.0155 0.0397 0.0073
8.0 1.000 -3.0 2.2525 3.2783 0.3551 0.1877 0.0222 0.0569 0.0014
8.0 0.512 -2.86 1.0493 4.5426 0.14 0.208 0.0214 0.0546 0.0027
8.0 0.199 -2.73 0.6957 4.986 0.1005 0.2082 0.0207 0.053 0.0062
8.0 0.125 -2.68 0.6545 5.1289 0.0933 0.2081 0.02 0.0513 0.0085
8.0 0.063 -2.64 0.6115 5.1851 0.0856 0.2048 0.0191 0.049 0.012
8.0 0.023 -2.61 0.5281 4.6683 0.072 0.1804 0.0162 0.0414 0.0153
8.0 0.014 -2.6 0.5298 4.7088 0.0717 0.1812 0.0161 0.0411 0.0172
8.0 1.000 -2.74 1.685 4.4937 0.2586 0.2013 0.022 0.0565 0.0016
8.0 0.512 -2.57 0.4941 5.7473 0.07 0.2095 0.0213 0.0545 0.0032
8.0 0.206 -2.38 0.2707 6.1951 0.0391 0.1979 0.0206 0.0526 0.0077
8.0 0.109 -2.27 0.2222 6.4306 0.0305 0.1911 0.0196 0.0503 0.0138
8.0 0.065 -2.21 0.1983 6.4537 0.0262 0.1833 0.0184 0.0472 0.0207
8.0 0.022 -2.13 0.1596 5.9168 0.0201 0.1599 0.0153 0.0392 0.0358
8.0 0.012 -2.11 0.1409 5.3709 0.0175 0.1435 0.0134 0.0344 0.0407
8.0 1.000 -2.49 1.317 5.5691 0.2007 0.202 0.0218 0.056 0.002
8.0 0.504 -2.3 0.2699 6.7578 0.037 0.1929 0.0212 0.0542 0.004
8.0 0.201 -2.06 0.1276 7.2188 0.015 0.1604 0.0203 0.052 0.0099
8.0 0.109 -1.91 0.0938 7.4679 0.0092 0.1409 0.0191 0.049 0.0181
8.0 0.050 -1.76 0.0697 7.4717 0.0057 0.1191 0.0168 0.0431 0.0375
8.0 0.020 -1.64 0.0506 6.649 0.0036 0.0948 0.0126 0.0322 0.0724
8.0 0.012 -1.6 0.0476 6.5461 0.0033 0.0917 0.0115 0.0294 0.0915
8.0 1.000 -2.24 1.0813 6.5061 0.1668 0.1968 0.0217 0.0557 0.0026
8.0 0.509 -2.05 0.1778 7.6075 0.0223 0.1715 0.0209 0.0536 0.0052
8.0 0.226 -1.83 0.0847 8.0752 0.008 0.1306 0.0202 0.0519 0.0115
8.0 0.110 -1.63 0.0533 8.368 0.0035 0.0979 0.0185 0.0476 0.0235
8.0 0.052 -1.45 0.0361 8.3817 0.0016 0.0722 0.0159 0.0409 0.0485
8.0 0.021 -1.25 0.0228 7.4138 0.0 0.0497 0.0106 0.0273 0.1088
8.0 0.010 -1.15 0.0173 6.5307 0.0 0.0417 0.0072 0.0186 0.1661
8.0 1.000 -1.99 0.8987 7.474 0.1426 0.1881 0.0215 0.0552 0.0036
8.0 0.502 -1.79 0.1215 8.5586 0.0133 0.1476 0.0206 0.0528 0.0072
8.0 0.211 -1.54 0.0529 8.9316 0.0035 0.0946 0.0194 0.0498 0.017
8.0 0.106 -1.34 0.0324 9.0538 0.0013 0.0628 0.0174 0.0447 0.0335
8.0 0.056 -1.16 0.0213 8.7869 0.0 0.0414 0.0146 0.0375 0.0632
8.0 0.021 -0.9 0.0109 7.1354 0.0 0.0225 0.0079 0.0202 0.1589
8.0 0.010 -0.77 0.0072 5.8561 0.0 0.0181 0.0042 0.0107 0.2462
8.0 1.000 -1.74 0.7645 8.4205 0.1259 0.1774 0.0212 0.0547 0.005
8.0 0.513 -1.55 0.0938 9.5757 0.0088 0.1284 0.0203 0.052 0.0098
8.0 0.204 -1.28 0.0363 9.6747 0.0016 0.0676 0.0185 0.0474 0.0243
8.0 0.103 -1.07 0.0217 9.5058 0.0 0.0399 0.0161 0.0414 0.0477
8.0 0.052 -0.87 0.0131 8.623 0.0 0.0222 0.0125 0.032 0.0931
8.0 0.021 -0.61 0.006 6.1122 0.0 0.0109 0.0052 0.0134 0.2158
8.0 0.010 -0.47 0.0034 4.472 0.0 0.0085 0.0023 0.0058 0.3185
8.0 1.000 -1.49 0.662 9.3523 0.1135 0.1654 0.021 0.0541 0.007
8.0 0.513 -1.3 0.0735 10.6615 0.0058 0.1092 0.0199 0.0511 0.0136
8.0 0.213 -1.04 0.0289 10.596 0.0 0.0522 0.018 0.0461 0.0324
8.0 0.105 -0.83 0.0158 9.7881 0.0 0.0259 0.0149 0.0382 0.0651
8.0 0.054 -0.62 0.0092 8.2841 0.0 0.013 0.0107 0.0275 0.1244
8.0 0.020 -0.35 0.0033 4.6859 0.0 0.0058 0.0027 0.0069 0.2959
8.0 0.010 -0.21 0.0016 2.9656 0.0 0.0041 0.0012 0.003 0.389
8.3 1.000 -4.0 2.464 0.0477 1.2803 0.0685 0.0223 0.0574 0.0
8.3 0.512 -3.98 2.2226 0.0711 0.8884 0.0745 0.02 0.0516 0.0
8.3 0.207 -3.97 2.3906 0.0882 0.879 0.0798 0.0196 0.0505 0.0
8.3 0.138 -3.97 2.4787 0.0923 0.8849 0.0815 0.0191 0.0493 0.0
8.3 0.079 -3.97 2.7687 0.1027 0.961 0.0892 0.0201 0.0517 0.0
8.3 0.046 -3.97 2.5014 0.0917 0.8447 0.0789 0.0173 0.0447 0.0
8.3 0.014 -3.97 2.1313 0.0787 0.7095 0.0668 0.0142 0.0366 0.0
8.3 1.000 -3.74 3.0781 0.1811 1.1442 0.1083 0.0225 0.0578 0.0
8.3 0.557 -3.71 2.7555 0.2656 0.7803 0.12 0.0208 0.0534 0.0
8.3 0.207 -3.69 2.8905 0.3415 0.745 0.1285 0.0203 0.0523 0.0
8.3 0.138 -3.68 2.976 0.3571 0.7446 0.1306 0.0198 0.0509 0.0
8.3 0.078 -3.68 3.3046 0.3969 0.8034 0.1424 0.0208 0.0534 0.0
8.3 0.046 -3.68 2.9654 0.3534 0.7011 0.1252 0.0178 0.046 0.0
8.3 0.014 -3.68 2.5127 0.3028 0.5856 0.1056 0.0146 0.0376 0.0
8.3 1.000 -3.48 3.4384 0.5843 0.9462 0.1562 0.0225 0.0578 0.0
8.3 0.533 -3.43 2.8466 0.8734 0.5854 0.1731 0.0212 0.0545 0.0
8.3 0.246 -3.4 2.8079 1.0582 0.5426 0.1805 0.0208 0.0534 0.0
8.3 0.133 -3.39 2.8869 1.1346 0.5334 0.1836 0.0201 0.0517 0.0
8.3 0.075 -3.38 3.2033 1.2694 0.5753 0.2008 0.0212 0.0545 0.0
8.3 0.044 -3.38 2.8356 1.1224 0.4947 0.1744 0.018 0.0464 0.0
8.3 0.013 -3.38 2.3787 0.9562 0.4099 0.1462 0.0147 0.0379 0.0
8.3 1.000 -3.22 3.2159 1.5252 0.7012 0.2064 0.0225 0.0577 0.0
8.3 0.510 -3.13 2.0249 2.1949 0.3497 0.2206 0.0215 0.0552 0.0
8.3 0.216 -3.07 1.8065 2.5642 0.307 0.2276 0.0211 0.0541 0.0
8.3 0.133 -3.05 1.7774 2.6595 0.2947 0.2274 0.0204 0.0524 0.0
8.3 0.063 -3.03 1.742 2.6915 0.279 0.2221 0.0191 0.0493 0.0
8.3 0.023 -3.02 1.4997 2.3375 0.2324 0.188 0.0158 0.041 0.0
8.3 0.022 -3.02 1.5685 2.4408 0.2431 0.1966 0.0163 0.0419 0.0
8.3 1.000 -2.96 2.5937 2.7845 0.493 0.2455 0.0224 0.0575 0.0
8.3 0.498 -2.81 1.0016 3.6159 0.1765 0.2485 0.0216 0.0555 0.0
8.3 0.221 -2.71 0.7949 4.1058 0.1444 0.2595 0.0218 0.056 0.0
8.3 0.100 -2.65 0.7349 4.3522 0.1298 0.2607 0.0209 0.0538 0.0
8.3 0.055 -2.62 0.6721 4.1895 0.1162 0.2442 0.0191 0.0492 0.0
8.3 0.027 -2.6 0.6198 3.9633 0.1053 0.2267 0.0173 0.0445 0.0
8.3 0.011 -2.59 0.4697 3.0472 0.0786 0.1717 0.0129 0.0332 0.0
8.3 1.000 -2.69 2.0389 4.0065 0.3542 0.2688 0.0223 0.0573 0.0
8.3 0.501 -2.51 0.4778 4.685 0.0861 0.2561 0.0217 0.0556 0.0
8.3 0.210 -2.33 0.2969 5.035 0.053 0.2472 0.021 0.054 0.0
8.3 0.101 -2.23 0.2494 5.2661 0.042 0.2405 0.0202 0.0521 0.0
8.3 0.058 -2.17 0.2255 5.2465 0.0365 0.2295 0.019 0.049 0.0
8.3 0.025 -2.11 0.1961 4.9416 0.0307 0.2083 0.0169 0.0436 0.0
8.3 0.011 -2.09 0.1605 4.1837 0.0247 0.1731 0.0139 0.0357 0.001
8.3 1.000 -2.44 1.6695 5.106 0.2747 0.277 0.0222 0.0571 0.0
8.3 0.521 -2.25 0.2803 5.5089 0.0478 0.2438 0.0216 0.0553 0.0
8.3 0.217 -2.02 0.1467 5.8394 0.0217 0.2136 0.0209 0.0536 0.0
8.3 0.099 -1.85 0.1066 6.1183 0.013 0.1895 0.0199 0.0511 0.0
8.3 0.053 -1.74 0.0897 6.2159 0.0096 0.173 0.0189 0.0485 0.0
8.3 0.021 -1.63 0.0704 5.7588 0.0066 0.1436 0.0162 0.0417 0.0
8.3 0.010 -1.58 0.0561 4.8948 0.005 0.1164 0.0133 0.0342 0.0016
8.3 1.000 -2.19 1.4058 6.2049 0.2259 0.2773 0.0221 0.0569 0.0
8.3 0.512 -1.98 0.1778 6.3274 0.0272 0.2201 0.0214 0.0549 0.0
8.3 0.202 -1.72 0.0837 6.679 0.0091 0.1665 0.0205 0.0528 0.0
8.3 0.108 -1.56 0.0609 7.02 0.0048 0.1371 0.0197 0.0505 0.0
8.3 0.052 -1.39 0.0452 7.1761 0.0025 0.1076 0.0182 0.0468 0.0
8.3 0.020 -1.2 0.0327 6.8122 0.0013 0.0782 0.0157 0.0403 0.0013
8.3 0.010 -1.11 0.0248 5.7995 0.0 0.0587 0.0128 0.0328 0.0024
8.3 1.000 -1.99 1.2427 7.0999 0.1998 0.2743 0.0221 0.0567 0.0
8.3 0.466 -1.75 0.1203 7.0163 0.0158 0.1924 0.0212 0.0543 0.0
8.3 0.200 -1.51 0.0605 7.3647 0.005 0.1342 0.0202 0.052 0.0
8.3 0.096 -1.3 0.04 7.6994 0.0019 0.0946 0.0189 0.0487 0.0
8.3 0.051 -1.14 0.0301 7.8534 0.0 0.0698 0.0177 0.0454 0.0
8.3 0.020 -0.91 0.0205 7.4404 0.0 0.0433 0.0151 0.0388 0.0019
8.3 0.010 -0.8 0.0183 7.5476 0.0 0.0365 0.0147 0.0376 0.0035
8.3 1.000 -1.68 1.0422 8.5705 0.1717 0.2653 0.0219 0.0565 0.0
8.3 0.530 -1.48 0.1012 8.3571 0.0113 0.1759 0.0211 0.0542 0.0
8.3 0.216 -1.21 0.0432 8.4476 0.0023 0.0991 0.0199 0.0511 0.0
8.3 0.108 -1.0 0.0279 8.6736 0.0 0.0613 0.0185 0.0476 0.0
8.3 0.056 -0.81 0.0195 8.6348 0.0 0.037 0.0169 0.0434 0.0012
8.3 0.022 -0.55 0.0136 8.5058 0.0 0.0192 0.0151 0.0387 0.0029
8.3 0.011 -0.39 0.0118 8.6799 0.0 0.0133 0.0146 0.0373 0.0057
8.3 1.000 -1.43 0.9156 9.8258 0.156 0.2546 0.0219 0.0563 0.0
8.3 0.528 -1.23 0.0798 9.5239 0.0073 0.1517 0.0209 0.0536 0.0
8.3 0.204 -0.94 0.0321 9.4559 0.0011 0.0705 0.0194 0.0498 0.0
8.3 0.104 -0.74 0.0208 9.42 0.0 0.039 0.0179 0.046 0.001
8.3 0.052 -0.52 0.0144 9.1394 0.0 0.02 0.0161 0.0412 0.002
8.3 0.021 -0.27 0.0113 9.4991 0.0 0.01 0.0154 0.0393 0.0047
8.3 0.011 -0.11 0.0103 9.9523 0.0 0.0064 0.0153 0.0391 0.0089
8.6 1.000 -3.99 0.7419 0.0123 0.8945 0.0482 0.0218 0.0568 0.0
8.6 0.516 -3.98 0.5002 0.017 0.5411 0.0463 0.0198 0.0517 0.0
8.6 0.244 -3.97 0.5676 0.0218 0.5563 0.0508 0.0194 0.0507 0.0
8.6 0.126 -3.97 0.667 0.0254 0.5969 0.0549 0.0188 0.0492 0.0
8.6 0.082 -3.97 0.8069 0.0302 0.6968 0.0641 0.0208 0.054 0.0
8.6 0.049 -3.97 0.7566 0.0278 0.6191 0.057 0.0174 0.0454 0.0
8.6 0.014 -3.97 0.6924 0.0256 0.5515 0.0511 0.0149 0.0388 0.0
8.6 1.000 -3.72 1.1561 0.0567 0.921 0.0854 0.0223 0.058 0.0
8.6 0.556 -3.7 0.815 0.0787 0.5623 0.0864 0.0208 0.0542 0.0
8.6 0.256 -3.69 0.927 0.1046 0.5701 0.0959 0.0204 0.053 0.0
8.6 0.127 -3.68 1.0882 0.1234 0.6056 0.1037 0.0197 0.0512 0.0
8.6 0.081 -3.68 1.3122 0.1472 0.7042 0.1208 0.0217 0.0563 0.0
8.6 0.049 -3.68 1.2113 0.134 0.6171 0.1063 0.0181 0.0471 0.0
8.6 0.014 -3.68 1.1005 0.1227 0.5459 0.0948 0.0155 0.0401 0.0
8.6 1.000 -3.47 1.6748 0.2392 0.8763 0.1429 0.0225 0.0583 0.0
8.6 0.550 -3.42 1.2292 0.3438 0.5213 0.1506 0.0214 0.0554 0.0
8.6 0.218 -3.39 1.3707 0.4652 0.5117 0.1664 0.0208 0.0539 0.0
8.6 0.133 -3.39 1.4829 0.5103 0.5213 0.1726 0.0202 0.0523 0.0
8.6 0.080 -3.38 1.7713 0.6085 0.6003 0.2 0.0222 0.0574 0.0
8.6 0.048 -3.38 1.5913 0.5444 0.5155 0.173 0.0184 0.0478 0.0
8.6 0.014 -3.38 1.4213 0.4934 0.4507 0.153 0.0157 0.0406 0.0
8.6 1.000 -3.19 1.9997 0.7855 0.7206 0.2123 0.0225 0.0583 0.0
8.6 0.518 -3.11 1.1875 1.1101 0.3524 0.2175 0.0217 0.056 0.0
8.6 0.206 -3.06 1.1418 1.3704 0.3177 0.2288 0.021 0.0544 0.0
8.6 0.112 -3.04 1.1795 1.4793 0.3125 0.233 0.0202 0.0524 0.0
8.6 0.075 -3.03 1.1971 1.5192 0.3088 0.2331 0.0196 0.0508 0.0
8.6 0.025 -3.02 1.1618 1.4821 0.2847 0.2178 0.0173 0.0447 0.0
8.6 0.025 -3.02 1.1618 1.4821 0.2847 0.2178 0.0173 0.0447 0.0
8.6 1.000 -2.92 1.8891 1.6378 0.5248 0.2655 0.0225 0.0583 0.0
8.6 0.510 -2.78 0.6707 2.0501 0.1792 0.2524 0.0219 0.0565 0.0
8.6 0.222 -2.69 0.55 2.3401 0.1459 0.2585 0.0213 0.055 0.0
8.6 0.121 -2.65 0.5619 2.6082 0.1439 0.2738 0.0215 0.0555 0.0
8.6 0.066 -2.62 0.5326 2.5975 0.1318 0.2617 0.0197 0.0509 0.0
8.6 0.021 -2.59 0.4732 2.3831 0.1125 0.2302 0.0165 0.0429 0.0
8.6 0.012 -2.59 0.4229 2.1399 0.0995 0.2046 0.0144 0.0374 0.0
8.6 1.000 -2.65 1.6614 2.5782 0.3827 0.301 0.0225 0.0583 0.0
8.6 0.506 -2.47 0.3337 2.8071 0.0849 0.2661 0.0219 0.0567 0.0
8.6 0.197 -2.29 0.2236 3.1004 0.0545 0.2628 0.0212 0.0549 0.0
8.6 0.123 -2.22 0.2121 3.2968 0.0492 0.2648 0.0206 0.0532 0.0
8.6 0.060 -2.16 0.2014 3.4896 0.0443 0.2655 0.0199 0.0515 0.0
8.6 0.024 -2.11 0.1815 3.3738 0.0383 0.2461 0.0178 0.046 0.0
8.6 0.012 -2.09 0.1682 3.1988 0.0349 0.2292 0.0163 0.0419 0.0
8.6 1.000 -2.39 1.4804 3.5121 0.3002 0.3216 0.0225 0.0581 0.0
8.6 0.494 -2.18 0.1939 3.4479 0.0441 0.2614 0.0218 0.0564 0.0
8.6 0.199 -1.96 0.1152 3.7449 0.0219 0.2396 0.0211 0.0546 0.0
8.6 0.100 -1.82 0.0958 4.021 0.0155 0.2272 0.0203 0.0524 0.0
8.6 0.050 -1.71 0.0839 4.1663 0.0119 0.2124 0.0191 0.0494 0.0
8.6 0.023 -1.63 0.0763 4.2149 0.0098 0.1993 0.0178 0.046 0.0
8.6 0.012 -1.59 0.0708 4.0931 0.0088 0.187 0.0167 0.0429 0.0
8.6 1.000 -2.14 1.3343 4.5333 0.2499 0.3342 0.0224 0.058 0.0
8.6 0.499 -1.92 0.1357 4.1365 0.0263 0.247 0.0217 0.056 0.0
8.6 0.204 -1.67 0.0741 4.4221 0.01 0.2002 0.0208 0.0537 0.0
8.6 0.106 -1.51 0.059 4.8106 0.0058 0.1746 0.02 0.0516 0.0
8.6 0.049 -1.33 0.0479 5.1331 0.0033 0.1459 0.0186 0.048 0.0
8.6 0.021 -1.19 0.0406 5.2562 0.0021 0.1228 0.017 0.0439 0.0
8.6 0.011 -1.12 0.0368 5.1696 0.0017 0.1101 0.0159 0.0407 0.0
8.6 1.000 -1.94 1.2312 5.4178 0.2228 0.3406 0.0224 0.0579 0.0
8.6 0.453 -1.69 0.0987 4.7506 0.0158 0.2241 0.0215 0.0554 0.0
8.6 0.184 -1.43 0.0555 5.1352 0.0051 0.164 0.0205 0.0528 0.0
8.6 0.099 -1.27 0.0448 5.6261 0.0027 0.1346 0.0198 0.051 0.0
8.6 0.048 -1.08 0.0358 5.9863 0.0013 0.1021 0.0183 0.0472 0.0
8.6 0.019 -0.88 0.0286 6.1118 0.0 0.0741 0.0165 0.0423 0.0
8.6 0.009 -0.77 0.0254 6.0625 0.0 0.0619 0.0153 0.0393 0.0
8.6 1.000 -1.64 1.0845 6.9582 0.1939 0.3452 0.0223 0.0577 0.0
8.6 0.483 -1.4 0.0816 5.9362 0.0101 0.2044 0.0213 0.0549 0.0
8.6 0.201 -1.14 0.0443 6.2533 0.0026 0.1284 0.0203 0.0523 0.0
8.6 0.101 -0.94 0.0334 6.7534 0.0 0.0879 0.0192 0.0495 0.0
8.6 0.048 -0.73 0.026 7.0615 0.0 0.0561 0.0177 0.0455 0.0
8.6 0.019 -0.49 0.0209 7.3327 0.0 0.034 0.0162 0.0415 0.0
8.6 0.010 -0.36 0.0201 7.8939 0.0 0.0276 0.0163 0.0418 0.0
8.6 1.000 -1.39 0.9794 8.3453 0.1778 0.3439 0.0222 0.0576 0.0
8.6 0.504 -1.17 0.0741 7.1745 0.0075 0.1906 0.0212 0.0546 0.0
8.6 0.194 -0.88 0.0366 7.3074 0.0013 0.0968 0.0198 0.051 0.0
8.6 0.098 -0.67 0.0274 7.6275 0.0 0.0589 0.0186 0.0477 0.0
8.6 0.048 -0.46 0.0219 7.8647 0.0 0.0345 0.0173 0.0444 0.0
8.6 0.020 -0.23 0.0186 8.3219 0.0 0.0196 0.0165 0.0421 0.0
8.6 0.010 -0.07 0.018 9.031 0.0 0.0142 0.0167 0.0427 0.0011
8.9 1.000 -3.96 0.0357 0.0016 0.1265 0.0141 0.0147 0.0387 0.0
8.9 1.000 -3.96 0.0357 0.0016 0.1265 0.0141 0.0147 0.0387 0.0
8.9 1.000 -3.96 0.0357 0.0016 0.1265 0.0141 0.0147 0.0387 0.0
8.9 1.000 -3.96 0.0357 0.0016 0.1265 0.0141 0.0147 0.0387 0.0
8.9 1.000 -3.96 0.0357 0.0016 0.1265 0.0141 0.0147 0.0387 0.0
8.9 1.000 -3.96 0.0357 0.0016 0.1265 0.0141 0.0147 0.0387 0.0
8.9 1.000 -3.96 0.0357 0.0016 0.1265 0.0141 0.0147 0.0387 0.0
8.9 1.000 -3.68 0.0533 0.0073 0.1438 0.0289 0.0193 0.0511 0.0
8.9 1.000 -3.68 0.0533 0.0073 0.1438 0.0289 0.0193 0.0511 0.0
8.9 1.000 -3.68 0.0533 0.0073 0.1438 0.0289 0.0193 0.0511 0.0
8.9 1.000 -3.68 0.0533 0.0073 0.1438 0.0289 0.0193 0.0511 0.0
8.9 0.564 -3.68 0.0589 0.0081 0.1517 0.0301 0.0181 0.0481 0.0
8.9 0.548 -3.68 0.0579 0.008 0.1485 0.0295 0.0181 0.0482 0.0
8.9 0.157 -3.68 0.0559 0.0079 0.1399 0.0278 0.0157 0.0413 0.0
8.9 1.000 -3.39 0.0836 0.0337 0.1471 0.0541 0.0212 0.056 0.0
8.9 0.995 -3.39 0.0836 0.0337 0.1467 0.054 0.0211 0.0557 0.0
8.9 0.749 -3.39 0.0939 0.0385 0.1581 0.0583 0.0212 0.0559 0.0
8.9 0.513 -3.38 0.1064 0.0439 0.1686 0.0619 0.0202 0.0534 0.0
8.9 0.338 -3.38 0.1219 0.05 0.1814 0.0659 0.0195 0.0515 0.0
8.9 0.210 -3.38 0.1351 0.0548 0.1901 0.0685 0.0185 0.0489 0.0
8.9 0.064 -3.38 0.1308 0.0534 0.1767 0.0638 0.0161 0.0423 0.0
8.9 1.000 -3.15 0.2604 0.0966 0.3149 0.0993 0.0226 0.0596 0.0
8.9 0.532 -3.09 0.126 0.1297 0.1376 0.0943 0.022 0.0581 0.0
8.9 0.206 -3.04 0.1527 0.1915 0.1426 0.1097 0.0212 0.056 0.0
8.9 0.124 -3.03 0.1741 0.2245 0.1513 0.1179 0.0206 0.0541 0.0
8.9 0.055 -3.02 0.2138 0.2759 0.1671 0.1298 0.0195 0.0512 0.0
8.9 0.032 -3.02 0.2211 0.2838 0.1644 0.1273 0.0179 0.0471 0.0
8.9 0.010 -3.02 0.177 0.2297 0.1278 0.0996 0.0138 0.0363 0.0
8.9 1.000 -2.86 0.4055 0.276 0.2832 0.1523 0.0228 0.0599 0.0
8.9 0.518 -2.74 0.1059 0.2954 0.078 0.123 0.0224 0.059 0.0
8.9 0.248 -2.67 0.0939 0.3462 0.0655 0.1255 0.0217 0.0571 0.0
8.9 0.120 -2.63 0.1052 0.4289 0.068 0.1376 0.0208 0.0548 0.0
8.9 0.060 -2.61 0.1138 0.4851 0.0695 0.1433 0.0196 0.0515 0.0
8.9 0.023 -2.59 0.1316 0.574 0.0766 0.1587 0.0198 0.0518 0.0
8.9 0.014 -2.59 0.1147 0.5038 0.0653 0.1356 0.0163 0.0426 0.0
8.9 1.000 -2.58 0.5314 0.5413 0.232 0.1916 0.0229 0.0601 0.0
8.9 0.476 -2.39 0.0635 0.4085 0.0317 0.1261 0.0224 0.059 0.0
8.9 0.193 -2.24 0.0542 0.4789 0.023 0.1286 0.0216 0.0569 0.0
8.9 0.099 -2.17 0.0571 0.5797 0.0229 0.1395 0.0207 0.0545 0.0
8.9 0.057 -2.13 0.0596 0.6516 0.0232 0.1474 0.0204 0.0535 0.0
8.9 0.022 -2.1 0.0564 0.6658 0.0212 0.14 0.0177 0.0465 0.0
8.9 0.010 -2.08 0.0495 0.6036 0.0184 0.1225 0.0149 0.0391 0.0
8.9 1.000 -2.32 0.6087 0.9146 0.1965 0.2247 0.0229 0.0601 0.0
8.9 0.480 -2.09 0.0527 0.5714 0.0173 0.134 0.0223 0.0589 0.0
8.9 0.200 -1.89 0.0421 0.6196 0.0093 0.1252 0.0215 0.0567 0.0
8.9 0.101 -1.77 0.041 0.7244 0.0077 0.1282 0.0208 0.0546 0.0
8.9 0.048 -1.67 0.0393 0.8107 0.0066 0.1269 0.0192 0.0503 0.0
8.9 0.022 -1.6 0.0382 0.8715 0.006 0.1258 0.018 0.047 0.0
8.9 0.010 -1.57 0.0356 0.8577 0.0054 0.1183 0.0164 0.0427 0.0
8.9 1.000 -2.07 0.6448 1.4429 0.174 0.2556 0.0228 0.06 0.0
8.9 0.474 -1.83 0.0487 0.8197 0.011 0.1399 0.0222 0.0585 0.0
8.9 0.197 -1.59 0.0387 0.88 0.0045 0.1179 0.0216 0.0567 0.0
8.9 0.098 -1.42 0.0362 1.0341 0.0029 0.1095 0.0203 0.0531 0.0
8.9 0.047 -1.27 0.0345 1.2119 0.0021 0.1027 0.019 0.0497 0.0
8.9 0.019 -1.15 0.0324 1.3431 0.0016 0.0945 0.0174 0.0453 0.0
8.9 0.010 -1.1 0.0313 1.3983 0.0014 0.0906 0.0165 0.043 0.0
8.9 1.000 -1.83 0.6484 2.1468 0.1591 0.285 0.0228 0.0598 0.0
8.9 0.446 -1.56 0.0456 1.172 0.007 0.1391 0.022 0.0577 0.0
8.9 0.185 -1.3 0.0366 1.2798 0.0023 0.1033 0.0209 0.0548 0.0
8.9 0.090 -1.11 0.0342 1.5549 0.0012 0.0867 0.0197 0.0515 0.0
8.9 0.005 -0.61 0.0297 2.4179 0.0 0.0534 0.0167 0.0431 0.0
8.9 0.002 -0.57 0.0304 2.5681 0.0 0.0535 0.017 0.0439 0.0
8.9 0.001 -0.56 0.0315 2.7245 0.0 0.0551 0.0176 0.0454 0.0
8.9 1.000 -1.58 0.64 3.0363 0.1476 0.3127 0.0227 0.0597 0.0
8.9 0.455 -1.31 0.0464 1.718 0.0053 0.1427 0.0218 0.0571 0.0
8.9 0.187 -1.05 0.0363 1.8477 0.0014 0.0914 0.0206 0.0539 0.0
8.9 0.096 -0.86 0.0335 2.175 0.0 0.0691 0.0195 0.0509 0.0
8.9 0.045 -0.65 0.0307 2.5426 0.0 0.049 0.018 0.047 0.0
8.9 0.018 -0.43 0.0285 2.9381 0.0 0.0347 0.0168 0.0436 0.0
8.9 0.009 -0.3 0.028 3.2453 0.0 0.0293 0.0165 0.0428 0.0
8.9 1.000 -1.33 0.617 4.0933 0.1396 0.3346 0.0227 0.0595 0.0
8.9 0.446 -1.06 0.0465 2.4471 0.0038 0.1393 0.0215 0.0564 0.0
8.9 0.180 -0.79 0.0362 2.6161 0.0 0.0783 0.0204 0.0533 0.0
8.9 0.089 -0.58 0.0321 2.9234 0.0 0.0496 0.0189 0.0493 0.0
8.9 0.047 -0.4 0.0302 3.2879 0.0 0.0342 0.0181 0.0469 0.0
8.9 0.018 -0.15 0.0283 3.8437 0.0 0.0211 0.0172 0.0445 0.0
8.9 0.009 -0.01 0.0289 4.3995 0.0 0.0171 0.0176 0.0456 0.0
