#Cloudy 17.00 models results grids
# O/H: 6.9 - 9.1, log N/O: -2.0 - 0.0, log U: -4.0 - -1.5 (O/H vs log U and vs N/O empirically constrained)
# SED: BPASS v.2.1, a = -1.35, M_up = 300 M_sun,, age = 1 Myr
# Plane-parallel geometry
#
#12+log(O/H) log(N/O) log(U) OII_3727 NeIII_3868 OIII_4363 OIII_5007 NII_6584 SII_6717,31
6.90 -1.750 -2.25 0.0946 0.0928 0.0263 0.9086 0.0016 0.0149
6.90 -1.750 -2.00 0.0684 0.1103 0.0352 1.0765 0.0012 0.0111
6.90 -1.750 -1.75 0.0517 0.1292 0.0459 1.2459 0.0000 0.0086
6.90 -1.625 -2.25 0.0946 0.0927 0.0263 0.9082 0.0022 0.0149
6.90 -1.625 -2.00 0.0684 0.1102 0.0352 1.0758 0.0016 0.0111
6.90 -1.625 -1.75 0.0517 0.1291 0.0458 1.2448 0.0012 0.0086
6.90 -1.500 -2.25 0.0946 0.0927 0.0262 0.9076 0.0029 0.0149
6.90 -1.500 -2.00 0.0684 0.1101 0.0351 1.0749 0.0021 0.0111
6.90 -1.500 -1.75 0.0516 0.1289 0.0457 1.2433 0.0016 0.0086
7.00 -1.750 -2.25 0.1201 0.0728 0.0324 1.1331 0.0021 0.0187
7.00 -1.750 -2.00 0.0868 0.0865 0.0434 1.3419 0.0015 0.0139
7.00 -1.750 -1.75 0.0655 0.1013 0.0563 1.5519 0.0011 0.0108
7.00 -1.675 -2.25 0.1194 0.0714 0.0312 1.1145 0.0024 0.0187
7.00 -1.675 -2.00 0.0860 0.0841 0.0411 1.3106 0.0018 0.0139
7.00 -1.675 -1.75 0.0646 0.0972 0.0523 1.5008 0.0013 0.0107
7.00 -1.500 -2.25 0.1201 0.0727 0.0323 1.1317 0.0037 0.0187
7.00 -1.500 -2.00 0.0867 0.0863 0.0432 1.3393 0.0026 0.0139
7.00 -1.500 -1.75 0.0654 0.1009 0.0560 1.5478 0.0020 0.0108
7.10 -1.750 -2.25 0.1515 0.0889 0.0385 1.3900 0.0026 0.0234
7.10 -1.750 -2.00 0.1091 0.1048 0.0508 1.6364 0.0019 0.0174
7.10 -1.750 -1.75 0.0819 0.1213 0.0647 1.8763 0.0014 0.0134
7.10 -1.625 -2.25 0.1515 0.0889 0.0385 1.3899 0.0035 0.0234
7.10 -1.625 -2.00 0.1091 0.1048 0.0508 1.6363 0.0025 0.0174
7.10 -1.625 -1.75 0.0819 0.1213 0.0647 1.8761 0.0019 0.0134
7.10 -1.500 -2.25 0.1515 0.0889 0.0385 1.3898 0.0046 0.0234
7.10 -1.500 -2.00 0.1091 0.1047 0.0508 1.6361 0.0033 0.0174
7.10 -1.500 -1.75 0.0819 0.1212 0.0647 1.8758 0.0025 0.0134
7.20 -1.750 -2.25 0.1927 0.1112 0.0480 1.7414 0.0033 0.0293
7.20 -1.750 -2.00 0.1388 0.1317 0.0638 2.0581 0.0024 0.0218
7.20 -1.750 -1.75 0.1043 0.1536 0.0823 2.3742 0.0018 0.0168
7.20 -1.625 -2.25 0.1926 0.1111 0.0479 1.7399 0.0044 0.0293
7.20 -1.625 -2.00 0.1387 0.1315 0.0637 2.0559 0.0031 0.0218
7.20 -1.625 -1.75 0.1042 0.1533 0.0820 2.3703 0.0024 0.0168
7.20 -1.500 -2.25 0.1925 0.1110 0.0478 1.7380 0.0058 0.0293
7.20 -1.500 -2.00 0.1386 0.1312 0.0635 2.0524 0.0042 0.0218
7.20 -1.500 -1.75 0.1041 0.1529 0.0816 2.3650 0.0032 0.0168
7.30 -1.750 -2.25 0.2430 0.1363 0.0576 2.1428 0.0041 0.0365
7.30 -1.750 -2.00 0.1748 0.1609 0.0762 2.5286 0.0030 0.0272
7.30 -1.750 -1.75 0.1311 0.1872 0.0979 2.9120 0.0022 0.0210
7.30 -1.625 -2.25 0.2429 0.1361 0.0575 2.1405 0.0055 0.0365
7.30 -1.625 -2.00 0.1747 0.1607 0.0760 2.5249 0.0040 0.0272
7.30 -1.625 -1.75 0.1310 0.1868 0.0975 2.9061 0.0030 0.0210
7.30 -1.500 -2.25 0.2427 0.1359 0.0573 2.1375 0.0073 0.0365
7.30 -1.500 -2.00 0.1745 0.1603 0.0757 2.5199 0.0053 0.0272
7.30 -1.500 -1.75 0.1308 0.1862 0.0969 2.8982 0.0040 0.0210
7.40 -1.750 -2.25 0.3023 0.1614 0.0650 2.5598 0.0052 0.0453
7.40 -1.750 -2.00 0.2164 0.1880 0.0840 2.9888 0.0037 0.0336
7.40 -1.750 -1.75 0.1612 0.2151 0.1049 3.3982 0.0028 0.0259
7.40 -1.625 -2.25 0.3022 0.1614 0.0650 2.5594 0.0069 0.0453
7.40 -1.625 -2.00 0.2163 0.1880 0.0840 2.9884 0.0049 0.0336
7.40 -1.625 -1.75 0.1611 0.2151 0.1049 3.3976 0.0037 0.0259
7.40 -1.500 -2.25 0.3022 0.1613 0.0649 2.5590 0.0092 0.0453
7.40 -1.500 -2.00 0.2163 0.1879 0.0840 2.9878 0.0066 0.0336
7.40 -1.500 -1.75 0.1611 0.2150 0.1048 3.3968 0.0049 0.0259
7.50 -1.750 -2.25 0.3820 0.1995 0.0793 3.1735 0.0065 0.0566
7.50 -1.750 -2.00 0.2738 0.2340 0.1038 3.7285 0.0047 0.0420
7.50 -1.750 -1.75 0.2045 0.2707 0.1320 4.2774 0.0035 0.0324
7.50 -1.625 -2.25 0.3816 0.1991 0.0790 3.1684 0.0087 0.0565
7.50 -1.625 -2.00 0.2736 0.2335 0.1034 3.7205 0.0062 0.0420
7.50 -1.625 -1.75 0.2042 0.2697 0.1312 4.2649 0.0046 0.0324
7.50 -1.500 -2.25 0.3812 0.1987 0.0787 3.1616 0.0116 0.0565
7.50 -1.500 -2.00 0.2732 0.2327 0.1027 3.7099 0.0083 0.0420
7.50 -1.500 -1.75 0.2038 0.2685 0.1302 4.2487 0.0062 0.0323
7.60 -1.750 -2.50 0.6840 0.1993 0.0664 3.1200 0.0119 0.0965
7.60 -1.750 -2.25 0.4755 0.2370 0.0902 3.8000 0.0081 0.0700
7.60 -1.750 -2.00 0.3403 0.2769 0.1174 4.4537 0.0058 0.0520
7.60 -1.625 -2.50 0.6834 0.1990 0.0662 3.1153 0.0158 0.0964
7.60 -1.625 -2.25 0.4750 0.2365 0.0898 3.7927 0.0109 0.0699
7.60 -1.625 -2.00 0.3399 0.2761 0.1168 4.4427 0.0077 0.0519
7.60 -1.500 -2.50 0.6826 0.1986 0.0659 3.1091 0.0211 0.0964
7.60 -1.500 -2.25 0.4744 0.2358 0.0894 3.7830 0.0145 0.0699
7.60 -1.500 -2.00 0.3393 0.2751 0.1160 4.4278 0.0103 0.0519
7.70 -1.750 -2.50 0.8463 0.2335 0.0737 3.6843 0.0148 0.1185
7.70 -1.750 -2.25 0.5881 0.2763 0.0994 4.4748 0.0102 0.0859
7.70 -1.750 -2.00 0.4201 0.3215 0.1285 5.2302 0.0072 0.0637
7.70 -1.625 -2.50 0.8454 0.2330 0.0735 3.6777 0.0198 0.1185
7.70 -1.625 -2.25 0.5873 0.2756 0.0989 4.4644 0.0135 0.0859
7.70 -1.625 -2.00 0.4195 0.3204 0.1277 5.2154 0.0096 0.0637
7.70 -1.500 -2.50 0.8441 0.2324 0.0731 3.6690 0.0263 0.1184
7.70 -1.500 -2.25 0.5863 0.2747 0.0984 4.4516 0.0180 0.0858
7.70 -1.500 -2.00 0.4187 0.3190 0.1268 5.1959 0.0128 0.0636
7.80 -1.750 -2.50 1.0353 0.2684 0.0793 4.2752 0.0184 0.1449
7.80 -1.750 -2.25 0.7194 0.3160 0.1061 5.1798 0.0126 0.1049
7.80 -1.750 -2.00 0.5132 0.3659 0.1362 6.0357 0.0089 0.0777
7.80 -1.625 -2.50 1.0339 0.2678 0.0789 4.2663 0.0246 0.1448
7.80 -1.625 -2.25 0.7183 0.3151 0.1056 5.1667 0.0168 0.1048
7.80 -1.625 -2.00 0.5124 0.3646 0.1354 6.0175 0.0119 0.0776
7.80 -1.500 -2.50 1.0320 0.2670 0.0785 4.2549 0.0327 0.1447
7.80 -1.500 -2.25 0.7168 0.3138 0.1048 5.1481 0.0223 0.1047
7.80 -1.500 -2.00 0.5112 0.3628 0.1343 5.9924 0.0158 0.0775
7.90 -1.750 -2.75 1.7838 0.2506 0.0570 3.7336 0.0337 0.2449
7.90 -1.750 -2.50 1.2439 0.2999 0.0812 4.8315 0.0227 0.1757
7.90 -1.750 -2.25 0.8654 0.3510 0.1079 5.8412 0.0155 0.1270
7.90 -1.625 -2.75 1.7807 0.2499 0.0567 3.7248 0.0450 0.2447
7.90 -1.625 -2.50 1.2421 0.2992 0.0808 4.8218 0.0302 0.1756
7.90 -1.625 -2.25 0.8639 0.3499 0.1074 5.8260 0.0206 0.1269
7.90 -1.500 -2.75 1.7769 0.2492 0.0564 3.7149 0.0599 0.2445
7.90 -1.500 -2.50 1.2392 0.2981 0.0803 4.8054 0.0403 0.1754
7.90 -1.500 -2.25 0.8619 0.3485 0.1066 5.8041 0.0274 0.1268
8.00 -1.750 -2.75 2.0933 0.2731 0.0558 4.1092 0.0412 0.2955
8.00 -1.750 -2.50 1.4670 0.3249 0.0791 5.3111 0.0277 0.2117
8.00 -1.750 -2.25 1.0234 0.3783 0.1046 6.4092 0.0189 0.1528
8.00 -1.625 -2.75 2.0891 0.2723 0.0556 4.0994 0.0549 0.2953
8.00 -1.625 -2.50 1.4641 0.3240 0.0787 5.2980 0.0369 0.2115
8.00 -1.625 -2.25 1.0215 0.3771 0.1040 6.3909 0.0251 0.1527
8.00 -1.500 -2.75 2.0835 0.2714 0.0552 4.0862 0.0731 0.2949
8.00 -1.500 -2.50 1.4604 0.3228 0.0782 5.2799 0.0492 0.2113
8.00 -1.500 -2.25 1.0188 0.3755 0.1033 6.3668 0.0334 0.1525
8.00 -1.375 -2.75 2.0762 0.2701 0.0548 4.0691 0.0973 0.2944
8.00 -1.375 -2.50 1.4553 0.3211 0.0775 5.2564 0.0655 0.2109
8.00 -1.375 -2.25 1.0152 0.3734 0.1023 6.3352 0.0445 0.1522
8.00 -1.250 -2.75 2.0663 0.2684 0.0542 4.0465 0.1294 0.2938
8.00 -1.250 -2.50 1.4484 0.3189 0.0766 5.2241 0.0871 0.2105
8.00 -1.250 -2.25 1.0104 0.3705 0.1010 6.2932 0.0592 0.1518
8.10 -1.750 -3.00 3.2234 0.2341 0.0324 2.9884 0.0713 0.4831
8.10 -1.750 -2.75 2.3910 0.2875 0.0515 4.3719 0.0494 0.3488
8.10 -1.750 -2.50 1.6891 0.3403 0.0728 5.6567 0.0333 0.2498
8.10 -1.625 -3.00 3.2154 0.2334 0.0322 2.9800 0.0950 0.4826
8.10 -1.625 -2.75 2.3851 0.2866 0.0512 4.3601 0.0658 0.3484
8.10 -1.625 -2.50 1.6855 0.3394 0.0724 5.6428 0.0444 0.2495
8.10 -1.500 -3.00 3.2051 0.2326 0.0320 2.9695 0.1265 0.4819
8.10 -1.500 -2.75 2.3773 0.2855 0.0509 4.3441 0.0876 0.3479
8.10 -1.500 -2.50 1.6803 0.3379 0.0719 5.6217 0.0591 0.2492
8.10 -1.375 -3.00 3.1899 0.2313 0.0317 2.9543 0.1683 0.4809
8.10 -1.375 -2.75 2.3673 0.2839 0.0504 4.3232 0.1166 0.3472
8.10 -1.375 -2.50 1.6733 0.3361 0.0712 5.5940 0.0787 0.2487
8.10 -1.250 -3.00 3.1696 0.2295 0.0312 2.9341 0.2237 0.4796
8.10 -1.250 -2.75 2.3536 0.2819 0.0498 4.2951 0.1551 0.3463
8.10 -1.250 -2.50 1.6646 0.3337 0.0704 5.5597 0.1046 0.2481
8.20 -1.500 -3.00 3.5248 0.2347 0.0274 3.0146 0.1490 0.5571
8.20 -1.500 -2.75 2.6510 0.2877 0.0437 4.4337 0.1040 0.4019
8.20 -1.500 -2.50 1.8956 0.3401 0.0621 5.7674 0.0704 0.2879
8.20 -1.375 -3.00 3.5042 0.2331 0.0271 2.9969 0.1981 0.5557
8.20 -1.375 -2.75 2.6375 0.2860 0.0433 4.4104 0.1384 0.4010
8.20 -1.375 -2.50 1.8870 0.3382 0.0615 5.7397 0.0937 0.2872
8.20 -1.250 -3.00 3.4775 0.2311 0.0267 2.9736 0.2631 0.5538
8.20 -1.250 -2.75 2.6202 0.2837 0.0427 4.3805 0.1839 0.3997
8.20 -1.250 -2.50 1.8753 0.3356 0.0607 5.7020 0.1246 0.2864
8.20 -1.125 -3.00 3.4416 0.2284 0.0262 2.9427 0.3490 0.5512
8.20 -1.125 -2.75 2.5971 0.2808 0.0420 4.3409 0.2441 0.3981
8.20 -1.125 -2.50 1.8606 0.3324 0.0597 5.6544 0.1655 0.2853
8.20 -1.000 -3.00 3.3944 0.2249 0.0255 2.9022 0.4620 0.5478
8.20 -1.000 -2.75 2.5670 0.2770 0.0410 4.2889 0.3236 0.3959
8.20 -1.000 -2.50 1.8403 0.3279 0.0584 5.5892 0.2194 0.2837
8.30 -1.500 -3.00 3.6820 0.2176 0.0207 2.8413 0.1714 0.6252
8.30 -1.500 -2.75 2.8288 0.2690 0.0335 4.2379 0.1212 0.4511
8.30 -1.500 -2.50 2.0573 0.3196 0.0481 5.5734 0.0827 0.3232
8.30 -1.375 -3.00 3.6548 0.2158 0.0204 2.8214 0.2277 0.6230
8.30 -1.375 -2.75 2.8111 0.2671 0.0331 4.2130 0.1611 0.4498
8.30 -1.375 -2.50 2.0459 0.3176 0.0476 5.5443 0.1099 0.3223
8.30 -1.250 -3.00 3.6190 0.2135 0.0201 2.7956 0.3021 0.6202
8.30 -1.250 -2.75 2.7885 0.2647 0.0326 4.1806 0.2139 0.4481
8.30 -1.250 -2.50 2.0303 0.3149 0.0470 5.5047 0.1460 0.3211
8.30 -1.125 -3.00 3.5720 0.2105 0.0196 2.7613 0.4000 0.6165
8.30 -1.125 -2.75 2.7576 0.2615 0.0319 4.1375 0.2836 0.4457
8.30 -1.125 -2.50 2.0107 0.3114 0.0461 5.4545 0.1936 0.3196
8.30 -1.000 -3.00 3.5107 0.2065 0.0190 2.7168 0.5285 0.6117
8.30 -1.000 -2.75 2.7165 0.2572 0.0311 4.0812 0.3752 0.4426
8.30 -1.000 -2.50 1.9847 0.3069 0.0451 5.3888 0.2565 0.3175
8.40 -1.500 -3.00 3.7082 0.1903 0.0144 2.5475 0.1913 0.6873
8.40 -1.500 -2.75 2.9237 0.2387 0.0238 3.8700 0.1372 0.4966
8.40 -1.500 -2.50 2.1722 0.2864 0.0347 5.1666 0.0944 0.3560
8.40 -1.375 -3.00 3.6755 0.1884 0.0142 2.5273 0.2538 0.6844
8.40 -1.375 -2.75 2.9010 0.2367 0.0234 3.8438 0.1822 0.4948
8.40 -1.375 -2.50 2.1571 0.2843 0.0343 5.1362 0.1254 0.3547
8.40 -1.250 -3.00 3.6305 0.1860 0.0139 2.4994 0.3362 0.6804
8.40 -1.250 -2.75 2.8713 0.2341 0.0230 3.8095 0.2416 0.4923
8.40 -1.250 -2.50 2.1382 0.2816 0.0338 5.0972 0.1664 0.3531
8.40 -1.125 -3.00 3.5721 0.1827 0.0135 2.4628 0.4444 0.6752
8.40 -1.125 -2.75 2.8321 0.2307 0.0225 3.7644 0.3198 0.4891
8.40 -1.125 -2.50 2.1128 0.2780 0.0331 5.0447 0.2205 0.3511
8.40 -1.000 -3.00 3.4953 0.1785 0.0130 2.4161 0.5856 0.6683
8.40 -1.000 -2.75 2.7801 0.2262 0.0218 3.7048 0.4222 0.4847
8.40 -1.000 -2.50 2.0786 0.2733 0.0323 4.9763 0.2915 0.3482
8.50 -1.500 -3.00 3.4524 0.1434 0.0083 2.0246 0.2031 0.7147
8.50 -1.500 -2.75 2.8433 0.1868 0.0142 3.1887 0.1491 0.5194
8.50 -1.500 -2.50 2.1843 0.2299 0.0214 4.3714 0.1041 0.3728
8.50 -1.375 -3.00 3.4109 0.1415 0.0081 2.0041 0.2690 0.7106
8.50 -1.375 -2.75 2.8147 0.1848 0.0140 3.1625 0.1977 0.5168
8.50 -1.375 -2.50 2.1656 0.2278 0.0211 4.3411 0.1381 0.3712
8.50 -1.250 -3.00 3.3579 0.1392 0.0079 1.9772 0.3556 0.7052
8.50 -1.250 -2.75 2.7772 0.1822 0.0137 3.1278 0.2617 0.5134
8.50 -1.250 -2.50 2.1404 0.2251 0.0208 4.3010 0.1830 0.3690
8.50 -1.125 -3.00 3.2893 0.1361 0.0077 1.9422 0.4688 0.6982
8.50 -1.125 -2.75 2.7292 0.1789 0.0133 3.0832 0.3457 0.5089
8.50 -1.125 -2.50 2.1079 0.2216 0.0203 4.2487 0.2420 0.3661
8.50 -1.000 -3.00 3.1980 0.1321 0.0073 1.8967 0.6155 0.6886
8.50 -1.000 -2.75 2.6638 0.1744 0.0128 3.0231 0.4550 0.5030
8.50 -1.000 -2.50 2.0649 0.2170 0.0196 4.1799 0.3192 0.3623
8.60 -1.250 -3.00 2.8886 0.0879 0.0037 1.3791 0.3624 0.6927
8.60 -1.250 -2.75 2.5445 0.1225 0.0069 2.3039 0.2763 0.5092
8.60 -1.250 -2.50 2.0548 0.1583 0.0109 3.2962 0.1972 0.3665
8.60 -1.125 -3.00 2.8101 0.0853 0.0036 1.3478 0.4758 0.6833
8.60 -1.125 -2.75 2.4858 0.1195 0.0066 2.2615 0.3637 0.5033
8.60 -1.125 -2.50 2.0130 0.1549 0.0105 3.2437 0.2600 0.3626
8.60 -1.000 -3.00 2.7082 0.0820 0.0034 1.3069 0.6214 0.6708
8.60 -1.000 -2.75 2.4084 0.1156 0.0063 2.2049 0.4766 0.4953
8.60 -1.000 -2.50 1.9592 0.1506 0.0101 3.1752 0.3416 0.3575
8.60 -0.875 -3.00 2.5776 0.0778 0.0031 1.2544 0.8059 0.6543
8.60 -0.875 -2.75 2.3093 0.1105 0.0059 2.1317 0.6210 0.4849
8.60 -0.875 -2.50 1.8901 0.1450 0.0095 3.0868 0.4466 0.3509
8.60 -0.750 -3.00 2.4155 0.0725 0.0028 1.1881 1.0361 0.6333
8.60 -0.750 -2.75 2.1845 0.1041 0.0054 2.0376 0.8030 0.4714
8.60 -0.750 -2.50 1.8011 0.1379 0.0088 2.9717 0.5801 0.3422
8.70 -1.250 -3.00 2.1286 0.0471 0.0014 0.8624 0.3382 0.6308
8.70 -1.250 -2.75 2.0585 0.0716 0.0029 1.5477 0.2720 0.4755
8.70 -1.250 -2.50 1.7813 0.0982 0.0049 2.3205 0.2006 0.3455
8.70 -1.125 -3.00 2.0490 0.0452 0.0014 0.8357 0.4413 0.6186
8.70 -1.125 -2.75 1.9947 0.0692 0.0028 1.5089 0.3564 0.4679
8.70 -1.125 -2.50 1.7335 0.0953 0.0047 2.2702 0.2635 0.3406
8.70 -1.000 -3.00 1.9516 0.0429 0.0013 0.8020 0.5725 0.6035
8.70 -1.000 -2.75 1.9128 0.0661 0.0026 1.4583 0.4644 0.4580
8.70 -1.000 -2.50 1.6718 0.0916 0.0045 2.2051 0.3445 0.3341
8.70 -0.875 -3.00 1.8294 0.0400 0.0011 0.7594 0.7358 0.5841
8.70 -0.875 -2.75 1.8093 0.0622 0.0024 1.3931 0.6004 0.4452
8.70 -0.875 -2.50 1.5931 0.0870 0.0041 2.1206 0.4475 0.3258
8.70 -0.750 -3.00 1.6791 0.0364 0.0000 0.7066 0.9346 0.5593
8.70 -0.750 -2.75 1.6782 0.0574 0.0021 1.3097 0.7680 0.4284
8.70 -0.750 -2.50 1.4946 0.0811 0.0037 2.0119 0.5762 0.3150
8.80 -1.000 -3.25 0.7621 0.0068 0.0000 0.1266 0.4250 0.5308
8.80 -1.000 -3.00 1.1222 0.0161 0.0000 0.3875 0.4690 0.4884
8.80 -1.000 -2.75 1.2962 0.0287 0.0000 0.7977 0.4224 0.3935
8.80 -0.875 -3.25 0.6976 0.0062 0.0000 0.1168 0.5378 0.5070
8.80 -0.875 -3.00 1.0296 0.0146 0.0000 0.3597 0.5953 0.4675
8.80 -0.875 -2.75 1.1999 0.0263 0.0000 0.7468 0.5397 0.3785
8.80 -0.750 -3.25 0.6235 0.0055 0.0000 0.1055 0.6709 0.4779
8.80 -0.750 -3.00 0.9197 0.0129 0.0000 0.3259 0.7439 0.4413
8.80 -0.750 -2.75 1.0826 0.0235 0.0000 0.6833 0.6795 0.3592
8.80 -0.625 -3.25 0.5393 0.0046 0.0000 0.0924 0.8205 0.4426
8.80 -0.625 -3.00 0.7941 0.0109 0.0000 0.2866 0.9114 0.4093
8.80 -0.625 -2.75 0.9442 0.0201 0.0000 0.6068 0.8394 0.3351
8.80 -0.500 -3.25 0.4496 0.0038 0.0000 0.0783 0.9813 0.4018
8.80 -0.500 -3.00 0.6575 0.0089 0.0000 0.2425 1.0895 0.3715
8.80 -0.500 -2.75 0.7884 0.0164 0.0000 0.5173 1.0117 0.3057
8.90 -1.000 -3.25 0.2093 0.0010 0.0000 0.0274 0.2109 0.2865
8.90 -1.000 -3.00 0.3966 0.0032 0.0000 0.1150 0.2846 0.3076
8.90 -1.000 -2.75 0.6066 0.0075 0.0000 0.3024 0.3102 0.2840
8.90 -0.875 -3.25 0.1914 0.0000 0.0000 0.0251 0.2657 0.2722
8.90 -0.875 -3.00 0.3581 0.0029 0.0000 0.1042 0.3570 0.2912
8.90 -0.875 -2.75 0.5447 0.0066 0.0000 0.2744 0.3891 0.2689
8.90 -0.750 -3.25 0.1710 0.0000 0.0000 0.0224 0.3294 0.2548
8.90 -0.750 -3.00 0.3130 0.0025 0.0000 0.0916 0.4389 0.2709
8.90 -0.750 -2.75 0.4771 0.0056 0.0000 0.2388 0.4808 0.2507
8.90 -0.625 -3.25 0.1481 0.0000 0.0000 0.0193 0.3998 0.2340
8.90 -0.625 -3.00 0.2634 0.0020 0.0000 0.0776 0.5268 0.2468
8.90 -0.625 -2.75 0.4002 0.0046 0.0000 0.1991 0.5794 0.2283
8.90 -0.500 -3.25 0.1237 0.0000 0.0000 0.0160 0.4724 0.2095
8.90 -0.500 -3.00 0.2119 0.0015 0.0000 0.0625 0.6143 0.2188
8.90 -0.500 -2.75 0.3169 0.0035 0.0000 0.1574 0.6744 0.2020
9.00 -0.750 -3.25 0.0633 0.0000 0.0000 0.0125 0.1665 0.1016
9.00 -0.750 -3.00 0.1115 0.0000 0.0000 0.0487 0.2105 0.1053
9.00 -0.750 -2.75 0.1382 0.0000 0.0000 0.0485 0.2529 0.1382
9.00 -0.625 -3.25 0.0589 0.0000 0.0000 0.0115 0.2114 0.0973
9.00 -0.625 -3.00 0.0963 0.0000 0.0000 0.0423 0.2547 0.0962
9.00 -0.625 -2.75 0.0952 0.0000 0.0000 0.0813 0.1912 0.0653
9.00 -0.500 -3.25 0.0489 0.0000 0.0000 0.0093 0.2428 0.0846
9.00 -0.500 -3.00 0.0786 0.0000 0.0000 0.0346 0.2952 0.0844
9.00 -0.500 -2.75 0.0833 0.0000 0.0000 0.0736 0.2296 0.0593
9.00 -0.375 -3.25 0.0393 0.0000 0.0000 0.0071 0.2669 0.0707
9.00 -0.375 -3.00 0.0682 0.0000 0.0000 0.0296 0.3643 0.0790
9.00 -0.375 -2.75 0.0719 0.0000 0.0000 0.0663 0.2699 0.0526
9.00 -0.250 -3.25 0.0307 0.0000 0.0000 0.0050 0.2771 0.0559
9.00 -0.250 -3.00 0.0525 0.0000 0.0000 0.0228 0.3825 0.0626
9.00 -0.250 -2.75 0.0600 0.0000 0.0000 0.0542 0.3130 0.0464
9.10 -0.750 -3.25 0.0208 0.0000 0.0000 0.0000 0.0413 0.0287
9.10 -0.750 -3.00 0.0364 0.0000 0.0000 0.0077 0.0957 0.0511
9.10 -0.750 -2.75 0.0696 0.0000 0.0000 0.0376 0.1337 0.0595
9.10 -0.625 -3.25 0.0200 0.0000 0.0000 0.0000 0.0476 0.0250
9.10 -0.625 -3.00 0.0314 0.0000 0.0000 0.0060 0.1067 0.0432
9.10 -0.625 -2.75 0.0539 0.0000 0.0000 0.0276 0.1445 0.0488
9.10 -0.500 -3.25 0.0192 0.0000 0.0000 0.0000 0.0526 0.0209
9.10 -0.500 -3.00 0.0269 0.0000 0.0000 0.0042 0.1122 0.0345
9.10 -0.500 -2.75 0.0402 0.0000 0.0000 0.0181 0.1450 0.0372
9.10 -0.375 -3.25 0.0185 0.0000 0.0000 0.0000 0.0537 0.0162
9.10 -0.375 -3.00 0.0230 0.0000 0.0000 0.0027 0.1090 0.0255
9.10 -0.375 -2.75 0.0297 0.0000 0.0000 0.0102 0.1312 0.0257
9.10 -0.250 -3.25 0.0178 0.0000 0.0000 0.0000 0.0503 0.0115
9.10 -0.250 -3.00 0.0202 0.0000 0.0000 0.0015 0.0949 0.0170
9.10 -0.250 -2.75 0.0230 0.0000 0.0000 0.0046 0.1025 0.0153
