#Constrained by relation between 12+log(O/H), log(U) and log(N/O)
12+log(O/H)     	 log(N/O)        	 log(U)          	 OII_3727        	 NeIII_3868      	 OIII_4363       	 OIII_5007       	 NII_6584        	 SII_6717,31    
6.9000000 	 -1.0000000 	 -0.5000000 	 0.0890000 	 0.0267000 	 0.0000000 	 0.0106000 	 0.0306000 	 0.2955000
6.9000000 	 -1.1250000 	 -0.5000000 	 0.0890000 	 0.0267000 	 0.0000000 	 0.0106000 	 0.0230000 	 0.2955000
6.9000000 	 -1.0000000 	 -0.7500000 	 0.0863000 	 0.0288000 	 0.0000000 	 0.0128000 	 0.0306000 	 0.2577000
6.9000000 	 -1.1250000 	 -0.7500000 	 0.0863000 	 0.0288000 	 0.0000000 	 0.0128000 	 0.0229000 	 0.2575000
6.9000000 	 -1.0000000 	 -1.0000000 	 0.0849000 	 0.0313000 	 0.0000000 	 0.0167000 	 0.0312000 	 0.1998000
6.9000000 	 -1.1250000 	 -1.0000000 	 0.0849000 	 0.0313000 	 0.0000000 	 0.0167000 	 0.0234000 	 0.2006000
6.9000000 	 -1.0000000 	 -1.5000000 	 0.0781000 	 0.0325000 	 0.0014000 	 0.0491000 	 0.0314000 	 0.0675000
6.9000000 	 -1.1250000 	 -1.5000000 	 0.0781000 	 0.0325000 	 0.0014000 	 0.0490000 	 0.0236000 	 0.0677000
6.9000000 	 -1.0000000 	 -1.5000000 	 0.0781000 	 0.0325000 	 0.0014000 	 0.0491000 	 0.0314000 	 0.0675000
6.9000000 	 -1.1250000 	 -1.5000000 	 0.0781000 	 0.0325000 	 0.0014000 	 0.0490000 	 0.0236000 	 0.0677000
6.9000000 	 -1.0000000 	 -1.7500000 	 0.0742000 	 0.0322000 	 0.0028000 	 0.0910000 	 0.0301000 	 0.0534000
6.9000000 	 -1.1250000 	 -1.7500000 	 0.0741000 	 0.0322000 	 0.0028000 	 0.0910000 	 0.0226000 	 0.0534000
6.9000000 	 -1.0000000 	 -2.0000000 	 0.0755000 	 0.0348000 	 0.0048000 	 0.1536000 	 0.0292000 	 0.0523000
6.9000000 	 -1.1250000 	 -2.0000000 	 0.0755000 	 0.0347000 	 0.0048000 	 0.1536000 	 0.0219000 	 0.0518000
6.9000000 	 -1.0000000 	 -2.2500000 	 0.0844000 	 0.0399000 	 0.0069000 	 0.2247000 	 0.0294000 	 0.0517000
6.9000000 	 -1.1250000 	 -2.2500000 	 0.0844000 	 0.0399000 	 0.0069000 	 0.2247000 	 0.0220000 	 0.0515000
6.9000000 	 -1.0000000 	 -2.5000000 	 0.1026000 	 0.0465000 	 0.0080000 	 0.2825000 	 0.0309000 	 0.0565000
6.9000000 	 -1.1250000 	 -2.5000000 	 0.1026000 	 0.0466000 	 0.0080000 	 0.2826000 	 0.0232000 	 0.0568000
7.0000000 	 -1.0000000 	 -0.5000000 	 0.1122000 	 0.0212000 	 0.0000000 	 0.0133000 	 0.0385000 	 0.3684000
7.0000000 	 -1.1250000 	 -0.5000000 	 0.1122000 	 0.0212000 	 0.0000000 	 0.0133000 	 0.0289000 	 0.3686000
7.0000000 	 -1.0000000 	 -0.7500000 	 0.1086000 	 0.0228000 	 0.0000000 	 0.0161000 	 0.0384000 	 0.3231000
7.0000000 	 -1.1250000 	 -0.7500000 	 0.1086000 	 0.0228000 	 0.0000000 	 0.0161000 	 0.0288000 	 0.3231000
7.0000000 	 -1.0000000 	 -1.0000000 	 0.1070000 	 0.0248000 	 0.0000000 	 0.0211000 	 0.0392000 	 0.2494000
7.0000000 	 -1.1250000 	 -1.0000000 	 0.1067000 	 0.0247000 	 0.0000000 	 0.0210000 	 0.0293000 	 0.2536000
7.0000000 	 -1.0000000 	 -1.5000000 	 0.0984000 	 0.0258000 	 0.0018000 	 0.0617000 	 0.0395000 	 0.0866000
7.0000000 	 -1.1250000 	 -1.5000000 	 0.0983000 	 0.0258000 	 0.0018000 	 0.0617000 	 0.0296000 	 0.0868000
7.0000000 	 -1.0000000 	 -1.5000000 	 0.0984000 	 0.0258000 	 0.0018000 	 0.0617000 	 0.0395000 	 0.0866000
7.0000000 	 -1.1250000 	 -1.5000000 	 0.0983000 	 0.0258000 	 0.0018000 	 0.0617000 	 0.0296000 	 0.0868000
7.0000000 	 -1.0000000 	 -1.7500000 	 0.0934000 	 0.0256000 	 0.0035000 	 0.1144000 	 0.0379000 	 0.0683000
7.0000000 	 -1.1250000 	 -1.7500000 	 0.0934000 	 0.0255000 	 0.0035000 	 0.1145000 	 0.0284000 	 0.0680000
7.0000000 	 -1.0000000 	 -2.0000000 	 0.0951000 	 0.0276000 	 0.0061000 	 0.1933000 	 0.0367000 	 0.0661000
7.0000000 	 -1.1250000 	 -2.0000000 	 0.0950000 	 0.0276000 	 0.0061000 	 0.1932000 	 0.0276000 	 0.0662000
7.0000000 	 -1.0000000 	 -2.2500000 	 0.1063000 	 0.0317000 	 0.0086000 	 0.2825000 	 0.0370000 	 0.0659000
7.0000000 	 -1.1250000 	 -2.2500000 	 0.1063000 	 0.0317000 	 0.0086000 	 0.2825000 	 0.0277000 	 0.0655000
7.0000000 	 -1.0000000 	 -2.5000000 	 0.1290000 	 0.0369000 	 0.0101000 	 0.3550000 	 0.0389000 	 0.0724000
7.0000000 	 -1.1250000 	 -2.5000000 	 0.1290000 	 0.0369000 	 0.0101000 	 0.3553000 	 0.0292000 	 0.0716000
7.1000000 	 -1.0000000 	 -1.5000000 	 0.1238000 	 0.0323000 	 0.0022000 	 0.0775000 	 0.0496000 	 0.1131000
7.1000000 	 -1.1250000 	 -0.5000000 	 0.1411000 	 0.0265000 	 0.0000000 	 0.0167000 	 0.0362000 	 0.4627000
7.1000000 	 -1.0000000 	 -1.5000000 	 0.1238000 	 0.0323000 	 0.0022000 	 0.0775000 	 0.0496000 	 0.1131000
7.1000000 	 -1.1250000 	 -0.7500000 	 0.1367000 	 0.0286000 	 0.0000000 	 0.0202000 	 0.0362000 	 0.4036000
7.1000000 	 -1.0000000 	 -1.5000000 	 0.1238000 	 0.0323000 	 0.0022000 	 0.0775000 	 0.0496000 	 0.1131000
7.1000000 	 -1.1250000 	 -1.0000000 	 0.1345000 	 0.0310000 	 0.0000000 	 0.0265000 	 0.0369000 	 0.3154000
7.1000000 	 -1.0000000 	 -1.5000000 	 0.1238000 	 0.0323000 	 0.0022000 	 0.0775000 	 0.0496000 	 0.1131000
7.1000000 	 -1.1250000 	 -1.5000000 	 0.1238000 	 0.0323000 	 0.0022000 	 0.0775000 	 0.0372000 	 0.1131000
7.1000000 	 -1.0000000 	 -1.5000000 	 0.1238000 	 0.0323000 	 0.0022000 	 0.0775000 	 0.0496000 	 0.1131000
7.1000000 	 -1.1250000 	 -1.5000000 	 0.1238000 	 0.0323000 	 0.0022000 	 0.0775000 	 0.0372000 	 0.1131000
7.1000000 	 -1.0000000 	 -1.7500000 	 0.1177000 	 0.0322000 	 0.0044000 	 0.1439000 	 0.0476000 	 0.0887000
7.1000000 	 -1.1250000 	 -1.7500000 	 0.1177000 	 0.0322000 	 0.0044000 	 0.1439000 	 0.0357000 	 0.0885000
7.1000000 	 -1.0000000 	 -2.0000000 	 0.1198000 	 0.0347000 	 0.0076000 	 0.2430000 	 0.0462000 	 0.0853000
7.1000000 	 -1.1250000 	 -2.0000000 	 0.1198000 	 0.0348000 	 0.0076000 	 0.2429000 	 0.0347000 	 0.0854000
7.1000000 	 -1.0000000 	 -2.2500000 	 0.1339000 	 0.0399000 	 0.0108000 	 0.3549000 	 0.0465000 	 0.0838000
7.1000000 	 -1.1250000 	 -2.2500000 	 0.1339000 	 0.0399000 	 0.0108000 	 0.3549000 	 0.0349000 	 0.0837000
7.1000000 	 -1.0000000 	 -2.5000000 	 0.1623000 	 0.0464000 	 0.0126000 	 0.4453000 	 0.0490000 	 0.0922000
7.1000000 	 -1.1250000 	 -2.5000000 	 0.1624000 	 0.0463000 	 0.0126000 	 0.4455000 	 0.0367000 	 0.0914000
7.2000000 	 -1.0000000 	 -0.5000000 	 0.1778000 	 0.0332000 	 0.0000000 	 0.0210000 	 0.0607000 	 0.5751000
7.2000000 	 -1.1250000 	 -0.5000000 	 0.1778000 	 0.0332000 	 0.0000000 	 0.0210000 	 0.0455000 	 0.5758000
7.2000000 	 -1.0000000 	 -1.5000000 	 0.1557000 	 0.0405000 	 0.0028000 	 0.0975000 	 0.0623000 	 0.1450000
7.2000000 	 -1.1250000 	 -1.5000000 	 0.1556000 	 0.0406000 	 0.0028000 	 0.0973000 	 0.0467000 	 0.1467000
7.2000000 	 -1.0000000 	 -1.0000000 	 0.1689000 	 0.0386000 	 0.0000000 	 0.0331000 	 0.0616000 	 0.3995000
7.2000000 	 -1.1250000 	 -1.0000000 	 0.1690000 	 0.0386000 	 0.0000000 	 0.0332000 	 0.0463000 	 0.3979000
7.2000000 	 -1.0000000 	 -1.5000000 	 0.1557000 	 0.0405000 	 0.0028000 	 0.0975000 	 0.0623000 	 0.1450000
7.2000000 	 -1.1250000 	 -1.5000000 	 0.1556000 	 0.0406000 	 0.0028000 	 0.0973000 	 0.0467000 	 0.1467000
7.2000000 	 -1.0000000 	 -1.5000000 	 0.1557000 	 0.0405000 	 0.0028000 	 0.0975000 	 0.0623000 	 0.1450000
7.2000000 	 -1.1250000 	 -1.5000000 	 0.1556000 	 0.0406000 	 0.0028000 	 0.0973000 	 0.0467000 	 0.1467000
7.2000000 	 -1.0000000 	 -1.7500000 	 0.1480000 	 0.0405000 	 0.0056000 	 0.1808000 	 0.0598000 	 0.1149000
7.2000000 	 -1.1250000 	 -1.7500000 	 0.1479000 	 0.0404000 	 0.0056000 	 0.1809000 	 0.0449000 	 0.1140000
7.2000000 	 -1.0000000 	 -2.0000000 	 0.1507000 	 0.0437000 	 0.0095000 	 0.3051000 	 0.0581000 	 0.1108000
7.2000000 	 -1.1250000 	 -2.0000000 	 0.1505000 	 0.0437000 	 0.0095000 	 0.3053000 	 0.0436000 	 0.1093000
7.2000000 	 -1.0000000 	 -2.2500000 	 0.1684000 	 0.0501000 	 0.0135000 	 0.4457000 	 0.0585000 	 0.1084000
7.2000000 	 -1.1250000 	 -2.2500000 	 0.1682000 	 0.0501000 	 0.0135000 	 0.4461000 	 0.0439000 	 0.1069000
7.2000000 	 -1.0000000 	 -2.5000000 	 0.2041000 	 0.0582000 	 0.0157000 	 0.5595000 	 0.0616000 	 0.1166000
7.2000000 	 -1.1250000 	 -2.5000000 	 0.2041000 	 0.0582000 	 0.0158000 	 0.5598000 	 0.0462000 	 0.1164000
7.3000000 	 -1.0000000 	 -0.5000000 	 0.2237000 	 0.0415000 	 0.0000000 	 0.0263000 	 0.0760000 	 0.7163000
7.3000000 	 -1.1250000 	 -0.5000000 	 0.2237000 	 0.0415000 	 0.0000000 	 0.0263000 	 0.0570000 	 0.7173000
7.3000000 	 -1.0000000 	 -1.5000000 	 0.1958000 	 0.0507000 	 0.0035000 	 0.1223000 	 0.0781000 	 0.1905000
7.3000000 	 -1.1250000 	 -1.5000000 	 0.1958000 	 0.0507000 	 0.0035000 	 0.1224000 	 0.0586000 	 0.1885000
7.3000000 	 -1.0000000 	 -1.0000000 	 0.2123000 	 0.0480000 	 0.0000000 	 0.0416000 	 0.0772000 	 0.5017000
7.3000000 	 -1.1250000 	 -1.0000000 	 0.2122000 	 0.0480000 	 0.0000000 	 0.0416000 	 0.0579000 	 0.5020000
7.3000000 	 -1.0000000 	 -1.5000000 	 0.1958000 	 0.0507000 	 0.0035000 	 0.1223000 	 0.0781000 	 0.1905000
7.3000000 	 -1.1250000 	 -1.5000000 	 0.1958000 	 0.0507000 	 0.0035000 	 0.1224000 	 0.0586000 	 0.1885000
7.3000000 	 -1.0000000 	 -1.5000000 	 0.1958000 	 0.0507000 	 0.0035000 	 0.1223000 	 0.0781000 	 0.1905000
7.3000000 	 -1.1250000 	 -1.5000000 	 0.1958000 	 0.0507000 	 0.0035000 	 0.1224000 	 0.0586000 	 0.1885000
7.3000000 	 -1.0000000 	 -1.7500000 	 0.1863000 	 0.0508000 	 0.0070000 	 0.2272000 	 0.0751000 	 0.1495000
7.3000000 	 -1.1250000 	 -1.7500000 	 0.1861000 	 0.0508000 	 0.0070000 	 0.2272000 	 0.0563000 	 0.1489000
7.3000000 	 -1.0000000 	 -2.0000000 	 0.1896000 	 0.0549000 	 0.0119000 	 0.3835000 	 0.0730000 	 0.1427000
7.3000000 	 -1.1250000 	 -2.0000000 	 0.1894000 	 0.0549000 	 0.0119000 	 0.3834000 	 0.0548000 	 0.1425000
7.3000000 	 -1.0000000 	 -2.2500000 	 0.2117000 	 0.0630000 	 0.0168000 	 0.5594000 	 0.0736000 	 0.1394000
7.3000000 	 -1.1250000 	 -2.2500000 	 0.2117000 	 0.0630000 	 0.0169000 	 0.5598000 	 0.0552000 	 0.1387000
7.3000000 	 -1.0000000 	 -2.5000000 	 0.2565000 	 0.0730000 	 0.0196000 	 0.7010000 	 0.0775000 	 0.1503000
7.3000000 	 -1.1250000 	 -2.5000000 	 0.2565000 	 0.0730000 	 0.0197000 	 0.7020000 	 0.0581000 	 0.1491000
7.4000000 	 -1.0000000 	 -0.5000000 	 0.2811000 	 0.0516000 	 0.0000000 	 0.0330000 	 0.0950000 	 0.8855000
7.4000000 	 -1.1250000 	 -0.5000000 	 0.2811000 	 0.0516000 	 0.0000000 	 0.0330000 	 0.0713000 	 0.8858000
7.4000000 	 -1.0000000 	 -1.5000000 	 0.2466000 	 0.0633000 	 0.0044000 	 0.1535000 	 0.0978000 	 0.2496000
7.4000000 	 -1.1250000 	 -1.5000000 	 0.2465000 	 0.0633000 	 0.0044000 	 0.1535000 	 0.0734000 	 0.2504000
7.4000000 	 -1.0000000 	 -1.0000000 	 0.2671000 	 0.0596000 	 0.0012000 	 0.0524000 	 0.0966000 	 0.6220000
7.4000000 	 -1.1250000 	 -1.0000000 	 0.2669000 	 0.0596000 	 0.0012000 	 0.0523000 	 0.0724000 	 0.6239000
7.4000000 	 -1.0000000 	 -1.5000000 	 0.2466000 	 0.0633000 	 0.0044000 	 0.1535000 	 0.0978000 	 0.2496000
7.4000000 	 -1.1250000 	 -1.5000000 	 0.2465000 	 0.0633000 	 0.0044000 	 0.1535000 	 0.0734000 	 0.2504000
7.4000000 	 -1.0000000 	 -1.5000000 	 0.2466000 	 0.0633000 	 0.0044000 	 0.1535000 	 0.0978000 	 0.2496000
7.4000000 	 -1.1250000 	 -1.5000000 	 0.2465000 	 0.0633000 	 0.0044000 	 0.1535000 	 0.0734000 	 0.2504000
7.4000000 	 -1.0000000 	 -1.7500000 	 0.2346000 	 0.0639000 	 0.0087000 	 0.2851000 	 0.0942000 	 0.1994000
7.4000000 	 -1.1250000 	 -1.7500000 	 0.2347000 	 0.0639000 	 0.0087000 	 0.2851000 	 0.0707000 	 0.1987000
7.4000000 	 -1.0000000 	 -2.0000000 	 0.2389000 	 0.0690000 	 0.0148000 	 0.4813000 	 0.0918000 	 0.1865000
7.4000000 	 -1.1250000 	 -2.0000000 	 0.2389000 	 0.0689000 	 0.0148000 	 0.4814000 	 0.0689000 	 0.1860000
7.4000000 	 -1.0000000 	 -2.2500000 	 0.2666000 	 0.0789000 	 0.0209000 	 0.7011000 	 0.0925000 	 0.1805000
7.4000000 	 -1.1250000 	 -2.2500000 	 0.2666000 	 0.0790000 	 0.0209000 	 0.7009000 	 0.0694000 	 0.1804000
7.4000000 	 -1.0000000 	 -2.5000000 	 0.3225000 	 0.0912000 	 0.0242000 	 0.8766000 	 0.0974000 	 0.1919000
7.4000000 	 -1.1250000 	 -2.5000000 	 0.3225000 	 0.0912000 	 0.0242000 	 0.8763000 	 0.0731000 	 0.1930000
7.5000000 	 -1.0000000 	 -0.5000000 	 0.3538000 	 0.0644000 	 0.0000000 	 0.0413000 	 0.1190000 	 1.0791000
7.5000000 	 -1.1250000 	 -0.5000000 	 0.3535000 	 0.0644000 	 0.0000000 	 0.0412000 	 0.0892000 	 1.0827000
7.5000000 	 -1.0000000 	 -1.5000000 	 0.3091000 	 0.0788000 	 0.0055000 	 0.1919000 	 0.1222000 	 0.3331000
7.5000000 	 -1.1250000 	 -1.5000000 	 0.3090000 	 0.0788000 	 0.0055000 	 0.1920000 	 0.0918000 	 0.3288000
7.5000000 	 -1.0000000 	 -1.0000000 	 0.3345000 	 0.0736000 	 0.0015000 	 0.0654000 	 0.1205000 	 0.7801000
7.5000000 	 -1.1250000 	 -1.0000000 	 0.3344000 	 0.0737000 	 0.0015000 	 0.0653000 	 0.0904000 	 0.7817000
7.5000000 	 -1.0000000 	 -1.5000000 	 0.3091000 	 0.0788000 	 0.0055000 	 0.1919000 	 0.1222000 	 0.3331000
7.5000000 	 -1.1250000 	 -1.5000000 	 0.3090000 	 0.0788000 	 0.0055000 	 0.1920000 	 0.0918000 	 0.3288000
7.5000000 	 -1.0000000 	 -1.5000000 	 0.3091000 	 0.0788000 	 0.0055000 	 0.1919000 	 0.1222000 	 0.3331000
7.5000000 	 -1.1250000 	 -1.5000000 	 0.3090000 	 0.0788000 	 0.0055000 	 0.1920000 	 0.0918000 	 0.3288000
7.5000000 	 -1.0000000 	 -1.7500000 	 0.2945000 	 0.0797000 	 0.0109000 	 0.3576000 	 0.1180000 	 0.2598000
7.5000000 	 -1.1250000 	 -1.7500000 	 0.2941000 	 0.0799000 	 0.0109000 	 0.3572000 	 0.0885000 	 0.2612000
7.5000000 	 -1.0000000 	 -2.0000000 	 0.2998000 	 0.0864000 	 0.0186000 	 0.6038000 	 0.1151000 	 0.2448000
7.5000000 	 -1.1250000 	 -2.0000000 	 0.2995000 	 0.0864000 	 0.0186000 	 0.6036000 	 0.0863000 	 0.2438000
7.5000000 	 -1.0000000 	 -2.2500000 	 0.3346000 	 0.0988000 	 0.0260000 	 0.8789000 	 0.1161000 	 0.2333000
7.5000000 	 -1.1250000 	 -2.2500000 	 0.3344000 	 0.0988000 	 0.0262000 	 0.8798000 	 0.0871000 	 0.2315000
7.5000000 	 -1.0000000 	 -2.5000000 	 0.4045000 	 0.1140000 	 0.0301000 	 1.0978000 	 0.1222000 	 0.2469000
7.5000000 	 -1.1250000 	 -2.5000000 	 0.4044000 	 0.1141000 	 0.0303000 	 1.0996000 	 0.0917000 	 0.2450000
7.6000000 	 -1.0000000 	 -0.5000000 	 0.4473000 	 0.0807000 	 0.0011000 	 0.0522000 	 0.1495000 	 1.2956000
7.6000000 	 -1.1250000 	 -0.5000000 	 0.4471000 	 0.0807000 	 0.0011000 	 0.0521000 	 0.1121000 	 1.3007000
7.6000000 	 -1.0000000 	 -1.5000000 	 0.3875000 	 0.0976000 	 0.0069000 	 0.2402000 	 0.1524000 	 0.4435000
7.6000000 	 -1.1250000 	 -1.5000000 	 0.3875000 	 0.0977000 	 0.0069000 	 0.2403000 	 0.1145000 	 0.4378000
7.6000000 	 -1.0000000 	 -1.0000000 	 0.4194000 	 0.0909000 	 0.0019000 	 0.0821000 	 0.1502000 	 0.9582000
7.6000000 	 -1.1250000 	 -1.0000000 	 0.4195000 	 0.0911000 	 0.0019000 	 0.0820000 	 0.1128000 	 0.9608000
7.6000000 	 -1.0000000 	 -1.5000000 	 0.3875000 	 0.0976000 	 0.0069000 	 0.2402000 	 0.1524000 	 0.4435000
7.6000000 	 -1.1250000 	 -1.5000000 	 0.3875000 	 0.0977000 	 0.0069000 	 0.2403000 	 0.1145000 	 0.4378000
7.6000000 	 -1.0000000 	 -1.5000000 	 0.3875000 	 0.0976000 	 0.0069000 	 0.2402000 	 0.1524000 	 0.4435000
7.6000000 	 -1.1250000 	 -1.5000000 	 0.3875000 	 0.0977000 	 0.0069000 	 0.2403000 	 0.1145000 	 0.4378000
7.6000000 	 -1.0000000 	 -1.7500000 	 0.3698000 	 0.0995000 	 0.0136000 	 0.4482000 	 0.1476000 	 0.3462000
7.6000000 	 -1.1250000 	 -1.7500000 	 0.3696000 	 0.0994000 	 0.0136000 	 0.4484000 	 0.1108000 	 0.3404000
7.6000000 	 -1.0000000 	 -2.0000000 	 0.3766000 	 0.1078000 	 0.0231000 	 0.7571000 	 0.1442000 	 0.3198000
7.6000000 	 -1.1250000 	 -2.0000000 	 0.3762000 	 0.1078000 	 0.0232000 	 0.7570000 	 0.1082000 	 0.3179000
7.6000000 	 -1.0000000 	 -2.2500000 	 0.4199000 	 0.1233000 	 0.0323000 	 1.1003000 	 0.1456000 	 0.3024000
7.6000000 	 -1.1250000 	 -2.2500000 	 0.4196000 	 0.1234000 	 0.0324000 	 1.1009000 	 0.1092000 	 0.3016000
7.6000000 	 -1.0000000 	 -2.5000000 	 0.5071000 	 0.1419000 	 0.0372000 	 1.3701000 	 0.1533000 	 0.3171000
7.6000000 	 -1.1250000 	 -2.5000000 	 0.5069000 	 0.1421000 	 0.0374000 	 1.3727000 	 0.1150000 	 0.3161000
7.7000000 	 -1.0000000 	 -0.5000000 	 0.5659000 	 0.1008000 	 0.0014000 	 0.0660000 	 0.1875000 	 1.5369000
7.7000000 	 -1.1250000 	 -0.5000000 	 0.5657000 	 0.1008000 	 0.0014000 	 0.0657000 	 0.1407000 	 1.5469000
7.7000000 	 -1.0000000 	 -1.5000000 	 0.4849000 	 0.1197000 	 0.0087000 	 0.3008000 	 0.1895000 	 0.5811000
7.7000000 	 -1.1250000 	 -1.5000000 	 0.4847000 	 0.1199000 	 0.0087000 	 0.3007000 	 0.1424000 	 0.5760000
7.7000000 	 -1.0000000 	 -1.0000000 	 0.5251000 	 0.1116000 	 0.0024000 	 0.1033000 	 0.1868000 	 1.1435000
7.7000000 	 -1.1250000 	 -1.0000000 	 0.5254000 	 0.1119000 	 0.0024000 	 0.1031000 	 0.1404000 	 1.1452000
7.7000000 	 -1.0000000 	 -1.5000000 	 0.4849000 	 0.1197000 	 0.0087000 	 0.3008000 	 0.1895000 	 0.5811000
7.7000000 	 -1.1250000 	 -1.5000000 	 0.4847000 	 0.1199000 	 0.0087000 	 0.3007000 	 0.1424000 	 0.5760000
7.7000000 	 -1.0000000 	 -1.5000000 	 0.4849000 	 0.1197000 	 0.0087000 	 0.3008000 	 0.1895000 	 0.5811000
7.7000000 	 -1.1250000 	 -1.5000000 	 0.4847000 	 0.1199000 	 0.0087000 	 0.3007000 	 0.1424000 	 0.5760000
7.7000000 	 -1.0000000 	 -1.7500000 	 0.4632000 	 0.1230000 	 0.0169000 	 0.5614000 	 0.1840000 	 0.4567000
7.7000000 	 -1.1250000 	 -1.7500000 	 0.4629000 	 0.1231000 	 0.0170000 	 0.5613000 	 0.1382000 	 0.4518000
7.7000000 	 -1.0000000 	 -2.0000000 	 0.4720000 	 0.1340000 	 0.0286000 	 0.9472000 	 0.1802000 	 0.4236000
7.7000000 	 -1.1250000 	 -2.0000000 	 0.4715000 	 0.1340000 	 0.0287000 	 0.9472000 	 0.1352000 	 0.4215000
7.7000000 	 -1.0000000 	 -2.2500000 	 0.5260000 	 0.1530000 	 0.0398000 	 1.3739000 	 0.1821000 	 0.3917000
7.7000000 	 -1.1250000 	 -2.2500000 	 0.5253000 	 0.1533000 	 0.0400000 	 1.3751000 	 0.1366000 	 0.3920000
7.7000000 	 -1.0000000 	 -2.5000000 	 0.6339000 	 0.1756000 	 0.0455000 	 1.7051000 	 0.1917000 	 0.4061000
7.7000000 	 -1.1250000 	 -2.5000000 	 0.6339000 	 0.1760000 	 0.0458000 	 1.7093000 	 0.1439000 	 0.4054000
7.8000000 	 -1.0000000 	 -0.5000000 	 0.7152000 	 0.1256000 	 0.0018000 	 0.0832000 	 0.2347000 	 1.8134000
7.8000000 	 -1.1250000 	 -0.5000000 	 0.7149000 	 0.1256000 	 0.0018000 	 0.0829000 	 0.1761000 	 1.8285000
7.8000000 	 -1.0000000 	 -1.5000000 	 0.6045000 	 0.1458000 	 0.0108000 	 0.3767000 	 0.2348000 	 0.7532000
7.8000000 	 -1.1250000 	 -1.5000000 	 0.6043000 	 0.1462000 	 0.0108000 	 0.3763000 	 0.1764000 	 0.7508000
7.8000000 	 -1.0000000 	 -1.0000000 	 0.6614000 	 0.1377000 	 0.0031000 	 0.1314000 	 0.2335000 	 1.3277000
7.8000000 	 -1.1250000 	 -1.0000000 	 0.6609000 	 0.1380000 	 0.0031000 	 0.1309000 	 0.1753000 	 1.3345000
7.8000000 	 -1.0000000 	 -1.5000000 	 0.6045000 	 0.1458000 	 0.0108000 	 0.3767000 	 0.2348000 	 0.7532000
7.8000000 	 -1.1250000 	 -1.5000000 	 0.6043000 	 0.1462000 	 0.0108000 	 0.3763000 	 0.1764000 	 0.7508000
7.8000000 	 -1.0000000 	 -1.5000000 	 0.6045000 	 0.1458000 	 0.0108000 	 0.3767000 	 0.2348000 	 0.7532000
7.8000000 	 -1.1250000 	 -1.5000000 	 0.6043000 	 0.1462000 	 0.0108000 	 0.3763000 	 0.1764000 	 0.7508000
7.8000000 	 -1.0000000 	 -1.7500000 	 0.5791000 	 0.1510000 	 0.0211000 	 0.7034000 	 0.2288000 	 0.5953000
7.8000000 	 -1.1250000 	 -1.7500000 	 0.5785000 	 0.1513000 	 0.0211000 	 0.7027000 	 0.1718000 	 0.5929000
7.8000000 	 -1.0000000 	 -2.0000000 	 0.5902000 	 0.1652000 	 0.0354000 	 1.1851000 	 0.2245000 	 0.5509000
7.8000000 	 -1.1250000 	 -2.0000000 	 0.5897000 	 0.1654000 	 0.0356000 	 1.1855000 	 0.1686000 	 0.5466000
7.8000000 	 -1.0000000 	 -2.2500000 	 0.6570000 	 0.1886000 	 0.0489000 	 1.7130000 	 0.2271000 	 0.5028000
7.8000000 	 -1.1250000 	 -2.2500000 	 0.6567000 	 0.1890000 	 0.0492000 	 1.7160000 	 0.1705000 	 0.5014000
7.8000000 	 -1.0000000 	 -2.5000000 	 0.7908000 	 0.2156000 	 0.0554000 	 2.1181000 	 0.2391000 	 0.5080000
7.8000000 	 -1.1250000 	 -2.5000000 	 0.7910000 	 0.2164000 	 0.0559000 	 2.1249000 	 0.1795000 	 0.5075000
7.9000000 	 -1.0000000 	 -0.5000000 	 0.9021000 	 0.1554000 	 0.0023000 	 0.1046000 	 0.2926000 	 2.0937000
7.9000000 	 -1.1250000 	 -0.5000000 	 0.9018000 	 0.1555000 	 0.0023000 	 0.1041000 	 0.2195000 	 2.1144000
7.9000000 	 -1.0000000 	 -1.5000000 	 0.7520000 	 0.1752000 	 0.0136000 	 0.4750000 	 0.2899000 	 0.9054000
7.9000000 	 -1.1250000 	 -1.5000000 	 0.7509000 	 0.1758000 	 0.0136000 	 0.4733000 	 0.2177000 	 0.9133000
7.9000000 	 -1.0000000 	 -1.0000000 	 0.8308000 	 0.1683000 	 0.0040000 	 0.1678000 	 0.2905000 	 1.4951000
7.9000000 	 -1.1250000 	 -1.0000000 	 0.8323000 	 0.1692000 	 0.0040000 	 0.1675000 	 0.2187000 	 1.5059000
7.9000000 	 -1.0000000 	 -1.5000000 	 0.7520000 	 0.1752000 	 0.0136000 	 0.4750000 	 0.2899000 	 0.9054000
7.9000000 	 -1.1250000 	 -1.5000000 	 0.7509000 	 0.1758000 	 0.0136000 	 0.4733000 	 0.2177000 	 0.9133000
7.9000000 	 -1.0000000 	 -1.5000000 	 0.7520000 	 0.1752000 	 0.0136000 	 0.4750000 	 0.2899000 	 0.9054000
7.9000000 	 -1.1250000 	 -1.5000000 	 0.7509000 	 0.1758000 	 0.0136000 	 0.4733000 	 0.2177000 	 0.9133000
7.9000000 	 -1.0000000 	 -1.7500000 	 0.7204000 	 0.1824000 	 0.0263000 	 0.8830000 	 0.2828000 	 0.7377000
7.9000000 	 -1.1250000 	 -1.7500000 	 0.7193000 	 0.1829000 	 0.0263000 	 0.8806000 	 0.2124000 	 0.7441000
7.9000000 	 -1.0000000 	 -2.0000000 	 0.7354000 	 0.2006000 	 0.0438000 	 1.4849000 	 0.2785000 	 0.6740000
7.9000000 	 -1.1250000 	 -2.0000000 	 0.7345000 	 0.2011000 	 0.0440000 	 1.4844000 	 0.2091000 	 0.6746000
7.9000000 	 -1.0000000 	 -2.2500000 	 0.8201000 	 0.2293000 	 0.0600000 	 2.1447000 	 0.2825000 	 0.5905000
7.9000000 	 -1.1250000 	 -2.2500000 	 0.8193000 	 0.2301000 	 0.0604000 	 2.1476000 	 0.2121000 	 0.5952000
7.9000000 	 -1.0000000 	 -2.5000000 	 0.9887000 	 0.2624000 	 0.0675000 	 2.6433000 	 0.2981000 	 0.5795000
7.9000000 	 -1.1250000 	 -2.5000000 	 0.9887000 	 0.2635000 	 0.0681000 	 2.6515000 	 0.2238000 	 0.5833000
8.0000000 	 -0.7500000 	 -0.5000000 	 1.1229000 	 0.1889000 	 0.0030000 	 0.1319000 	 0.6373000 	 2.3230000
8.0000000 	 -0.8750000 	 -0.5000000 	 1.1236000 	 0.1892000 	 0.0030000 	 0.1307000 	 0.4792000 	 2.3785000
8.0000000 	 -1.0000000 	 -0.5000000 	 1.1274000 	 0.1901000 	 0.0029000 	 0.1302000 	 0.3611000 	 2.4126000
8.0000000 	 -1.1250000 	 -0.5000000 	 1.1331000 	 0.1914000 	 0.0029000 	 0.1302000 	 0.2724000 	 2.4278000
8.0000000 	 -0.7500000 	 -1.5000000 	 0.9443000 	 0.2082000 	 0.0175000 	 0.6166000 	 0.6351000 	 0.9742000
8.0000000 	 -0.8750000 	 -1.5000000 	 0.9426000 	 0.2098000 	 0.0175000 	 0.6124000 	 0.4784000 	 0.9922000
8.0000000 	 -1.0000000 	 -1.5000000 	 0.9411000 	 0.2109000 	 0.0174000 	 0.6089000 	 0.3598000 	 1.0075000
8.0000000 	 -1.1250000 	 -1.5000000 	 0.9398000 	 0.2118000 	 0.0174000 	 0.6062000 	 0.2705000 	 1.0192000
8.0000000 	 -0.7500000 	 -1.0000000 	 1.0423000 	 0.2025000 	 0.0054000 	 0.2190000 	 0.6356000 	 1.5794000
8.0000000 	 -0.8750000 	 -1.0000000 	 1.0433000 	 0.2041000 	 0.0053000 	 0.2171000 	 0.4793000 	 1.6158000
8.0000000 	 -1.0000000 	 -1.0000000 	 1.0420000 	 0.2048000 	 0.0053000 	 0.2153000 	 0.3604000 	 1.6541000
8.0000000 	 -1.1250000 	 -1.0000000 	 1.0416000 	 0.2055000 	 0.0052000 	 0.2140000 	 0.2710000 	 1.6792000
8.0000000 	 -0.7500000 	 -1.5000000 	 0.9443000 	 0.2082000 	 0.0175000 	 0.6166000 	 0.6351000 	 0.9742000
8.0000000 	 -0.8750000 	 -1.5000000 	 0.9426000 	 0.2098000 	 0.0175000 	 0.6124000 	 0.4784000 	 0.9922000
8.0000000 	 -1.0000000 	 -1.5000000 	 0.9411000 	 0.2109000 	 0.0174000 	 0.6089000 	 0.3598000 	 1.0075000
8.0000000 	 -1.1250000 	 -1.5000000 	 0.9398000 	 0.2118000 	 0.0174000 	 0.6062000 	 0.2705000 	 1.0192000
8.0000000 	 -0.7500000 	 -1.5000000 	 0.9443000 	 0.2082000 	 0.0175000 	 0.6166000 	 0.6351000 	 0.9742000
8.0000000 	 -0.8750000 	 -1.5000000 	 0.9426000 	 0.2098000 	 0.0175000 	 0.6124000 	 0.4784000 	 0.9922000
8.0000000 	 -1.0000000 	 -1.5000000 	 0.9411000 	 0.2109000 	 0.0174000 	 0.6089000 	 0.3598000 	 1.0075000
8.0000000 	 -1.1250000 	 -1.5000000 	 0.9398000 	 0.2118000 	 0.0174000 	 0.6062000 	 0.2705000 	 1.0192000
8.0000000 	 -0.7500000 	 -1.7500000 	 0.9037000 	 0.2171000 	 0.0330000 	 1.1335000 	 0.6199000 	 0.8109000
8.0000000 	 -0.8750000 	 -1.7500000 	 0.9020000 	 0.2185000 	 0.0330000 	 1.1281000 	 0.4668000 	 0.8222000
8.0000000 	 -1.0000000 	 -1.7500000 	 0.9007000 	 0.2196000 	 0.0331000 	 1.1236000 	 0.3511000 	 0.8308000
8.0000000 	 -1.1250000 	 -1.7500000 	 0.8995000 	 0.2203000 	 0.0331000 	 1.1202000 	 0.2638000 	 0.8381000
8.0000000 	 -0.7500000 	 -2.0000000 	 0.9215000 	 0.2404000 	 0.0535000 	 1.8812000 	 0.6112000 	 0.7394000
8.0000000 	 -0.8750000 	 -2.0000000 	 0.9201000 	 0.2416000 	 0.0540000 	 1.8788000 	 0.4601000 	 0.7465000
8.0000000 	 -1.0000000 	 -2.0000000 	 0.9192000 	 0.2426000 	 0.0544000 	 1.8777000 	 0.3460000 	 0.7517000
8.0000000 	 -1.1250000 	 -2.0000000 	 0.9180000 	 0.2433000 	 0.0547000 	 1.8769000 	 0.2599000 	 0.7534000
8.0000000 	 -0.7500000 	 -2.2500000 	 1.0253000 	 0.2751000 	 0.0715000 	 2.6781000 	 0.6208000 	 0.6537000
8.0000000 	 -0.8750000 	 -2.2500000 	 1.0252000 	 0.2770000 	 0.0726000 	 2.6861000 	 0.4673000 	 0.6600000
8.0000000 	 -1.0000000 	 -2.2500000 	 1.0247000 	 0.2785000 	 0.0735000 	 2.6931000 	 0.3513000 	 0.6649000
8.0000000 	 -1.1250000 	 -2.2500000 	 1.0241000 	 0.2795000 	 0.0742000 	 2.6978000 	 0.2639000 	 0.6694000
8.0000000 	 -0.7500000 	 -2.5000000 	 1.2311000 	 0.3141000 	 0.0788000 	 3.2538000 	 0.6551000 	 0.6478000
8.0000000 	 -0.8750000 	 -2.5000000 	 1.2332000 	 0.3168000 	 0.0803000 	 3.2750000 	 0.4931000 	 0.6530000
8.0000000 	 -1.0000000 	 -2.5000000 	 1.2337000 	 0.3189000 	 0.0815000 	 3.2929000 	 0.3706000 	 0.6547000
8.0000000 	 -1.1250000 	 -2.5000000 	 1.2345000 	 0.3204000 	 0.0824000 	 3.3043000 	 0.2786000 	 0.6604000
8.1000000 	 -0.7500000 	 -0.5000000 	 1.3912000 	 0.2271000 	 0.0039000 	 0.1625000 	 0.7777000 	 2.5909000
8.1000000 	 -0.8750000 	 -0.5000000 	 1.3995000 	 0.2289000 	 0.0038000 	 0.1617000 	 0.5878000 	 2.6540000
8.1000000 	 -1.0000000 	 -0.5000000 	 1.4023000 	 0.2297000 	 0.0038000 	 0.1605000 	 0.4424000 	 2.7076000
8.1000000 	 -1.1250000 	 -0.5000000 	 1.4109000 	 0.2315000 	 0.0037000 	 0.1605000 	 0.3342000 	 2.7380000
8.1000000 	 -0.7500000 	 -1.5000000 	 1.1724000 	 0.2462000 	 0.0225000 	 0.7939000 	 0.7789000 	 1.0649000
8.1000000 	 -0.8750000 	 -1.5000000 	 1.1713000 	 0.2484000 	 0.0224000 	 0.7874000 	 0.5878000 	 1.0841000
8.1000000 	 -1.0000000 	 -1.5000000 	 1.1701000 	 0.2501000 	 0.0223000 	 0.7826000 	 0.4429000 	 1.0983000
8.1000000 	 -1.1250000 	 -1.5000000 	 1.1689000 	 0.2513000 	 0.0223000 	 0.7789000 	 0.3333000 	 1.1100000
8.1000000 	 -0.7500000 	 -1.0000000 	 1.2936000 	 0.2410000 	 0.0071000 	 0.2821000 	 0.7772000 	 1.6891000
8.1000000 	 -0.8750000 	 -1.0000000 	 1.2953000 	 0.2433000 	 0.0070000 	 0.2791000 	 0.5870000 	 1.7375000
8.1000000 	 -1.0000000 	 -1.0000000 	 1.2967000 	 0.2450000 	 0.0069000 	 0.2769000 	 0.4427000 	 1.7760000
8.1000000 	 -1.1250000 	 -1.0000000 	 1.2982000 	 0.2463000 	 0.0069000 	 0.2752000 	 0.3334000 	 1.8057000
8.1000000 	 -0.7500000 	 -1.5000000 	 1.1724000 	 0.2462000 	 0.0225000 	 0.7939000 	 0.7789000 	 1.0649000
8.1000000 	 -0.8750000 	 -1.5000000 	 1.1713000 	 0.2484000 	 0.0224000 	 0.7874000 	 0.5878000 	 1.0841000
8.1000000 	 -1.0000000 	 -1.5000000 	 1.1701000 	 0.2501000 	 0.0223000 	 0.7826000 	 0.4429000 	 1.0983000
8.1000000 	 -1.1250000 	 -1.5000000 	 1.1689000 	 0.2513000 	 0.0223000 	 0.7789000 	 0.3333000 	 1.1100000
8.1000000 	 -0.7500000 	 -1.5000000 	 1.1724000 	 0.2462000 	 0.0225000 	 0.7939000 	 0.7789000 	 1.0649000
8.1000000 	 -0.8750000 	 -1.5000000 	 1.1713000 	 0.2484000 	 0.0224000 	 0.7874000 	 0.5878000 	 1.0841000
8.1000000 	 -1.0000000 	 -1.5000000 	 1.1701000 	 0.2501000 	 0.0223000 	 0.7826000 	 0.4429000 	 1.0983000
8.1000000 	 -1.1250000 	 -1.5000000 	 1.1689000 	 0.2513000 	 0.0223000 	 0.7789000 	 0.3333000 	 1.1100000
8.1000000 	 -0.7500000 	 -1.7500000 	 1.1213000 	 0.2578000 	 0.0414000 	 1.4454000 	 0.7604000 	 0.8943000
8.1000000 	 -0.8750000 	 -1.7500000 	 1.1204000 	 0.2598000 	 0.0415000 	 1.4382000 	 0.5738000 	 0.9067000
8.1000000 	 -1.0000000 	 -1.7500000 	 1.1194000 	 0.2613000 	 0.0416000 	 1.4324000 	 0.4323000 	 0.9147000
8.1000000 	 -1.1250000 	 -1.7500000 	 1.1179000 	 0.2623000 	 0.0417000 	 1.4275000 	 0.3252000 	 0.9218000
8.1000000 	 -0.7500000 	 -2.0000000 	 1.1419000 	 0.2872000 	 0.0660000 	 2.3771000 	 0.7502000 	 0.8009000
8.1000000 	 -0.8750000 	 -2.0000000 	 1.1423000 	 0.2892000 	 0.0667000 	 2.3762000 	 0.5662000 	 0.8087000
8.1000000 	 -1.0000000 	 -2.0000000 	 1.1420000 	 0.2907000 	 0.0673000 	 2.3752000 	 0.4264000 	 0.8130000
8.1000000 	 -1.1250000 	 -2.0000000 	 1.1408000 	 0.2916000 	 0.0678000 	 2.3734000 	 0.3207000 	 0.8175000
8.1000000 	 -0.7500000 	 -2.2500000 	 1.2705000 	 0.3309000 	 0.0863000 	 3.3460000 	 0.7633000 	 0.7248000
8.1000000 	 -0.8750000 	 -2.2500000 	 1.2720000 	 0.3337000 	 0.0879000 	 3.3612000 	 0.5757000 	 0.7300000
8.1000000 	 -1.0000000 	 -2.2500000 	 1.2724000 	 0.3357000 	 0.0892000 	 3.3730000 	 0.4334000 	 0.7365000
8.1000000 	 -1.1250000 	 -2.2500000 	 1.2723000 	 0.3371000 	 0.0903000 	 3.3814000 	 0.3259000 	 0.7388000
8.1000000 	 -0.7500000 	 -2.5000000 	 1.5242000 	 0.3778000 	 0.0933000 	 4.0180000 	 0.8066000 	 0.7242000
8.1000000 	 -0.8750000 	 -2.5000000 	 1.5274000 	 0.3816000 	 0.0955000 	 4.0531000 	 0.6076000 	 0.7269000
8.1000000 	 -1.0000000 	 -2.5000000 	 1.5302000 	 0.3844000 	 0.0971000 	 4.0785000 	 0.4573000 	 0.7306000
8.1000000 	 -1.1250000 	 -2.5000000 	 1.5319000 	 0.3866000 	 0.0985000 	 4.0980000 	 0.3439000 	 0.7337000
8.2000000 	 -0.5000000 	 -0.5000000 	 1.6551000 	 0.2607000 	 0.0053000 	 0.2027000 	 1.6123000 	 2.6096000
8.2000000 	 -0.6250000 	 -0.5000000 	 1.6841000 	 0.2661000 	 0.0051000 	 0.2003000 	 1.2341000 	 2.7427000
8.2000000 	 -0.7500000 	 -0.5000000 	 1.7032000 	 0.2699000 	 0.0050000 	 0.1985000 	 0.9385000 	 2.8496000
8.2000000 	 -0.8750000 	 -0.5000000 	 1.7177000 	 0.2728000 	 0.0049000 	 0.1972000 	 0.7112000 	 2.9353000
8.2000000 	 -0.5000000 	 -1.5000000 	 1.4383000 	 0.2804000 	 0.0291000 	 1.0510000 	 1.6350000 	 1.1155000
8.2000000 	 -0.6250000 	 -1.5000000 	 1.4430000 	 0.2858000 	 0.0290000 	 1.0361000 	 1.2471000 	 1.1465000
8.2000000 	 -0.7500000 	 -1.5000000 	 1.4455000 	 0.2899000 	 0.0288000 	 1.0236000 	 0.9470000 	 1.1721000
8.2000000 	 -0.8750000 	 -1.5000000 	 1.4457000 	 0.2929000 	 0.0287000 	 1.0145000 	 0.7166000 	 1.1911000
8.2000000 	 -0.5000000 	 -1.0000000 	 1.5731000 	 0.2733000 	 0.0099000 	 0.3772000 	 1.6241000 	 1.6542000
8.2000000 	 -0.6250000 	 -1.0000000 	 1.5844000 	 0.2793000 	 0.0096000 	 0.3697000 	 1.2394000 	 1.7368000
8.2000000 	 -0.7500000 	 -1.0000000 	 1.5933000 	 0.2843000 	 0.0094000 	 0.3645000 	 0.9429000 	 1.8044000
8.2000000 	 -0.8750000 	 -1.0000000 	 1.5967000 	 0.2874000 	 0.0092000 	 0.3595000 	 0.7132000 	 1.8603000
8.2000000 	 -0.5000000 	 -1.5000000 	 1.4383000 	 0.2804000 	 0.0291000 	 1.0510000 	 1.6350000 	 1.1155000
8.2000000 	 -0.6250000 	 -1.5000000 	 1.4430000 	 0.2858000 	 0.0290000 	 1.0361000 	 1.2471000 	 1.1465000
8.2000000 	 -0.7500000 	 -1.5000000 	 1.4455000 	 0.2899000 	 0.0288000 	 1.0236000 	 0.9470000 	 1.1721000
8.2000000 	 -0.8750000 	 -1.5000000 	 1.4457000 	 0.2929000 	 0.0287000 	 1.0145000 	 0.7166000 	 1.1911000
8.2000000 	 -0.5000000 	 -1.5000000 	 1.4383000 	 0.2804000 	 0.0291000 	 1.0510000 	 1.6350000 	 1.1155000
8.2000000 	 -0.6250000 	 -1.5000000 	 1.4430000 	 0.2858000 	 0.0290000 	 1.0361000 	 1.2471000 	 1.1465000
8.2000000 	 -0.7500000 	 -1.5000000 	 1.4455000 	 0.2899000 	 0.0288000 	 1.0236000 	 0.9470000 	 1.1721000
8.2000000 	 -0.8750000 	 -1.5000000 	 1.4457000 	 0.2929000 	 0.0287000 	 1.0145000 	 0.7166000 	 1.1911000
8.2000000 	 -0.5000000 	 -1.7500000 	 1.3734000 	 0.2972000 	 0.0513000 	 1.8744000 	 1.5966000 	 0.9516000
8.2000000 	 -0.6250000 	 -1.7500000 	 1.3791000 	 0.3021000 	 0.0516000 	 1.8584000 	 1.2182000 	 0.9720000
8.2000000 	 -0.7500000 	 -1.7500000 	 1.3820000 	 0.3058000 	 0.0519000 	 1.8449000 	 0.9253000 	 0.9893000
8.2000000 	 -0.8750000 	 -1.7500000 	 1.3828000 	 0.3084000 	 0.0521000 	 1.8342000 	 0.7002000 	 1.0011000
8.2000000 	 -0.5000000 	 -2.0000000 	 1.3962000 	 0.3344000 	 0.0778000 	 3.0024000 	 1.5797000 	 0.8391000
8.2000000 	 -0.6250000 	 -2.0000000 	 1.4038000 	 0.3396000 	 0.0794000 	 3.0013000 	 1.2049000 	 0.8576000
8.2000000 	 -0.7500000 	 -2.0000000 	 1.4082000 	 0.3435000 	 0.0808000 	 3.0020000 	 0.9148000 	 0.8691000
8.2000000 	 -0.8750000 	 -2.0000000 	 1.4105000 	 0.3463000 	 0.0820000 	 3.0016000 	 0.6920000 	 0.8784000
8.2000000 	 -0.5000000 	 -2.2500000 	 1.5498000 	 0.3861000 	 0.0969000 	 4.0943000 	 1.6175000 	 0.7880000
8.2000000 	 -0.6250000 	 -2.2500000 	 1.5599000 	 0.3926000 	 0.1002000 	 4.1337000 	 1.2310000 	 0.7966000
8.2000000 	 -0.7500000 	 -2.2500000 	 1.5666000 	 0.3977000 	 0.1030000 	 4.1654000 	 0.9330000 	 0.8048000
8.2000000 	 -0.8750000 	 -2.2500000 	 1.5704000 	 0.4014000 	 0.1053000 	 4.1894000 	 0.7051000 	 0.8091000
8.2000000 	 -0.5000000 	 -2.5000000 	 1.8498000 	 0.4372000 	 0.1011000 	 4.7882000 	 1.7186000 	 0.7983000
8.2000000 	 -0.6250000 	 -2.5000000 	 1.8646000 	 0.4454000 	 0.1051000 	 4.8621000 	 1.3041000 	 0.8062000
8.2000000 	 -0.7500000 	 -2.5000000 	 1.8754000 	 0.4520000 	 0.1085000 	 4.9227000 	 0.9868000 	 0.8106000
8.2000000 	 -0.8750000 	 -2.5000000 	 1.8821000 	 0.4573000 	 0.1115000 	 4.9749000 	 0.7447000 	 0.8147000
8.3000000 	 -0.5000000 	 -0.5000000 	 1.9885000 	 0.3017000 	 0.0071000 	 0.2491000 	 1.9075000 	 2.7769000
8.3000000 	 -0.6250000 	 -0.5000000 	 2.0240000 	 0.3083000 	 0.0067000 	 0.2435000 	 1.4610000 	 2.9341000
8.3000000 	 -0.7500000 	 -0.5000000 	 2.0575000 	 0.3143000 	 0.0065000 	 0.2398000 	 1.1168000 	 3.0592000
8.3000000 	 -0.8750000 	 -0.5000000 	 2.0747000 	 0.3176000 	 0.0063000 	 0.2364000 	 0.8462000 	 3.1571000
8.3000000 	 -0.5000000 	 -1.5000000 	 1.7387000 	 0.3240000 	 0.0373000 	 1.3640000 	 1.9377000 	 1.2152000
8.3000000 	 -0.6250000 	 -1.5000000 	 1.7514000 	 0.3309000 	 0.0371000 	 1.3409000 	 1.4864000 	 1.2468000
8.3000000 	 -0.7500000 	 -1.5000000 	 1.7585000 	 0.3362000 	 0.0369000 	 1.3237000 	 1.1337000 	 1.2707000
8.3000000 	 -0.8750000 	 -1.5000000 	 1.7620000 	 0.3402000 	 0.0368000 	 1.3108000 	 0.8607000 	 1.2899000
8.3000000 	 -0.5000000 	 -1.0000000 	 1.8922000 	 0.3123000 	 0.0132000 	 0.4898000 	 1.9156000 	 1.7491000
8.3000000 	 -0.6250000 	 -1.0000000 	 1.9159000 	 0.3210000 	 0.0128000 	 0.4798000 	 1.4718000 	 1.8281000
8.3000000 	 -0.7500000 	 -1.0000000 	 1.9315000 	 0.3275000 	 0.0125000 	 0.4716000 	 1.1230000 	 1.8955000
8.3000000 	 -0.8750000 	 -1.0000000 	 1.9408000 	 0.3322000 	 0.0123000 	 0.4649000 	 0.8526000 	 1.9495000
8.3000000 	 -0.5000000 	 -1.5000000 	 1.7387000 	 0.3240000 	 0.0373000 	 1.3640000 	 1.9377000 	 1.2152000
8.3000000 	 -0.6250000 	 -1.5000000 	 1.7514000 	 0.3309000 	 0.0371000 	 1.3409000 	 1.4864000 	 1.2468000
8.3000000 	 -0.7500000 	 -1.5000000 	 1.7585000 	 0.3362000 	 0.0369000 	 1.3237000 	 1.1337000 	 1.2707000
8.3000000 	 -0.8750000 	 -1.5000000 	 1.7620000 	 0.3402000 	 0.0368000 	 1.3108000 	 0.8607000 	 1.2899000
8.3000000 	 -0.5000000 	 -1.5000000 	 1.7387000 	 0.3240000 	 0.0373000 	 1.3640000 	 1.9377000 	 1.2152000
8.3000000 	 -0.6250000 	 -1.5000000 	 1.7514000 	 0.3309000 	 0.0371000 	 1.3409000 	 1.4864000 	 1.2468000
8.3000000 	 -0.7500000 	 -1.5000000 	 1.7585000 	 0.3362000 	 0.0369000 	 1.3237000 	 1.1337000 	 1.2707000
8.3000000 	 -0.8750000 	 -1.5000000 	 1.7620000 	 0.3402000 	 0.0368000 	 1.3108000 	 0.8607000 	 1.2899000
8.3000000 	 -0.5000000 	 -1.7500000 	 1.6615000 	 0.3474000 	 0.0637000 	 2.3945000 	 1.8941000 	 1.0335000
8.3000000 	 -0.6250000 	 -1.7500000 	 1.6753000 	 0.3538000 	 0.0642000 	 2.3720000 	 1.4543000 	 1.0550000
8.3000000 	 -0.7500000 	 -1.7500000 	 1.6831000 	 0.3587000 	 0.0647000 	 2.3556000 	 1.1095000 	 1.0711000
8.3000000 	 -0.8750000 	 -1.7500000 	 1.6870000 	 0.3621000 	 0.0650000 	 2.3406000 	 0.8422000 	 1.0825000
8.3000000 	 -0.5000000 	 -2.0000000 	 1.6898000 	 0.3950000 	 0.0937000 	 3.7698000 	 1.8798000 	 0.9073000
8.3000000 	 -0.6250000 	 -2.0000000 	 1.7066000 	 0.4020000 	 0.0960000 	 3.7745000 	 1.4421000 	 0.9225000
8.3000000 	 -0.7500000 	 -2.0000000 	 1.7163000 	 0.4072000 	 0.0979000 	 3.7767000 	 1.0994000 	 0.9344000
8.3000000 	 -0.8750000 	 -2.0000000 	 1.7229000 	 0.4112000 	 0.0996000 	 3.7789000 	 0.8345000 	 0.9417000
8.3000000 	 -0.5000000 	 -2.2500000 	 1.8744000 	 0.4563000 	 0.1129000 	 5.0416000 	 1.9315000 	 0.8574000
8.3000000 	 -0.6250000 	 -2.2500000 	 1.8942000 	 0.4654000 	 0.1172000 	 5.0993000 	 1.4772000 	 0.8689000
8.3000000 	 -0.7500000 	 -2.2500000 	 1.9070000 	 0.4722000 	 0.1208000 	 5.1433000 	 1.1236000 	 0.8762000
8.3000000 	 -0.8750000 	 -2.2500000 	 1.9159000 	 0.4777000 	 0.1240000 	 5.1843000 	 0.8515000 	 0.8806000
8.3000000 	 -0.5000000 	 -2.5000000 	 2.2313000 	 0.5136000 	 0.1144000 	 5.7893000 	 2.0591000 	 0.8823000
8.3000000 	 -0.6250000 	 -2.5000000 	 2.2578000 	 0.5246000 	 0.1194000 	 5.8895000 	 1.5681000 	 0.8874000
8.3000000 	 -0.7500000 	 -2.5000000 	 2.2768000 	 0.5334000 	 0.1236000 	 5.9724000 	 1.1895000 	 0.8909000
8.3000000 	 -0.8750000 	 -2.5000000 	 2.2900000 	 0.5404000 	 0.1272000 	 6.0412000 	 0.8998000 	 0.8932000
8.4000000 	 -0.5000000 	 -0.5000000 	 2.3331000 	 0.3411000 	 0.0094000 	 0.3081000 	 2.2069000 	 2.9600000
8.4000000 	 -0.6250000 	 -0.5000000 	 2.4056000 	 0.3534000 	 0.0090000 	 0.3001000 	 1.7129000 	 3.1350000
8.4000000 	 -0.7500000 	 -0.5000000 	 2.4557000 	 0.3620000 	 0.0086000 	 0.2926000 	 1.3154000 	 3.2751000
8.4000000 	 -0.8750000 	 -0.5000000 	 2.4786000 	 0.3663000 	 0.0083000 	 0.2857000 	 0.9981000 	 3.3870000
8.4000000 	 -0.5000000 	 -1.5000000 	 2.0713000 	 0.3725000 	 0.0475000 	 1.7682000 	 2.2613000 	 1.3288000
8.4000000 	 -0.6250000 	 -1.5000000 	 2.0998000 	 0.3822000 	 0.0473000 	 1.7392000 	 1.7493000 	 1.3608000
8.4000000 	 -0.7500000 	 -1.5000000 	 2.1161000 	 0.3893000 	 0.0472000 	 1.7154000 	 1.3414000 	 1.3863000
8.4000000 	 -0.8750000 	 -1.5000000 	 2.1262000 	 0.3946000 	 0.0470000 	 1.6956000 	 1.0229000 	 1.4038000
8.4000000 	 -0.5000000 	 -1.0000000 	 2.2478000 	 0.3542000 	 0.0176000 	 0.6376000 	 2.2340000 	 1.8749000
8.4000000 	 -0.6250000 	 -1.0000000 	 2.2870000 	 0.3658000 	 0.0171000 	 0.6240000 	 1.7261000 	 1.9540000
8.4000000 	 -0.7500000 	 -1.0000000 	 2.3135000 	 0.3746000 	 0.0168000 	 0.6123000 	 1.3232000 	 2.0193000
8.4000000 	 -0.8750000 	 -1.0000000 	 2.3323000 	 0.3812000 	 0.0165000 	 0.6031000 	 1.0089000 	 2.0728000
8.4000000 	 -0.5000000 	 -1.5000000 	 2.0713000 	 0.3725000 	 0.0475000 	 1.7682000 	 2.2613000 	 1.3288000
8.4000000 	 -0.6250000 	 -1.5000000 	 2.0998000 	 0.3822000 	 0.0473000 	 1.7392000 	 1.7493000 	 1.3608000
8.4000000 	 -0.7500000 	 -1.5000000 	 2.1161000 	 0.3893000 	 0.0472000 	 1.7154000 	 1.3414000 	 1.3863000
8.4000000 	 -0.8750000 	 -1.5000000 	 2.1262000 	 0.3946000 	 0.0470000 	 1.6956000 	 1.0229000 	 1.4038000
8.4000000 	 -0.5000000 	 -1.5000000 	 2.0713000 	 0.3725000 	 0.0475000 	 1.7682000 	 2.2613000 	 1.3288000
8.4000000 	 -0.6250000 	 -1.5000000 	 2.0998000 	 0.3822000 	 0.0473000 	 1.7392000 	 1.7493000 	 1.3608000
8.4000000 	 -0.7500000 	 -1.5000000 	 2.1161000 	 0.3893000 	 0.0472000 	 1.7154000 	 1.3414000 	 1.3863000
8.4000000 	 -0.8750000 	 -1.5000000 	 2.1262000 	 0.3946000 	 0.0470000 	 1.6956000 	 1.0229000 	 1.4038000
8.4000000 	 -0.5000000 	 -1.7500000 	 1.9815000 	 0.4050000 	 0.0784000 	 3.0523000 	 2.2132000 	 1.1239000
8.4000000 	 -0.6250000 	 -1.7500000 	 2.0095000 	 0.4137000 	 0.0792000 	 3.0225000 	 1.7123000 	 1.1484000
8.4000000 	 -0.7500000 	 -1.7500000 	 2.0274000 	 0.4203000 	 0.0800000 	 3.0002000 	 1.3142000 	 1.1642000
8.4000000 	 -0.8750000 	 -1.7500000 	 2.0379000 	 0.4251000 	 0.0805000 	 2.9819000 	 1.0023000 	 1.1762000
8.4000000 	 -0.5000000 	 -2.0000000 	 2.0224000 	 0.4655000 	 0.1114000 	 4.7136000 	 2.2095000 	 0.9875000
8.4000000 	 -0.6250000 	 -2.0000000 	 2.0504000 	 0.4744000 	 0.1143000 	 4.7146000 	 1.7048000 	 1.0032000
8.4000000 	 -0.7500000 	 -2.0000000 	 2.0696000 	 0.4816000 	 0.1170000 	 4.7223000 	 1.3061000 	 1.0141000
8.4000000 	 -0.8750000 	 -2.0000000 	 2.0821000 	 0.4871000 	 0.1193000 	 4.7292000 	 0.9953000 	 1.0207000
8.4000000 	 -0.5000000 	 -2.2500000 	 2.2441000 	 0.5373000 	 0.1296000 	 6.1720000 	 2.2848000 	 0.9390000
8.4000000 	 -0.6250000 	 -2.2500000 	 2.2741000 	 0.5484000 	 0.1347000 	 6.2397000 	 1.7532000 	 0.9483000
8.4000000 	 -0.7500000 	 -2.2500000 	 2.2967000 	 0.5576000 	 0.1392000 	 6.3010000 	 1.3388000 	 0.9540000
8.4000000 	 -0.8750000 	 -2.2500000 	 2.3124000 	 0.5648000 	 0.1431000 	 6.3539000 	 1.0175000 	 0.9579000
8.4000000 	 -0.5000000 	 -2.5000000 	 2.6636000 	 0.5979000 	 0.1266000 	 6.9221000 	 2.4461000 	 0.9764000
8.4000000 	 -0.6250000 	 -2.5000000 	 2.7022000 	 0.6115000 	 0.1322000 	 7.0462000 	 1.8672000 	 0.9793000
8.4000000 	 -0.7500000 	 -2.5000000 	 2.7303000 	 0.6227000 	 0.1372000 	 7.1560000 	 1.4188000 	 0.9802000
8.4000000 	 -0.8750000 	 -2.5000000 	 2.7526000 	 0.6317000 	 0.1414000 	 7.2428000 	 1.0751000 	 0.9807000
8.5000000 	 -0.5000000 	 -0.5000000 	 2.6961000 	 0.3767000 	 0.0126000 	 0.3900000 	 2.5093000 	 3.1057000
8.5000000 	 -0.6250000 	 -0.5000000 	 2.7745000 	 0.3899000 	 0.0120000 	 0.3735000 	 1.9461000 	 3.2851000
8.5000000 	 -0.7500000 	 -0.5000000 	 2.8439000 	 0.4014000 	 0.0116000 	 0.3614000 	 1.5019000 	 3.4392000
8.5000000 	 -0.8750000 	 -0.5000000 	 2.8855000 	 0.4087000 	 0.0111000 	 0.3493000 	 1.1468000 	 3.5592000
8.5000000 	 -0.5000000 	 -1.5000000 	 2.4098000 	 0.4221000 	 0.0600000 	 2.2961000 	 2.5767000 	 1.4249000
8.5000000 	 -0.6250000 	 -1.5000000 	 2.4562000 	 0.4338000 	 0.0599000 	 2.2518000 	 2.0072000 	 1.4594000
8.5000000 	 -0.7500000 	 -1.5000000 	 2.4858000 	 0.4426000 	 0.0598000 	 2.2182000 	 1.5484000 	 1.4797000
8.5000000 	 -0.8750000 	 -1.5000000 	 2.5034000 	 0.4489000 	 0.0596000 	 2.1899000 	 1.1852000 	 1.4956000
8.5000000 	 -0.5000000 	 -1.0000000 	 2.5872000 	 0.3898000 	 0.0231000 	 0.8260000 	 2.5289000 	 1.9926000
8.5000000 	 -0.6250000 	 -1.0000000 	 2.6487000 	 0.4044000 	 0.0227000 	 0.8072000 	 1.9665000 	 2.0686000
8.5000000 	 -0.7500000 	 -1.0000000 	 2.6944000 	 0.4160000 	 0.0223000 	 0.7926000 	 1.5166000 	 2.1318000
8.5000000 	 -0.8750000 	 -1.0000000 	 2.7255000 	 0.4247000 	 0.0219000 	 0.7806000 	 1.1613000 	 2.1799000
8.5000000 	 -0.5000000 	 -1.5000000 	 2.4098000 	 0.4221000 	 0.0600000 	 2.2961000 	 2.5767000 	 1.4249000
8.5000000 	 -0.6250000 	 -1.5000000 	 2.4562000 	 0.4338000 	 0.0599000 	 2.2518000 	 2.0072000 	 1.4594000
8.5000000 	 -0.7500000 	 -1.5000000 	 2.4858000 	 0.4426000 	 0.0598000 	 2.2182000 	 1.5484000 	 1.4797000
8.5000000 	 -0.8750000 	 -1.5000000 	 2.5034000 	 0.4489000 	 0.0596000 	 2.1899000 	 1.1852000 	 1.4956000
8.5000000 	 -0.5000000 	 -1.5000000 	 2.4098000 	 0.4221000 	 0.0600000 	 2.2961000 	 2.5767000 	 1.4249000
8.5000000 	 -0.6250000 	 -1.5000000 	 2.4562000 	 0.4338000 	 0.0599000 	 2.2518000 	 2.0072000 	 1.4594000
8.5000000 	 -0.7500000 	 -1.5000000 	 2.4858000 	 0.4426000 	 0.0598000 	 2.2182000 	 1.5484000 	 1.4797000
8.5000000 	 -0.8750000 	 -1.5000000 	 2.5034000 	 0.4489000 	 0.0596000 	 2.1899000 	 1.1852000 	 1.4956000
8.5000000 	 -0.5000000 	 -1.7500000 	 2.3220000 	 0.4687000 	 0.0958000 	 3.8998000 	 2.5376000 	 1.1964000
8.5000000 	 -0.6250000 	 -1.7500000 	 2.3650000 	 0.4789000 	 0.0969000 	 3.8527000 	 1.9750000 	 1.2202000
8.5000000 	 -0.7500000 	 -1.7500000 	 2.3949000 	 0.4870000 	 0.0979000 	 3.8186000 	 1.5242000 	 1.2367000
8.5000000 	 -0.8750000 	 -1.7500000 	 2.4140000 	 0.4929000 	 0.0987000 	 3.7898000 	 1.1673000 	 1.2458000
8.5000000 	 -0.5000000 	 -2.0000000 	 2.3768000 	 0.5442000 	 0.1308000 	 5.8918000 	 2.5488000 	 1.0526000
8.5000000 	 -0.6250000 	 -2.0000000 	 2.4229000 	 0.5556000 	 0.1345000 	 5.8916000 	 1.9793000 	 1.0675000
8.5000000 	 -0.7500000 	 -2.0000000 	 2.4535000 	 0.5642000 	 0.1377000 	 5.8925000 	 1.5234000 	 1.0771000
8.5000000 	 -0.8750000 	 -2.0000000 	 2.4771000 	 0.5717000 	 0.1407000 	 5.9026000 	 1.1660000 	 1.0833000
8.5000000 	 -0.5000000 	 -2.2500000 	 2.6369000 	 0.6251000 	 0.1460000 	 7.5204000 	 2.6534000 	 1.0108000
8.5000000 	 -0.6250000 	 -2.2500000 	 2.6837000 	 0.6384000 	 0.1516000 	 7.5914000 	 2.0447000 	 1.0172000
8.5000000 	 -0.7500000 	 -2.2500000 	 2.7180000 	 0.6498000 	 0.1567000 	 7.6651000 	 1.5663000 	 1.0206000
8.5000000 	 -0.8750000 	 -2.2500000 	 2.7429000 	 0.6586000 	 0.1611000 	 7.7218000 	 1.1936000 	 1.0226000
8.5000000 	 -0.5000000 	 -2.5000000 	 3.1147000 	 0.6839000 	 0.1362000 	 8.1900000 	 2.8492000 	 1.0507000
8.5000000 	 -0.6250000 	 -2.5000000 	 3.1717000 	 0.6999000 	 0.1421000 	 8.3269000 	 2.1807000 	 1.0509000
8.5000000 	 -0.7500000 	 -2.5000000 	 3.2150000 	 0.7132000 	 0.1473000 	 8.4474000 	 1.6612000 	 1.0499000
8.5000000 	 -0.8750000 	 -2.5000000 	 3.2476000 	 0.7240000 	 0.1518000 	 8.5528000 	 1.2607000 	 1.0479000
8.6000000 	 -0.2500000 	 -0.5000000 	 2.8595000 	 0.3738000 	 0.0173000 	 0.5412000 	 4.6041000 	 2.8890000
8.6000000 	 -0.3750000 	 -0.5000000 	 2.9909000 	 0.3961000 	 0.0170000 	 0.5208000 	 3.6333000 	 3.1055000
8.6000000 	 -0.5000000 	 -0.5000000 	 3.1118000 	 0.4161000 	 0.0167000 	 0.5010000 	 2.8517000 	 3.3089000
8.6000000 	 -0.6250000 	 -0.5000000 	 3.2001000 	 0.4308000 	 0.0161000 	 0.4793000 	 2.2111000 	 3.4862000
8.6000000 	 -0.2500000 	 -1.5000000 	 2.5182000 	 0.4396000 	 0.0753000 	 3.1863000 	 4.4939000 	 1.4098000
8.6000000 	 -0.3750000 	 -1.5000000 	 2.6629000 	 0.4617000 	 0.0754000 	 3.0810000 	 3.6452000 	 1.4782000
8.6000000 	 -0.5000000 	 -1.5000000 	 2.7694000 	 0.4808000 	 0.0755000 	 3.0022000 	 2.9070000 	 1.5348000
8.6000000 	 -0.6250000 	 -1.5000000 	 2.8414000 	 0.4951000 	 0.0755000 	 2.9379000 	 2.2828000 	 1.5703000
8.6000000 	 -0.2500000 	 -1.0000000 	 2.7019000 	 0.3832000 	 0.0307000 	 1.1377000 	 4.5132000 	 1.9768000
8.6000000 	 -0.3750000 	 -1.0000000 	 2.8494000 	 0.4097000 	 0.0306000 	 1.1082000 	 3.6177000 	 2.0794000
8.6000000 	 -0.5000000 	 -1.0000000 	 2.9650000 	 0.4318000 	 0.0303000 	 1.0809000 	 2.8613000 	 2.1658000
8.6000000 	 -0.6250000 	 -1.0000000 	 3.0425000 	 0.4483000 	 0.0299000 	 1.0539000 	 2.2311000 	 2.2348000
8.6000000 	 -0.2500000 	 -1.5000000 	 2.5182000 	 0.4396000 	 0.0753000 	 3.1863000 	 4.4939000 	 1.4098000
8.6000000 	 -0.3750000 	 -1.5000000 	 2.6629000 	 0.4617000 	 0.0754000 	 3.0810000 	 3.6452000 	 1.4782000
8.6000000 	 -0.5000000 	 -1.5000000 	 2.7694000 	 0.4808000 	 0.0755000 	 3.0022000 	 2.9070000 	 1.5348000
8.6000000 	 -0.6250000 	 -1.5000000 	 2.8414000 	 0.4951000 	 0.0755000 	 2.9379000 	 2.2828000 	 1.5703000
8.6000000 	 -0.2500000 	 -1.5000000 	 2.5182000 	 0.4396000 	 0.0753000 	 3.1863000 	 4.4939000 	 1.4098000
8.6000000 	 -0.3750000 	 -1.5000000 	 2.6629000 	 0.4617000 	 0.0754000 	 3.0810000 	 3.6452000 	 1.4782000
8.6000000 	 -0.5000000 	 -1.5000000 	 2.7694000 	 0.4808000 	 0.0755000 	 3.0022000 	 2.9070000 	 1.5348000
8.6000000 	 -0.6250000 	 -1.5000000 	 2.8414000 	 0.4951000 	 0.0755000 	 2.9379000 	 2.2828000 	 1.5703000
8.6000000 	 -0.2500000 	 -1.7500000 	 2.4462000 	 0.5080000 	 0.1119000 	 5.1912000 	 4.4514000 	 1.1891000
8.6000000 	 -0.3750000 	 -1.7500000 	 2.5795000 	 0.5271000 	 0.1139000 	 5.0774000 	 3.6027000 	 1.2407000
8.6000000 	 -0.5000000 	 -1.7500000 	 2.6823000 	 0.5438000 	 0.1157000 	 4.9927000 	 2.8725000 	 1.2782000
8.6000000 	 -0.6250000 	 -1.7500000 	 2.7542000 	 0.5570000 	 0.1173000 	 4.9241000 	 2.2572000 	 1.3038000
8.6000000 	 -0.2500000 	 -2.0000000 	 2.5346000 	 0.5994000 	 0.1419000 	 7.4233000 	 4.5828000 	 1.0765000
8.6000000 	 -0.3750000 	 -2.0000000 	 2.6613000 	 0.6187000 	 0.1467000 	 7.3720000 	 3.6759000 	 1.1072000
8.6000000 	 -0.5000000 	 -2.0000000 	 2.7563000 	 0.6354000 	 0.1513000 	 7.3432000 	 2.9072000 	 1.1286000
8.6000000 	 -0.6250000 	 -2.0000000 	 2.8261000 	 0.6494000 	 0.1556000 	 7.3320000 	 2.2727000 	 1.1429000
8.6000000 	 -0.2500000 	 -2.2500000 	 2.8309000 	 0.6796000 	 0.1480000 	 8.9621000 	 4.9194000 	 1.0649000
8.6000000 	 -0.3750000 	 -2.2500000 	 2.9550000 	 0.7016000 	 0.1544000 	 9.0108000 	 3.8916000 	 1.0809000
8.6000000 	 -0.5000000 	 -2.2500000 	 3.0482000 	 0.7205000 	 0.1606000 	 9.0736000 	 3.0425000 	 1.0901000
8.6000000 	 -0.6250000 	 -2.2500000 	 3.1201000 	 0.7367000 	 0.1664000 	 9.1461000 	 2.3571000 	 1.0941000
8.6000000 	 -0.2500000 	 -2.5000000 	 3.3284000 	 0.7237000 	 0.1301000 	 9.2852000 	 5.4170000 	 1.1178000
8.6000000 	 -0.3750000 	 -2.5000000 	 3.4726000 	 0.7502000 	 0.1367000 	 9.4344000 	 4.2365000 	 1.1270000
8.6000000 	 -0.5000000 	 -2.5000000 	 3.5823000 	 0.7725000 	 0.1428000 	 9.5791000 	 3.2804000 	 1.1297000
8.6000000 	 -0.6250000 	 -2.5000000 	 3.6640000 	 0.7907000 	 0.1482000 	 9.7099000 	 2.5193000 	 1.1288000
8.7000000 	 -0.2500000 	 -0.5000000 	 3.2372000 	 0.4021000 	 0.0208000 	 0.6722000 	 5.1482000 	 3.1050000
8.7000000 	 -0.3750000 	 -0.5000000 	 3.4037000 	 0.4283000 	 0.0210000 	 0.6556000 	 4.0759000 	 3.3234000
8.7000000 	 -0.5000000 	 -0.5000000 	 3.5693000 	 0.4536000 	 0.0212000 	 0.6403000 	 3.2203000 	 3.5345000
8.7000000 	 -0.6250000 	 -0.5000000 	 3.6630000 	 0.4690000 	 0.0209000 	 0.6162000 	 2.4917000 	 3.7009000
8.7000000 	 -0.2500000 	 -1.5000000 	 2.7012000 	 0.4886000 	 0.0912000 	 4.1661000 	 4.7644000 	 1.4814000
8.7000000 	 -0.3750000 	 -1.5000000 	 2.9136000 	 0.5162000 	 0.0922000 	 4.0307000 	 3.9325000 	 1.5629000
8.7000000 	 -0.5000000 	 -1.5000000 	 3.0749000 	 0.5391000 	 0.0928000 	 3.9167000 	 3.1794000 	 1.6214000
8.7000000 	 -0.6250000 	 -1.5000000 	 3.1852000 	 0.5567000 	 0.0934000 	 3.8307000 	 2.5221000 	 1.6565000
8.7000000 	 -0.2500000 	 -1.0000000 	 2.9313000 	 0.4089000 	 0.0381000 	 1.4809000 	 4.8841000 	 2.1361000
8.7000000 	 -0.3750000 	 -1.0000000 	 3.1379000 	 0.4411000 	 0.0386000 	 1.4453000 	 3.9626000 	 2.2516000
8.7000000 	 -0.5000000 	 -1.0000000 	 3.2986000 	 0.4677000 	 0.0388000 	 1.4124000 	 3.1610000 	 2.3415000
8.7000000 	 -0.6250000 	 -1.0000000 	 3.4108000 	 0.4879000 	 0.0387000 	 1.3802000 	 2.4820000 	 2.4089000
8.7000000 	 -0.2500000 	 -1.5000000 	 2.7012000 	 0.4886000 	 0.0912000 	 4.1661000 	 4.7644000 	 1.4814000
8.7000000 	 -0.3750000 	 -1.5000000 	 2.9136000 	 0.5162000 	 0.0922000 	 4.0307000 	 3.9325000 	 1.5629000
8.7000000 	 -0.5000000 	 -1.5000000 	 3.0749000 	 0.5391000 	 0.0928000 	 3.9167000 	 3.1794000 	 1.6214000
8.7000000 	 -0.6250000 	 -1.5000000 	 3.1852000 	 0.5567000 	 0.0934000 	 3.8307000 	 2.5221000 	 1.6565000
8.7000000 	 -0.2500000 	 -1.5000000 	 2.7012000 	 0.4886000 	 0.0912000 	 4.1661000 	 4.7644000 	 1.4814000
8.7000000 	 -0.3750000 	 -1.5000000 	 2.9136000 	 0.5162000 	 0.0922000 	 4.0307000 	 3.9325000 	 1.5629000
8.7000000 	 -0.5000000 	 -1.5000000 	 3.0749000 	 0.5391000 	 0.0928000 	 3.9167000 	 3.1794000 	 1.6214000
8.7000000 	 -0.6250000 	 -1.5000000 	 3.1852000 	 0.5567000 	 0.0934000 	 3.8307000 	 2.5221000 	 1.6565000
8.7000000 	 -0.2500000 	 -1.7500000 	 2.6435000 	 0.5786000 	 0.1311000 	 6.6374000 	 4.7480000 	 1.2371000
8.7000000 	 -0.3750000 	 -1.7500000 	 2.8412000 	 0.6017000 	 0.1340000 	 6.4830000 	 3.9030000 	 1.2892000
8.7000000 	 -0.5000000 	 -1.7500000 	 2.9897000 	 0.6214000 	 0.1366000 	 6.3641000 	 3.1467000 	 1.3281000
8.7000000 	 -0.6250000 	 -1.7500000 	 3.0997000 	 0.6375000 	 0.1387000 	 6.2633000 	 2.4976000 	 1.3559000
8.7000000 	 -0.2500000 	 -2.0000000 	 2.7570000 	 0.6858000 	 0.1598000 	 9.2341000 	 4.9487000 	 1.1281000
8.7000000 	 -0.3750000 	 -2.0000000 	 2.9422000 	 0.7085000 	 0.1650000 	 9.1373000 	 4.0190000 	 1.1587000
8.7000000 	 -0.5000000 	 -2.0000000 	 3.0821000 	 0.7279000 	 0.1699000 	 9.0715000 	 3.2095000 	 1.1790000
8.7000000 	 -0.6250000 	 -2.0000000 	 3.1842000 	 0.7440000 	 0.1744000 	 9.0300000 	 2.5265000 	 1.1914000
8.7000000 	 -0.2500000 	 -2.2500000 	 3.0839000 	 0.7644000 	 0.1592000 	 10.7755000 	 5.3637000 	 1.1091000
8.7000000 	 -0.3750000 	 -2.2500000 	 3.2652000 	 0.7900000 	 0.1652000 	 10.7831000 	 4.2905000 	 1.1262000
8.7000000 	 -0.5000000 	 -2.2500000 	 3.3993000 	 0.8105000 	 0.1705000 	 10.7957000 	 3.3777000 	 1.1347000
8.7000000 	 -0.6250000 	 -2.2500000 	 3.5007000 	 0.8280000 	 0.1755000 	 10.8311000 	 2.6297000 	 1.1373000
8.7000000 	 -0.2500000 	 -2.5000000 	 3.6117000 	 0.7918000 	 0.1326000 	 10.7525000 	 5.9522000 	 1.1613000
8.7000000 	 -0.3750000 	 -2.5000000 	 3.8137000 	 0.8215000 	 0.1382000 	 10.8673000 	 4.6968000 	 1.1737000
8.7000000 	 -0.5000000 	 -2.5000000 	 3.9694000 	 0.8459000 	 0.1432000 	 10.9756000 	 3.6594000 	 1.1778000
8.7000000 	 -0.6250000 	 -2.5000000 	 4.0865000 	 0.8655000 	 0.1476000 	 11.0753000 	 2.8221000 	 1.1759000
8.8000000 	 -0.2500000 	 -0.5000000 	 3.6184000 	 0.4296000 	 0.0240000 	 0.8259000 	 5.7203000 	 3.3767000
8.8000000 	 0.0000000 	 -0.5000000 	 3.0189000 	 0.3476000 	 0.0215000 	 0.8479000 	 8.5775000 	 2.8391000
8.8000000 	 -0.1250000 	 -0.5000000 	 3.3395000 	 0.3908000 	 0.0228000 	 0.8344000 	 7.0612000 	 3.1183000
8.8000000 	 -0.3750000 	 -0.5000000 	 3.8734000 	 0.4656000 	 0.0251000 	 0.8214000 	 4.5952000 	 3.6238000
8.8000000 	 -0.2500000 	 -1.5000000 	 2.7695000 	 0.5374000 	 0.1064000 	 5.3894000 	 4.8759000 	 1.5243000
8.8000000 	 0.0000000 	 -1.5000000 	 2.0524000 	 0.4696000 	 0.1011000 	 5.9046000 	 6.4151000 	 1.2454000
8.8000000 	 -0.1250000 	 -1.5000000 	 2.4300000 	 0.5033000 	 0.1039000 	 5.6166000 	 5.6592000 	 1.3895000
8.8000000 	 -0.3750000 	 -1.5000000 	 3.0614000 	 0.5703000 	 0.1085000 	 5.2066000 	 4.1084000 	 1.6545000
8.8000000 	 0.0000000 	 -1.0000000 	 2.3810000 	 0.3424000 	 0.0431000 	 2.0885000 	 7.1471000 	 1.9140000
8.8000000 	 -0.1250000 	 -1.0000000 	 2.7483000 	 0.3872000 	 0.0443000 	 1.9880000 	 6.1414000 	 2.1265000
8.8000000 	 -0.2500000 	 -1.0000000 	 3.0889000 	 0.4321000 	 0.0458000 	 1.9304000 	 5.1825000 	 2.3083000
8.8000000 	 -0.3750000 	 -1.0000000 	 3.3672000 	 0.4706000 	 0.0470000 	 1.8795000 	 4.2622000 	 2.4486000
8.8000000 	 0.0000000 	 -1.5000000 	 2.0524000 	 0.4696000 	 0.1011000 	 5.9046000 	 6.4151000 	 1.2454000
8.8000000 	 -0.1250000 	 -1.5000000 	 2.4300000 	 0.5033000 	 0.1039000 	 5.6166000 	 5.6592000 	 1.3895000
8.8000000 	 -0.2500000 	 -1.5000000 	 2.7695000 	 0.5374000 	 0.1064000 	 5.3894000 	 4.8759000 	 1.5243000
8.8000000 	 -0.3750000 	 -1.5000000 	 3.0614000 	 0.5703000 	 0.1085000 	 5.2066000 	 4.1084000 	 1.6545000
8.8000000 	 0.0000000 	 -1.5000000 	 2.0524000 	 0.4696000 	 0.1011000 	 5.9046000 	 6.4151000 	 1.2454000
8.8000000 	 -0.1250000 	 -1.5000000 	 2.4300000 	 0.5033000 	 0.1039000 	 5.6166000 	 5.6592000 	 1.3895000
8.8000000 	 -0.2500000 	 -1.5000000 	 2.7695000 	 0.5374000 	 0.1064000 	 5.3894000 	 4.8759000 	 1.5243000
8.8000000 	 -0.3750000 	 -1.5000000 	 3.0614000 	 0.5703000 	 0.1085000 	 5.2066000 	 4.1084000 	 1.6545000
8.8000000 	 0.0000000 	 -1.7500000 	 2.0238000 	 0.5916000 	 0.1388000 	 8.9699000 	 6.4800000 	 1.1068000
8.8000000 	 -0.1250000 	 -1.7500000 	 2.4058000 	 0.6238000 	 0.1442000 	 8.6681000 	 5.7255000 	 1.2006000
8.8000000 	 -0.2500000 	 -1.7500000 	 2.7327000 	 0.6527000 	 0.1483000 	 8.3901000 	 4.9044000 	 1.2835000
8.8000000 	 -0.3750000 	 -1.7500000 	 3.0105000 	 0.6806000 	 0.1522000 	 8.1820000 	 4.1075000 	 1.3444000
8.8000000 	 0.0000000 	 -2.0000000 	 2.1691000 	 0.7090000 	 0.1618000 	 11.7945000 	 6.9918000 	 1.0570000
8.8000000 	 -0.1250000 	 -2.0000000 	 2.5461000 	 0.7421000 	 0.1685000 	 11.5458000 	 6.1030000 	 1.1213000
8.8000000 	 -0.2500000 	 -2.0000000 	 2.8627000 	 0.7709000 	 0.1739000 	 11.3184000 	 5.1606000 	 1.1700000
8.8000000 	 -0.3750000 	 -2.0000000 	 3.1232000 	 0.7976000 	 0.1791000 	 11.1524000 	 4.2626000 	 1.2054000
8.8000000 	 0.0000000 	 -2.2500000 	 2.5041000 	 0.7652000 	 0.1530000 	 12.8817000 	 7.9370000 	 1.0439000
8.8000000 	 -0.1250000 	 -2.2500000 	 2.8902000 	 0.8056000 	 0.1596000 	 12.8097000 	 6.8014000 	 1.0994000
8.8000000 	 -0.2500000 	 -2.2500000 	 3.2113000 	 0.8404000 	 0.1652000 	 12.7323000 	 5.6560000 	 1.1386000
8.8000000 	 -0.3750000 	 -2.2500000 	 3.4696000 	 0.8698000 	 0.1702000 	 12.6698000 	 4.5950000 	 1.1632000
8.8000000 	 0.0000000 	 -2.5000000 	 3.0297000 	 0.7634000 	 0.1209000 	 12.1629000 	 9.3894000 	 1.1235000
8.8000000 	 -0.1250000 	 -2.5000000 	 3.4386000 	 0.8092000 	 0.1262000 	 12.2147000 	 7.8487000 	 1.1755000
8.8000000 	 -0.2500000 	 -2.5000000 	 3.7800000 	 0.8484000 	 0.1308000 	 12.2614000 	 6.3924000 	 1.2090000
8.8000000 	 -0.3750000 	 -2.5000000 	 4.0540000 	 0.8801000 	 0.1346000 	 12.2931000 	 5.1012000 	 1.2272000
8.9000000 	 -0.2500000 	 -0.5000000 	 3.9519000 	 0.4492000 	 0.0267000 	 1.0174000 	 6.2740000 	 3.6771000
8.9000000 	 0.0000000 	 -0.5000000 	 3.1546000 	 0.3527000 	 0.0243000 	 1.0786000 	 9.1512000 	 3.0644000
8.9000000 	 -0.1250000 	 -0.5000000 	 3.5739000 	 0.4025000 	 0.0253000 	 1.0347000 	 7.6434000 	 3.3825000
8.9000000 	 -0.3750000 	 -0.5000000 	 4.2750000 	 0.4903000 	 0.0282000 	 1.0079000 	 5.0665000 	 3.9409000
8.9000000 	 -0.2500000 	 -1.5000000 	 2.6209000 	 0.5750000 	 0.1166000 	 6.8123000 	 4.6910000 	 1.5047000
8.9000000 	 0.0000000 	 -1.5000000 	 1.8084000 	 0.5095000 	 0.1094000 	 7.5121000 	 5.9417000 	 1.2345000
8.9000000 	 -0.1250000 	 -1.5000000 	 2.2254000 	 0.5413000 	 0.1131000 	 7.1264000 	 5.3465000 	 1.3741000
8.9000000 	 -0.3750000 	 -1.5000000 	 2.9811000 	 0.6097000 	 0.1199000 	 6.5782000 	 4.0279000 	 1.6167000
8.9000000 	 0.0000000 	 -1.0000000 	 2.2226000 	 0.3451000 	 0.0487000 	 2.7409000 	 6.9542000 	 1.9548000
8.9000000 	 -0.1250000 	 -1.0000000 	 2.6375000 	 0.3899000 	 0.0499000 	 2.5791000 	 6.0772000 	 2.2027000
8.9000000 	 -0.2500000 	 -1.0000000 	 3.0291000 	 0.4359000 	 0.0517000 	 2.4747000 	 5.1953000 	 2.4187000
8.9000000 	 -0.3750000 	 -1.0000000 	 3.3866000 	 0.4805000 	 0.0539000 	 2.4097000 	 4.3562000 	 2.5952000
8.9000000 	 0.0000000 	 -1.5000000 	 1.8084000 	 0.5095000 	 0.1094000 	 7.5121000 	 5.9417000 	 1.2345000
8.9000000 	 -0.1250000 	 -1.5000000 	 2.2254000 	 0.5413000 	 0.1131000 	 7.1264000 	 5.3465000 	 1.3741000
8.9000000 	 -0.2500000 	 -1.5000000 	 2.6209000 	 0.5750000 	 0.1166000 	 6.8123000 	 4.6910000 	 1.5047000
8.9000000 	 -0.3750000 	 -1.5000000 	 2.9811000 	 0.6097000 	 0.1199000 	 6.5782000 	 4.0279000 	 1.6167000
8.9000000 	 0.0000000 	 -1.5000000 	 1.8084000 	 0.5095000 	 0.1094000 	 7.5121000 	 5.9417000 	 1.2345000
8.9000000 	 -0.1250000 	 -1.5000000 	 2.2254000 	 0.5413000 	 0.1131000 	 7.1264000 	 5.3465000 	 1.3741000
8.9000000 	 -0.2500000 	 -1.5000000 	 2.6209000 	 0.5750000 	 0.1166000 	 6.8123000 	 4.6910000 	 1.5047000
8.9000000 	 -0.3750000 	 -1.5000000 	 2.9811000 	 0.6097000 	 0.1199000 	 6.5782000 	 4.0279000 	 1.6167000
8.9000000 	 0.0000000 	 -1.7500000 	 1.7597000 	 0.6502000 	 0.1473000 	 11.1271000 	 5.9273000 	 1.0933000
8.9000000 	 -0.1250000 	 -1.7500000 	 2.1854000 	 0.6813000 	 0.1533000 	 10.7214000 	 5.3771000 	 1.1884000
8.9000000 	 -0.2500000 	 -1.7500000 	 2.5857000 	 0.7125000 	 0.1585000 	 10.3658000 	 4.7299000 	 1.2727000
8.9000000 	 -0.3750000 	 -1.7500000 	 2.9344000 	 0.7417000 	 0.1628000 	 10.0636000 	 4.0423000 	 1.3407000
8.9000000 	 0.0000000 	 -2.0000000 	 1.8935000 	 0.7680000 	 0.1668000 	 14.1242000 	 6.3917000 	 1.0222000
8.9000000 	 -0.1250000 	 -2.0000000 	 2.3349000 	 0.8063000 	 0.1745000 	 13.8835000 	 5.7824000 	 1.0932000
8.9000000 	 -0.2500000 	 -2.0000000 	 2.7313000 	 0.8385000 	 0.1801000 	 13.5852000 	 5.0308000 	 1.1500000
8.9000000 	 -0.3750000 	 -2.0000000 	 3.0679000 	 0.8665000 	 0.1844000 	 13.3101000 	 4.2451000 	 1.1913000
8.9000000 	 0.0000000 	 -2.2500000 	 2.2565000 	 0.8141000 	 0.1537000 	 15.0551000 	 7.4901000 	 0.9958000
8.9000000 	 -0.1250000 	 -2.2500000 	 2.7108000 	 0.8566000 	 0.1594000 	 14.9167000 	 6.6149000 	 1.0644000
8.9000000 	 -0.2500000 	 -2.2500000 	 3.1087000 	 0.8927000 	 0.1635000 	 14.7385000 	 5.6310000 	 1.1150000
8.9000000 	 -0.3750000 	 -2.2500000 	 3.4366000 	 0.9214000 	 0.1661000 	 14.5415000 	 4.6546000 	 1.1483000
8.9000000 	 0.0000000 	 -2.5000000 	 2.7932000 	 0.7851000 	 0.1166000 	 13.7633000 	 9.1685000 	 1.1101000
8.9000000 	 -0.1250000 	 -2.5000000 	 3.2721000 	 0.8319000 	 0.1201000 	 13.7301000 	 7.8459000 	 1.1728000
8.9000000 	 -0.2500000 	 -2.5000000 	 3.6842000 	 0.8698000 	 0.1222000 	 13.6369000 	 6.5019000 	 1.2150000
8.9000000 	 -0.3750000 	 -2.5000000 	 4.0244000 	 0.9004000 	 0.1237000 	 13.5346000 	 5.2564000 	 1.2390000
9.0000000 	 0.0000000 	 -0.5000000 	 3.1769000 	 0.3516000 	 0.0273000 	 1.4068000 	 9.5470000 	 3.2931000
9.0000000 	 -0.1250000 	 -0.5000000 	 3.7100000 	 0.4083000 	 0.0279000 	 1.3191000 	 8.1373000 	 3.6715000
9.0000000 	 0.0000000 	 -1.5000000 	 1.4592000 	 0.5495000 	 0.1119000 	 9.3208000 	 5.1986000 	 1.2202000
9.0000000 	 -0.1250000 	 -1.5000000 	 1.8715000 	 0.5760000 	 0.1160000 	 8.8267000 	 4.7813000 	 1.3542000
9.0000000 	 0.0000000 	 -1.0000000 	 1.9833000 	 0.3519000 	 0.0529000 	 3.6003000 	 6.6039000 	 1.9849000
9.0000000 	 -0.1250000 	 -1.0000000 	 2.3968000 	 0.3892000 	 0.0534000 	 3.3135000 	 5.8012000 	 2.2515000
9.0000000 	 0.0000000 	 -1.5000000 	 1.4592000 	 0.5495000 	 0.1119000 	 9.3208000 	 5.1986000 	 1.2202000
9.0000000 	 -0.1250000 	 -1.5000000 	 1.8715000 	 0.5760000 	 0.1160000 	 8.8267000 	 4.7813000 	 1.3542000
9.0000000 	 0.0000000 	 -1.5000000 	 1.4592000 	 0.5495000 	 0.1119000 	 9.3208000 	 5.1986000 	 1.2202000
9.0000000 	 -0.1250000 	 -1.5000000 	 1.8715000 	 0.5760000 	 0.1160000 	 8.8267000 	 4.7813000 	 1.3542000
9.0000000 	 0.0000000 	 -1.7500000 	 1.3869000 	 0.7030000 	 0.1476000 	 13.3864000 	 5.0461000 	 1.0522000
9.0000000 	 -0.1250000 	 -1.7500000 	 1.8087000 	 0.7310000 	 0.1542000 	 12.9112000 	 4.7270000 	 1.1485000
9.0000000 	 0.0000000 	 -2.0000000 	 1.5107000 	 0.8138000 	 0.1629000 	 16.4045000 	 5.4511000 	 0.9439000
9.0000000 	 -0.1250000 	 -2.0000000 	 1.9590000 	 0.8523000 	 0.1709000 	 16.1593000 	 5.1213000 	 1.0282000
9.0000000 	 0.0000000 	 -2.2500000 	 1.8945000 	 0.8483000 	 0.1480000 	 17.1806000 	 6.7172000 	 0.9423000
9.0000000 	 -0.1250000 	 -2.2500000 	 2.3716000 	 0.8896000 	 0.1524000 	 16.9891000 	 6.1259000 	 1.0238000
9.0000000 	 0.0000000 	 -2.5000000 	 2.4360000 	 0.7908000 	 0.1085000 	 15.2817000 	 8.6333000 	 1.0919000
9.0000000 	 -0.1250000 	 -2.5000000 	 2.9428000 	 0.8323000 	 0.1095000 	 15.1056000 	 7.5642000 	 1.1675000
9.1000000 	 0.0000000 	 -0.5000000 	 3.0359000 	 0.3406000 	 0.0299000 	 1.8584000 	 9.6376000 	 3.4902000
9.1000000 	 -0.1250000 	 -0.5000000 	 3.6180000 	 0.3947000 	 0.0295000 	 1.6859000 	 8.2948000 	 3.9138000
9.1000000 	 0.0000000 	 -1.5000000 	 1.0254000 	 0.5808000 	 0.1054000 	 11.1285000 	 4.1024000 	 1.1450000
9.1000000 	 -0.1250000 	 -1.5000000 	 1.3541000 	 0.5931000 	 0.1085000 	 10.4792000 	 3.8336000 	 1.2646000
9.1000000 	 0.0000000 	 -1.0000000 	 1.6053000 	 0.3521000 	 0.0526000 	 4.5662000 	 5.8690000 	 1.9707000
9.1000000 	 -0.1250000 	 -1.0000000 	 1.9925000 	 0.3797000 	 0.0526000 	 4.1636000 	 5.2265000 	 2.2369000
9.1000000 	 0.0000000 	 -1.5000000 	 1.0254000 	 0.5808000 	 0.1054000 	 11.1285000 	 4.1024000 	 1.1450000
9.1000000 	 -0.1250000 	 -1.5000000 	 1.3541000 	 0.5931000 	 0.1085000 	 10.4792000 	 3.8336000 	 1.2646000
9.1000000 	 0.0000000 	 -1.5000000 	 1.0254000 	 0.5808000 	 0.1054000 	 11.1285000 	 4.1024000 	 1.1450000
9.1000000 	 -0.1250000 	 -1.5000000 	 1.3541000 	 0.5931000 	 0.1085000 	 10.4792000 	 3.8336000 	 1.2646000
9.1000000 	 0.0000000 	 -1.7500000 	 0.9410000 	 0.7267000 	 0.1342000 	 15.1860000 	 3.7972000 	 0.9342000
9.1000000 	 -0.1250000 	 -1.7500000 	 1.2814000 	 0.7524000 	 0.1416000 	 14.8091000 	 3.6708000 	 1.0221000
9.1000000 	 0.0000000 	 -2.0000000 	 1.0701000 	 0.8372000 	 0.1488000 	 18.3836000 	 4.2238000 	 0.8013000
9.1000000 	 -0.1250000 	 -2.0000000 	 1.4434000 	 0.8707000 	 0.1556000 	 18.1692000 	 4.0905000 	 0.8930000
9.1000000 	 0.0000000 	 -2.2500000 	 1.4191000 	 0.8499000 	 0.1331000 	 18.8532000 	 5.5194000 	 0.8415000
9.1000000 	 -0.1250000 	 -2.2500000 	 1.8486000 	 0.8842000 	 0.1356000 	 18.6305000 	 5.1860000 	 0.9325000
9.1000000 	 0.0000000 	 -2.5000000 	 1.9195000 	 0.7623000 	 0.0945000 	 16.3532000 	 7.5501000 	 1.0232000
9.1000000 	 -0.1250000 	 -2.5000000 	 2.3942000 	 0.7937000 	 0.0932000 	 16.0515000 	 6.7785000 	 1.1074000
