#Constrained by relation between 12+log(O/H), log(U) and log(N/O)
12+log(O/H)     	 log(N/O)        	 log(U)          	 OII_3727        	 NeIII_3868      	 OIII_4363       	 OIII_5007       	 NII_6584        	 SII_6717,31    
6.9000000 	 -1.5000000 	 -2.0000000 	 0.0730000 	 0.1060000 	 0.0328000 	 1.0456000 	 0.0022000 	 0.0110000
6.9000000 	 -1.6250000 	 -2.0000000 	 0.0730000 	 0.1060000 	 0.0328000 	 1.0457000 	 0.0016000 	 0.0110000
6.9000000 	 -1.7500000 	 -2.0000000 	 0.0730000 	 0.1060000 	 0.0328000 	 1.0457000 	 0.0012000 	 0.0110000
6.9000000 	 -1.5000000 	 -2.2500000 	 0.1018000 	 0.0896000 	 0.0248000 	 0.8866000 	 0.0031000 	 0.0147000
6.9000000 	 -1.6250000 	 -2.2500000 	 0.1018000 	 0.0896000 	 0.0248000 	 0.8866000 	 0.0023000 	 0.0147000
6.9000000 	 -1.7500000 	 -2.2500000 	 0.1018000 	 0.0896000 	 0.0248000 	 0.8867000 	 0.0017000 	 0.0147000
6.9000000 	 -1.5000000 	 -2.5000000 	 0.1469000 	 0.0742000 	 0.0179000 	 0.7220000 	 0.0045000 	 0.0205000
6.9000000 	 -1.6250000 	 -2.5000000 	 0.1469000 	 0.0742000 	 0.0179000 	 0.7220000 	 0.0033000 	 0.0205000
6.9000000 	 -1.7500000 	 -2.5000000 	 0.1469000 	 0.0742000 	 0.0179000 	 0.7221000 	 0.0025000 	 0.0205000
7.0000000 	 -1.5000000 	 -2.0000000 	 0.0913000 	 0.0825000 	 0.0398000 	 1.2941000 	 0.0027000 	 0.0138000
7.0000000 	 -1.6750000 	 -2.0000000 	 0.0913000 	 0.0825000 	 0.0398000 	 1.2942000 	 0.0018000 	 0.0138000
7.0000000 	 -1.7500000 	 -2.0000000 	 0.0913000 	 0.0825000 	 0.0398000 	 1.2943000 	 0.0015000 	 0.0138000
7.0000000 	 -1.5000000 	 -2.2500000 	 0.1276000 	 0.0700000 	 0.0303000 	 1.1001000 	 0.0038000 	 0.0186000
7.0000000 	 -1.6750000 	 -2.2500000 	 0.1276000 	 0.0700000 	 0.0303000 	 1.1002000 	 0.0026000 	 0.0186000
7.0000000 	 -1.7500000 	 -2.2500000 	 0.1276000 	 0.0700000 	 0.0303000 	 1.1003000 	 0.0022000 	 0.0186000
7.0000000 	 -1.5000000 	 -2.5000000 	 0.1840000 	 0.0581000 	 0.0220000 	 0.8975000 	 0.0056000 	 0.0256000
7.0000000 	 -1.6750000 	 -2.5000000 	 0.1840000 	 0.0581000 	 0.0220000 	 0.8976000 	 0.0037000 	 0.0256000
7.0000000 	 -1.7500000 	 -2.5000000 	 0.1840000 	 0.0581000 	 0.0220000 	 0.8976000 	 0.0031000 	 0.0256000
7.1000000 	 -1.5000000 	 -2.0000000 	 0.1144000 	 0.1026000 	 0.0491000 	 1.6129000 	 0.0035000 	 0.0173000
7.1000000 	 -1.6250000 	 -2.0000000 	 0.1144000 	 0.1026000 	 0.0491000 	 1.6131000 	 0.0026000 	 0.0173000
7.1000000 	 -1.7500000 	 -2.0000000 	 0.1144000 	 0.1027000 	 0.0491000 	 1.6132000 	 0.0019000 	 0.0173000
7.1000000 	 -1.5000000 	 -2.2500000 	 0.1599000 	 0.0871000 	 0.0373000 	 1.3704000 	 0.0048000 	 0.0233000
7.1000000 	 -1.6250000 	 -2.2500000 	 0.1599000 	 0.0871000 	 0.0374000 	 1.3706000 	 0.0036000 	 0.0233000
7.1000000 	 -1.7500000 	 -2.2500000 	 0.1599000 	 0.0871000 	 0.0374000 	 1.3707000 	 0.0027000 	 0.0233000
7.1000000 	 -1.5000000 	 -2.5000000 	 0.2306000 	 0.0722000 	 0.0270000 	 1.1178000 	 0.0070000 	 0.0322000
7.1000000 	 -1.6250000 	 -2.5000000 	 0.2306000 	 0.0722000 	 0.0271000 	 1.1179000 	 0.0053000 	 0.0322000
7.1000000 	 -1.7500000 	 -2.5000000 	 0.2306000 	 0.0722000 	 0.0271000 	 1.1179000 	 0.0040000 	 0.0322000
7.2000000 	 -1.5000000 	 -2.0000000 	 0.1426000 	 0.1253000 	 0.0586000 	 1.9788000 	 0.0043000 	 0.0216000
7.2000000 	 -1.6250000 	 -2.0000000 	 0.1426000 	 0.1253000 	 0.0586000 	 1.9791000 	 0.0032000 	 0.0216000
7.2000000 	 -1.7500000 	 -2.0000000 	 0.1426000 	 0.1253000 	 0.0586000 	 1.9793000 	 0.0024000 	 0.0216000
7.2000000 	 -1.5000000 	 -2.2500000 	 0.1995000 	 0.1067000 	 0.0448000 	 1.6860000 	 0.0061000 	 0.0291000
7.2000000 	 -1.6250000 	 -2.2500000 	 0.1995000 	 0.1067000 	 0.0448000 	 1.6863000 	 0.0046000 	 0.0291000
7.2000000 	 -1.7500000 	 -2.2500000 	 0.1995000 	 0.1067000 	 0.0448000 	 1.6864000 	 0.0034000 	 0.0291000
7.2000000 	 -1.5000000 	 -2.5000000 	 0.2877000 	 0.0888000 	 0.0326000 	 1.3783000 	 0.0088000 	 0.0403000
7.2000000 	 -1.6250000 	 -2.5000000 	 0.2877000 	 0.0888000 	 0.0326000 	 1.3785000 	 0.0066000 	 0.0403000
7.2000000 	 -1.7500000 	 -2.5000000 	 0.2878000 	 0.0888000 	 0.0327000 	 1.3786000 	 0.0050000 	 0.0403000
7.3000000 	 -1.5000000 	 -2.0000000 	 0.1770000 	 0.1514000 	 0.0687000 	 2.4068000 	 0.0054000 	 0.0268000
7.3000000 	 -1.6250000 	 -2.0000000 	 0.1770000 	 0.1514000 	 0.0687000 	 2.4072000 	 0.0041000 	 0.0268000
7.3000000 	 -1.7500000 	 -2.0000000 	 0.1770000 	 0.1515000 	 0.0687000 	 2.4076000 	 0.0031000 	 0.0268000
7.3000000 	 -1.5000000 	 -2.2500000 	 0.2480000 	 0.1295000 	 0.0529000 	 2.0579000 	 0.0076000 	 0.0363000
7.3000000 	 -1.6250000 	 -2.2500000 	 0.2480000 	 0.1295000 	 0.0530000 	 2.0582000 	 0.0057000 	 0.0363000
7.3000000 	 -1.7500000 	 -2.2500000 	 0.2481000 	 0.1295000 	 0.0530000 	 2.0585000 	 0.0043000 	 0.0363000
7.3000000 	 -1.5000000 	 -2.5000000 	 0.3581000 	 0.1082000 	 0.0388000 	 1.6870000 	 0.0111000 	 0.0501000
7.3000000 	 -1.6250000 	 -2.5000000 	 0.3581000 	 0.1082000 	 0.0388000 	 1.6873000 	 0.0083000 	 0.0501000
7.3000000 	 -1.7500000 	 -2.5000000 	 0.3581000 	 0.1082000 	 0.0388000 	 1.6875000 	 0.0063000 	 0.0501000
7.4000000 	 -1.5000000 	 -2.0000000 	 0.2188000 	 0.1812000 	 0.0792000 	 2.9038000 	 0.0068000 	 0.0333000
7.4000000 	 -1.6250000 	 -2.0000000 	 0.2188000 	 0.1813000 	 0.0793000 	 2.9044000 	 0.0051000 	 0.0333000
7.4000000 	 -1.7500000 	 -2.0000000 	 0.2189000 	 0.1813000 	 0.0793000 	 2.9049000 	 0.0038000 	 0.0333000
7.4000000 	 -1.5000000 	 -2.2500000 	 0.3070000 	 0.1558000 	 0.0616000 	 2.4923000 	 0.0096000 	 0.0450000
7.4000000 	 -1.6250000 	 -2.2500000 	 0.3072000 	 0.1558000 	 0.0616000 	 2.4928000 	 0.0072000 	 0.0450000
7.4000000 	 -1.7500000 	 -2.2500000 	 0.3072000 	 0.1558000 	 0.0616000 	 2.4932000 	 0.0054000 	 0.0450000
7.4000000 	 -1.5000000 	 -2.5000000 	 0.4436000 	 0.1308000 	 0.0455000 	 2.0498000 	 0.0140000 	 0.0624000
7.4000000 	 -1.6250000 	 -2.5000000 	 0.4437000 	 0.1308000 	 0.0455000 	 2.0502000 	 0.0105000 	 0.0624000
7.4000000 	 -1.7500000 	 -2.5000000 	 0.4437000 	 0.1308000 	 0.0455000 	 2.0505000 	 0.0079000 	 0.0624000
7.5000000 	 -1.5000000 	 -2.0000000 	 0.2688000 	 0.2143000 	 0.0896000 	 3.4656000 	 0.0085000 	 0.0412000
7.5000000 	 -1.6250000 	 -2.0000000 	 0.2689000 	 0.2143000 	 0.0896000 	 3.4663000 	 0.0063000 	 0.0412000
7.5000000 	 -1.7500000 	 -2.0000000 	 0.2689000 	 0.2144000 	 0.0896000 	 3.4671000 	 0.0048000 	 0.0412000
7.5000000 	 -1.5000000 	 -2.2500000 	 0.3778000 	 0.1851000 	 0.0702000 	 2.9857000 	 0.0119000 	 0.0558000
7.5000000 	 -1.6250000 	 -2.2500000 	 0.3779000 	 0.1852000 	 0.0702000 	 2.9864000 	 0.0090000 	 0.0558000
7.5000000 	 -1.7500000 	 -2.2500000 	 0.3779000 	 0.1852000 	 0.0702000 	 2.9870000 	 0.0067000 	 0.0559000
7.5000000 	 -1.5000000 	 -2.5000000 	 0.5460000 	 0.1562000 	 0.0523000 	 2.4654000 	 0.0175000 	 0.0774000
7.5000000 	 -1.6250000 	 -2.5000000 	 0.5461000 	 0.1563000 	 0.0523000 	 2.4659000 	 0.0131000 	 0.0774000
7.5000000 	 -1.7500000 	 -2.5000000 	 0.5462000 	 0.1563000 	 0.0523000 	 2.4664000 	 0.0098000 	 0.0774000
7.6000000 	 -1.5000000 	 -2.0000000 	 0.3279000 	 0.2499000 	 0.0989000 	 4.0857000 	 0.0105000 	 0.0508000
7.6000000 	 -1.6250000 	 -2.0000000 	 0.3279000 	 0.2500000 	 0.0990000 	 4.0871000 	 0.0079000 	 0.0508000
7.6000000 	 -1.7500000 	 -2.0000000 	 0.3281000 	 0.2501000 	 0.0990000 	 4.0880000 	 0.0059000 	 0.0508000
7.6000000 	 -1.5000000 	 -2.2500000 	 0.4613000 	 0.2171000 	 0.0782000 	 3.5344000 	 0.0149000 	 0.0688000
7.6000000 	 -1.6250000 	 -2.2500000 	 0.4614000 	 0.2172000 	 0.0782000 	 3.5355000 	 0.0112000 	 0.0688000
7.6000000 	 -1.7500000 	 -2.2500000 	 0.4616000 	 0.2172000 	 0.0783000 	 3.5364000 	 0.0084000 	 0.0689000
7.6000000 	 -1.5000000 	 -2.5000000 	 0.6671000 	 0.1843000 	 0.0588000 	 2.9310000 	 0.0218000 	 0.0956000
7.6000000 	 -1.6250000 	 -2.5000000 	 0.6673000 	 0.1843000 	 0.0588000 	 2.9320000 	 0.0164000 	 0.0956000
7.6000000 	 -1.7500000 	 -2.5000000 	 0.6673000 	 0.1844000 	 0.0588000 	 2.9327000 	 0.0123000 	 0.0956000
7.7000000 	 -1.5000000 	 -2.0000000 	 0.3959000 	 0.2863000 	 0.1061000 	 4.7412000 	 0.0130000 	 0.0622000
7.7000000 	 -1.6250000 	 -2.0000000 	 0.3960000 	 0.2864000 	 0.1062000 	 4.7436000 	 0.0097000 	 0.0622000
7.7000000 	 -1.7500000 	 -2.0000000 	 0.3961000 	 0.2865000 	 0.1063000 	 4.7444000 	 0.0073000 	 0.0622000
7.7000000 	 -1.5000000 	 -2.2500000 	 0.5574000 	 0.2499000 	 0.0845000 	 4.1169000 	 0.0184000 	 0.0844000
7.7000000 	 -1.6250000 	 -2.2500000 	 0.5576000 	 0.2500000 	 0.0845000 	 4.1186000 	 0.0138000 	 0.0844000
7.7000000 	 -1.7500000 	 -2.2500000 	 0.5577000 	 0.2501000 	 0.0846000 	 4.1199000 	 0.0104000 	 0.0844000
7.7000000 	 -1.5000000 	 -2.5000000 	 0.8059000 	 0.2134000 	 0.0641000 	 3.4275000 	 0.0271000 	 0.1175000
7.7000000 	 -1.6250000 	 -2.5000000 	 0.8062000 	 0.2135000 	 0.0641000 	 3.4286000 	 0.0203000 	 0.1175000
7.7000000 	 -1.7500000 	 -2.5000000 	 0.8064000 	 0.2136000 	 0.0641000 	 3.4296000 	 0.0152000 	 0.1175000
7.8000000 	 -1.5000000 	 -2.0000000 	 0.4732000 	 0.3221000 	 0.1107000 	 5.4170000 	 0.0159000 	 0.0757000
7.8000000 	 -1.6250000 	 -2.0000000 	 0.4733000 	 0.3222000 	 0.1107000 	 5.4187000 	 0.0119000 	 0.0757000
7.8000000 	 -1.7500000 	 -2.0000000 	 0.4735000 	 0.3223000 	 0.1108000 	 5.4207000 	 0.0089000 	 0.0757000
7.8000000 	 -1.5000000 	 -2.2500000 	 0.6660000 	 0.2824000 	 0.0885000 	 4.7153000 	 0.0226000 	 0.1030000
7.8000000 	 -1.6250000 	 -2.2500000 	 0.6664000 	 0.2826000 	 0.0886000 	 4.7176000 	 0.0170000 	 0.1030000
7.8000000 	 -1.7500000 	 -2.2500000 	 0.6666000 	 0.2827000 	 0.0887000 	 4.7202000 	 0.0127000 	 0.1030000
7.8000000 	 -1.5000000 	 -2.5000000 	 0.9620000 	 0.2425000 	 0.0676000 	 3.9371000 	 0.0333000 	 0.1434000
7.8000000 	 -1.6250000 	 -2.5000000 	 0.9625000 	 0.2427000 	 0.0676000 	 3.9392000 	 0.0250000 	 0.1434000
7.8000000 	 -1.7500000 	 -2.5000000 	 0.9629000 	 0.2428000 	 0.0677000 	 3.9408000 	 0.0188000 	 0.1434000
7.9000000 	 -1.5000000 	 -2.2500000 	 0.7833000 	 0.3112000 	 0.0889000 	 5.2779000 	 0.0276000 	 0.1245000
7.9000000 	 -1.6250000 	 -2.2500000 	 0.7837000 	 0.3114000 	 0.0890000 	 5.2810000 	 0.0207000 	 0.1245000
7.9000000 	 -1.7500000 	 -2.2500000 	 0.7841000 	 0.3115000 	 0.0891000 	 5.2833000 	 0.0155000 	 0.1245000
7.9000000 	 -1.5000000 	 -2.5000000 	 1.1287000 	 0.2686000 	 0.0683000 	 4.4187000 	 0.0407000 	 0.1734000
7.9000000 	 -1.6250000 	 -2.5000000 	 1.1294000 	 0.2688000 	 0.0683000 	 4.4216000 	 0.0305000 	 0.1736000
7.9000000 	 -1.7500000 	 -2.5000000 	 1.1300000 	 0.2690000 	 0.0684000 	 4.4240000 	 0.0229000 	 0.1736000
7.9000000 	 -1.5000000 	 -2.7500000 	 1.6248000 	 0.2259000 	 0.0488000 	 3.4526000 	 0.0606000 	 0.2433000
7.9000000 	 -1.6250000 	 -2.7500000 	 1.6260000 	 0.2260000 	 0.0488000 	 3.4546000 	 0.0455000 	 0.2434000
7.9000000 	 -1.7500000 	 -2.7500000 	 1.6267000 	 0.2262000 	 0.0489000 	 3.4565000 	 0.0341000 	 0.2434000
8.0000000 	 -1.2500000 	 -2.2500000 	 0.9053000 	 0.3340000 	 0.0857000 	 5.7731000 	 0.0594000 	 0.1490000
8.0000000 	 -1.3750000 	 -2.2500000 	 0.9065000 	 0.3346000 	 0.0859000 	 5.7810000 	 0.0446000 	 0.1491000
8.0000000 	 -1.5000000 	 -2.2500000 	 0.9074000 	 0.3350000 	 0.0861000 	 5.7868000 	 0.0334000 	 0.1492000
8.0000000 	 -1.6250000 	 -2.2500000 	 0.9081000 	 0.3353000 	 0.0862000 	 5.7911000 	 0.0251000 	 0.1492000
8.0000000 	 -1.7500000 	 -2.2500000 	 0.9086000 	 0.3355000 	 0.0863000 	 5.7944000 	 0.0188000 	 0.1493000
8.0000000 	 -1.2500000 	 -2.5000000 	 1.2987000 	 0.2893000 	 0.0659000 	 4.8369000 	 0.0875000 	 0.2077000
8.0000000 	 -1.3750000 	 -2.5000000 	 1.3007000 	 0.2899000 	 0.0661000 	 4.8448000 	 0.0657000 	 0.2079000
8.0000000 	 -1.5000000 	 -2.5000000 	 1.3026000 	 0.2904000 	 0.0663000 	 4.8518000 	 0.0493000 	 0.2081000
8.0000000 	 -1.6250000 	 -2.5000000 	 1.3035000 	 0.2906000 	 0.0664000 	 4.8555000 	 0.0370000 	 0.2081000
8.0000000 	 -1.7500000 	 -2.5000000 	 1.3045000 	 0.2909000 	 0.0665000 	 4.8589000 	 0.0277000 	 0.2082000
8.0000000 	 -1.2500000 	 -2.7500000 	 1.8578000 	 0.2445000 	 0.0472000 	 3.7817000 	 0.1300000 	 0.2914000
8.0000000 	 -1.3750000 	 -2.7500000 	 1.8615000 	 0.2450000 	 0.0474000 	 3.7894000 	 0.0976000 	 0.2916000
8.0000000 	 -1.5000000 	 -2.7500000 	 1.8643000 	 0.2455000 	 0.0475000 	 3.7953000 	 0.0732000 	 0.2919000
8.0000000 	 -1.6250000 	 -2.7500000 	 1.8664000 	 0.2458000 	 0.0476000 	 3.7996000 	 0.0550000 	 0.2921000
8.0000000 	 -1.7500000 	 -2.7500000 	 1.8677000 	 0.2460000 	 0.0477000 	 3.8026000 	 0.0412000 	 0.2921000
8.1000000 	 -1.2500000 	 -2.2500000 	 1.0252000 	 0.3484000 	 0.0788000 	 6.1534000 	 0.0710000 	 0.1764000
8.1000000 	 -1.3750000 	 -2.2500000 	 1.0271000 	 0.3490000 	 0.0791000 	 6.1637000 	 0.0533000 	 0.1765000
8.1000000 	 -1.5000000 	 -2.2500000 	 1.0283000 	 0.3496000 	 0.0793000 	 6.1715000 	 0.0400000 	 0.1766000
8.1000000 	 -1.6250000 	 -2.2500000 	 1.0293000 	 0.3500000 	 0.0794000 	 6.1772000 	 0.0300000 	 0.1767000
8.1000000 	 -1.7500000 	 -2.2500000 	 1.0302000 	 0.3503000 	 0.0795000 	 6.1819000 	 0.0225000 	 0.1768000
8.1000000 	 -1.2500000 	 -2.5000000 	 1.4607000 	 0.3024000 	 0.0604000 	 5.1462000 	 0.1044000 	 0.2457000
8.1000000 	 -1.3750000 	 -2.5000000 	 1.4638000 	 0.3031000 	 0.0607000 	 5.1572000 	 0.0784000 	 0.2459000
8.1000000 	 -1.5000000 	 -2.5000000 	 1.4662000 	 0.3037000 	 0.0608000 	 5.1658000 	 0.0588000 	 0.2461000
8.1000000 	 -1.6250000 	 -2.5000000 	 1.4680000 	 0.3041000 	 0.0610000 	 5.1721000 	 0.0442000 	 0.2463000
8.1000000 	 -1.7500000 	 -2.5000000 	 1.4692000 	 0.3044000 	 0.0611000 	 5.1764000 	 0.0331000 	 0.2464000
8.1000000 	 -1.2500000 	 -2.7500000 	 2.0708000 	 0.2564000 	 0.0432000 	 4.0189000 	 0.1545000 	 0.3444000
8.1000000 	 -1.3750000 	 -2.7500000 	 2.0765000 	 0.2572000 	 0.0435000 	 4.0299000 	 0.1160000 	 0.3449000
8.1000000 	 -1.5000000 	 -2.7500000 	 2.0808000 	 0.2578000 	 0.0436000 	 4.0383000 	 0.0871000 	 0.3452000
8.1000000 	 -1.6250000 	 -2.7500000 	 2.0839000 	 0.2583000 	 0.0438000 	 4.0445000 	 0.0654000 	 0.3454000
8.1000000 	 -1.7500000 	 -2.7500000 	 2.0864000 	 0.2586000 	 0.0439000 	 4.0491000 	 0.0491000 	 0.3456000
8.1000000 	 -1.2500000 	 -3.0000000 	 2.8092000 	 0.2096000 	 0.0276000 	 2.7867000 	 0.2216000 	 0.4779000
8.1000000 	 -1.3750000 	 -3.0000000 	 2.8196000 	 0.2104000 	 0.0278000 	 2.7972000 	 0.1665000 	 0.4786000
8.1000000 	 -1.5000000 	 -3.0000000 	 2.8272000 	 0.2111000 	 0.0279000 	 2.8050000 	 0.1250000 	 0.4793000
8.1000000 	 -1.6250000 	 -3.0000000 	 2.8331000 	 0.2116000 	 0.0280000 	 2.8109000 	 0.0938000 	 0.4797000
8.1000000 	 -1.7500000 	 -3.0000000 	 2.8376000 	 0.2119000 	 0.0281000 	 2.8153000 	 0.0704000 	 0.4800000
8.2000000 	 -1.0000000 	 -2.2500000 	 1.1278000 	 0.3468000 	 0.0673000 	 6.2947000 	 0.1484000 	 0.2047000
8.2000000 	 -1.1250000 	 -2.2500000 	 1.1324000 	 0.3484000 	 0.0678000 	 6.3197000 	 0.1115000 	 0.2052000
8.2000000 	 -1.2500000 	 -2.2500000 	 1.1362000 	 0.3497000 	 0.0682000 	 6.3385000 	 0.0838000 	 0.2055000
8.2000000 	 -1.3750000 	 -2.2500000 	 1.1386000 	 0.3506000 	 0.0685000 	 6.3520000 	 0.0629000 	 0.2058000
8.2000000 	 -1.5000000 	 -2.2500000 	 1.1405000 	 0.3512000 	 0.0687000 	 6.3621000 	 0.0472000 	 0.2060000
8.2000000 	 -1.0000000 	 -2.5000000 	 1.5894000 	 0.3004000 	 0.0511000 	 5.2357000 	 0.2176000 	 0.2847000
8.2000000 	 -1.1250000 	 -2.5000000 	 1.5976000 	 0.3021000 	 0.0516000 	 5.2621000 	 0.1636000 	 0.2854000
8.2000000 	 -1.2500000 	 -2.5000000 	 1.6037000 	 0.3034000 	 0.0519000 	 5.2813000 	 0.1229000 	 0.2859000
8.2000000 	 -1.3750000 	 -2.5000000 	 1.6081000 	 0.3044000 	 0.0522000 	 5.2951000 	 0.0923000 	 0.2864000
8.2000000 	 -1.5000000 	 -2.5000000 	 1.6115000 	 0.3051000 	 0.0524000 	 5.3060000 	 0.0693000 	 0.2867000
8.2000000 	 -1.0000000 	 -2.7500000 	 2.2206000 	 0.2542000 	 0.0362000 	 4.0631000 	 0.3196000 	 0.3982000
8.2000000 	 -1.1250000 	 -2.7500000 	 2.2359000 	 0.2562000 	 0.0366000 	 4.0899000 	 0.2405000 	 0.3994000
8.2000000 	 -1.2500000 	 -2.7500000 	 2.2469000 	 0.2576000 	 0.0370000 	 4.1097000 	 0.1808000 	 0.4004000
8.2000000 	 -1.3750000 	 -2.7500000 	 2.2553000 	 0.2587000 	 0.0372000 	 4.1247000 	 0.1359000 	 0.4012000
8.2000000 	 -1.5000000 	 -2.7500000 	 2.2615000 	 0.2595000 	 0.0374000 	 4.1359000 	 0.1020000 	 0.4017000
8.2000000 	 -1.0000000 	 -3.0000000 	 2.9631000 	 0.2073000 	 0.0229000 	 2.7997000 	 0.4534000 	 0.5512000
8.2000000 	 -1.1250000 	 -3.0000000 	 2.9896000 	 0.2093000 	 0.0233000 	 2.8245000 	 0.3416000 	 0.5533000
8.2000000 	 -1.2500000 	 -3.0000000 	 3.0092000 	 0.2109000 	 0.0235000 	 2.8430000 	 0.2571000 	 0.5550000
8.2000000 	 -1.3750000 	 -3.0000000 	 3.0241000 	 0.2120000 	 0.0238000 	 2.8572000 	 0.1933000 	 0.5563000
8.2000000 	 -1.5000000 	 -3.0000000 	 3.0352000 	 0.2129000 	 0.0239000 	 2.8678000 	 0.1452000 	 0.5573000
8.3000000 	 -1.0000000 	 -2.5000000 	 1.6647000 	 0.2808000 	 0.0392000 	 5.0541000 	 0.2493000 	 0.3216000
8.3000000 	 -1.1250000 	 -2.5000000 	 1.6771000 	 0.2830000 	 0.0397000 	 5.0886000 	 0.1877000 	 0.3228000
8.3000000 	 -1.2500000 	 -2.5000000 	 1.6861000 	 0.2847000 	 0.0401000 	 5.1140000 	 0.1411000 	 0.3237000
8.3000000 	 -1.3750000 	 -2.5000000 	 1.6925000 	 0.2859000 	 0.0404000 	 5.1327000 	 0.1060000 	 0.3243000
8.3000000 	 -1.5000000 	 -2.5000000 	 1.6977000 	 0.2869000 	 0.0406000 	 5.1472000 	 0.0796000 	 0.3249000
8.3000000 	 -1.0000000 	 -2.7500000 	 2.2829000 	 0.2363000 	 0.0274000 	 3.8865000 	 0.3625000 	 0.4485000
8.3000000 	 -1.1250000 	 -2.7500000 	 2.3036000 	 0.2387000 	 0.0279000 	 3.9204000 	 0.2731000 	 0.4506000
8.3000000 	 -1.2500000 	 -2.7500000 	 2.3195000 	 0.2405000 	 0.0282000 	 3.9461000 	 0.2056000 	 0.4521000
8.3000000 	 -1.3750000 	 -2.7500000 	 2.3315000 	 0.2419000 	 0.0285000 	 3.9655000 	 0.1546000 	 0.4533000
8.3000000 	 -1.5000000 	 -2.7500000 	 2.3406000 	 0.2429000 	 0.0287000 	 3.9802000 	 0.1162000 	 0.4541000
8.3000000 	 -1.0000000 	 -3.0000000 	 2.9809000 	 0.1911000 	 0.0171000 	 2.6490000 	 0.5071000 	 0.6185000
8.3000000 	 -1.1250000 	 -3.0000000 	 3.0167000 	 0.1937000 	 0.0175000 	 2.6804000 	 0.3827000 	 0.6220000
8.3000000 	 -1.2500000 	 -3.0000000 	 3.0458000 	 0.1957000 	 0.0178000 	 2.7045000 	 0.2885000 	 0.6247000
8.3000000 	 -1.3750000 	 -3.0000000 	 3.0669000 	 0.1972000 	 0.0180000 	 2.7231000 	 0.2171000 	 0.6267000
8.3000000 	 -1.5000000 	 -3.0000000 	 3.0828000 	 0.1983000 	 0.0182000 	 2.7367000 	 0.1633000 	 0.6282000
8.4000000 	 -1.0000000 	 -2.5000000 	 1.6817000 	 0.2526000 	 0.0283000 	 4.7147000 	 0.2793000 	 0.3562000
8.4000000 	 -1.1250000 	 -2.5000000 	 1.6983000 	 0.2553000 	 0.0288000 	 4.7572000 	 0.2106000 	 0.3581000
8.4000000 	 -1.2500000 	 -2.5000000 	 1.7115000 	 0.2574000 	 0.0292000 	 4.7902000 	 0.1586000 	 0.3594000
8.4000000 	 -1.3750000 	 -2.5000000 	 1.7212000 	 0.2590000 	 0.0294000 	 4.8145000 	 0.1193000 	 0.3604000
8.4000000 	 -1.5000000 	 -2.5000000 	 1.7294000 	 0.2603000 	 0.0297000 	 4.8338000 	 0.0897000 	 0.3613000
8.4000000 	 -1.0000000 	 -2.7500000 	 2.2575000 	 0.2109000 	 0.0194000 	 3.5848000 	 0.4014000 	 0.4948000
8.4000000 	 -1.1250000 	 -2.7500000 	 2.2869000 	 0.2139000 	 0.0198000 	 3.6271000 	 0.3031000 	 0.4979000
8.4000000 	 -1.2500000 	 -2.7500000 	 2.3081000 	 0.2160000 	 0.0202000 	 3.6587000 	 0.2284000 	 0.5002000
8.4000000 	 -1.3750000 	 -2.7500000 	 2.3246000 	 0.2177000 	 0.0204000 	 3.6828000 	 0.1720000 	 0.5019000
8.4000000 	 -1.5000000 	 -2.7500000 	 2.3369000 	 0.2189000 	 0.0206000 	 3.7004000 	 0.1293000 	 0.5033000
8.4000000 	 -1.0000000 	 -3.0000000 	 2.8747000 	 0.1687000 	 0.0119000 	 2.4133000 	 0.5523000 	 0.6784000
8.4000000 	 -1.1250000 	 -3.0000000 	 2.9232000 	 0.1717000 	 0.0122000 	 2.4509000 	 0.4180000 	 0.6837000
8.4000000 	 -1.2500000 	 -3.0000000 	 2.9582000 	 0.1740000 	 0.0125000 	 2.4791000 	 0.3155000 	 0.6877000
8.4000000 	 -1.3750000 	 -3.0000000 	 2.9867000 	 0.1757000 	 0.0127000 	 2.5005000 	 0.2378000 	 0.6907000
8.4000000 	 -1.5000000 	 -3.0000000 	 3.0067000 	 0.1770000 	 0.0129000 	 2.5167000 	 0.1790000 	 0.6929000
8.5000000 	 -1.0000000 	 -2.7500000 	 2.1432000 	 0.1646000 	 0.0115000 	 2.9675000 	 0.4270000 	 0.5117000
8.5000000 	 -1.1250000 	 -2.7500000 	 2.1822000 	 0.1677000 	 0.0119000 	 3.0150000 	 0.3234000 	 0.5163000
8.5000000 	 -1.2500000 	 -2.7500000 	 2.2120000 	 0.1702000 	 0.0121000 	 3.0511000 	 0.2443000 	 0.5198000
8.5000000 	 -1.3750000 	 -2.7500000 	 2.2345000 	 0.1720000 	 0.0123000 	 3.0786000 	 0.1842000 	 0.5224000
8.5000000 	 -1.5000000 	 -2.7500000 	 2.2515000 	 0.1734000 	 0.0125000 	 3.0993000 	 0.1387000 	 0.5243000
8.5000000 	 -1.0000000 	 -3.0000000 	 2.6141000 	 0.1266000 	 0.0067000 	 1.9285000 	 0.5736000 	 0.6955000
8.5000000 	 -1.1250000 	 -3.0000000 	 2.6753000 	 0.1298000 	 0.0070000 	 1.9692000 	 0.4357000 	 0.7032000
8.5000000 	 -1.2500000 	 -3.0000000 	 2.7211000 	 0.1321000 	 0.0072000 	 1.9988000 	 0.3298000 	 0.7090000
8.5000000 	 -1.3750000 	 -3.0000000 	 2.7555000 	 0.1339000 	 0.0074000 	 2.0219000 	 0.2491000 	 0.7134000
8.5000000 	 -1.5000000 	 -3.0000000 	 2.7812000 	 0.1352000 	 0.0075000 	 2.0388000 	 0.1877000 	 0.7165000
8.5000000 	 -1.0000000 	 -3.2500000 	 2.8556000 	 0.0890000 	 0.0032000 	 1.0186000 	 0.6972000 	 0.9053000
8.5000000 	 -1.1250000 	 -3.2500000 	 2.9365000 	 0.0916000 	 0.0034000 	 1.0451000 	 0.5312000 	 0.9176000
8.5000000 	 -1.2500000 	 -3.2500000 	 2.9982000 	 0.0936000 	 0.0035000 	 1.0654000 	 0.4031000 	 0.9266000
8.5000000 	 -1.3750000 	 -3.2500000 	 3.0460000 	 0.0952000 	 0.0036000 	 1.0811000 	 0.3050000 	 0.9336000
8.5000000 	 -1.5000000 	 -3.2500000 	 3.0824000 	 0.0964000 	 0.0037000 	 1.0929000 	 0.2303000 	 0.9389000
8.6000000 	 -0.7500000 	 -2.7500000 	 1.8986000 	 0.1001000 	 0.0052000 	 2.0576000 	 0.7518000 	 0.4820000
8.6000000 	 -0.8750000 	 -2.7500000 	 1.9881000 	 0.1051000 	 0.0056000 	 2.1405000 	 0.5782000 	 0.4933000
8.6000000 	 -1.0000000 	 -2.7500000 	 2.0577000 	 0.1090000 	 0.0059000 	 2.2043000 	 0.4419000 	 0.5018000
8.6000000 	 -1.1250000 	 -2.7500000 	 2.1105000 	 0.1120000 	 0.0062000 	 2.2531000 	 0.3360000 	 0.5083000
8.6000000 	 -1.2500000 	 -2.7500000 	 2.1511000 	 0.1142000 	 0.0064000 	 2.2902000 	 0.2546000 	 0.5132000
8.6000000 	 -0.7500000 	 -3.0000000 	 2.1338000 	 0.0701000 	 0.0028000 	 1.2338000 	 0.9725000 	 0.6442000
8.6000000 	 -0.8750000 	 -3.0000000 	 2.2550000 	 0.0743000 	 0.0030000 	 1.2950000 	 0.7522000 	 0.6620000
8.6000000 	 -1.0000000 	 -3.0000000 	 2.3507000 	 0.0776000 	 0.0032000 	 1.3422000 	 0.5773000 	 0.6756000
8.6000000 	 -1.1250000 	 -3.0000000 	 2.4248000 	 0.0802000 	 0.0034000 	 1.3791000 	 0.4405000 	 0.6861000
8.6000000 	 -1.2500000 	 -3.0000000 	 2.4818000 	 0.0822000 	 0.0036000 	 1.4076000 	 0.3346000 	 0.6940000
8.6000000 	 -0.7500000 	 -3.2500000 	 2.0957000 	 0.0435000 	 0.0011000 	 0.5791000 	 1.1202000 	 0.8135000
8.6000000 	 -0.8750000 	 -3.2500000 	 2.2360000 	 0.0465000 	 0.0013000 	 0.6141000 	 0.8717000 	 0.8395000
8.6000000 	 -1.0000000 	 -3.2500000 	 2.3485000 	 0.0490000 	 0.0014000 	 0.6419000 	 0.6722000 	 0.8599000
8.6000000 	 -1.1250000 	 -3.2500000 	 2.4361000 	 0.0509000 	 0.0015000 	 0.6636000 	 0.5147000 	 0.8754000
8.6000000 	 -1.2500000 	 -3.2500000 	 2.5057000 	 0.0525000 	 0.0015000 	 0.6806000 	 0.3922000 	 0.8873000
8.7000000 	 -0.7500000 	 -3.0000000 	 1.6308000 	 0.0358000 	 0.0011000 	 0.7645000 	 0.8906000 	 0.5846000
8.7000000 	 -0.8750000 	 -3.0000000 	 1.7518000 	 0.0386000 	 0.0012000 	 0.8142000 	 0.6951000 	 0.6057000
8.7000000 	 -1.0000000 	 -3.0000000 	 1.8480000 	 0.0409000 	 0.0013000 	 0.8530000 	 0.5370000 	 0.6220000
8.7000000 	 -1.1250000 	 -3.0000000 	 1.9247000 	 0.0427000 	 0.0014000 	 0.8837000 	 0.4119000 	 0.6348000
8.7000000 	 -1.2500000 	 -3.0000000 	 1.9849000 	 0.0441000 	 0.0015000 	 0.9074000 	 0.3142000 	 0.6444000
8.7000000 	 -0.7500000 	 -3.2500000 	 1.3741000 	 0.0188000 	 0.0000000 	 0.3102000 	 0.9468000 	 0.6950000
8.7000000 	 -0.8750000 	 -3.2500000 	 1.4891000 	 0.0205000 	 0.0000000 	 0.3336000 	 0.7433000 	 0.7231000
8.7000000 	 -1.0000000 	 -3.2500000 	 1.5840000 	 0.0219000 	 0.0000000 	 0.3526000 	 0.5773000 	 0.7456000
8.7000000 	 -1.1250000 	 -3.2500000 	 1.6605000 	 0.0230000 	 0.0000000 	 0.3679000 	 0.4447000 	 0.7632000
8.7000000 	 -1.2500000 	 -3.2500000 	 1.7211000 	 0.0239000 	 0.0000000 	 0.3799000 	 0.3404000 	 0.7767000
8.7000000 	 -0.7500000 	 -3.5000000 	 0.9410000 	 0.0081000 	 0.0000000 	 0.0892000 	 0.8385000 	 0.7341000
8.7000000 	 -0.8750000 	 -3.5000000 	 1.0203000 	 0.0089000 	 0.0000000 	 0.0963000 	 0.6590000 	 0.7645000
8.7000000 	 -1.0000000 	 -3.5000000 	 1.0877000 	 0.0095000 	 0.0000000 	 0.1022000 	 0.5129000 	 0.7891000
8.7000000 	 -1.1250000 	 -3.5000000 	 1.1411000 	 0.0099000 	 0.0000000 	 0.1069000 	 0.3954000 	 0.8084000
8.7000000 	 -1.2500000 	 -3.5000000 	 1.1837000 	 0.0103000 	 0.0000000 	 0.1107000 	 0.3029000 	 0.8231000
8.8000000 	 -0.5000000 	 -3.0000000 	 0.8426000 	 0.0120000 	 0.0000000 	 0.3379000 	 1.1662000 	 0.4434000
8.8000000 	 -0.6250000 	 -3.0000000 	 0.9848000 	 0.0142000 	 0.0000000 	 0.3903000 	 0.9535000 	 0.4791000
8.8000000 	 -0.7500000 	 -3.0000000 	 1.1096000 	 0.0162000 	 0.0000000 	 0.4346000 	 0.7640000 	 0.5084000
8.8000000 	 -0.8750000 	 -3.0000000 	 1.2158000 	 0.0178000 	 0.0000000 	 0.4715000 	 0.6026000 	 0.5319000
8.8000000 	 -1.0000000 	 -3.0000000 	 1.3028000 	 0.0192000 	 0.0000000 	 0.5012000 	 0.4695000 	 0.5504000
8.8000000 	 -0.5000000 	 -3.2500000 	 0.5926000 	 0.0053000 	 0.0000000 	 0.1147000 	 1.1213000 	 0.4868000
8.8000000 	 -0.6250000 	 -3.2500000 	 0.6901000 	 0.0062000 	 0.0000000 	 0.1323000 	 0.9170000 	 0.5252000
8.8000000 	 -0.7500000 	 -3.2500000 	 0.7783000 	 0.0070000 	 0.0000000 	 0.1481000 	 0.7363000 	 0.5576000
8.8000000 	 -0.8750000 	 -3.2500000 	 0.8549000 	 0.0078000 	 0.0000000 	 0.1616000 	 0.5824000 	 0.5842000
8.8000000 	 -1.0000000 	 -3.2500000 	 0.9195000 	 0.0084000 	 0.0000000 	 0.1729000 	 0.4552000 	 0.6057000
8.8000000 	 -0.5000000 	 -3.5000000 	 0.3573000 	 0.0020000 	 0.0000000 	 0.0282000 	 0.9208000 	 0.4807000
8.8000000 	 -0.6250000 	 -3.5000000 	 0.4075000 	 0.0023000 	 0.0000000 	 0.0320000 	 0.7453000 	 0.5143000
8.8000000 	 -0.7500000 	 -3.5000000 	 0.4528000 	 0.0026000 	 0.0000000 	 0.0353000 	 0.5941000 	 0.5430000
8.8000000 	 -0.8750000 	 -3.5000000 	 0.4913000 	 0.0028000 	 0.0000000 	 0.0381000 	 0.4671000 	 0.5662000
8.8000000 	 -1.0000000 	 -3.5000000 	 0.5242000 	 0.0030000 	 0.0000000 	 0.0405000 	 0.3637000 	 0.5851000
8.9000000 	 -0.5000000 	 -3.2500000 	 0.1828000 	 0.0000000 	 0.0000000 	 0.0293000 	 0.6209000 	 0.2888000
8.9000000 	 -0.6250000 	 -3.2500000 	 0.2140000 	 0.0010000 	 0.0000000 	 0.0344000 	 0.5093000 	 0.3128000
8.9000000 	 -0.7500000 	 -3.2500000 	 0.2424000 	 0.0012000 	 0.0000000 	 0.0389000 	 0.4098000 	 0.3330000
8.9000000 	 -0.8750000 	 -3.2500000 	 0.2673000 	 0.0013000 	 0.0000000 	 0.0429000 	 0.3247000 	 0.3497000
8.9000000 	 -1.0000000 	 -3.2500000 	 0.2884000 	 0.0014000 	 0.0000000 	 0.0463000 	 0.2541000 	 0.3633000
8.9000000 	 -0.5000000 	 -3.5000000 	 0.0756000 	 0.0000000 	 0.0000000 	 0.0127000 	 0.3672000 	 0.1608000
8.9000000 	 -0.6250000 	 -3.5000000 	 0.0796000 	 0.0000000 	 0.0000000 	 0.0130000 	 0.2821000 	 0.1649000
8.9000000 	 -0.7500000 	 -3.5000000 	 0.0796000 	 0.0000000 	 0.0000000 	 0.0127000 	 0.2115000 	 0.1656000
8.9000000 	 -0.8750000 	 -3.5000000 	 0.1277000 	 0.0000000 	 0.0000000 	 0.0081000 	 0.2304000 	 0.3025000
8.9000000 	 -1.0000000 	 -3.5000000 	 0.1349000 	 0.0000000 	 0.0000000 	 0.0085000 	 0.1785000 	 0.3115000
8.9000000 	 -0.5000000 	 -3.7500000 	 0.0481000 	 0.0000000 	 0.0000000 	 0.0034000 	 0.3058000 	 0.1599000
8.9000000 	 -0.6250000 	 -3.7500000 	 0.0546000 	 0.0000000 	 0.0000000 	 0.0038000 	 0.2456000 	 0.1704000
8.9000000 	 -0.7500000 	 -3.7500000 	 0.0600000 	 0.0000000 	 0.0000000 	 0.0041000 	 0.1945000 	 0.1793000
8.9000000 	 -0.8750000 	 -3.7500000 	 0.0646000 	 0.0000000 	 0.0000000 	 0.0043000 	 0.1521000 	 0.1866000
8.9000000 	 -1.0000000 	 -3.7500000 	 0.0630000 	 0.0000000 	 0.0000000 	 0.0042000 	 0.1128000 	 0.1849000
9.0000000 	 -0.2500000 	 -3.2500000 	 0.0207000 	 0.0000000 	 0.0000000 	 0.0063000 	 0.2472000 	 0.0564000
9.0000000 	 -0.3750000 	 -3.2500000 	 0.0300000 	 0.0000000 	 0.0000000 	 0.0085000 	 0.2288000 	 0.0688000
9.0000000 	 -0.5000000 	 -3.2500000 	 0.0436000 	 0.0000000 	 0.0000000 	 0.0123000 	 0.2547000 	 0.1023000
9.0000000 	 -0.6250000 	 -3.2500000 	 0.0549000 	 0.0000000 	 0.0000000 	 0.0148000 	 0.2174000 	 0.1156000
9.0000000 	 -0.7500000 	 -3.2500000 	 0.0597000 	 0.0000000 	 0.0000000 	 0.0158000 	 0.1725000 	 0.1222000
9.0000000 	 -0.2500000 	 -3.5000000 	 0.0083000 	 0.0000000 	 0.0000000 	 0.0012000 	 0.1683000 	 0.0459000
9.0000000 	 -0.3750000 	 -3.5000000 	 0.0108000 	 0.0000000 	 0.0000000 	 0.0015000 	 0.1459000 	 0.0527000
9.0000000 	 -0.5000000 	 -3.5000000 	 0.0131000 	 0.0000000 	 0.0000000 	 0.0018000 	 0.1225000 	 0.0587000
9.0000000 	 -0.6250000 	 -3.5000000 	 0.0152000 	 0.0000000 	 0.0000000 	 0.0020000 	 0.1002000 	 0.0637000
9.0000000 	 -0.7500000 	 -3.5000000 	 0.0171000 	 0.0000000 	 0.0000000 	 0.0022000 	 0.0804000 	 0.0679000
9.0000000 	 -0.2500000 	 -3.7500000 	 0.0041000 	 0.0000000 	 0.0000000 	 0.0000000 	 0.1181000 	 0.0387000
9.0000000 	 -0.3750000 	 -3.7500000 	 0.0049000 	 0.0000000 	 0.0000000 	 0.0000000 	 0.0993000 	 0.0432000
9.0000000 	 -0.5000000 	 -3.7500000 	 0.0057000 	 0.0000000 	 0.0000000 	 0.0000000 	 0.0813000 	 0.0470000
9.0000000 	 -0.6250000 	 -3.7500000 	 0.0065000 	 0.0000000 	 0.0000000 	 0.0000000 	 0.0654000 	 0.0502000
9.0000000 	 -0.7500000 	 -3.7500000 	 0.0071000 	 0.0000000 	 0.0000000 	 0.0000000 	 0.0516000 	 0.0527000
9.1000000 	 -0.2500000 	 -3.2500000 	 0.0000000 	 0.0000000 	 0.0000000 	 0.0000000 	 0.0535000 	 0.0139000
9.1000000 	 -0.3750000 	 -3.2500000 	 0.0000000 	 0.0000000 	 0.0000000 	 0.0000000 	 0.0512000 	 0.0175000
9.1000000 	 -0.5000000 	 -3.2500000 	 0.0025000 	 0.0000000 	 0.0000000 	 0.0000000 	 0.0463000 	 0.0209000
9.1000000 	 -0.6250000 	 -3.2500000 	 0.0032000 	 0.0000000 	 0.0000000 	 0.0000000 	 0.0400000 	 0.0240000
9.1000000 	 -0.7500000 	 -3.2500000 	 0.0037000 	 0.0000000 	 0.0000000 	 0.0000000 	 0.0334000 	 0.0266000
9.1000000 	 -0.2500000 	 -3.5000000 	 0.0000000 	 0.0000000 	 0.0000000 	 0.0000000 	 0.0306000 	 0.0096000
9.1000000 	 -0.3750000 	 -3.5000000 	 0.0000000 	 0.0000000 	 0.0000000 	 0.0000000 	 0.0274000 	 0.0114000
9.1000000 	 -0.5000000 	 -3.5000000 	 0.0000000 	 0.0000000 	 0.0000000 	 0.0000000 	 0.0234000 	 0.0128000
9.1000000 	 -0.6250000 	 -3.5000000 	 0.0000000 	 0.0000000 	 0.0000000 	 0.0000000 	 0.0194000 	 0.0141000
9.1000000 	 -0.7500000 	 -3.5000000 	 0.0000000 	 0.0000000 	 0.0000000 	 0.0000000 	 0.0157000 	 0.0152000
9.1000000 	 -0.2500000 	 -3.7500000 	 0.0000000 	 0.0000000 	 0.0000000 	 0.0000000 	 0.0194000 	 0.0071000
9.1000000 	 -0.3750000 	 -3.7500000 	 0.0000000 	 0.0000000 	 0.0000000 	 0.0000000 	 0.0169000 	 0.0083000
9.1000000 	 -0.5000000 	 -3.7500000 	 0.0000000 	 0.0000000 	 0.0000000 	 0.0000000 	 0.0142000 	 0.0092000
9.1000000 	 -0.6250000 	 -3.7500000 	 0.0000000 	 0.0000000 	 0.0000000 	 0.0000000 	 0.0116000 	 0.0100000
9.1000000 	 -0.7500000 	 -3.7500000 	 0.0000000 	 0.0000000 	 0.0000000 	 0.0000000 	 0.0093000 	 0.0107000
