#Constrained by relation between 12+log(O/H), log(U) and log(N/O)
12+log(O/H)     	 log(N/O)        	 log(U)          	 HI_4m           	 ArII_7m         	 HI_7m           	 ArV_8m          	 ArIII_9m        	 SIV_10m         	 HI_12m          	 NeII_12m        	 ArV_13m         	 NeV_14m         	 NeIII_15m       	 SIII_19m        	 NeV_24m         	 OIV_26m         	 SIII_33m        	 OIII_52m        	 NIII_57m        	 OIII_88m        	 NII_122m        	 NII_205m       
6.9000000 	 -1.7500000 	 -2.5000000 	 0.0599000 	 0.0000000 	 0.0177000 	 0.0000000 	 0.0045000 	 0.0147000 	 0.0065000 	 0.0015000 	 0.0000000 	 0.0000000 	 0.0296000 	 0.0178000 	 0.0000000 	 0.0000000 	 0.0244000 	 0.0614000 	 0.0020000 	 0.0750000 	 0.0000000 	 0.0000000
6.9000000 	 -1.7500000 	 -2.2500000 	 0.0590000 	 0.0000000 	 0.0174000 	 0.0000000 	 0.0042000 	 0.0250000 	 0.0064000 	 0.0000000 	 0.0000000 	 0.0000000 	 0.0311000 	 0.0173000 	 0.0000000 	 0.0000000 	 0.0234000 	 0.0687000 	 0.0020000 	 0.0835000 	 0.0000000 	 0.0000000
6.9000000 	 -1.7500000 	 -2.0000000 	 0.0580000 	 0.0000000 	 0.0171000 	 0.0000000 	 0.0037000 	 0.0378000 	 0.0063000 	 0.0000000 	 0.0000000 	 0.0000000 	 0.0324000 	 0.0159000 	 0.0000000 	 0.0000000 	 0.0213000 	 0.0743000 	 0.0020000 	 0.0898000 	 0.0000000 	 0.0000000
6.9000000 	 -1.6250000 	 -2.5000000 	 0.0599000 	 0.0000000 	 0.0177000 	 0.0000000 	 0.0045000 	 0.0147000 	 0.0065000 	 0.0015000 	 0.0000000 	 0.0000000 	 0.0296000 	 0.0178000 	 0.0000000 	 0.0000000 	 0.0244000 	 0.0614000 	 0.0026000 	 0.0750000 	 0.0000000 	 0.0000000
6.9000000 	 -1.6250000 	 -2.2500000 	 0.0590000 	 0.0000000 	 0.0174000 	 0.0000000 	 0.0042000 	 0.0250000 	 0.0064000 	 0.0000000 	 0.0000000 	 0.0000000 	 0.0311000 	 0.0173000 	 0.0000000 	 0.0000000 	 0.0234000 	 0.0687000 	 0.0027000 	 0.0835000 	 0.0000000 	 0.0000000
6.9000000 	 -1.6250000 	 -2.0000000 	 0.0580000 	 0.0000000 	 0.0171000 	 0.0000000 	 0.0037000 	 0.0378000 	 0.0063000 	 0.0000000 	 0.0000000 	 0.0000000 	 0.0324000 	 0.0159000 	 0.0000000 	 0.0000000 	 0.0213000 	 0.0743000 	 0.0027000 	 0.0898000 	 0.0000000 	 0.0000000
6.9000000 	 -1.5000000 	 -2.5000000 	 0.0599000 	 0.0000000 	 0.0177000 	 0.0000000 	 0.0045000 	 0.0147000 	 0.0065000 	 0.0015000 	 0.0000000 	 0.0000000 	 0.0296000 	 0.0178000 	 0.0000000 	 0.0000000 	 0.0244000 	 0.0614000 	 0.0035000 	 0.0750000 	 0.0000000 	 0.0000000
6.9000000 	 -1.5000000 	 -2.2500000 	 0.0590000 	 0.0000000 	 0.0174000 	 0.0000000 	 0.0042000 	 0.0250000 	 0.0064000 	 0.0000000 	 0.0000000 	 0.0000000 	 0.0311000 	 0.0173000 	 0.0000000 	 0.0000000 	 0.0234000 	 0.0687000 	 0.0036000 	 0.0835000 	 0.0000000 	 0.0000000
6.9000000 	 -1.5000000 	 -2.0000000 	 0.0580000 	 0.0000000 	 0.0171000 	 0.0000000 	 0.0037000 	 0.0378000 	 0.0063000 	 0.0000000 	 0.0000000 	 0.0000000 	 0.0324000 	 0.0159000 	 0.0000000 	 0.0000000 	 0.0213000 	 0.0743000 	 0.0035000 	 0.0898000 	 0.0000000 	 0.0000000
7.0000000 	 -1.7500000 	 -2.5000000 	 0.0600000 	 0.0000000 	 0.0178000 	 0.0000000 	 0.0057000 	 0.0184000 	 0.0065000 	 0.0012000 	 0.0000000 	 0.0000000 	 0.0234000 	 0.0223000 	 0.0000000 	 0.0000000 	 0.0308000 	 0.0771000 	 0.0025000 	 0.0942000 	 0.0000000 	 0.0000000
7.0000000 	 -1.7500000 	 -2.2500000 	 0.0591000 	 0.0000000 	 0.0175000 	 0.0000000 	 0.0053000 	 0.0314000 	 0.0064000 	 0.0000000 	 0.0000000 	 0.0000000 	 0.0247000 	 0.0217000 	 0.0000000 	 0.0000000 	 0.0295000 	 0.0862000 	 0.0026000 	 0.1048000 	 0.0000000 	 0.0000000
7.0000000 	 -1.7500000 	 -2.0000000 	 0.0582000 	 0.0000000 	 0.0172000 	 0.0000000 	 0.0047000 	 0.0476000 	 0.0063000 	 0.0000000 	 0.0000000 	 0.0000000 	 0.0257000 	 0.0200000 	 0.0000000 	 0.0000000 	 0.0268000 	 0.0933000 	 0.0025000 	 0.1127000 	 0.0000000 	 0.0000000
7.0000000 	 -1.6750000 	 -2.5000000 	 0.0600000 	 0.0000000 	 0.0178000 	 0.0000000 	 0.0057000 	 0.0184000 	 0.0065000 	 0.0012000 	 0.0000000 	 0.0000000 	 0.0234000 	 0.0223000 	 0.0000000 	 0.0000000 	 0.0308000 	 0.0771000 	 0.0029000 	 0.0942000 	 0.0000000 	 0.0000000
7.0000000 	 -1.6750000 	 -2.2500000 	 0.0591000 	 0.0000000 	 0.0175000 	 0.0000000 	 0.0053000 	 0.0314000 	 0.0064000 	 0.0000000 	 0.0000000 	 0.0000000 	 0.0247000 	 0.0217000 	 0.0000000 	 0.0000000 	 0.0295000 	 0.0862000 	 0.0031000 	 0.1048000 	 0.0000000 	 0.0000000
7.0000000 	 -1.6750000 	 -2.0000000 	 0.0582000 	 0.0000000 	 0.0172000 	 0.0000000 	 0.0047000 	 0.0476000 	 0.0063000 	 0.0000000 	 0.0000000 	 0.0000000 	 0.0257000 	 0.0200000 	 0.0000000 	 0.0000000 	 0.0268000 	 0.0933000 	 0.0030000 	 0.1127000 	 0.0000000 	 0.0000000
7.0000000 	 -1.5000000 	 -2.5000000 	 0.0600000 	 0.0000000 	 0.0178000 	 0.0000000 	 0.0057000 	 0.0184000 	 0.0065000 	 0.0012000 	 0.0000000 	 0.0000000 	 0.0234000 	 0.0223000 	 0.0000000 	 0.0000000 	 0.0308000 	 0.0771000 	 0.0044000 	 0.0942000 	 0.0000000 	 0.0000000
7.0000000 	 -1.5000000 	 -2.2500000 	 0.0591000 	 0.0000000 	 0.0175000 	 0.0000000 	 0.0053000 	 0.0314000 	 0.0064000 	 0.0000000 	 0.0000000 	 0.0000000 	 0.0247000 	 0.0217000 	 0.0000000 	 0.0000000 	 0.0295000 	 0.0862000 	 0.0046000 	 0.1048000 	 0.0000000 	 0.0000000
7.0000000 	 -1.5000000 	 -2.0000000 	 0.0582000 	 0.0000000 	 0.0172000 	 0.0000000 	 0.0047000 	 0.0476000 	 0.0063000 	 0.0000000 	 0.0000000 	 0.0000000 	 0.0257000 	 0.0200000 	 0.0000000 	 0.0000000 	 0.0268000 	 0.0933000 	 0.0045000 	 0.1127000 	 0.0000000 	 0.0000000
7.1000000 	 -1.7500000 	 -2.5000000 	 0.0601000 	 0.0000000 	 0.0178000 	 0.0000000 	 0.0071000 	 0.0231000 	 0.0066000 	 0.0015000 	 0.0000000 	 0.0000000 	 0.0295000 	 0.0281000 	 0.0000000 	 0.0000000 	 0.0387000 	 0.0969000 	 0.0031000 	 0.1183000 	 0.0000000 	 0.0000000
7.1000000 	 -1.7500000 	 -2.2500000 	 0.0593000 	 0.0000000 	 0.0175000 	 0.0000000 	 0.0067000 	 0.0395000 	 0.0065000 	 0.0000000 	 0.0000000 	 0.0000000 	 0.0310000 	 0.0273000 	 0.0000000 	 0.0000000 	 0.0371000 	 0.1084000 	 0.0032000 	 0.1316000 	 0.0000000 	 0.0000000
7.1000000 	 -1.7500000 	 -2.0000000 	 0.0584000 	 0.0000000 	 0.0172000 	 0.0000000 	 0.0059000 	 0.0598000 	 0.0063000 	 0.0000000 	 0.0000000 	 0.0000000 	 0.0323000 	 0.0251000 	 0.0000000 	 0.0000000 	 0.0338000 	 0.1172000 	 0.0032000 	 0.1415000 	 0.0000000 	 0.0000000
7.1000000 	 -1.6250000 	 -2.5000000 	 0.0601000 	 0.0000000 	 0.0178000 	 0.0000000 	 0.0071000 	 0.0231000 	 0.0066000 	 0.0015000 	 0.0000000 	 0.0000000 	 0.0295000 	 0.0281000 	 0.0000000 	 0.0000000 	 0.0387000 	 0.0969000 	 0.0042000 	 0.1183000 	 0.0000000 	 0.0000000
7.1000000 	 -1.6250000 	 -2.2500000 	 0.0593000 	 0.0000000 	 0.0175000 	 0.0000000 	 0.0067000 	 0.0395000 	 0.0065000 	 0.0000000 	 0.0000000 	 0.0000000 	 0.0310000 	 0.0273000 	 0.0000000 	 0.0000000 	 0.0371000 	 0.1083000 	 0.0043000 	 0.1316000 	 0.0000000 	 0.0000000
7.1000000 	 -1.6250000 	 -2.0000000 	 0.0584000 	 0.0000000 	 0.0172000 	 0.0000000 	 0.0059000 	 0.0598000 	 0.0063000 	 0.0000000 	 0.0000000 	 0.0000000 	 0.0323000 	 0.0251000 	 0.0000000 	 0.0000000 	 0.0338000 	 0.1172000 	 0.0042000 	 0.1415000 	 0.0000000 	 0.0000000
7.1000000 	 -1.5000000 	 -2.5000000 	 0.0601000 	 0.0000000 	 0.0178000 	 0.0000000 	 0.0071000 	 0.0231000 	 0.0066000 	 0.0015000 	 0.0000000 	 0.0000000 	 0.0295000 	 0.0281000 	 0.0000000 	 0.0000000 	 0.0387000 	 0.0969000 	 0.0055000 	 0.1183000 	 0.0000000 	 0.0000000
7.1000000 	 -1.5000000 	 -2.2500000 	 0.0593000 	 0.0000000 	 0.0175000 	 0.0000000 	 0.0067000 	 0.0395000 	 0.0065000 	 0.0000000 	 0.0000000 	 0.0000000 	 0.0310000 	 0.0273000 	 0.0000000 	 0.0000000 	 0.0371000 	 0.1083000 	 0.0057000 	 0.1316000 	 0.0000000 	 0.0000000
7.1000000 	 -1.5000000 	 -2.0000000 	 0.0584000 	 0.0000000 	 0.0172000 	 0.0000000 	 0.0059000 	 0.0598000 	 0.0063000 	 0.0000000 	 0.0000000 	 0.0000000 	 0.0323000 	 0.0251000 	 0.0000000 	 0.0000000 	 0.0338000 	 0.1172000 	 0.0056000 	 0.1415000 	 0.0000000 	 0.0000000
7.2000000 	 -1.7500000 	 -2.5000000 	 0.0604000 	 0.0000000 	 0.0179000 	 0.0000000 	 0.0071000 	 0.0288000 	 0.0066000 	 0.0019000 	 0.0000000 	 0.0000000 	 0.0370000 	 0.0353000 	 0.0000000 	 0.0000000 	 0.0487000 	 0.1215000 	 0.0039000 	 0.1483000 	 0.0000000 	 0.0000000
7.2000000 	 -1.7500000 	 -2.2500000 	 0.0595000 	 0.0000000 	 0.0177000 	 0.0000000 	 0.0067000 	 0.0493000 	 0.0065000 	 0.0012000 	 0.0000000 	 0.0000000 	 0.0389000 	 0.0343000 	 0.0000000 	 0.0000000 	 0.0467000 	 0.1358000 	 0.0041000 	 0.1649000 	 0.0000000 	 0.0000000
7.2000000 	 -1.7500000 	 -2.0000000 	 0.0587000 	 0.0000000 	 0.0174000 	 0.0000000 	 0.0059000 	 0.0749000 	 0.0064000 	 0.0000000 	 0.0000000 	 0.0000000 	 0.0405000 	 0.0315000 	 0.0000000 	 0.0000000 	 0.0425000 	 0.1468000 	 0.0040000 	 0.1771000 	 0.0000000 	 0.0000000
7.2000000 	 -1.6250000 	 -2.5000000 	 0.0604000 	 0.0000000 	 0.0179000 	 0.0000000 	 0.0071000 	 0.0288000 	 0.0066000 	 0.0019000 	 0.0000000 	 0.0000000 	 0.0370000 	 0.0353000 	 0.0000000 	 0.0000000 	 0.0487000 	 0.1215000 	 0.0052000 	 0.1483000 	 0.0000000 	 0.0000000
7.2000000 	 -1.6250000 	 -2.2500000 	 0.0595000 	 0.0000000 	 0.0177000 	 0.0000000 	 0.0067000 	 0.0493000 	 0.0065000 	 0.0012000 	 0.0000000 	 0.0000000 	 0.0389000 	 0.0343000 	 0.0000000 	 0.0000000 	 0.0467000 	 0.1358000 	 0.0054000 	 0.1649000 	 0.0000000 	 0.0000000
7.2000000 	 -1.6250000 	 -2.0000000 	 0.0587000 	 0.0000000 	 0.0174000 	 0.0000000 	 0.0059000 	 0.0749000 	 0.0064000 	 0.0000000 	 0.0000000 	 0.0000000 	 0.0405000 	 0.0315000 	 0.0000000 	 0.0000000 	 0.0425000 	 0.1468000 	 0.0053000 	 0.1771000 	 0.0000000 	 0.0000000
7.2000000 	 -1.5000000 	 -2.5000000 	 0.0604000 	 0.0000000 	 0.0179000 	 0.0000000 	 0.0071000 	 0.0288000 	 0.0066000 	 0.0019000 	 0.0000000 	 0.0000000 	 0.0370000 	 0.0353000 	 0.0000000 	 0.0000000 	 0.0487000 	 0.1215000 	 0.0070000 	 0.1483000 	 0.0000000 	 0.0000000
7.2000000 	 -1.5000000 	 -2.2500000 	 0.0595000 	 0.0000000 	 0.0177000 	 0.0000000 	 0.0067000 	 0.0493000 	 0.0065000 	 0.0012000 	 0.0000000 	 0.0000000 	 0.0389000 	 0.0343000 	 0.0000000 	 0.0000000 	 0.0467000 	 0.1358000 	 0.0072000 	 0.1649000 	 0.0000000 	 0.0000000
7.2000000 	 -1.5000000 	 -2.0000000 	 0.0587000 	 0.0000000 	 0.0174000 	 0.0000000 	 0.0059000 	 0.0749000 	 0.0064000 	 0.0000000 	 0.0000000 	 0.0000000 	 0.0405000 	 0.0315000 	 0.0000000 	 0.0000000 	 0.0425000 	 0.1468000 	 0.0071000 	 0.1771000 	 0.0000000 	 0.0000000
7.3000000 	 -1.7500000 	 -2.5000000 	 0.0607000 	 0.0000000 	 0.0181000 	 0.0000000 	 0.0113000 	 0.0356000 	 0.0066000 	 0.0025000 	 0.0000000 	 0.0000000 	 0.0463000 	 0.0443000 	 0.0000000 	 0.0000000 	 0.0613000 	 0.1521000 	 0.0049000 	 0.1857000 	 0.0000000 	 0.0000000
7.3000000 	 -1.7500000 	 -2.2500000 	 0.0599000 	 0.0000000 	 0.0178000 	 0.0000000 	 0.0106000 	 0.0612000 	 0.0065000 	 0.0016000 	 0.0000000 	 0.0000000 	 0.0488000 	 0.0430000 	 0.0000000 	 0.0000000 	 0.0589000 	 0.1700000 	 0.0051000 	 0.2062000 	 0.0000000 	 0.0000000
7.3000000 	 -1.7500000 	 -2.0000000 	 0.0591000 	 0.0000000 	 0.0175000 	 0.0000000 	 0.0094000 	 0.0934000 	 0.0065000 	 0.0010000 	 0.0000000 	 0.0000000 	 0.0508000 	 0.0396000 	 0.0000000 	 0.0000000 	 0.0536000 	 0.1836000 	 0.0050000 	 0.2212000 	 0.0000000 	 0.0000000
7.3000000 	 -1.6250000 	 -2.5000000 	 0.0607000 	 0.0000000 	 0.0181000 	 0.0000000 	 0.0113000 	 0.0356000 	 0.0066000 	 0.0025000 	 0.0000000 	 0.0000000 	 0.0463000 	 0.0443000 	 0.0000000 	 0.0000000 	 0.0613000 	 0.1521000 	 0.0066000 	 0.1857000 	 0.0000000 	 0.0000000
7.3000000 	 -1.6250000 	 -2.2500000 	 0.0599000 	 0.0000000 	 0.0178000 	 0.0000000 	 0.0106000 	 0.0612000 	 0.0065000 	 0.0016000 	 0.0000000 	 0.0000000 	 0.0488000 	 0.0430000 	 0.0000000 	 0.0000000 	 0.0589000 	 0.1699000 	 0.0068000 	 0.2062000 	 0.0000000 	 0.0000000
7.3000000 	 -1.6250000 	 -2.0000000 	 0.0591000 	 0.0000000 	 0.0175000 	 0.0000000 	 0.0094000 	 0.0934000 	 0.0065000 	 0.0010000 	 0.0000000 	 0.0000000 	 0.0508000 	 0.0396000 	 0.0000000 	 0.0000000 	 0.0536000 	 0.1836000 	 0.0067000 	 0.2212000 	 0.0000000 	 0.0000000
7.3000000 	 -1.5000000 	 -2.5000000 	 0.0607000 	 0.0000000 	 0.0181000 	 0.0000000 	 0.0113000 	 0.0356000 	 0.0066000 	 0.0025000 	 0.0000000 	 0.0000000 	 0.0463000 	 0.0443000 	 0.0000000 	 0.0000000 	 0.0613000 	 0.1521000 	 0.0087000 	 0.1856000 	 0.0000000 	 0.0000000
7.3000000 	 -1.5000000 	 -2.2500000 	 0.0599000 	 0.0000000 	 0.0178000 	 0.0000000 	 0.0106000 	 0.0612000 	 0.0065000 	 0.0016000 	 0.0000000 	 0.0000000 	 0.0488000 	 0.0430000 	 0.0000000 	 0.0000000 	 0.0589000 	 0.1699000 	 0.0091000 	 0.2062000 	 0.0000000 	 0.0000000
7.3000000 	 -1.5000000 	 -2.0000000 	 0.0591000 	 0.0000000 	 0.0175000 	 0.0000000 	 0.0094000 	 0.0934000 	 0.0065000 	 0.0010000 	 0.0000000 	 0.0000000 	 0.0508000 	 0.0396000 	 0.0000000 	 0.0000000 	 0.0536000 	 0.1836000 	 0.0089000 	 0.2212000 	 0.0000000 	 0.0000000
7.4000000 	 -1.7500000 	 -2.5000000 	 0.0611000 	 0.0000000 	 0.0182000 	 0.0000000 	 0.0113000 	 0.0438000 	 0.0067000 	 0.0032000 	 0.0000000 	 0.0000000 	 0.0579000 	 0.0555000 	 0.0000000 	 0.0000000 	 0.0771000 	 0.1900000 	 0.0062000 	 0.2319000 	 0.0000000 	 0.0000000
7.4000000 	 -1.7500000 	 -2.2500000 	 0.0603000 	 0.0000000 	 0.0179000 	 0.0000000 	 0.0105000 	 0.0759000 	 0.0066000 	 0.0020000 	 0.0000000 	 0.0000000 	 0.0610000 	 0.0539000 	 0.0000000 	 0.0000000 	 0.0741000 	 0.2123000 	 0.0064000 	 0.2574000 	 0.0000000 	 0.0000000
7.4000000 	 -1.7500000 	 -2.0000000 	 0.0595000 	 0.0000000 	 0.0177000 	 0.0000000 	 0.0094000 	 0.1162000 	 0.0065000 	 0.0013000 	 0.0000000 	 0.0000000 	 0.0635000 	 0.0496000 	 0.0000000 	 0.0000000 	 0.0674000 	 0.2290000 	 0.0063000 	 0.2757000 	 0.0000000 	 0.0000000
7.4000000 	 -1.6250000 	 -2.5000000 	 0.0611000 	 0.0000000 	 0.0182000 	 0.0000000 	 0.0113000 	 0.0438000 	 0.0067000 	 0.0032000 	 0.0000000 	 0.0000000 	 0.0579000 	 0.0555000 	 0.0000000 	 0.0000000 	 0.0771000 	 0.1900000 	 0.0082000 	 0.2319000 	 0.0000000 	 0.0000000
7.4000000 	 -1.6250000 	 -2.2500000 	 0.0603000 	 0.0000000 	 0.0179000 	 0.0000000 	 0.0105000 	 0.0759000 	 0.0066000 	 0.0020000 	 0.0000000 	 0.0000000 	 0.0610000 	 0.0539000 	 0.0000000 	 0.0000000 	 0.0741000 	 0.2123000 	 0.0086000 	 0.2574000 	 0.0000000 	 0.0000000
7.4000000 	 -1.6250000 	 -2.0000000 	 0.0595000 	 0.0000000 	 0.0177000 	 0.0000000 	 0.0094000 	 0.1162000 	 0.0065000 	 0.0013000 	 0.0000000 	 0.0000000 	 0.0635000 	 0.0496000 	 0.0000000 	 0.0000000 	 0.0674000 	 0.2290000 	 0.0084000 	 0.2757000 	 0.0000000 	 0.0000000
7.4000000 	 -1.5000000 	 -2.5000000 	 0.0611000 	 0.0000000 	 0.0182000 	 0.0000000 	 0.0113000 	 0.0438000 	 0.0067000 	 0.0032000 	 0.0000000 	 0.0000000 	 0.0579000 	 0.0555000 	 0.0000000 	 0.0000000 	 0.0771000 	 0.1900000 	 0.0110000 	 0.2319000 	 0.0000000 	 0.0000000
7.4000000 	 -1.5000000 	 -2.2500000 	 0.0603000 	 0.0000000 	 0.0179000 	 0.0000000 	 0.0105000 	 0.0759000 	 0.0066000 	 0.0020000 	 0.0000000 	 0.0000000 	 0.0610000 	 0.0539000 	 0.0000000 	 0.0000000 	 0.0741000 	 0.2122000 	 0.0114000 	 0.2574000 	 0.0000000 	 0.0000000
7.4000000 	 -1.5000000 	 -2.0000000 	 0.0595000 	 0.0000000 	 0.0177000 	 0.0000000 	 0.0094000 	 0.1162000 	 0.0065000 	 0.0013000 	 0.0000000 	 0.0000000 	 0.0635000 	 0.0496000 	 0.0000000 	 0.0000000 	 0.0674000 	 0.2290000 	 0.0112000 	 0.2757000 	 0.0000000 	 0.0000000
7.5000000 	 -1.7500000 	 -2.5000000 	 0.0615000 	 0.0000000 	 0.0184000 	 0.0000000 	 0.0178000 	 0.0539000 	 0.0068000 	 0.0041000 	 0.0000000 	 0.0000000 	 0.0723000 	 0.0694000 	 0.0000000 	 0.0000000 	 0.0968000 	 0.2368000 	 0.0077000 	 0.2890000 	 0.0000000 	 0.0000000
7.5000000 	 -1.7500000 	 -2.2500000 	 0.0608000 	 0.0000000 	 0.0181000 	 0.0000000 	 0.0167000 	 0.0938000 	 0.0067000 	 0.0026000 	 0.0000000 	 0.0000000 	 0.0761000 	 0.0674000 	 0.0000000 	 0.0000000 	 0.0930000 	 0.2644000 	 0.0081000 	 0.3204000 	 0.0000000 	 0.0000000
7.5000000 	 -1.7500000 	 -2.0000000 	 0.0601000 	 0.0000000 	 0.0179000 	 0.0000000 	 0.0149000 	 0.1444000 	 0.0066000 	 0.0017000 	 0.0000000 	 0.0000000 	 0.0792000 	 0.0619000 	 0.0000000 	 0.0000000 	 0.0846000 	 0.2850000 	 0.0079000 	 0.3424000 	 0.0000000 	 0.0000000
7.5000000 	 -1.6250000 	 -2.5000000 	 0.0615000 	 0.0000000 	 0.0184000 	 0.0000000 	 0.0178000 	 0.0539000 	 0.0068000 	 0.0041000 	 0.0000000 	 0.0000000 	 0.0723000 	 0.0694000 	 0.0000000 	 0.0000000 	 0.0968000 	 0.2368000 	 0.0103000 	 0.2890000 	 0.0000000 	 0.0000000
7.5000000 	 -1.6250000 	 -2.2500000 	 0.0608000 	 0.0000000 	 0.0181000 	 0.0000000 	 0.0167000 	 0.0938000 	 0.0067000 	 0.0026000 	 0.0000000 	 0.0000000 	 0.0761000 	 0.0674000 	 0.0000000 	 0.0000000 	 0.0930000 	 0.2644000 	 0.0107000 	 0.3204000 	 0.0000000 	 0.0000000
7.5000000 	 -1.6250000 	 -2.0000000 	 0.0601000 	 0.0000000 	 0.0179000 	 0.0000000 	 0.0149000 	 0.1444000 	 0.0066000 	 0.0017000 	 0.0000000 	 0.0000000 	 0.0792000 	 0.0619000 	 0.0000000 	 0.0000000 	 0.0846000 	 0.2849000 	 0.0105000 	 0.3424000 	 0.0000000 	 0.0000000
7.5000000 	 -1.5000000 	 -2.5000000 	 0.0615000 	 0.0000000 	 0.0184000 	 0.0000000 	 0.0178000 	 0.0539000 	 0.0068000 	 0.0041000 	 0.0000000 	 0.0000000 	 0.0723000 	 0.0694000 	 0.0000000 	 0.0000000 	 0.0968000 	 0.2368000 	 0.0137000 	 0.2890000 	 0.0000000 	 0.0000000
7.5000000 	 -1.5000000 	 -2.2500000 	 0.0608000 	 0.0000000 	 0.0181000 	 0.0000000 	 0.0167000 	 0.0938000 	 0.0067000 	 0.0026000 	 0.0000000 	 0.0000000 	 0.0761000 	 0.0674000 	 0.0000000 	 0.0000000 	 0.0930000 	 0.2644000 	 0.0143000 	 0.3203000 	 0.0000000 	 0.0000000
7.5000000 	 -1.5000000 	 -2.0000000 	 0.0601000 	 0.0000000 	 0.0179000 	 0.0000000 	 0.0149000 	 0.1444000 	 0.0066000 	 0.0017000 	 0.0000000 	 0.0000000 	 0.0792000 	 0.0619000 	 0.0000000 	 0.0000000 	 0.0846000 	 0.2849000 	 0.0141000 	 0.3424000 	 0.0000000 	 0.0000000
7.6000000 	 -1.7500000 	 -2.5000000 	 0.0620000 	 0.0000000 	 0.0185000 	 0.0000000 	 0.0177000 	 0.0662000 	 0.0068000 	 0.0054000 	 0.0000000 	 0.0000000 	 0.0900000 	 0.0865000 	 0.0000000 	 0.0000000 	 0.1213000 	 0.2944000 	 0.0096000 	 0.3591000 	 0.0000000 	 0.0000000
7.6000000 	 -1.7500000 	 -2.2500000 	 0.0613000 	 0.0000000 	 0.0183000 	 0.0000000 	 0.0166000 	 0.1155000 	 0.0067000 	 0.0034000 	 0.0000000 	 0.0000000 	 0.0947000 	 0.0840000 	 0.0000000 	 0.0000000 	 0.1165000 	 0.3283000 	 0.0101000 	 0.3974000 	 0.0000000 	 0.0000000
7.6000000 	 -1.7500000 	 -2.0000000 	 0.0606000 	 0.0000000 	 0.0181000 	 0.0000000 	 0.0148000 	 0.1789000 	 0.0067000 	 0.0022000 	 0.0000000 	 0.0000000 	 0.0985000 	 0.0771000 	 0.0000000 	 0.0000000 	 0.1060000 	 0.3534000 	 0.0099000 	 0.4238000 	 0.0000000 	 0.0000000
7.6000000 	 -1.6250000 	 -2.5000000 	 0.0620000 	 0.0000000 	 0.0185000 	 0.0000000 	 0.0177000 	 0.0661000 	 0.0068000 	 0.0054000 	 0.0000000 	 0.0000000 	 0.0900000 	 0.0865000 	 0.0000000 	 0.0000000 	 0.1213000 	 0.2944000 	 0.0128000 	 0.3590000 	 0.0000000 	 0.0000000
7.6000000 	 -1.6250000 	 -2.2500000 	 0.0613000 	 0.0000000 	 0.0183000 	 0.0000000 	 0.0166000 	 0.1155000 	 0.0067000 	 0.0034000 	 0.0000000 	 0.0000000 	 0.0947000 	 0.0840000 	 0.0000000 	 0.0000000 	 0.1165000 	 0.3283000 	 0.0134000 	 0.3973000 	 0.0000000 	 0.0000000
7.6000000 	 -1.6250000 	 -2.0000000 	 0.0606000 	 0.0000000 	 0.0181000 	 0.0000000 	 0.0148000 	 0.1789000 	 0.0067000 	 0.0022000 	 0.0000000 	 0.0000000 	 0.0985000 	 0.0771000 	 0.0000000 	 0.0000000 	 0.1060000 	 0.3534000 	 0.0132000 	 0.4238000 	 0.0000000 	 0.0000000
7.6000000 	 -1.5000000 	 -2.5000000 	 0.0620000 	 0.0000000 	 0.0185000 	 0.0000000 	 0.0177000 	 0.0661000 	 0.0068000 	 0.0054000 	 0.0000000 	 0.0000000 	 0.0900000 	 0.0865000 	 0.0000000 	 0.0000000 	 0.1213000 	 0.2944000 	 0.0171000 	 0.3590000 	 0.0000000 	 0.0000000
7.6000000 	 -1.5000000 	 -2.2500000 	 0.0613000 	 0.0000000 	 0.0183000 	 0.0000000 	 0.0166000 	 0.1155000 	 0.0067000 	 0.0034000 	 0.0000000 	 0.0000000 	 0.0947000 	 0.0840000 	 0.0000000 	 0.0000000 	 0.1165000 	 0.3283000 	 0.0179000 	 0.3973000 	 0.0000000 	 0.0000000
7.6000000 	 -1.5000000 	 -2.0000000 	 0.0606000 	 0.0000000 	 0.0181000 	 0.0000000 	 0.0148000 	 0.1789000 	 0.0067000 	 0.0022000 	 0.0000000 	 0.0000000 	 0.0985000 	 0.0771000 	 0.0000000 	 0.0000000 	 0.1060000 	 0.3534000 	 0.0176000 	 0.4237000 	 0.0000000 	 0.0000000
7.7000000 	 -1.7500000 	 -2.5000000 	 0.0626000 	 0.0000000 	 0.0188000 	 0.0000000 	 0.0278000 	 0.0808000 	 0.0069000 	 0.0070000 	 0.0000000 	 0.0000000 	 0.1116000 	 0.1072000 	 0.0000000 	 0.0000000 	 0.1514000 	 0.3644000 	 0.0120000 	 0.4441000 	 0.0000000 	 0.0000000
7.7000000 	 -1.7500000 	 -2.2500000 	 0.0619000 	 0.0000000 	 0.0185000 	 0.0000000 	 0.0261000 	 0.1417000 	 0.0068000 	 0.0044000 	 0.0000000 	 0.0000000 	 0.1175000 	 0.1041000 	 0.0000000 	 0.0000000 	 0.1454000 	 0.4061000 	 0.0125000 	 0.4907000 	 0.0000000 	 0.0000000
7.7000000 	 -1.7500000 	 -2.0000000 	 0.0613000 	 0.0000000 	 0.0183000 	 0.0000000 	 0.0233000 	 0.2205000 	 0.0068000 	 0.0028000 	 0.0000000 	 0.0000000 	 0.1220000 	 0.0956000 	 0.0000000 	 0.0000000 	 0.1323000 	 0.4366000 	 0.0124000 	 0.5220000 	 0.0000000 	 0.0000000
7.7000000 	 -1.6250000 	 -2.5000000 	 0.0626000 	 0.0000000 	 0.0188000 	 0.0000000 	 0.0278000 	 0.0808000 	 0.0069000 	 0.0070000 	 0.0000000 	 0.0000000 	 0.1116000 	 0.1072000 	 0.0000000 	 0.0000000 	 0.1514000 	 0.3644000 	 0.0160000 	 0.4441000 	 0.0000000 	 0.0000000
7.7000000 	 -1.6250000 	 -2.2500000 	 0.0619000 	 0.0000000 	 0.0185000 	 0.0000000 	 0.0261000 	 0.1417000 	 0.0068000 	 0.0044000 	 0.0000000 	 0.0000000 	 0.1175000 	 0.1041000 	 0.0000000 	 0.0000000 	 0.1454000 	 0.4061000 	 0.0167000 	 0.4906000 	 0.0000000 	 0.0000000
7.7000000 	 -1.6250000 	 -2.0000000 	 0.0613000 	 0.0000000 	 0.0183000 	 0.0000000 	 0.0233000 	 0.2205000 	 0.0068000 	 0.0028000 	 0.0000000 	 0.0000000 	 0.1220000 	 0.0956000 	 0.0000000 	 0.0000000 	 0.1323000 	 0.4366000 	 0.0165000 	 0.5219000 	 0.0000000 	 0.0000000
7.7000000 	 -1.5000000 	 -2.5000000 	 0.0626000 	 0.0000000 	 0.0188000 	 0.0000000 	 0.0278000 	 0.0808000 	 0.0069000 	 0.0070000 	 0.0000000 	 0.0000000 	 0.1116000 	 0.1072000 	 0.0000000 	 0.0000000 	 0.1514000 	 0.3643000 	 0.0213000 	 0.4441000 	 0.0000000 	 0.0000000
7.7000000 	 -1.5000000 	 -2.2500000 	 0.0619000 	 0.0000000 	 0.0185000 	 0.0000000 	 0.0261000 	 0.1417000 	 0.0068000 	 0.0044000 	 0.0000000 	 0.0000000 	 0.1175000 	 0.1041000 	 0.0000000 	 0.0000000 	 0.1454000 	 0.4061000 	 0.0223000 	 0.4906000 	 0.0000000 	 0.0000000
7.7000000 	 -1.5000000 	 -2.0000000 	 0.0613000 	 0.0000000 	 0.0183000 	 0.0000000 	 0.0233000 	 0.2205000 	 0.0068000 	 0.0028000 	 0.0000000 	 0.0000000 	 0.1220000 	 0.0955000 	 0.0000000 	 0.0000000 	 0.1322000 	 0.4366000 	 0.0220000 	 0.5219000 	 0.0000000 	 0.0000000
7.8000000 	 -1.7500000 	 -2.5000000 	 0.0632000 	 0.0000000 	 0.0190000 	 0.0000000 	 0.0274000 	 0.0983000 	 0.0070000 	 0.0090000 	 0.0000000 	 0.0000000 	 0.1380000 	 0.1323000 	 0.0000000 	 0.0000000 	 0.1884000 	 0.4491000 	 0.0149000 	 0.5467000 	 0.0000000 	 0.0000000
7.8000000 	 -1.7500000 	 -2.2500000 	 0.0626000 	 0.0000000 	 0.0188000 	 0.0000000 	 0.0258000 	 0.1731000 	 0.0069000 	 0.0057000 	 0.0000000 	 0.0000000 	 0.1451000 	 0.1283000 	 0.0000000 	 0.0000000 	 0.1809000 	 0.5003000 	 0.0156000 	 0.6030000 	 0.0000000 	 0.0000000
7.8000000 	 -1.7500000 	 -2.0000000 	 0.0620000 	 0.0000000 	 0.0186000 	 0.0000000 	 0.0230000 	 0.2705000 	 0.0068000 	 0.0037000 	 0.0000000 	 0.0000000 	 0.1506000 	 0.1178000 	 0.0000000 	 0.0000000 	 0.1645000 	 0.5375000 	 0.0154000 	 0.6397000 	 0.0000000 	 0.0000000
7.8000000 	 -1.6250000 	 -2.5000000 	 0.0632000 	 0.0000000 	 0.0190000 	 0.0000000 	 0.0274000 	 0.0983000 	 0.0070000 	 0.0090000 	 0.0000000 	 0.0000000 	 0.1380000 	 0.1323000 	 0.0000000 	 0.0000000 	 0.1884000 	 0.4490000 	 0.0198000 	 0.5467000 	 0.0000000 	 0.0000000
7.8000000 	 -1.6250000 	 -2.2500000 	 0.0626000 	 0.0000000 	 0.0188000 	 0.0000000 	 0.0257000 	 0.1731000 	 0.0069000 	 0.0057000 	 0.0000000 	 0.0000000 	 0.1451000 	 0.1283000 	 0.0000000 	 0.0000000 	 0.1809000 	 0.5003000 	 0.0208000 	 0.6029000 	 0.0000000 	 0.0000000
7.8000000 	 -1.6250000 	 -2.0000000 	 0.0620000 	 0.0000000 	 0.0186000 	 0.0000000 	 0.0230000 	 0.2705000 	 0.0068000 	 0.0037000 	 0.0000000 	 0.0000000 	 0.1506000 	 0.1178000 	 0.0000000 	 0.0000000 	 0.1645000 	 0.5374000 	 0.0206000 	 0.6397000 	 0.0000000 	 0.0000000
7.8000000 	 -1.5000000 	 -2.5000000 	 0.0632000 	 0.0000000 	 0.0190000 	 0.0000000 	 0.0274000 	 0.0983000 	 0.0070000 	 0.0090000 	 0.0000000 	 0.0000000 	 0.1380000 	 0.1323000 	 0.0000000 	 0.0000000 	 0.1884000 	 0.4490000 	 0.0264000 	 0.5466000 	 0.0012000 	 0.0000000
7.8000000 	 -1.5000000 	 -2.2500000 	 0.0626000 	 0.0000000 	 0.0188000 	 0.0000000 	 0.0257000 	 0.1730000 	 0.0069000 	 0.0057000 	 0.0000000 	 0.0000000 	 0.1451000 	 0.1283000 	 0.0000000 	 0.0000000 	 0.1809000 	 0.5002000 	 0.0277000 	 0.6028000 	 0.0000000 	 0.0000000
7.8000000 	 -1.5000000 	 -2.0000000 	 0.0620000 	 0.0000000 	 0.0186000 	 0.0000000 	 0.0230000 	 0.2705000 	 0.0068000 	 0.0037000 	 0.0000000 	 0.0000000 	 0.1506000 	 0.1178000 	 0.0000000 	 0.0000000 	 0.1645000 	 0.5374000 	 0.0274000 	 0.6396000 	 0.0000000 	 0.0000000
7.9000000 	 -1.7500000 	 -2.7500000 	 0.0645000 	 0.0024000 	 0.0195000 	 0.0000000 	 0.0436000 	 0.0593000 	 0.0072000 	 0.0186000 	 0.0000000 	 0.0000000 	 0.1579000 	 0.1587000 	 0.0000000 	 0.0000000 	 0.2301000 	 0.4626000 	 0.0161000 	 0.5671000 	 0.0013000 	 0.0000000
7.9000000 	 -1.7500000 	 -2.5000000 	 0.0640000 	 0.0016000 	 0.0193000 	 0.0000000 	 0.0427000 	 0.1190000 	 0.0071000 	 0.0117000 	 0.0000000 	 0.0000000 	 0.1697000 	 0.1623000 	 0.0000000 	 0.0000000 	 0.2333000 	 0.5505000 	 0.0183000 	 0.6691000 	 0.0000000 	 0.0000000
7.9000000 	 -1.7500000 	 -2.2500000 	 0.0634000 	 0.0010000 	 0.0191000 	 0.0000000 	 0.0402000 	 0.2104000 	 0.0070000 	 0.0074000 	 0.0000000 	 0.0000000 	 0.1785000 	 0.1573000 	 0.0000000 	 0.0000000 	 0.2240000 	 0.6131000 	 0.0193000 	 0.7363000 	 0.0000000 	 0.0000000
7.9000000 	 -1.6250000 	 -2.7500000 	 0.0645000 	 0.0024000 	 0.0195000 	 0.0000000 	 0.0436000 	 0.0593000 	 0.0072000 	 0.0186000 	 0.0000000 	 0.0000000 	 0.1579000 	 0.1586000 	 0.0000000 	 0.0000000 	 0.2301000 	 0.4625000 	 0.0215000 	 0.5671000 	 0.0018000 	 0.0000000
7.9000000 	 -1.6250000 	 -2.5000000 	 0.0640000 	 0.0016000 	 0.0193000 	 0.0000000 	 0.0427000 	 0.1189000 	 0.0071000 	 0.0117000 	 0.0000000 	 0.0000000 	 0.1697000 	 0.1623000 	 0.0000000 	 0.0000000 	 0.2333000 	 0.5504000 	 0.0244000 	 0.6690000 	 0.0012000 	 0.0000000
7.9000000 	 -1.6250000 	 -2.2500000 	 0.0634000 	 0.0010000 	 0.0191000 	 0.0000000 	 0.0402000 	 0.2104000 	 0.0070000 	 0.0074000 	 0.0000000 	 0.0000000 	 0.1784000 	 0.1573000 	 0.0000000 	 0.0000000 	 0.2240000 	 0.6130000 	 0.0257000 	 0.7362000 	 0.0000000 	 0.0000000
7.9000000 	 -1.5000000 	 -2.7500000 	 0.0645000 	 0.0024000 	 0.0195000 	 0.0000000 	 0.0436000 	 0.0593000 	 0.0072000 	 0.0186000 	 0.0000000 	 0.0000000 	 0.1579000 	 0.1586000 	 0.0000000 	 0.0000000 	 0.2301000 	 0.4625000 	 0.0287000 	 0.5670000 	 0.0023000 	 0.0000000
7.9000000 	 -1.5000000 	 -2.5000000 	 0.0640000 	 0.0016000 	 0.0193000 	 0.0000000 	 0.0427000 	 0.1189000 	 0.0071000 	 0.0117000 	 0.0000000 	 0.0000000 	 0.1697000 	 0.1623000 	 0.0000000 	 0.0000000 	 0.2333000 	 0.5504000 	 0.0326000 	 0.6689000 	 0.0015000 	 0.0000000
7.9000000 	 -1.5000000 	 -2.2500000 	 0.0634000 	 0.0010000 	 0.0191000 	 0.0000000 	 0.0401000 	 0.2103000 	 0.0070000 	 0.0074000 	 0.0000000 	 0.0000000 	 0.1784000 	 0.1573000 	 0.0000000 	 0.0000000 	 0.2240000 	 0.6129000 	 0.0343000 	 0.7362000 	 0.0010000 	 0.0000000
8.0000000 	 -1.7500000 	 -2.7500000 	 0.0654000 	 0.0024000 	 0.0197000 	 0.0000000 	 0.0427000 	 0.0710000 	 0.0073000 	 0.0241000 	 0.0000000 	 0.0000000 	 0.1932000 	 0.1938000 	 0.0000000 	 0.0000000 	 0.2838000 	 0.5640000 	 0.0198000 	 0.6907000 	 0.0017000 	 0.0000000
8.0000000 	 -1.7500000 	 -2.5000000 	 0.0649000 	 0.0016000 	 0.0196000 	 0.0000000 	 0.0418000 	 0.1432000 	 0.0072000 	 0.0152000 	 0.0000000 	 0.0000000 	 0.2078000 	 0.1981000 	 0.0000000 	 0.0000000 	 0.2878000 	 0.6719000 	 0.0225000 	 0.8144000 	 0.0011000 	 0.0000000
8.0000000 	 -1.7500000 	 -2.2500000 	 0.0643000 	 0.0010000 	 0.0194000 	 0.0000000 	 0.0393000 	 0.2546000 	 0.0071000 	 0.0095000 	 0.0000000 	 0.0000000 	 0.2185000 	 0.1918000 	 0.0000000 	 0.0000000 	 0.2764000 	 0.7483000 	 0.0237000 	 0.8943000 	 0.0000000 	 0.0000000
8.0000000 	 -1.6250000 	 -2.7500000 	 0.0654000 	 0.0024000 	 0.0197000 	 0.0000000 	 0.0427000 	 0.0710000 	 0.0073000 	 0.0241000 	 0.0000000 	 0.0000000 	 0.1932000 	 0.1937000 	 0.0000000 	 0.0000000 	 0.2838000 	 0.5639000 	 0.0264000 	 0.6906000 	 0.0022000 	 0.0000000
8.0000000 	 -1.6250000 	 -2.5000000 	 0.0649000 	 0.0016000 	 0.0196000 	 0.0000000 	 0.0418000 	 0.1432000 	 0.0072000 	 0.0152000 	 0.0000000 	 0.0000000 	 0.2078000 	 0.1980000 	 0.0000000 	 0.0000000 	 0.2877000 	 0.6718000 	 0.0300000 	 0.8143000 	 0.0014000 	 0.0000000
8.0000000 	 -1.6250000 	 -2.2500000 	 0.0643000 	 0.0010000 	 0.0194000 	 0.0000000 	 0.0393000 	 0.2546000 	 0.0071000 	 0.0095000 	 0.0000000 	 0.0000000 	 0.2185000 	 0.1918000 	 0.0000000 	 0.0000000 	 0.2763000 	 0.7482000 	 0.0316000 	 0.8942000 	 0.0000000 	 0.0000000
8.0000000 	 -1.5000000 	 -2.7500000 	 0.0654000 	 0.0024000 	 0.0197000 	 0.0000000 	 0.0427000 	 0.0710000 	 0.0073000 	 0.0241000 	 0.0000000 	 0.0000000 	 0.1931000 	 0.1937000 	 0.0000000 	 0.0000000 	 0.2837000 	 0.5638000 	 0.0351000 	 0.6904000 	 0.0029000 	 0.0000000
8.0000000 	 -1.5000000 	 -2.5000000 	 0.0649000 	 0.0016000 	 0.0196000 	 0.0000000 	 0.0418000 	 0.1432000 	 0.0072000 	 0.0152000 	 0.0000000 	 0.0000000 	 0.2077000 	 0.1980000 	 0.0000000 	 0.0000000 	 0.2877000 	 0.6717000 	 0.0400000 	 0.8142000 	 0.0019000 	 0.0000000
8.0000000 	 -1.5000000 	 -2.2500000 	 0.0644000 	 0.0010000 	 0.0194000 	 0.0000000 	 0.0393000 	 0.2545000 	 0.0071000 	 0.0096000 	 0.0000000 	 0.0000000 	 0.2184000 	 0.1917000 	 0.0000000 	 0.0000000 	 0.2763000 	 0.7481000 	 0.0422000 	 0.8941000 	 0.0013000 	 0.0000000
8.0000000 	 -1.3750000 	 -2.7500000 	 0.0654000 	 0.0024000 	 0.0197000 	 0.0000000 	 0.0427000 	 0.0710000 	 0.0073000 	 0.0241000 	 0.0000000 	 0.0000000 	 0.1931000 	 0.1936000 	 0.0000000 	 0.0000000 	 0.2837000 	 0.5636000 	 0.0468000 	 0.6902000 	 0.0039000 	 0.0012000
8.0000000 	 -1.3750000 	 -2.5000000 	 0.0649000 	 0.0016000 	 0.0196000 	 0.0000000 	 0.0418000 	 0.1431000 	 0.0072000 	 0.0152000 	 0.0000000 	 0.0000000 	 0.2077000 	 0.1979000 	 0.0000000 	 0.0000000 	 0.2876000 	 0.6715000 	 0.0534000 	 0.8139000 	 0.0026000 	 0.0000000
8.0000000 	 -1.3750000 	 -2.2500000 	 0.0644000 	 0.0010000 	 0.0194000 	 0.0000000 	 0.0393000 	 0.2545000 	 0.0071000 	 0.0096000 	 0.0000000 	 0.0000000 	 0.2184000 	 0.1917000 	 0.0000000 	 0.0000000 	 0.2763000 	 0.7479000 	 0.0562000 	 0.8939000 	 0.0017000 	 0.0000000
8.0000000 	 -1.2500000 	 -2.7500000 	 0.0654000 	 0.0024000 	 0.0198000 	 0.0000000 	 0.0427000 	 0.0709000 	 0.0073000 	 0.0241000 	 0.0000000 	 0.0000000 	 0.1930000 	 0.1935000 	 0.0000000 	 0.0000000 	 0.2836000 	 0.5634000 	 0.0624000 	 0.6899000 	 0.0052000 	 0.0016000
8.0000000 	 -1.2500000 	 -2.5000000 	 0.0649000 	 0.0016000 	 0.0196000 	 0.0000000 	 0.0418000 	 0.1431000 	 0.0072000 	 0.0152000 	 0.0000000 	 0.0000000 	 0.2076000 	 0.1978000 	 0.0000000 	 0.0000000 	 0.2876000 	 0.6713000 	 0.0711000 	 0.8137000 	 0.0034000 	 0.0011000
8.0000000 	 -1.2500000 	 -2.2500000 	 0.0644000 	 0.0010000 	 0.0194000 	 0.0000000 	 0.0393000 	 0.2544000 	 0.0071000 	 0.0096000 	 0.0000000 	 0.0000000 	 0.2184000 	 0.1916000 	 0.0000000 	 0.0000000 	 0.2762000 	 0.7477000 	 0.0750000 	 0.8937000 	 0.0023000 	 0.0000000
8.1000000 	 -1.7500000 	 -3.0000000 	 0.0667000 	 0.0060000 	 0.0202000 	 0.0000000 	 0.0655000 	 0.0365000 	 0.0074000 	 0.0484000 	 0.0000000 	 0.0000000 	 0.2104000 	 0.2180000 	 0.0000000 	 0.0000000 	 0.3253000 	 0.5074000 	 0.0186000 	 0.6253000 	 0.0031000 	 0.0000000
8.1000000 	 -1.7500000 	 -2.7500000 	 0.0663000 	 0.0038000 	 0.0201000 	 0.0000000 	 0.0659000 	 0.0844000 	 0.0074000 	 0.0312000 	 0.0000000 	 0.0000000 	 0.2349000 	 0.2349000 	 0.0000000 	 0.0000000 	 0.3482000 	 0.6831000 	 0.0241000 	 0.8349000 	 0.0021000 	 0.0000000
8.1000000 	 -1.7500000 	 -2.5000000 	 0.0658000 	 0.0025000 	 0.0199000 	 0.0000000 	 0.0645000 	 0.1713000 	 0.0073000 	 0.0197000 	 0.0000000 	 0.0000000 	 0.2530000 	 0.2400000 	 0.0000000 	 0.0000000 	 0.3531000 	 0.8153000 	 0.0276000 	 0.9844000 	 0.0013000 	 0.0000000
8.1000000 	 -1.7500000 	 -2.2500000 	 0.0654000 	 0.0016000 	 0.0198000 	 0.0000000 	 0.0608000 	 0.3065000 	 0.0073000 	 0.0124000 	 0.0000000 	 0.0000000 	 0.2662000 	 0.2324000 	 0.0000000 	 0.0000000 	 0.3393000 	 0.9089000 	 0.0291000 	 1.0792000 	 0.0000000 	 0.0000000
8.1000000 	 -1.6250000 	 -3.0000000 	 0.0667000 	 0.0060000 	 0.0202000 	 0.0000000 	 0.0655000 	 0.0364000 	 0.0074000 	 0.0484000 	 0.0000000 	 0.0000000 	 0.2103000 	 0.2179000 	 0.0000000 	 0.0000000 	 0.3252000 	 0.5073000 	 0.0248000 	 0.6250000 	 0.0041000 	 0.0013000
8.1000000 	 -1.6250000 	 -2.7500000 	 0.0663000 	 0.0038000 	 0.0201000 	 0.0000000 	 0.0659000 	 0.0844000 	 0.0074000 	 0.0312000 	 0.0000000 	 0.0000000 	 0.2348000 	 0.2349000 	 0.0000000 	 0.0000000 	 0.3481000 	 0.6829000 	 0.0321000 	 0.8347000 	 0.0027000 	 0.0000000
8.1000000 	 -1.6250000 	 -2.5000000 	 0.0659000 	 0.0025000 	 0.0199000 	 0.0000000 	 0.0645000 	 0.1713000 	 0.0073000 	 0.0197000 	 0.0000000 	 0.0000000 	 0.2530000 	 0.2400000 	 0.0000000 	 0.0000000 	 0.3531000 	 0.8152000 	 0.0367000 	 0.9842000 	 0.0018000 	 0.0000000
8.1000000 	 -1.6250000 	 -2.2500000 	 0.0654000 	 0.0016000 	 0.0198000 	 0.0000000 	 0.0608000 	 0.3064000 	 0.0073000 	 0.0124000 	 0.0000000 	 0.0000000 	 0.2662000 	 0.2324000 	 0.0000000 	 0.0000000 	 0.3392000 	 0.9088000 	 0.0388000 	 1.0790000 	 0.0012000 	 0.0000000
8.1000000 	 -1.5000000 	 -3.0000000 	 0.0667000 	 0.0060000 	 0.0202000 	 0.0000000 	 0.0655000 	 0.0364000 	 0.0074000 	 0.0484000 	 0.0000000 	 0.0000000 	 0.2102000 	 0.2178000 	 0.0000000 	 0.0000000 	 0.3251000 	 0.5070000 	 0.0331000 	 0.6248000 	 0.0055000 	 0.0017000
8.1000000 	 -1.5000000 	 -2.7500000 	 0.0663000 	 0.0038000 	 0.0201000 	 0.0000000 	 0.0659000 	 0.0844000 	 0.0074000 	 0.0312000 	 0.0000000 	 0.0000000 	 0.2348000 	 0.2348000 	 0.0000000 	 0.0000000 	 0.3480000 	 0.6827000 	 0.0428000 	 0.8345000 	 0.0037000 	 0.0011000
8.1000000 	 -1.5000000 	 -2.5000000 	 0.0659000 	 0.0025000 	 0.0199000 	 0.0000000 	 0.0645000 	 0.1712000 	 0.0073000 	 0.0197000 	 0.0000000 	 0.0000000 	 0.2529000 	 0.2399000 	 0.0000000 	 0.0000000 	 0.3530000 	 0.8150000 	 0.0490000 	 0.9840000 	 0.0024000 	 0.0000000
8.1000000 	 -1.5000000 	 -2.2500000 	 0.0654000 	 0.0016000 	 0.0198000 	 0.0000000 	 0.0608000 	 0.3064000 	 0.0073000 	 0.0124000 	 0.0000000 	 0.0000000 	 0.2661000 	 0.2323000 	 0.0000000 	 0.0000000 	 0.3392000 	 0.9086000 	 0.0518000 	 1.0788000 	 0.0016000 	 0.0000000
8.1000000 	 -1.3750000 	 -3.0000000 	 0.0668000 	 0.0060000 	 0.0202000 	 0.0000000 	 0.0654000 	 0.0364000 	 0.0074000 	 0.0484000 	 0.0000000 	 0.0000000 	 0.2101000 	 0.2176000 	 0.0000000 	 0.0000000 	 0.3250000 	 0.5067000 	 0.0441000 	 0.6244000 	 0.0073000 	 0.0023000
8.1000000 	 -1.3750000 	 -2.7500000 	 0.0663000 	 0.0038000 	 0.0201000 	 0.0000000 	 0.0659000 	 0.0843000 	 0.0074000 	 0.0312000 	 0.0000000 	 0.0000000 	 0.2347000 	 0.2347000 	 0.0000000 	 0.0000000 	 0.3479000 	 0.6824000 	 0.0571000 	 0.8341000 	 0.0049000 	 0.0015000
8.1000000 	 -1.3750000 	 -2.5000000 	 0.0659000 	 0.0025000 	 0.0199000 	 0.0000000 	 0.0645000 	 0.1712000 	 0.0073000 	 0.0197000 	 0.0000000 	 0.0000000 	 0.2528000 	 0.2398000 	 0.0000000 	 0.0000000 	 0.3529000 	 0.8147000 	 0.0653000 	 0.9837000 	 0.0032000 	 0.0000000
8.1000000 	 -1.3750000 	 -2.2500000 	 0.0654000 	 0.0016000 	 0.0198000 	 0.0000000 	 0.0608000 	 0.3063000 	 0.0073000 	 0.0124000 	 0.0000000 	 0.0000000 	 0.2661000 	 0.2323000 	 0.0000000 	 0.0000000 	 0.3391000 	 0.9084000 	 0.0690000 	 1.0785000 	 0.0021000 	 0.0000000
8.1000000 	 -1.2500000 	 -3.0000000 	 0.0668000 	 0.0060000 	 0.0202000 	 0.0000000 	 0.0654000 	 0.0364000 	 0.0074000 	 0.0484000 	 0.0000000 	 0.0000000 	 0.2100000 	 0.2174000 	 0.0000000 	 0.0000000 	 0.3248000 	 0.5063000 	 0.0588000 	 0.6239000 	 0.0097000 	 0.0030000
8.1000000 	 -1.2500000 	 -2.7500000 	 0.0663000 	 0.0038000 	 0.0201000 	 0.0000000 	 0.0658000 	 0.0843000 	 0.0074000 	 0.0312000 	 0.0000000 	 0.0000000 	 0.2345000 	 0.2345000 	 0.0000000 	 0.0000000 	 0.3477000 	 0.6820000 	 0.0761000 	 0.8336000 	 0.0065000 	 0.0020000
8.1000000 	 -1.2500000 	 -2.5000000 	 0.0659000 	 0.0025000 	 0.0199000 	 0.0000000 	 0.0645000 	 0.1711000 	 0.0073000 	 0.0197000 	 0.0000000 	 0.0000000 	 0.2527000 	 0.2397000 	 0.0000000 	 0.0000000 	 0.3528000 	 0.8143000 	 0.0870000 	 0.9832000 	 0.0042000 	 0.0013000
8.1000000 	 -1.2500000 	 -2.2500000 	 0.0654000 	 0.0016000 	 0.0198000 	 0.0000000 	 0.0607000 	 0.3062000 	 0.0073000 	 0.0124000 	 0.0000000 	 0.0000000 	 0.2660000 	 0.2322000 	 0.0000000 	 0.0000000 	 0.3390000 	 0.9081000 	 0.0920000 	 1.0782000 	 0.0028000 	 0.0000000
8.2000000 	 -1.5000000 	 -3.0000000 	 0.0678000 	 0.0060000 	 0.0206000 	 0.0000000 	 0.0633000 	 0.0419000 	 0.0076000 	 0.0632000 	 0.0000000 	 0.0000000 	 0.2512000 	 0.2621000 	 0.0000000 	 0.0000000 	 0.3961000 	 0.6054000 	 0.0397000 	 0.7448000 	 0.0068000 	 0.0021000
8.2000000 	 -1.5000000 	 -2.7500000 	 0.0674000 	 0.0039000 	 0.0205000 	 0.0000000 	 0.0637000 	 0.0976000 	 0.0075000 	 0.0411000 	 0.0000000 	 0.0000000 	 0.2822000 	 0.2827000 	 0.0000000 	 0.0000000 	 0.4246000 	 0.8196000 	 0.0518000 	 0.9987000 	 0.0045000 	 0.0014000
8.2000000 	 -1.5000000 	 -2.5000000 	 0.0670000 	 0.0025000 	 0.0203000 	 0.0000000 	 0.0625000 	 0.1999000 	 0.0075000 	 0.0260000 	 0.0000000 	 0.0000000 	 0.3052000 	 0.2892000 	 0.0000000 	 0.0000000 	 0.4315000 	 0.9818000 	 0.0597000 	 1.1790000 	 0.0030000 	 0.0000000
8.2000000 	 -1.5000000 	 -2.2500000 	 0.0666000 	 0.0016000 	 0.0202000 	 0.0000000 	 0.0590000 	 0.3609000 	 0.0074000 	 0.0164000 	 0.0000000 	 0.0000000 	 0.3218000 	 0.2806000 	 0.0000000 	 0.0000000 	 0.4156000 	 1.0969000 	 0.0635000 	 1.2910000 	 0.0020000 	 0.0000000
8.2000000 	 -1.3750000 	 -3.0000000 	 0.0678000 	 0.0060000 	 0.0206000 	 0.0000000 	 0.0633000 	 0.0418000 	 0.0076000 	 0.0633000 	 0.0000000 	 0.0000000 	 0.2511000 	 0.2619000 	 0.0000000 	 0.0000000 	 0.3959000 	 0.6050000 	 0.0529000 	 0.7442000 	 0.0090000 	 0.0028000
8.2000000 	 -1.3750000 	 -2.7500000 	 0.0674000 	 0.0039000 	 0.0205000 	 0.0000000 	 0.0637000 	 0.0976000 	 0.0075000 	 0.0411000 	 0.0000000 	 0.0000000 	 0.2820000 	 0.2826000 	 0.0000000 	 0.0000000 	 0.4245000 	 0.8191000 	 0.0690000 	 0.9981000 	 0.0061000 	 0.0019000
8.2000000 	 -1.3750000 	 -2.5000000 	 0.0670000 	 0.0025000 	 0.0203000 	 0.0000000 	 0.0625000 	 0.1998000 	 0.0075000 	 0.0260000 	 0.0000000 	 0.0000000 	 0.3050000 	 0.2891000 	 0.0000000 	 0.0000000 	 0.4314000 	 0.9814000 	 0.0796000 	 1.1785000 	 0.0039000 	 0.0012000
8.2000000 	 -1.3750000 	 -2.2500000 	 0.0666000 	 0.0016000 	 0.0202000 	 0.0000000 	 0.0590000 	 0.3608000 	 0.0074000 	 0.0164000 	 0.0000000 	 0.0000000 	 0.3217000 	 0.2805000 	 0.0000000 	 0.0000000 	 0.4155000 	 1.0966000 	 0.0847000 	 1.2906000 	 0.0026000 	 0.0000000
8.2000000 	 -1.2500000 	 -3.0000000 	 0.0678000 	 0.0060000 	 0.0206000 	 0.0000000 	 0.0632000 	 0.0418000 	 0.0076000 	 0.0633000 	 0.0000000 	 0.0000000 	 0.2508000 	 0.2616000 	 0.0000000 	 0.0000000 	 0.3956000 	 0.6043000 	 0.0704000 	 0.7435000 	 0.0120000 	 0.0037000
8.2000000 	 -1.2500000 	 -2.7500000 	 0.0674000 	 0.0039000 	 0.0205000 	 0.0000000 	 0.0637000 	 0.0975000 	 0.0075000 	 0.0412000 	 0.0000000 	 0.0000000 	 0.2818000 	 0.2823000 	 0.0000000 	 0.0000000 	 0.4242000 	 0.8185000 	 0.0920000 	 0.9974000 	 0.0081000 	 0.0025000
8.2000000 	 -1.2500000 	 -2.5000000 	 0.0670000 	 0.0025000 	 0.0203000 	 0.0000000 	 0.0624000 	 0.1997000 	 0.0075000 	 0.0261000 	 0.0000000 	 0.0000000 	 0.3049000 	 0.2889000 	 0.0000000 	 0.0000000 	 0.4312000 	 0.9809000 	 0.1061000 	 1.1779000 	 0.0053000 	 0.0016000
8.2000000 	 -1.2500000 	 -2.2500000 	 0.0666000 	 0.0016000 	 0.0202000 	 0.0000000 	 0.0590000 	 0.3606000 	 0.0074000 	 0.0164000 	 0.0000000 	 0.0000000 	 0.3216000 	 0.2804000 	 0.0000000 	 0.0000000 	 0.4153000 	 1.0961000 	 0.1129000 	 1.2901000 	 0.0035000 	 0.0011000
8.2000000 	 -1.1250000 	 -3.0000000 	 0.0678000 	 0.0060000 	 0.0206000 	 0.0000000 	 0.0632000 	 0.0417000 	 0.0076000 	 0.0633000 	 0.0000000 	 0.0000000 	 0.2505000 	 0.2612000 	 0.0000000 	 0.0000000 	 0.3951000 	 0.6035000 	 0.0938000 	 0.7424000 	 0.0160000 	 0.0050000
8.2000000 	 -1.1250000 	 -2.7500000 	 0.0675000 	 0.0039000 	 0.0205000 	 0.0000000 	 0.0636000 	 0.0974000 	 0.0075000 	 0.0412000 	 0.0000000 	 0.0000000 	 0.2816000 	 0.2820000 	 0.0000000 	 0.0000000 	 0.4239000 	 0.8178000 	 0.1226000 	 0.9964000 	 0.0108000 	 0.0033000
8.2000000 	 -1.1250000 	 -2.5000000 	 0.0670000 	 0.0025000 	 0.0203000 	 0.0000000 	 0.0624000 	 0.1996000 	 0.0075000 	 0.0261000 	 0.0000000 	 0.0000000 	 0.3047000 	 0.2887000 	 0.0000000 	 0.0000000 	 0.4309000 	 0.9802000 	 0.1413000 	 1.1771000 	 0.0070000 	 0.0022000
8.2000000 	 -1.1250000 	 -2.2500000 	 0.0666000 	 0.0016000 	 0.0202000 	 0.0000000 	 0.0590000 	 0.3604000 	 0.0074000 	 0.0164000 	 0.0000000 	 0.0000000 	 0.3214000 	 0.2802000 	 0.0000000 	 0.0000000 	 0.4151000 	 1.0955000 	 0.1504000 	 1.2893000 	 0.0046000 	 0.0015000
8.2000000 	 -1.0000000 	 -3.0000000 	 0.0679000 	 0.0060000 	 0.0206000 	 0.0000000 	 0.0631000 	 0.0416000 	 0.0076000 	 0.0633000 	 0.0000000 	 0.0000000 	 0.2501000 	 0.2607000 	 0.0000000 	 0.0000000 	 0.3946000 	 0.6024000 	 0.1248000 	 0.7411000 	 0.0213000 	 0.0066000
8.2000000 	 -1.0000000 	 -2.7500000 	 0.0675000 	 0.0039000 	 0.0205000 	 0.0000000 	 0.0636000 	 0.0973000 	 0.0075000 	 0.0412000 	 0.0000000 	 0.0000000 	 0.2812000 	 0.2816000 	 0.0000000 	 0.0000000 	 0.4234000 	 0.8167000 	 0.1632000 	 0.9951000 	 0.0143000 	 0.0045000
8.2000000 	 -1.0000000 	 -2.5000000 	 0.0671000 	 0.0025000 	 0.0203000 	 0.0000000 	 0.0624000 	 0.1994000 	 0.0075000 	 0.0261000 	 0.0000000 	 0.0000000 	 0.3044000 	 0.2884000 	 0.0000000 	 0.0000000 	 0.4306000 	 0.9792000 	 0.1883000 	 1.1759000 	 0.0093000 	 0.0029000
8.2000000 	 -1.0000000 	 -2.2500000 	 0.0666000 	 0.0016000 	 0.0202000 	 0.0000000 	 0.0589000 	 0.3602000 	 0.0074000 	 0.0164000 	 0.0000000 	 0.0000000 	 0.3212000 	 0.2799000 	 0.0000000 	 0.0000000 	 0.4149000 	 1.0947000 	 0.2004000 	 1.2884000 	 0.0062000 	 0.0019000
8.3000000 	 -1.5000000 	 -3.0000000 	 0.0690000 	 0.0098000 	 0.0210000 	 0.0000000 	 0.0960000 	 0.0459000 	 0.0077000 	 0.0845000 	 0.0000000 	 0.0000000 	 0.2930000 	 0.3114000 	 0.0000000 	 0.0000000 	 0.4773000 	 0.7089000 	 0.0467000 	 0.8698000 	 0.0083000 	 0.0026000
8.3000000 	 -1.5000000 	 -2.7500000 	 0.0687000 	 0.0063000 	 0.0209000 	 0.0000000 	 0.0968000 	 0.1083000 	 0.0077000 	 0.0557000 	 0.0000000 	 0.0000000 	 0.3329000 	 0.3369000 	 0.0000000 	 0.0000000 	 0.5137000 	 0.9696000 	 0.0619000 	 1.1760000 	 0.0056000 	 0.0017000
8.3000000 	 -1.5000000 	 -2.5000000 	 0.0684000 	 0.0040000 	 0.0208000 	 0.0000000 	 0.0952000 	 0.2245000 	 0.0077000 	 0.0355000 	 0.0000000 	 0.0000000 	 0.3630000 	 0.3459000 	 0.0000000 	 0.0000000 	 0.5244000 	 1.1697000 	 0.0722000 	 1.3941000 	 0.0037000 	 0.0011000
8.3000000 	 -1.3750000 	 -3.0000000 	 0.0691000 	 0.0098000 	 0.0210000 	 0.0000000 	 0.0960000 	 0.0459000 	 0.0077000 	 0.0845000 	 0.0000000 	 0.0000000 	 0.2927000 	 0.3110000 	 0.0000000 	 0.0000000 	 0.4769000 	 0.7082000 	 0.0623000 	 0.8689000 	 0.0111000 	 0.0034000
8.3000000 	 -1.3750000 	 -2.7500000 	 0.0687000 	 0.0063000 	 0.0209000 	 0.0000000 	 0.0968000 	 0.1083000 	 0.0077000 	 0.0557000 	 0.0000000 	 0.0000000 	 0.3327000 	 0.3366000 	 0.0000000 	 0.0000000 	 0.5134000 	 0.9689000 	 0.0825000 	 1.1752000 	 0.0075000 	 0.0023000
8.3000000 	 -1.3750000 	 -2.5000000 	 0.0684000 	 0.0040000 	 0.0208000 	 0.0000000 	 0.0951000 	 0.2244000 	 0.0077000 	 0.0355000 	 0.0000000 	 0.0000000 	 0.3628000 	 0.3457000 	 0.0000000 	 0.0000000 	 0.5242000 	 1.1691000 	 0.0962000 	 1.3934000 	 0.0049000 	 0.0015000
8.3000000 	 -1.2500000 	 -3.0000000 	 0.0691000 	 0.0098000 	 0.0210000 	 0.0000000 	 0.0959000 	 0.0458000 	 0.0078000 	 0.0845000 	 0.0000000 	 0.0000000 	 0.2924000 	 0.3106000 	 0.0000000 	 0.0000000 	 0.4764000 	 0.7073000 	 0.0829000 	 0.8676000 	 0.0148000 	 0.0046000
8.3000000 	 -1.2500000 	 -2.7500000 	 0.0688000 	 0.0063000 	 0.0209000 	 0.0000000 	 0.0967000 	 0.1081000 	 0.0077000 	 0.0557000 	 0.0000000 	 0.0000000 	 0.3324000 	 0.3362000 	 0.0000000 	 0.0000000 	 0.5130000 	 0.9680000 	 0.1100000 	 1.1740000 	 0.0100000 	 0.0031000
8.3000000 	 -1.2500000 	 -2.5000000 	 0.0684000 	 0.0040000 	 0.0208000 	 0.0000000 	 0.0951000 	 0.2242000 	 0.0077000 	 0.0355000 	 0.0000000 	 0.0000000 	 0.3625000 	 0.3454000 	 0.0000000 	 0.0000000 	 0.5239000 	 1.1683000 	 0.1282000 	 1.3924000 	 0.0065000 	 0.0020000
8.3000000 	 -1.1250000 	 -3.0000000 	 0.0691000 	 0.0098000 	 0.0210000 	 0.0000000 	 0.0957000 	 0.0457000 	 0.0078000 	 0.0845000 	 0.0000000 	 0.0000000 	 0.2918000 	 0.3099000 	 0.0000000 	 0.0000000 	 0.4756000 	 0.7060000 	 0.1104000 	 0.8660000 	 0.0197000 	 0.0061000
8.3000000 	 -1.1250000 	 -2.7500000 	 0.0688000 	 0.0063000 	 0.0209000 	 0.0000000 	 0.0966000 	 0.1080000 	 0.0077000 	 0.0557000 	 0.0000000 	 0.0000000 	 0.3320000 	 0.3358000 	 0.0000000 	 0.0000000 	 0.5125000 	 0.9668000 	 0.1465000 	 1.1726000 	 0.0133000 	 0.0041000
8.3000000 	 -1.1250000 	 -2.5000000 	 0.0684000 	 0.0040000 	 0.0208000 	 0.0000000 	 0.0950000 	 0.2240000 	 0.0077000 	 0.0355000 	 0.0000000 	 0.0000000 	 0.3622000 	 0.3450000 	 0.0000000 	 0.0000000 	 0.5235000 	 1.1672000 	 0.1708000 	 1.3911000 	 0.0087000 	 0.0027000
8.3000000 	 -1.0000000 	 -3.0000000 	 0.0692000 	 0.0098000 	 0.0211000 	 0.0000000 	 0.0956000 	 0.0456000 	 0.0078000 	 0.0845000 	 0.0000000 	 0.0000000 	 0.2912000 	 0.3092000 	 0.0000000 	 0.0000000 	 0.4747000 	 0.7043000 	 0.1468000 	 0.8640000 	 0.0263000 	 0.0081000
8.3000000 	 -1.0000000 	 -2.7500000 	 0.0688000 	 0.0063000 	 0.0210000 	 0.0000000 	 0.0965000 	 0.1078000 	 0.0077000 	 0.0557000 	 0.0000000 	 0.0000000 	 0.3314000 	 0.3352000 	 0.0000000 	 0.0000000 	 0.5118000 	 0.9652000 	 0.1950000 	 1.1706000 	 0.0177000 	 0.0055000
8.3000000 	 -1.0000000 	 -2.5000000 	 0.0685000 	 0.0040000 	 0.0208000 	 0.0000000 	 0.0949000 	 0.2237000 	 0.0077000 	 0.0355000 	 0.0000000 	 0.0000000 	 0.3618000 	 0.3445000 	 0.0000000 	 0.0000000 	 0.5229000 	 1.1658000 	 0.2275000 	 1.3893000 	 0.0116000 	 0.0036000
8.4000000 	 -1.5000000 	 -3.0000000 	 0.0704000 	 0.0101000 	 0.0215000 	 0.0000000 	 0.0916000 	 0.0501000 	 0.0079000 	 0.1121000 	 0.0000000 	 0.0000000 	 0.3393000 	 0.3682000 	 0.0000000 	 0.0000000 	 0.5718000 	 0.8246000 	 0.0547000 	 1.0077000 	 0.0102000 	 0.0031000
8.4000000 	 -1.5000000 	 -2.7500000 	 0.0701000 	 0.0065000 	 0.0214000 	 0.0000000 	 0.0926000 	 0.1194000 	 0.0079000 	 0.0750000 	 0.0000000 	 0.0000000 	 0.3904000 	 0.4001000 	 0.0000000 	 0.0000000 	 0.6184000 	 1.1415000 	 0.0736000 	 1.3759000 	 0.0069000 	 0.0021000
8.4000000 	 -1.5000000 	 -2.5000000 	 0.0698000 	 0.0041000 	 0.0213000 	 0.0000000 	 0.0913000 	 0.2506000 	 0.0078000 	 0.0482000 	 0.0000000 	 0.0000000 	 0.4297000 	 0.4124000 	 0.0000000 	 0.0000000 	 0.6344000 	 1.3888000 	 0.0868000 	 1.6390000 	 0.0045000 	 0.0014000
8.4000000 	 -1.3750000 	 -3.0000000 	 0.0704000 	 0.0101000 	 0.0215000 	 0.0000000 	 0.0916000 	 0.0500000 	 0.0079000 	 0.1121000 	 0.0000000 	 0.0000000 	 0.3389000 	 0.3678000 	 0.0000000 	 0.0000000 	 0.5712000 	 0.8236000 	 0.0728000 	 1.0064000 	 0.0136000 	 0.0042000
8.4000000 	 -1.3750000 	 -2.7500000 	 0.0701000 	 0.0064000 	 0.0214000 	 0.0000000 	 0.0925000 	 0.1193000 	 0.0079000 	 0.0750000 	 0.0000000 	 0.0000000 	 0.3901000 	 0.3997000 	 0.0000000 	 0.0000000 	 0.6179000 	 1.1405000 	 0.0981000 	 1.3747000 	 0.0092000 	 0.0028000
8.4000000 	 -1.3750000 	 -2.5000000 	 0.0698000 	 0.0041000 	 0.0213000 	 0.0000000 	 0.0912000 	 0.2505000 	 0.0079000 	 0.0482000 	 0.0000000 	 0.0000000 	 0.4294000 	 0.4121000 	 0.0000000 	 0.0000000 	 0.6340000 	 1.3878000 	 0.1157000 	 1.6378000 	 0.0060000 	 0.0019000
8.4000000 	 -1.2500000 	 -3.0000000 	 0.0704000 	 0.0101000 	 0.0215000 	 0.0000000 	 0.0914000 	 0.0499000 	 0.0079000 	 0.1121000 	 0.0000000 	 0.0000000 	 0.3384000 	 0.3671000 	 0.0000000 	 0.0000000 	 0.5704000 	 0.8223000 	 0.0970000 	 1.0048000 	 0.0182000 	 0.0056000
8.4000000 	 -1.2500000 	 -2.7500000 	 0.0702000 	 0.0064000 	 0.0214000 	 0.0000000 	 0.0924000 	 0.1191000 	 0.0079000 	 0.0750000 	 0.0000000 	 0.0000000 	 0.3896000 	 0.3991000 	 0.0000000 	 0.0000000 	 0.6173000 	 1.1392000 	 0.1306000 	 1.3730000 	 0.0123000 	 0.0038000
8.4000000 	 -1.2500000 	 -2.5000000 	 0.0698000 	 0.0041000 	 0.0213000 	 0.0000000 	 0.0912000 	 0.2502000 	 0.0079000 	 0.0482000 	 0.0000000 	 0.0000000 	 0.4290000 	 0.4116000 	 0.0000000 	 0.0000000 	 0.6335000 	 1.3866000 	 0.1542000 	 1.6363000 	 0.0080000 	 0.0025000
8.4000000 	 -1.1250000 	 -3.0000000 	 0.0705000 	 0.0101000 	 0.0215000 	 0.0000000 	 0.0913000 	 0.0497000 	 0.0079000 	 0.1121000 	 0.0000000 	 0.0000000 	 0.3377000 	 0.3662000 	 0.0000000 	 0.0000000 	 0.5693000 	 0.8206000 	 0.1290000 	 1.0025000 	 0.0242000 	 0.0074000
8.4000000 	 -1.1250000 	 -2.7500000 	 0.0702000 	 0.0064000 	 0.0214000 	 0.0000000 	 0.0923000 	 0.1189000 	 0.0079000 	 0.0750000 	 0.0000000 	 0.0000000 	 0.3891000 	 0.3984000 	 0.0000000 	 0.0000000 	 0.6165000 	 1.1374000 	 0.1739000 	 1.3708000 	 0.0164000 	 0.0051000
8.4000000 	 -1.1250000 	 -2.5000000 	 0.0699000 	 0.0041000 	 0.0213000 	 0.0000000 	 0.0911000 	 0.2499000 	 0.0079000 	 0.0482000 	 0.0000000 	 0.0000000 	 0.4284000 	 0.4111000 	 0.0000000 	 0.0000000 	 0.6328000 	 1.3849000 	 0.2053000 	 1.6342000 	 0.0107000 	 0.0033000
8.4000000 	 -1.0000000 	 -3.0000000 	 0.0706000 	 0.0101000 	 0.0215000 	 0.0000000 	 0.0911000 	 0.0496000 	 0.0079000 	 0.1121000 	 0.0000000 	 0.0000000 	 0.3368000 	 0.3651000 	 0.0000000 	 0.0000000 	 0.5679000 	 0.8182000 	 0.1715000 	 0.9995000 	 0.0322000 	 0.0099000
8.4000000 	 -1.0000000 	 -2.7500000 	 0.0702000 	 0.0064000 	 0.0214000 	 0.0000000 	 0.0922000 	 0.1186000 	 0.0079000 	 0.0751000 	 0.0000000 	 0.0000000 	 0.3883000 	 0.3975000 	 0.0000000 	 0.0000000 	 0.6153000 	 1.1350000 	 0.2314000 	 1.3678000 	 0.0218000 	 0.0067000
8.4000000 	 -1.0000000 	 -2.5000000 	 0.0699000 	 0.0041000 	 0.0213000 	 0.0000000 	 0.0910000 	 0.2494000 	 0.0079000 	 0.0483000 	 0.0000000 	 0.0000000 	 0.4277000 	 0.4103000 	 0.0000000 	 0.0000000 	 0.6320000 	 1.3828000 	 0.2734000 	 1.6316000 	 0.0143000 	 0.0044000
8.5000000 	 -1.5000000 	 -3.2500000 	 0.0723000 	 0.0249000 	 0.0221000 	 0.0000000 	 0.1325000 	 0.0170000 	 0.0082000 	 0.2193000 	 0.0000000 	 0.0000000 	 0.2887000 	 0.3721000 	 0.0000000 	 0.0000000 	 0.5887000 	 0.5108000 	 0.0368000 	 0.6267000 	 0.0167000 	 0.0051000
8.5000000 	 -1.5000000 	 -3.0000000 	 0.0719000 	 0.0163000 	 0.0220000 	 0.0000000 	 0.1376000 	 0.0471000 	 0.0081000 	 0.1626000 	 0.0000000 	 0.0000000 	 0.3664000 	 0.4332000 	 0.0000000 	 0.0000000 	 0.6818000 	 0.8954000 	 0.0623000 	 1.0886000 	 0.0126000 	 0.0038000
8.5000000 	 -1.5000000 	 -2.7500000 	 0.0717000 	 0.0104000 	 0.0219000 	 0.0000000 	 0.1397000 	 0.1141000 	 0.0081000 	 0.1128000 	 0.0000000 	 0.0000000 	 0.4364000 	 0.4742000 	 0.0000000 	 0.0000000 	 0.7435000 	 1.2839000 	 0.0860000 	 1.5359000 	 0.0086000 	 0.0026000
8.5000000 	 -1.3750000 	 -3.2500000 	 0.0723000 	 0.0249000 	 0.0221000 	 0.0000000 	 0.1323000 	 0.0170000 	 0.0082000 	 0.2191000 	 0.0000000 	 0.0000000 	 0.2882000 	 0.3713000 	 0.0000000 	 0.0000000 	 0.5876000 	 0.5098000 	 0.0489000 	 0.6254000 	 0.0222000 	 0.0068000
8.5000000 	 -1.3750000 	 -3.0000000 	 0.0719000 	 0.0163000 	 0.0220000 	 0.0000000 	 0.1374000 	 0.0471000 	 0.0081000 	 0.1625000 	 0.0000000 	 0.0000000 	 0.3659000 	 0.4325000 	 0.0000000 	 0.0000000 	 0.6809000 	 0.8941000 	 0.0829000 	 1.0869000 	 0.0167000 	 0.0051000
8.5000000 	 -1.3750000 	 -2.7500000 	 0.0717000 	 0.0104000 	 0.0219000 	 0.0000000 	 0.1396000 	 0.1139000 	 0.0081000 	 0.1128000 	 0.0000000 	 0.0000000 	 0.4360000 	 0.4736000 	 0.0000000 	 0.0000000 	 0.7427000 	 1.2824000 	 0.1145000 	 1.5340000 	 0.0115000 	 0.0035000
8.5000000 	 -1.2500000 	 -3.2500000 	 0.0724000 	 0.0248000 	 0.0221000 	 0.0000000 	 0.1321000 	 0.0169000 	 0.0082000 	 0.2190000 	 0.0000000 	 0.0000000 	 0.2875000 	 0.3702000 	 0.0000000 	 0.0000000 	 0.5862000 	 0.5085000 	 0.0650000 	 0.6236000 	 0.0295000 	 0.0090000
8.5000000 	 -1.2500000 	 -3.0000000 	 0.0720000 	 0.0163000 	 0.0220000 	 0.0000000 	 0.1372000 	 0.0469000 	 0.0081000 	 0.1625000 	 0.0000000 	 0.0000000 	 0.3653000 	 0.4315000 	 0.0000000 	 0.0000000 	 0.6797000 	 0.8923000 	 0.1104000 	 1.0846000 	 0.0223000 	 0.0068000
8.5000000 	 -1.2500000 	 -2.7500000 	 0.0717000 	 0.0104000 	 0.0219000 	 0.0000000 	 0.1394000 	 0.1137000 	 0.0081000 	 0.1128000 	 0.0000000 	 0.0000000 	 0.4354000 	 0.4727000 	 0.0000000 	 0.0000000 	 0.7417000 	 1.2805000 	 0.1525000 	 1.5315000 	 0.0153000 	 0.0047000
8.5000000 	 -1.1250000 	 -3.2500000 	 0.0724000 	 0.0248000 	 0.0222000 	 0.0000000 	 0.1317000 	 0.0168000 	 0.0082000 	 0.2189000 	 0.0000000 	 0.0000000 	 0.2866000 	 0.3688000 	 0.0000000 	 0.0000000 	 0.5844000 	 0.5068000 	 0.0864000 	 0.6213000 	 0.0393000 	 0.0120000
8.5000000 	 -1.1250000 	 -3.0000000 	 0.0720000 	 0.0162000 	 0.0220000 	 0.0000000 	 0.1369000 	 0.0468000 	 0.0081000 	 0.1625000 	 0.0000000 	 0.0000000 	 0.3644000 	 0.4303000 	 0.0000000 	 0.0000000 	 0.6781000 	 0.8899000 	 0.1467000 	 1.0816000 	 0.0296000 	 0.0090000
8.5000000 	 -1.1250000 	 -2.7500000 	 0.0718000 	 0.0104000 	 0.0220000 	 0.0000000 	 0.1392000 	 0.1134000 	 0.0081000 	 0.1128000 	 0.0000000 	 0.0000000 	 0.4346000 	 0.4717000 	 0.0000000 	 0.0000000 	 0.7404000 	 1.2779000 	 0.2029000 	 1.5283000 	 0.0203000 	 0.0062000
8.5000000 	 -1.0000000 	 -3.2500000 	 0.0725000 	 0.0248000 	 0.0222000 	 0.0000000 	 0.1313000 	 0.0167000 	 0.0082000 	 0.2187000 	 0.0000000 	 0.0000000 	 0.2855000 	 0.3669000 	 0.0000000 	 0.0000000 	 0.5820000 	 0.5044000 	 0.1145000 	 0.6184000 	 0.0522000 	 0.0160000
8.5000000 	 -1.0000000 	 -3.0000000 	 0.0721000 	 0.0162000 	 0.0221000 	 0.0000000 	 0.1365000 	 0.0465000 	 0.0081000 	 0.1624000 	 0.0000000 	 0.0000000 	 0.3632000 	 0.4285000 	 0.0000000 	 0.0000000 	 0.6759000 	 0.8867000 	 0.1949000 	 1.0774000 	 0.0394000 	 0.0120000
8.5000000 	 -1.0000000 	 -2.7500000 	 0.0718000 	 0.0104000 	 0.0220000 	 0.0000000 	 0.1389000 	 0.1130000 	 0.0081000 	 0.1129000 	 0.0000000 	 0.0000000 	 0.4335000 	 0.4703000 	 0.0000000 	 0.0000000 	 0.7386000 	 1.2745000 	 0.2698000 	 1.5240000 	 0.0271000 	 0.0082000
8.6000000 	 -1.2500000 	 -3.2500000 	 0.0739000 	 0.0245000 	 0.0227000 	 0.0000000 	 0.1239000 	 0.0127000 	 0.0084000 	 0.3222000 	 0.0000000 	 0.0000000 	 0.2482000 	 0.4319000 	 0.0000000 	 0.0000000 	 0.6932000 	 0.4505000 	 0.0700000 	 0.5499000 	 0.0355000 	 0.0107000
8.6000000 	 -1.2500000 	 -3.0000000 	 0.0735000 	 0.0161000 	 0.0225000 	 0.0000000 	 0.1300000 	 0.0361000 	 0.0083000 	 0.2594000 	 0.0000000 	 0.0000000 	 0.3396000 	 0.5103000 	 0.0000000 	 0.0000000 	 0.8141000 	 0.8607000 	 0.1241000 	 1.0410000 	 0.0273000 	 0.0082000
8.6000000 	 -1.2500000 	 -2.7500000 	 0.0732000 	 0.0103000 	 0.0224000 	 0.0000000 	 0.1331000 	 0.0887000 	 0.0083000 	 0.1946000 	 0.0000000 	 0.0000000 	 0.4339000 	 0.5643000 	 0.0000000 	 0.0000000 	 0.8968000 	 1.3268000 	 0.1764000 	 1.5757000 	 0.0190000 	 0.0057000
8.6000000 	 -1.1250000 	 -3.2500000 	 0.0740000 	 0.0245000 	 0.0227000 	 0.0000000 	 0.1235000 	 0.0126000 	 0.0084000 	 0.3218000 	 0.0000000 	 0.0000000 	 0.2472000 	 0.4298000 	 0.0000000 	 0.0000000 	 0.6904000 	 0.4485000 	 0.0928000 	 0.5472000 	 0.0471000 	 0.0143000
8.6000000 	 -1.1250000 	 -3.0000000 	 0.0736000 	 0.0161000 	 0.0226000 	 0.0000000 	 0.1296000 	 0.0359000 	 0.0083000 	 0.2592000 	 0.0000000 	 0.0000000 	 0.3384000 	 0.5084000 	 0.0000000 	 0.0000000 	 0.8117000 	 0.8578000 	 0.1649000 	 1.0371000 	 0.0363000 	 0.0109000
8.6000000 	 -1.1250000 	 -2.7500000 	 0.0733000 	 0.0103000 	 0.0225000 	 0.0000000 	 0.1328000 	 0.0883000 	 0.0083000 	 0.1946000 	 0.0000000 	 0.0000000 	 0.4328000 	 0.5626000 	 0.0000000 	 0.0000000 	 0.8948000 	 1.3232000 	 0.2346000 	 1.5712000 	 0.0253000 	 0.0076000
8.6000000 	 -1.0000000 	 -3.2500000 	 0.0742000 	 0.0245000 	 0.0228000 	 0.0000000 	 0.1230000 	 0.0125000 	 0.0084000 	 0.3211000 	 0.0000000 	 0.0000000 	 0.2458000 	 0.4272000 	 0.0000000 	 0.0000000 	 0.6870000 	 0.4459000 	 0.1229000 	 0.5438000 	 0.0626000 	 0.0189000
8.6000000 	 -1.0000000 	 -3.0000000 	 0.0737000 	 0.0161000 	 0.0226000 	 0.0000000 	 0.1292000 	 0.0357000 	 0.0083000 	 0.2588000 	 0.0000000 	 0.0000000 	 0.3369000 	 0.5059000 	 0.0000000 	 0.0000000 	 0.8085000 	 0.8538000 	 0.2187000 	 1.0320000 	 0.0482000 	 0.0145000
8.6000000 	 -1.0000000 	 -2.7500000 	 0.0734000 	 0.0102000 	 0.0225000 	 0.0000000 	 0.1324000 	 0.0879000 	 0.0083000 	 0.1946000 	 0.0000000 	 0.0000000 	 0.4313000 	 0.5605000 	 0.0000000 	 0.0000000 	 0.8920000 	 1.3185000 	 0.3116000 	 1.5652000 	 0.0337000 	 0.0101000
8.6000000 	 -0.8750000 	 -3.2500000 	 0.0743000 	 0.0244000 	 0.0228000 	 0.0000000 	 0.1223000 	 0.0123000 	 0.0084000 	 0.3204000 	 0.0000000 	 0.0000000 	 0.2440000 	 0.4238000 	 0.0000000 	 0.0000000 	 0.6824000 	 0.4425000 	 0.1624000 	 0.5394000 	 0.0829000 	 0.0251000
8.6000000 	 -0.8750000 	 -3.0000000 	 0.0738000 	 0.0160000 	 0.0226000 	 0.0000000 	 0.1286000 	 0.0354000 	 0.0084000 	 0.2585000 	 0.0000000 	 0.0000000 	 0.3350000 	 0.5027000 	 0.0000000 	 0.0000000 	 0.8042000 	 0.8487000 	 0.2897000 	 1.0253000 	 0.0640000 	 0.0192000
8.6000000 	 -0.8750000 	 -2.7500000 	 0.0735000 	 0.0102000 	 0.0225000 	 0.0000000 	 0.1319000 	 0.0874000 	 0.0083000 	 0.1945000 	 0.0000000 	 0.0000000 	 0.4293000 	 0.5576000 	 0.0000000 	 0.0000000 	 0.8884000 	 1.3123000 	 0.4135000 	 1.5572000 	 0.0447000 	 0.0134000
8.6000000 	 -0.7500000 	 -3.2500000 	 0.0745000 	 0.0243000 	 0.0229000 	 0.0000000 	 0.1214000 	 0.0122000 	 0.0085000 	 0.3193000 	 0.0000000 	 0.0000000 	 0.2417000 	 0.4193000 	 0.0000000 	 0.0000000 	 0.6764000 	 0.4381000 	 0.2140000 	 0.5336000 	 0.1097000 	 0.0332000
8.6000000 	 -0.7500000 	 -3.0000000 	 0.0740000 	 0.0160000 	 0.0227000 	 0.0000000 	 0.1277000 	 0.0350000 	 0.0084000 	 0.2580000 	 0.0000000 	 0.0000000 	 0.3324000 	 0.4984000 	 0.0000000 	 0.0000000 	 0.7986000 	 0.8419000 	 0.3830000 	 1.0165000 	 0.0848000 	 0.0255000
8.6000000 	 -0.7500000 	 -2.7500000 	 0.0737000 	 0.0102000 	 0.0226000 	 0.0000000 	 0.1312000 	 0.0866000 	 0.0083000 	 0.1944000 	 0.0000000 	 0.0000000 	 0.4268000 	 0.5539000 	 0.0000000 	 0.0000000 	 0.8835000 	 1.3041000 	 0.5478000 	 1.5467000 	 0.0594000 	 0.0178000
8.7000000 	 -1.2500000 	 -3.5000000 	 0.0773000 	 0.0535000 	 0.0238000 	 0.0000000 	 0.1652000 	 0.0028000 	 0.0088000 	 0.4772000 	 0.0000000 	 0.0000000 	 0.1299000 	 0.3748000 	 0.0000000 	 0.0000000 	 0.6194000 	 0.1591000 	 0.0327000 	 0.1930000 	 0.0465000 	 0.0141000
8.7000000 	 -1.2500000 	 -3.2500000 	 0.0759000 	 0.0373000 	 0.0234000 	 0.0000000 	 0.1822000 	 0.0097000 	 0.0086000 	 0.4371000 	 0.0000000 	 0.0000000 	 0.2033000 	 0.4943000 	 0.0000000 	 0.0000000 	 0.8065000 	 0.3933000 	 0.0769000 	 0.4765000 	 0.0415000 	 0.0124000
8.7000000 	 -1.2500000 	 -3.0000000 	 0.0751000 	 0.0247000 	 0.0231000 	 0.0000000 	 0.1941000 	 0.0283000 	 0.0085000 	 0.3788000 	 0.0000000 	 0.0000000 	 0.2980000 	 0.5967000 	 0.0000000 	 0.0000000 	 0.9653000 	 0.8054000 	 0.1412000 	 0.9681000 	 0.0328000 	 0.0097000
8.7000000 	 -1.1250000 	 -3.5000000 	 0.0774000 	 0.0535000 	 0.0239000 	 0.0000000 	 0.1646000 	 0.0027000 	 0.0088000 	 0.4762000 	 0.0000000 	 0.0000000 	 0.1292000 	 0.3727000 	 0.0000000 	 0.0000000 	 0.6164000 	 0.1583000 	 0.0433000 	 0.1920000 	 0.0617000 	 0.0187000
8.7000000 	 -1.1250000 	 -3.2500000 	 0.0761000 	 0.0372000 	 0.0234000 	 0.0000000 	 0.1815000 	 0.0096000 	 0.0086000 	 0.4361000 	 0.0000000 	 0.0000000 	 0.2023000 	 0.4917000 	 0.0000000 	 0.0000000 	 0.8030000 	 0.3913000 	 0.1020000 	 0.4739000 	 0.0552000 	 0.0165000
8.7000000 	 -1.1250000 	 -3.0000000 	 0.0752000 	 0.0246000 	 0.0231000 	 0.0000000 	 0.1935000 	 0.0281000 	 0.0085000 	 0.3782000 	 0.0000000 	 0.0000000 	 0.2967000 	 0.5941000 	 0.0000000 	 0.0000000 	 0.9618000 	 0.8019000 	 0.1874000 	 0.9635000 	 0.0436000 	 0.0129000
8.7000000 	 -1.0000000 	 -3.5000000 	 0.0776000 	 0.0533000 	 0.0239000 	 0.0000000 	 0.1638000 	 0.0027000 	 0.0088000 	 0.4747000 	 0.0000000 	 0.0000000 	 0.1284000 	 0.3701000 	 0.0000000 	 0.0000000 	 0.6126000 	 0.1574000 	 0.0572000 	 0.1907000 	 0.0819000 	 0.0248000
8.7000000 	 -1.0000000 	 -3.2500000 	 0.0762000 	 0.0371000 	 0.0234000 	 0.0000000 	 0.1806000 	 0.0095000 	 0.0087000 	 0.4349000 	 0.0000000 	 0.0000000 	 0.2009000 	 0.4883000 	 0.0000000 	 0.0000000 	 0.7983000 	 0.3887000 	 0.1349000 	 0.4705000 	 0.0732000 	 0.0219000
8.7000000 	 -1.0000000 	 -3.0000000 	 0.0754000 	 0.0246000 	 0.0232000 	 0.0000000 	 0.1926000 	 0.0279000 	 0.0086000 	 0.3775000 	 0.0000000 	 0.0000000 	 0.2950000 	 0.5907000 	 0.0000000 	 0.0000000 	 0.9572000 	 0.7973000 	 0.2484000 	 0.9576000 	 0.0578000 	 0.0172000
8.7000000 	 -0.8750000 	 -3.5000000 	 0.0778000 	 0.0532000 	 0.0240000 	 0.0000000 	 0.1627000 	 0.0027000 	 0.0089000 	 0.4728000 	 0.0000000 	 0.0000000 	 0.1272000 	 0.3666000 	 0.0000000 	 0.0000000 	 0.6074000 	 0.1560000 	 0.0755000 	 0.1889000 	 0.1085000 	 0.0329000
8.7000000 	 -0.8750000 	 -3.2500000 	 0.0764000 	 0.0370000 	 0.0235000 	 0.0000000 	 0.1794000 	 0.0094000 	 0.0087000 	 0.4332000 	 0.0000000 	 0.0000000 	 0.1990000 	 0.4839000 	 0.0000000 	 0.0000000 	 0.7923000 	 0.3855000 	 0.1780000 	 0.4661000 	 0.0970000 	 0.0290000
8.7000000 	 -0.8750000 	 -3.0000000 	 0.0755000 	 0.0246000 	 0.0232000 	 0.0000000 	 0.1915000 	 0.0276000 	 0.0086000 	 0.3765000 	 0.0000000 	 0.0000000 	 0.2927000 	 0.5862000 	 0.0000000 	 0.0000000 	 0.9512000 	 0.7912000 	 0.3285000 	 0.9496000 	 0.0767000 	 0.0228000
8.7000000 	 -0.7500000 	 -3.5000000 	 0.0780000 	 0.0529000 	 0.0241000 	 0.0000000 	 0.1614000 	 0.0026000 	 0.0089000 	 0.4703000 	 0.0000000 	 0.0000000 	 0.1257000 	 0.3623000 	 0.0000000 	 0.0000000 	 0.6012000 	 0.1545000 	 0.0992000 	 0.1868000 	 0.1435000 	 0.0435000
8.7000000 	 -0.7500000 	 -3.2500000 	 0.0766000 	 0.0369000 	 0.0236000 	 0.0000000 	 0.1779000 	 0.0092000 	 0.0087000 	 0.4312000 	 0.0000000 	 0.0000000 	 0.1967000 	 0.4783000 	 0.0000000 	 0.0000000 	 0.7845000 	 0.3812000 	 0.2342000 	 0.4605000 	 0.1283000 	 0.0383000
8.7000000 	 -0.7500000 	 -3.0000000 	 0.0758000 	 0.0245000 	 0.0233000 	 0.0000000 	 0.1900000 	 0.0271000 	 0.0086000 	 0.3752000 	 0.0000000 	 0.0000000 	 0.2896000 	 0.5803000 	 0.0000000 	 0.0000000 	 0.9433000 	 0.7832000 	 0.4333000 	 0.9391000 	 0.1017000 	 0.0302000
8.8000000 	 -1.0000000 	 -3.5000000 	 0.0803000 	 0.0492000 	 0.0248000 	 0.0000000 	 0.1490000 	 0.0020000 	 0.0092000 	 0.5802000 	 0.0000000 	 0.0000000 	 0.0971000 	 0.4096000 	 0.0000000 	 0.0000000 	 0.6871000 	 0.1317000 	 0.0620000 	 0.1575000 	 0.0939000 	 0.0280000
8.8000000 	 -1.0000000 	 -3.2500000 	 0.0785000 	 0.0348000 	 0.0242000 	 0.0000000 	 0.1669000 	 0.0073000 	 0.0090000 	 0.5570000 	 0.0000000 	 0.0000000 	 0.1596000 	 0.5533000 	 0.0000000 	 0.0000000 	 0.9169000 	 0.3370000 	 0.1507000 	 0.4037000 	 0.0850000 	 0.0251000
8.8000000 	 -1.0000000 	 -3.0000000 	 0.0772000 	 0.0233000 	 0.0238000 	 0.0000000 	 0.1807000 	 0.0222000 	 0.0088000 	 0.5136000 	 0.0000000 	 0.0000000 	 0.2480000 	 0.6862000 	 0.0000000 	 0.0000000 	 1.1269000 	 0.7319000 	 0.2865000 	 0.8723000 	 0.0686000 	 0.0201000
8.8000000 	 -0.8750000 	 -3.5000000 	 0.0805000 	 0.0491000 	 0.0249000 	 0.0000000 	 0.1481000 	 0.0020000 	 0.0092000 	 0.5779000 	 0.0000000 	 0.0000000 	 0.0962000 	 0.4062000 	 0.0000000 	 0.0000000 	 0.6820000 	 0.1308000 	 0.0818000 	 0.1563000 	 0.1245000 	 0.0370000
8.8000000 	 -0.8750000 	 -3.2500000 	 0.0787000 	 0.0347000 	 0.0243000 	 0.0000000 	 0.1657000 	 0.0072000 	 0.0090000 	 0.5546000 	 0.0000000 	 0.0000000 	 0.1579000 	 0.5480000 	 0.0000000 	 0.0000000 	 0.9091000 	 0.3338000 	 0.1987000 	 0.3995000 	 0.1127000 	 0.0332000
8.8000000 	 -0.8750000 	 -3.0000000 	 0.0774000 	 0.0233000 	 0.0239000 	 0.0000000 	 0.1795000 	 0.0219000 	 0.0088000 	 0.5116000 	 0.0000000 	 0.0000000 	 0.2456000 	 0.6801000 	 0.0000000 	 0.0000000 	 1.1181000 	 0.7251000 	 0.3783000 	 0.8634000 	 0.0909000 	 0.0267000
8.8000000 	 -0.7500000 	 -3.5000000 	 0.0807000 	 0.0489000 	 0.0250000 	 0.0000000 	 0.1470000 	 0.0019000 	 0.0093000 	 0.5749000 	 0.0000000 	 0.0000000 	 0.0952000 	 0.4021000 	 0.0000000 	 0.0000000 	 0.6757000 	 0.1295000 	 0.1077000 	 0.1546000 	 0.1650000 	 0.0490000
8.8000000 	 -0.7500000 	 -3.2500000 	 0.0790000 	 0.0345000 	 0.0244000 	 0.0000000 	 0.1642000 	 0.0070000 	 0.0090000 	 0.5513000 	 0.0000000 	 0.0000000 	 0.1557000 	 0.5413000 	 0.0000000 	 0.0000000 	 0.8992000 	 0.3298000 	 0.2611000 	 0.3941000 	 0.1491000 	 0.0439000
8.8000000 	 -0.7500000 	 -3.0000000 	 0.0777000 	 0.0232000 	 0.0240000 	 0.0000000 	 0.1779000 	 0.0215000 	 0.0089000 	 0.5089000 	 0.0000000 	 0.0000000 	 0.2423000 	 0.6722000 	 0.0000000 	 0.0000000 	 1.1067000 	 0.7164000 	 0.4980000 	 0.8520000 	 0.1203000 	 0.0353000
8.8000000 	 -0.6250000 	 -3.5000000 	 0.0810000 	 0.0487000 	 0.0251000 	 0.0000000 	 0.1456000 	 0.0019000 	 0.0093000 	 0.5710000 	 0.0000000 	 0.0000000 	 0.0937000 	 0.3968000 	 0.0000000 	 0.0000000 	 0.6677000 	 0.1279000 	 0.1414000 	 0.1524000 	 0.2182000 	 0.0647000
8.8000000 	 -0.6250000 	 -3.2500000 	 0.0793000 	 0.0344000 	 0.0245000 	 0.0000000 	 0.1624000 	 0.0069000 	 0.0091000 	 0.5472000 	 0.0000000 	 0.0000000 	 0.1530000 	 0.5331000 	 0.0000000 	 0.0000000 	 0.8868000 	 0.3248000 	 0.3417000 	 0.3875000 	 0.1969000 	 0.0578000
8.8000000 	 -0.6250000 	 -3.0000000 	 0.0781000 	 0.0231000 	 0.0241000 	 0.0000000 	 0.1759000 	 0.0210000 	 0.0089000 	 0.5054000 	 0.0000000 	 0.0000000 	 0.2382000 	 0.6621000 	 0.0000000 	 0.0000000 	 1.0922000 	 0.7052000 	 0.6530000 	 0.8373000 	 0.1589000 	 0.0465000
8.8000000 	 -0.5000000 	 -3.5000000 	 0.0813000 	 0.0484000 	 0.0252000 	 0.0000000 	 0.1439000 	 0.0018000 	 0.0093000 	 0.5664000 	 0.0000000 	 0.0000000 	 0.0920000 	 0.3904000 	 0.0000000 	 0.0000000 	 0.6580000 	 0.1260000 	 0.1848000 	 0.1499000 	 0.2880000 	 0.0852000
8.8000000 	 -0.5000000 	 -3.2500000 	 0.0797000 	 0.0342000 	 0.0247000 	 0.0000000 	 0.1601000 	 0.0066000 	 0.0091000 	 0.5421000 	 0.0000000 	 0.0000000 	 0.1496000 	 0.5229000 	 0.0000000 	 0.0000000 	 0.8716000 	 0.3186000 	 0.4452000 	 0.3792000 	 0.2594000 	 0.0760000
8.8000000 	 -0.5000000 	 -3.0000000 	 0.0785000 	 0.0230000 	 0.0242000 	 0.0000000 	 0.1733000 	 0.0203000 	 0.0090000 	 0.5012000 	 0.0000000 	 0.0000000 	 0.2324000 	 0.6493000 	 0.0000000 	 0.0000000 	 1.0733000 	 0.6905000 	 0.8518000 	 0.8180000 	 0.2095000 	 0.0611000
8.9000000 	 -1.0000000 	 -3.7500000 	 0.0832000 	 0.0673000 	 0.0261000 	 0.0000000 	 0.1668000 	 0.0000000 	 0.0097000 	 0.5854000 	 0.0000000 	 0.0000000 	 0.0341000 	 0.3354000 	 0.0000000 	 0.0000000 	 0.5734000 	 0.0628000 	 0.0390000 	 0.0735000 	 0.0932000 	 0.0253000
8.9000000 	 -1.0000000 	 -3.5000000 	 0.0843000 	 0.0756000 	 0.0262000 	 0.0000000 	 0.1970000 	 0.0011000 	 0.0097000 	 0.6708000 	 0.0000000 	 0.0000000 	 0.0565000 	 0.4126000 	 0.0000000 	 0.0000000 	 0.7046000 	 0.0961000 	 0.0571000 	 0.1127000 	 0.1050000 	 0.0301000
8.9000000 	 -1.0000000 	 -3.2500000 	 0.0823000 	 0.0551000 	 0.0255000 	 0.0000000 	 0.2269000 	 0.0044000 	 0.0095000 	 0.6737000 	 0.0000000 	 0.0000000 	 0.0971000 	 0.5738000 	 0.0000000 	 0.0000000 	 0.9664000 	 0.2491000 	 0.1442000 	 0.2931000 	 0.0974000 	 0.0278000
8.9000000 	 -0.8750000 	 -3.7500000 	 0.0827000 	 0.0661000 	 0.0259000 	 0.0000000 	 0.1651000 	 0.0000000 	 0.0096000 	 0.5779000 	 0.0000000 	 0.0000000 	 0.0339000 	 0.3325000 	 0.0000000 	 0.0000000 	 0.5681000 	 0.0621000 	 0.0516000 	 0.0728000 	 0.1227000 	 0.0333000
8.9000000 	 -0.8750000 	 -3.5000000 	 0.0844000 	 0.0754000 	 0.0263000 	 0.0000000 	 0.1960000 	 0.0011000 	 0.0098000 	 0.6684000 	 0.0000000 	 0.0000000 	 0.0561000 	 0.4103000 	 0.0000000 	 0.0000000 	 0.7010000 	 0.0957000 	 0.0757000 	 0.1120000 	 0.1395000 	 0.0399000
8.9000000 	 -0.8750000 	 -3.2500000 	 0.0825000 	 0.0550000 	 0.0256000 	 0.0000000 	 0.2253000 	 0.0043000 	 0.0095000 	 0.6704000 	 0.0000000 	 0.0000000 	 0.0961000 	 0.5690000 	 0.0000000 	 0.0000000 	 0.9591000 	 0.2464000 	 0.1901000 	 0.2897000 	 0.1293000 	 0.0368000
8.9000000 	 -0.7500000 	 -3.7500000 	 0.0829000 	 0.0659000 	 0.0260000 	 0.0000000 	 0.1642000 	 0.0000000 	 0.0097000 	 0.5758000 	 0.0000000 	 0.0000000 	 0.0336000 	 0.3301000 	 0.0000000 	 0.0000000 	 0.5644000 	 0.0617000 	 0.0683000 	 0.0723000 	 0.1630000 	 0.0442000
8.9000000 	 -0.7500000 	 -3.5000000 	 0.0851000 	 0.0505000 	 0.0266000 	 0.0000000 	 0.1904000 	 0.0020000 	 0.0099000 	 0.5971000 	 0.0000000 	 0.0000000 	 0.0579000 	 0.4608000 	 0.0000000 	 0.0000000 	 0.7836000 	 0.1572000 	 0.1694000 	 0.1830000 	 0.1572000 	 0.0422000
8.9000000 	 -0.7500000 	 -3.2500000 	 0.0827000 	 0.0548000 	 0.0257000 	 0.0000000 	 0.2233000 	 0.0042000 	 0.0095000 	 0.6664000 	 0.0000000 	 0.0000000 	 0.0947000 	 0.5628000 	 0.0000000 	 0.0000000 	 0.9498000 	 0.2433000 	 0.2499000 	 0.2855000 	 0.1713000 	 0.0487000
8.9000000 	 -0.6250000 	 -3.7500000 	 0.0831000 	 0.0657000 	 0.0261000 	 0.0000000 	 0.1631000 	 0.0000000 	 0.0097000 	 0.5732000 	 0.0000000 	 0.0000000 	 0.0333000 	 0.3272000 	 0.0000000 	 0.0000000 	 0.5599000 	 0.0613000 	 0.0902000 	 0.0717000 	 0.2163000 	 0.0586000
8.9000000 	 -0.6250000 	 -3.5000000 	 0.0841000 	 0.0492000 	 0.0263000 	 0.0000000 	 0.1914000 	 0.0021000 	 0.0097000 	 0.5960000 	 0.0000000 	 0.0000000 	 0.0591000 	 0.4653000 	 0.0000000 	 0.0000000 	 0.7911000 	 0.1625000 	 0.2342000 	 0.1892000 	 0.2084000 	 0.0560000
8.9000000 	 -0.6250000 	 -3.2500000 	 0.0830000 	 0.0546000 	 0.0258000 	 0.0000000 	 0.2209000 	 0.0041000 	 0.0096000 	 0.6613000 	 0.0000000 	 0.0000000 	 0.0931000 	 0.5552000 	 0.0000000 	 0.0000000 	 0.9382000 	 0.2395000 	 0.3274000 	 0.2806000 	 0.2267000 	 0.0643000
8.9000000 	 -0.5000000 	 -3.7500000 	 0.0834000 	 0.0660000 	 0.0261000 	 0.0000000 	 0.1627000 	 0.0000000 	 0.0097000 	 0.5739000 	 0.0000000 	 0.0000000 	 0.0330000 	 0.3254000 	 0.0000000 	 0.0000000 	 0.5575000 	 0.0611000 	 0.1193000 	 0.0713000 	 0.2888000 	 0.0780000
8.9000000 	 -0.5000000 	 -3.5000000 	 0.0846000 	 0.0489000 	 0.0264000 	 0.0000000 	 0.1929000 	 0.0021000 	 0.0098000 	 0.5992000 	 0.0000000 	 0.0000000 	 0.0598000 	 0.4699000 	 0.0000000 	 0.0000000 	 0.7992000 	 0.1667000 	 0.3205000 	 0.1939000 	 0.2785000 	 0.0748000
8.9000000 	 -0.5000000 	 -3.2500000 	 0.0834000 	 0.0543000 	 0.0259000 	 0.0000000 	 0.2177000 	 0.0040000 	 0.0096000 	 0.6549000 	 0.0000000 	 0.0000000 	 0.0910000 	 0.5456000 	 0.0000000 	 0.0000000 	 0.9235000 	 0.2347000 	 0.4267000 	 0.2743000 	 0.2993000 	 0.0846000
9.0000000 	 -0.7500000 	 -3.7500000 	 0.0569000 	 0.0439000 	 0.0176000 	 0.0000000 	 0.0786000 	 0.0000000 	 0.0064000 	 0.3987000 	 0.0000000 	 0.0000000 	 0.0091000 	 0.1885000 	 0.0000000 	 0.0000000 	 0.3271000 	 0.0241000 	 0.0319000 	 0.0277000 	 0.1136000 	 0.0301000
9.0000000 	 -0.7500000 	 -3.5000000 	 0.0562000 	 0.0324000 	 0.0174000 	 0.0000000 	 0.0957000 	 0.0000000 	 0.0063000 	 0.4160000 	 0.0000000 	 0.0000000 	 0.0174000 	 0.2821000 	 0.0000000 	 0.0000000 	 0.4841000 	 0.0666000 	 0.0895000 	 0.0766000 	 0.1098000 	 0.0290000
9.0000000 	 -0.7500000 	 -3.2500000 	 0.0823000 	 0.0364000 	 0.0259000 	 0.0000000 	 0.1766000 	 0.0040000 	 0.0097000 	 0.6805000 	 0.0000000 	 0.0000000 	 0.0510000 	 0.6177000 	 0.0000000 	 0.0000000 	 1.0512000 	 0.2681000 	 0.3486000 	 0.3093000 	 0.1546000 	 0.0410000
9.0000000 	 -0.6250000 	 -3.7500000 	 0.0569000 	 0.0437000 	 0.0176000 	 0.0000000 	 0.0780000 	 0.0000000 	 0.0064000 	 0.3967000 	 0.0000000 	 0.0000000 	 0.0090000 	 0.1870000 	 0.0000000 	 0.0000000 	 0.3247000 	 0.0239000 	 0.0422000 	 0.0275000 	 0.1508000 	 0.0398000
9.0000000 	 -0.6250000 	 -3.5000000 	 0.0563000 	 0.0322000 	 0.0174000 	 0.0000000 	 0.0949000 	 0.0000000 	 0.0063000 	 0.4134000 	 0.0000000 	 0.0000000 	 0.0172000 	 0.2794000 	 0.0000000 	 0.0000000 	 0.4799000 	 0.0661000 	 0.1183000 	 0.0760000 	 0.1456000 	 0.0384000
9.0000000 	 -0.6250000 	 -3.2500000 	 0.0814000 	 0.0348000 	 0.0257000 	 0.0000000 	 0.1700000 	 0.0039000 	 0.0096000 	 0.6544000 	 0.0000000 	 0.0000000 	 0.0493000 	 0.5941000 	 0.0000000 	 0.0000000 	 1.0114000 	 0.2587000 	 0.4478000 	 0.2983000 	 0.1982000 	 0.0526000
9.0000000 	 -0.5000000 	 -3.7500000 	 0.0570000 	 0.0435000 	 0.0176000 	 0.0000000 	 0.0773000 	 0.0000000 	 0.0064000 	 0.3941000 	 0.0000000 	 0.0000000 	 0.0089000 	 0.1849000 	 0.0000000 	 0.0000000 	 0.3213000 	 0.0237000 	 0.0556000 	 0.0272000 	 0.1998000 	 0.0527000
9.0000000 	 -0.5000000 	 -3.5000000 	 0.0564000 	 0.0320000 	 0.0174000 	 0.0000000 	 0.0939000 	 0.0000000 	 0.0064000 	 0.4101000 	 0.0000000 	 0.0000000 	 0.0169000 	 0.2757000 	 0.0000000 	 0.0000000 	 0.4740000 	 0.0654000 	 0.1556000 	 0.0750000 	 0.1927000 	 0.0507000
9.0000000 	 -0.5000000 	 -3.2500000 	 0.0819000 	 0.0346000 	 0.0259000 	 0.0000000 	 0.1676000 	 0.0038000 	 0.0097000 	 0.6481000 	 0.0000000 	 0.0000000 	 0.0481000 	 0.5840000 	 0.0000000 	 0.0000000 	 0.9961000 	 0.2543000 	 0.5858000 	 0.2925000 	 0.2621000 	 0.0693000
9.0000000 	 -0.3750000 	 -3.7500000 	 0.0571000 	 0.0431000 	 0.0177000 	 0.0000000 	 0.0764000 	 0.0000000 	 0.0065000 	 0.3910000 	 0.0000000 	 0.0000000 	 0.0087000 	 0.1825000 	 0.0000000 	 0.0000000 	 0.3175000 	 0.0235000 	 0.0732000 	 0.0269000 	 0.2644000 	 0.0696000
9.0000000 	 -0.3750000 	 -3.5000000 	 0.0566000 	 0.0317000 	 0.0175000 	 0.0000000 	 0.0926000 	 0.0000000 	 0.0064000 	 0.4059000 	 0.0000000 	 0.0000000 	 0.0165000 	 0.2710000 	 0.0000000 	 0.0000000 	 0.4668000 	 0.0645000 	 0.2039000 	 0.0738000 	 0.2544000 	 0.0668000
9.0000000 	 -0.3750000 	 -3.2500000 	 0.0557000 	 0.0222000 	 0.0172000 	 0.0000000 	 0.1102000 	 0.0025000 	 0.0063000 	 0.4237000 	 0.0000000 	 0.0000000 	 0.0323000 	 0.3844000 	 0.0000000 	 0.0000000 	 0.6552000 	 0.1697000 	 0.5193000 	 0.1953000 	 0.2278000 	 0.0602000
9.0000000 	 -0.2500000 	 -3.7500000 	 0.0573000 	 0.0427000 	 0.0177000 	 0.0000000 	 0.0753000 	 0.0000000 	 0.0065000 	 0.3870000 	 0.0000000 	 0.0000000 	 0.0085000 	 0.1794000 	 0.0000000 	 0.0000000 	 0.3127000 	 0.0232000 	 0.0960000 	 0.0265000 	 0.3493000 	 0.0917000
9.0000000 	 -0.2500000 	 -3.5000000 	 0.0568000 	 0.0314000 	 0.0176000 	 0.0000000 	 0.0909000 	 0.0000000 	 0.0064000 	 0.4006000 	 0.0000000 	 0.0000000 	 0.0160000 	 0.2653000 	 0.0000000 	 0.0000000 	 0.4578000 	 0.0634000 	 0.2660000 	 0.0723000 	 0.3350000 	 0.0877000
9.0000000 	 -0.2500000 	 -3.2500000 	 0.0561000 	 0.0218000 	 0.0173000 	 0.0000000 	 0.1074000 	 0.0024000 	 0.0063000 	 0.4153000 	 0.0000000 	 0.0000000 	 0.0310000 	 0.3725000 	 0.0000000 	 0.0000000 	 0.6366000 	 0.1646000 	 0.6699000 	 0.1887000 	 0.2984000 	 0.0785000
9.1000000 	 -0.7500000 	 -3.7500000 	 0.0567000 	 0.0641000 	 0.0177000 	 0.0000000 	 0.0794000 	 0.0000000 	 0.0065000 	 0.3883000 	 0.0000000 	 0.0000000 	 0.0033000 	 0.1463000 	 0.0000000 	 0.0000000 	 0.2609000 	 0.0135000 	 0.0204000 	 0.0151000 	 0.1150000 	 0.0294000
9.1000000 	 -0.7500000 	 -3.5000000 	 0.0562000 	 0.0503000 	 0.0176000 	 0.0000000 	 0.1014000 	 0.0000000 	 0.0064000 	 0.4117000 	 0.0000000 	 0.0000000 	 0.0063000 	 0.2262000 	 0.0000000 	 0.0000000 	 0.3980000 	 0.0368000 	 0.0577000 	 0.0412000 	 0.1128000 	 0.0287000
9.1000000 	 -0.7500000 	 -3.2500000 	 0.0553000 	 0.0379000 	 0.0172000 	 0.0000000 	 0.1288000 	 0.0011000 	 0.0063000 	 0.4445000 	 0.0000000 	 0.0000000 	 0.0130000 	 0.3418000 	 0.0000000 	 0.0000000 	 0.5924000 	 0.0986000 	 0.1569000 	 0.1110000 	 0.1076000 	 0.0276000
9.1000000 	 -0.6250000 	 -3.7500000 	 0.0568000 	 0.0637000 	 0.0178000 	 0.0000000 	 0.0787000 	 0.0000000 	 0.0065000 	 0.3863000 	 0.0000000 	 0.0000000 	 0.0032000 	 0.1451000 	 0.0000000 	 0.0000000 	 0.2590000 	 0.0134000 	 0.0270000 	 0.0150000 	 0.1527000 	 0.0389000
9.1000000 	 -0.6250000 	 -3.5000000 	 0.0563000 	 0.0500000 	 0.0176000 	 0.0000000 	 0.1004000 	 0.0000000 	 0.0064000 	 0.4091000 	 0.0000000 	 0.0000000 	 0.0062000 	 0.2241000 	 0.0000000 	 0.0000000 	 0.3946000 	 0.0365000 	 0.0762000 	 0.0408000 	 0.1496000 	 0.0380000
9.1000000 	 -0.6250000 	 -3.2500000 	 0.0555000 	 0.0375000 	 0.0173000 	 0.0000000 	 0.1271000 	 0.0011000 	 0.0063000 	 0.4403000 	 0.0000000 	 0.0000000 	 0.0127000 	 0.3370000 	 0.0000000 	 0.0000000 	 0.5850000 	 0.0973000 	 0.2062000 	 0.1094000 	 0.1423000 	 0.0364000
9.1000000 	 -0.5000000 	 -3.7500000 	 0.0569000 	 0.0633000 	 0.0178000 	 0.0000000 	 0.0779000 	 0.0000000 	 0.0065000 	 0.3835000 	 0.0000000 	 0.0000000 	 0.0032000 	 0.1436000 	 0.0000000 	 0.0000000 	 0.2566000 	 0.0133000 	 0.0357000 	 0.0149000 	 0.2026000 	 0.0516000
9.1000000 	 -0.5000000 	 -3.5000000 	 0.0564000 	 0.0496000 	 0.0176000 	 0.0000000 	 0.0992000 	 0.0000000 	 0.0065000 	 0.4056000 	 0.0000000 	 0.0000000 	 0.0061000 	 0.2212000 	 0.0000000 	 0.0000000 	 0.3902000 	 0.0361000 	 0.1003000 	 0.0403000 	 0.1981000 	 0.0502000
9.1000000 	 -0.5000000 	 -3.2500000 	 0.0557000 	 0.0371000 	 0.0174000 	 0.0000000 	 0.1250000 	 0.0010000 	 0.0064000 	 0.4349000 	 0.0000000 	 0.0000000 	 0.0124000 	 0.3309000 	 0.0000000 	 0.0000000 	 0.5754000 	 0.0956000 	 0.2696000 	 0.1071000 	 0.1878000 	 0.0479000
9.1000000 	 -0.3750000 	 -3.7500000 	 0.0570000 	 0.0626000 	 0.0178000 	 0.0000000 	 0.0767000 	 0.0000000 	 0.0065000 	 0.3798000 	 0.0000000 	 0.0000000 	 0.0031000 	 0.1415000 	 0.0000000 	 0.0000000 	 0.2534000 	 0.0131000 	 0.0470000 	 0.0147000 	 0.2682000 	 0.0682000
9.1000000 	 -0.3750000 	 -3.5000000 	 0.0565000 	 0.0491000 	 0.0177000 	 0.0000000 	 0.0976000 	 0.0000000 	 0.0065000 	 0.4011000 	 0.0000000 	 0.0000000 	 0.0060000 	 0.2176000 	 0.0000000 	 0.0000000 	 0.3844000 	 0.0356000 	 0.1316000 	 0.0397000 	 0.2618000 	 0.0662000
9.1000000 	 -0.3750000 	 -3.2500000 	 0.0558000 	 0.0366000 	 0.0174000 	 0.0000000 	 0.1221000 	 0.0000000 	 0.0064000 	 0.4277000 	 0.0000000 	 0.0000000 	 0.0120000 	 0.3229000 	 0.0000000 	 0.0000000 	 0.5629000 	 0.0933000 	 0.3503000 	 0.1043000 	 0.2470000 	 0.0628000
9.1000000 	 -0.2500000 	 -3.7500000 	 0.0571000 	 0.0618000 	 0.0179000 	 0.0000000 	 0.0752000 	 0.0000000 	 0.0066000 	 0.3750000 	 0.0000000 	 0.0000000 	 0.0030000 	 0.1389000 	 0.0000000 	 0.0000000 	 0.2493000 	 0.0130000 	 0.0616000 	 0.0145000 	 0.3543000 	 0.0898000
9.1000000 	 -0.2500000 	 -3.5000000 	 0.0567000 	 0.0484000 	 0.0177000 	 0.0000000 	 0.0955000 	 0.0000000 	 0.0065000 	 0.3952000 	 0.0000000 	 0.0000000 	 0.0058000 	 0.2128000 	 0.0000000 	 0.0000000 	 0.3770000 	 0.0349000 	 0.1716000 	 0.0388000 	 0.3450000 	 0.0869000
9.1000000 	 -0.2500000 	 -3.2500000 	 0.0561000 	 0.0359000 	 0.0175000 	 0.0000000 	 0.1186000 	 0.0000000 	 0.0064000 	 0.4188000 	 0.0000000 	 0.0000000 	 0.0114000 	 0.3132000 	 0.0000000 	 0.0000000 	 0.5479000 	 0.0906000 	 0.4525000 	 0.1009000 	 0.3239000 	 0.0819000
