#Constrained by relation between 12+log(O/H), log(U) and log(N/O)
12+log(O/H)     	 log(N/O)        	 log(U)          	 OII_3727        	 NeIII_3868      	 OIII_4363       	 OIII_5007       	 NII_5755        	 SIII_6312       	 NII_6584        	 SII_6717,31     	 OII_7325        	 SIII_9069      
6.9000000 	 -1.1250000 	 -2.5000000 	 0.1026000 	 0.0465000 	 0.0080000 	 0.2820000 	 0.0000000 	 0.0024000 	 0.0232000 	 0.0569000 	 0.0014000 	 0.0238000
6.9000000 	 -1.1250000 	 -2.2500000 	 0.0846000 	 0.0399000 	 0.0068000 	 0.2245000 	 0.0000000 	 0.0019000 	 0.0221000 	 0.0518000 	 0.0011000 	 0.0204000
6.9000000 	 -1.1250000 	 -2.0000000 	 0.0756000 	 0.0348000 	 0.0048000 	 0.1536000 	 0.0000000 	 0.0015000 	 0.0219000 	 0.0522000 	 0.0000000 	 0.0186000
6.9000000 	 -1.1250000 	 -1.7500000 	 0.0743000 	 0.0322000 	 0.0028000 	 0.0910000 	 0.0000000 	 0.0014000 	 0.0226000 	 0.0538000 	 0.0000000 	 0.0189000
6.9000000 	 -1.1250000 	 -1.5000000 	 0.0782000 	 0.0325000 	 0.0014000 	 0.0491000 	 0.0000000 	 0.0015000 	 0.0236000 	 0.0677000 	 0.0000000 	 0.0216000
6.9000000 	 -1.1250000 	 -1.2500000 	 0.0828000 	 0.0332000 	 0.0000000 	 0.0266000 	 0.0000000 	 0.0018000 	 0.0239000 	 0.1199000 	 0.0000000 	 0.0267000
6.9000000 	 -1.1250000 	 -1.0000000 	 0.0849000 	 0.0312000 	 0.0000000 	 0.0167000 	 0.0000000 	 0.0019000 	 0.0233000 	 0.2009000 	 0.0000000 	 0.0279000
6.9000000 	 -1.1250000 	 -0.7500000 	 0.0863000 	 0.0288000 	 0.0000000 	 0.0128000 	 0.0000000 	 0.0018000 	 0.0229000 	 0.2568000 	 0.0000000 	 0.0264000
6.9000000 	 -1.1250000 	 -0.5000000 	 0.0890000 	 0.0267000 	 0.0000000 	 0.0106000 	 0.0000000 	 0.0017000 	 0.0229000 	 0.2950000 	 0.0000000 	 0.0245000
6.9000000 	 -1.0000000 	 -2.5000000 	 0.1026000 	 0.0465000 	 0.0080000 	 0.2821000 	 0.0000000 	 0.0024000 	 0.0310000 	 0.0568000 	 0.0014000 	 0.0238000
6.9000000 	 -1.0000000 	 -2.2500000 	 0.0846000 	 0.0399000 	 0.0068000 	 0.2245000 	 0.0000000 	 0.0019000 	 0.0294000 	 0.0518000 	 0.0011000 	 0.0204000
6.9000000 	 -1.0000000 	 -2.0000000 	 0.0756000 	 0.0348000 	 0.0048000 	 0.1536000 	 0.0000000 	 0.0015000 	 0.0292000 	 0.0525000 	 0.0000000 	 0.0186000
6.9000000 	 -1.0000000 	 -1.7500000 	 0.0743000 	 0.0322000 	 0.0028000 	 0.0910000 	 0.0000000 	 0.0014000 	 0.0301000 	 0.0538000 	 0.0000000 	 0.0189000
6.9000000 	 -1.0000000 	 -1.5000000 	 0.0782000 	 0.0325000 	 0.0014000 	 0.0491000 	 0.0000000 	 0.0015000 	 0.0314000 	 0.0678000 	 0.0000000 	 0.0216000
6.9000000 	 -1.0000000 	 -1.2500000 	 0.0828000 	 0.0332000 	 0.0000000 	 0.0266000 	 0.0000000 	 0.0018000 	 0.0319000 	 0.1194000 	 0.0000000 	 0.0267000
6.9000000 	 -1.0000000 	 -1.0000000 	 0.0849000 	 0.0313000 	 0.0000000 	 0.0168000 	 0.0000000 	 0.0019000 	 0.0312000 	 0.1994000 	 0.0000000 	 0.0279000
6.9000000 	 -1.0000000 	 -0.7500000 	 0.0863000 	 0.0288000 	 0.0000000 	 0.0128000 	 0.0000000 	 0.0018000 	 0.0305000 	 0.2570000 	 0.0000000 	 0.0264000
6.9000000 	 -1.0000000 	 -0.5000000 	 0.0890000 	 0.0267000 	 0.0000000 	 0.0106000 	 0.0000000 	 0.0017000 	 0.0306000 	 0.2950000 	 0.0000000 	 0.0245000
7.0000000 	 -1.1250000 	 -2.5000000 	 0.1292000 	 0.0369000 	 0.0100000 	 0.3544000 	 0.0000000 	 0.0030000 	 0.0292000 	 0.0721000 	 0.0028000 	 0.0299000
7.0000000 	 -1.1250000 	 -2.2500000 	 0.1065000 	 0.0317000 	 0.0086000 	 0.2823000 	 0.0000000 	 0.0024000 	 0.0278000 	 0.0659000 	 0.0014000 	 0.0257000
7.0000000 	 -1.1250000 	 -2.0000000 	 0.0953000 	 0.0276000 	 0.0060000 	 0.1932000 	 0.0000000 	 0.0019000 	 0.0276000 	 0.0667000 	 0.0012000 	 0.0235000
7.0000000 	 -1.1250000 	 -1.7500000 	 0.0936000 	 0.0256000 	 0.0035000 	 0.1145000 	 0.0000000 	 0.0018000 	 0.0284000 	 0.0690000 	 0.0011000 	 0.0238000
7.0000000 	 -1.1250000 	 -1.5000000 	 0.0985000 	 0.0258000 	 0.0018000 	 0.0617000 	 0.0000000 	 0.0020000 	 0.0296000 	 0.0878000 	 0.0011000 	 0.0274000
7.0000000 	 -1.1250000 	 -1.2500000 	 0.1042000 	 0.0262000 	 0.0000000 	 0.0335000 	 0.0000000 	 0.0023000 	 0.0300000 	 0.1526000 	 0.0011000 	 0.0336000
7.0000000 	 -1.1250000 	 -1.0000000 	 0.1068000 	 0.0247000 	 0.0000000 	 0.0210000 	 0.0000000 	 0.0023000 	 0.0293000 	 0.2533000 	 0.0011000 	 0.0349000
7.0000000 	 -1.1250000 	 -0.7500000 	 0.1087000 	 0.0228000 	 0.0000000 	 0.0161000 	 0.0000000 	 0.0022000 	 0.0288000 	 0.3219000 	 0.0011000 	 0.0331000
7.0000000 	 -1.1250000 	 -0.5000000 	 0.1120000 	 0.0212000 	 0.0000000 	 0.0133000 	 0.0000000 	 0.0022000 	 0.0288000 	 0.3695000 	 0.0010000 	 0.0308000
7.0000000 	 -1.0000000 	 -2.5000000 	 0.1291000 	 0.0369000 	 0.0100000 	 0.3542000 	 0.0000000 	 0.0030000 	 0.0390000 	 0.0726000 	 0.0028000 	 0.0299000
7.0000000 	 -1.0000000 	 -2.2500000 	 0.1065000 	 0.0317000 	 0.0086000 	 0.2822000 	 0.0000000 	 0.0024000 	 0.0370000 	 0.0661000 	 0.0014000 	 0.0258000
7.0000000 	 -1.0000000 	 -2.0000000 	 0.0953000 	 0.0276000 	 0.0060000 	 0.1933000 	 0.0000000 	 0.0019000 	 0.0368000 	 0.0666000 	 0.0012000 	 0.0234000
7.0000000 	 -1.0000000 	 -1.7500000 	 0.0936000 	 0.0256000 	 0.0035000 	 0.1145000 	 0.0000000 	 0.0018000 	 0.0379000 	 0.0690000 	 0.0011000 	 0.0238000
7.0000000 	 -1.0000000 	 -1.5000000 	 0.0985000 	 0.0257000 	 0.0018000 	 0.0618000 	 0.0000000 	 0.0019000 	 0.0395000 	 0.0868000 	 0.0011000 	 0.0273000
7.0000000 	 -1.0000000 	 -1.2500000 	 0.1042000 	 0.0262000 	 0.0000000 	 0.0335000 	 0.0000000 	 0.0023000 	 0.0400000 	 0.1525000 	 0.0011000 	 0.0336000
7.0000000 	 -1.0000000 	 -1.0000000 	 0.1068000 	 0.0247000 	 0.0000000 	 0.0211000 	 0.0000000 	 0.0023000 	 0.0391000 	 0.2523000 	 0.0011000 	 0.0349000
7.0000000 	 -1.0000000 	 -0.7500000 	 0.1087000 	 0.0228000 	 0.0000000 	 0.0161000 	 0.0000000 	 0.0022000 	 0.0384000 	 0.3219000 	 0.0011000 	 0.0331000
7.0000000 	 -1.0000000 	 -0.5000000 	 0.1120000 	 0.0212000 	 0.0000000 	 0.0133000 	 0.0000000 	 0.0022000 	 0.0384000 	 0.3695000 	 0.0010000 	 0.0308000
7.1000000 	 -1.1250000 	 -2.5000000 	 0.1624000 	 0.0463000 	 0.0126000 	 0.4455000 	 0.0000000 	 0.0038000 	 0.0367000 	 0.0914000 	 0.0048000 	 0.0376000
7.1000000 	 -1.1250000 	 -2.2500000 	 0.1339000 	 0.0399000 	 0.0108000 	 0.3549000 	 0.0000000 	 0.0030000 	 0.0349000 	 0.0837000 	 0.0018000 	 0.0324000
7.1000000 	 -1.1250000 	 -2.0000000 	 0.1198000 	 0.0348000 	 0.0076000 	 0.2429000 	 0.0000000 	 0.0024000 	 0.0347000 	 0.0854000 	 0.0015000 	 0.0296000
7.1000000 	 -1.1250000 	 -1.7500000 	 0.1177000 	 0.0322000 	 0.0044000 	 0.1439000 	 0.0000000 	 0.0023000 	 0.0357000 	 0.0885000 	 0.0014000 	 0.0300000
7.1000000 	 -1.1250000 	 -1.5000000 	 0.1238000 	 0.0323000 	 0.0022000 	 0.0775000 	 0.0000000 	 0.0025000 	 0.0372000 	 0.1131000 	 0.0014000 	 0.0346000
7.1000000 	 -1.1250000 	 -1.2500000 	 0.1312000 	 0.0329000 	 0.0011000 	 0.0421000 	 0.0000000 	 0.0028000 	 0.0377000 	 0.1908000 	 0.0014000 	 0.0420000
7.1000000 	 -1.1250000 	 -1.0000000 	 0.1345000 	 0.0310000 	 0.0000000 	 0.0265000 	 0.0000000 	 0.0029000 	 0.0369000 	 0.3154000 	 0.0014000 	 0.0437000
7.1000000 	 -1.1250000 	 -0.7500000 	 0.1367000 	 0.0286000 	 0.0000000 	 0.0202000 	 0.0000000 	 0.0028000 	 0.0362000 	 0.4036000 	 0.0014000 	 0.0414000
7.1000000 	 -1.1250000 	 -0.5000000 	 0.1411000 	 0.0265000 	 0.0000000 	 0.0167000 	 0.0000000 	 0.0027000 	 0.0362000 	 0.4627000 	 0.0013000 	 0.0385000
7.1000000 	 -1.0000000 	 -2.5000000 	 0.1623000 	 0.0464000 	 0.0126000 	 0.4453000 	 0.0000000 	 0.0038000 	 0.0490000 	 0.0922000 	 0.0048000 	 0.0377000
7.1000000 	 -1.0000000 	 -2.2500000 	 0.1339000 	 0.0399000 	 0.0108000 	 0.3549000 	 0.0000000 	 0.0030000 	 0.0465000 	 0.0838000 	 0.0018000 	 0.0324000
7.1000000 	 -1.0000000 	 -2.0000000 	 0.1198000 	 0.0347000 	 0.0076000 	 0.2430000 	 0.0000000 	 0.0024000 	 0.0462000 	 0.0853000 	 0.0015000 	 0.0295000
7.1000000 	 -1.0000000 	 -1.7500000 	 0.1177000 	 0.0322000 	 0.0044000 	 0.1439000 	 0.0000000 	 0.0023000 	 0.0476000 	 0.0887000 	 0.0014000 	 0.0300000
7.1000000 	 -1.0000000 	 -1.5000000 	 0.1238000 	 0.0323000 	 0.0022000 	 0.0775000 	 0.0000000 	 0.0025000 	 0.0496000 	 0.1131000 	 0.0014000 	 0.0346000
7.1000000 	 -1.0000000 	 -1.5000000 	 0.1238000 	 0.0323000 	 0.0022000 	 0.0775000 	 0.0000000 	 0.0025000 	 0.0496000 	 0.1131000 	 0.0014000 	 0.0346000
7.1000000 	 -1.0000000 	 -1.5000000 	 0.1238000 	 0.0323000 	 0.0022000 	 0.0775000 	 0.0000000 	 0.0025000 	 0.0496000 	 0.1131000 	 0.0014000 	 0.0346000
7.1000000 	 -1.0000000 	 -1.5000000 	 0.1238000 	 0.0323000 	 0.0022000 	 0.0775000 	 0.0000000 	 0.0025000 	 0.0496000 	 0.1131000 	 0.0014000 	 0.0346000
7.1000000 	 -1.0000000 	 -1.5000000 	 0.1238000 	 0.0323000 	 0.0022000 	 0.0775000 	 0.0000000 	 0.0025000 	 0.0496000 	 0.1131000 	 0.0014000 	 0.0346000
7.2000000 	 -1.1250000 	 -2.5000000 	 0.2043000 	 0.0581000 	 0.0157000 	 0.5589000 	 0.0000000 	 0.0048000 	 0.0462000 	 0.1168000 	 0.0059000 	 0.0474000
7.2000000 	 -1.1250000 	 -2.2500000 	 0.1685000 	 0.0501000 	 0.0134000 	 0.4456000 	 0.0000000 	 0.0038000 	 0.0439000 	 0.1081000 	 0.0046000 	 0.0408000
7.2000000 	 -1.1250000 	 -2.0000000 	 0.1508000 	 0.0437000 	 0.0095000 	 0.3053000 	 0.0000000 	 0.0030000 	 0.0436000 	 0.1100000 	 0.0039000 	 0.0372000
7.2000000 	 -1.1250000 	 -1.7500000 	 0.1481000 	 0.0405000 	 0.0055000 	 0.1809000 	 0.0000000 	 0.0028000 	 0.0449000 	 0.1152000 	 0.0017000 	 0.0379000
7.2000000 	 -1.1250000 	 -1.5000000 	 0.1558000 	 0.0406000 	 0.0028000 	 0.0974000 	 0.0000000 	 0.0031000 	 0.0467000 	 0.1473000 	 0.0017000 	 0.0437000
7.2000000 	 -1.1250000 	 -1.2500000 	 0.1652000 	 0.0411000 	 0.0014000 	 0.0530000 	 0.0000000 	 0.0035000 	 0.0474000 	 0.2416000 	 0.0028000 	 0.0525000
7.2000000 	 -1.1250000 	 -1.0000000 	 0.1692000 	 0.0387000 	 0.0000000 	 0.0333000 	 0.0000000 	 0.0036000 	 0.0463000 	 0.3951000 	 0.0018000 	 0.0546000
7.2000000 	 -1.1250000 	 -0.7500000 	 0.1721000 	 0.0357000 	 0.0000000 	 0.0254000 	 0.0000000 	 0.0035000 	 0.0454000 	 0.5036000 	 0.0017000 	 0.0517000
7.2000000 	 -1.1250000 	 -0.5000000 	 0.1778000 	 0.0332000 	 0.0000000 	 0.0210000 	 0.0000000 	 0.0034000 	 0.0455000 	 0.5742000 	 0.0016000 	 0.0483000
7.2000000 	 -1.0000000 	 -2.5000000 	 0.2042000 	 0.0581000 	 0.0157000 	 0.5587000 	 0.0012000 	 0.0048000 	 0.0616000 	 0.1173000 	 0.0059000 	 0.0474000
7.2000000 	 -1.0000000 	 -2.2500000 	 0.1685000 	 0.0501000 	 0.0134000 	 0.4456000 	 0.0011000 	 0.0038000 	 0.0585000 	 0.1079000 	 0.0046000 	 0.0408000
7.2000000 	 -1.0000000 	 -2.0000000 	 0.1508000 	 0.0437000 	 0.0095000 	 0.3053000 	 0.0011000 	 0.0030000 	 0.0581000 	 0.1103000 	 0.0039000 	 0.0373000
7.2000000 	 -1.0000000 	 -1.7500000 	 0.1481000 	 0.0405000 	 0.0055000 	 0.1810000 	 0.0011000 	 0.0028000 	 0.0598000 	 0.1148000 	 0.0017000 	 0.0379000
7.2000000 	 -1.0000000 	 -1.5000000 	 0.1558000 	 0.0406000 	 0.0028000 	 0.0974000 	 0.0012000 	 0.0031000 	 0.0622000 	 0.1474000 	 0.0017000 	 0.0437000
7.2000000 	 -1.0000000 	 -1.2500000 	 0.1650000 	 0.0410000 	 0.0014000 	 0.0529000 	 0.0012000 	 0.0035000 	 0.0631000 	 0.2446000 	 0.0028000 	 0.0526000
7.2000000 	 -1.0000000 	 -1.0000000 	 0.1693000 	 0.0387000 	 0.0000000 	 0.0333000 	 0.0012000 	 0.0036000 	 0.0617000 	 0.3940000 	 0.0018000 	 0.0546000
7.2000000 	 -1.0000000 	 -0.7500000 	 0.1721000 	 0.0357000 	 0.0000000 	 0.0254000 	 0.0011000 	 0.0035000 	 0.0605000 	 0.5034000 	 0.0017000 	 0.0517000
7.2000000 	 -1.0000000 	 -0.5000000 	 0.1778000 	 0.0332000 	 0.0000000 	 0.0210000 	 0.0011000 	 0.0034000 	 0.0606000 	 0.5744000 	 0.0016000 	 0.0483000
7.3000000 	 -1.1250000 	 -2.5000000 	 0.2567000 	 0.0729000 	 0.0195000 	 0.7002000 	 0.0012000 	 0.0059000 	 0.0581000 	 0.1503000 	 0.0087000 	 0.0596000
7.3000000 	 -1.1250000 	 -2.2500000 	 0.2121000 	 0.0629000 	 0.0168000 	 0.5591000 	 0.0011000 	 0.0047000 	 0.0552000 	 0.1396000 	 0.0059000 	 0.0514000
7.3000000 	 -1.1250000 	 -2.0000000 	 0.1898000 	 0.0550000 	 0.0119000 	 0.3833000 	 0.0010000 	 0.0038000 	 0.0548000 	 0.1437000 	 0.0049000 	 0.0470000
7.3000000 	 -1.1250000 	 -1.7500000 	 0.1865000 	 0.0508000 	 0.0070000 	 0.2273000 	 0.0011000 	 0.0036000 	 0.0564000 	 0.1498000 	 0.0046000 	 0.0479000
7.3000000 	 -1.1250000 	 -1.5000000 	 0.1960000 	 0.0507000 	 0.0035000 	 0.1224000 	 0.0011000 	 0.0038000 	 0.0586000 	 0.1903000 	 0.0046000 	 0.0549000
7.3000000 	 -1.1250000 	 -1.2500000 	 0.2073000 	 0.0510000 	 0.0017000 	 0.0663000 	 0.0011000 	 0.0044000 	 0.0592000 	 0.3169000 	 0.0048000 	 0.0657000
7.3000000 	 -1.1250000 	 -1.0000000 	 0.2123000 	 0.0480000 	 0.0000000 	 0.0416000 	 0.0011000 	 0.0045000 	 0.0578000 	 0.5014000 	 0.0046000 	 0.0678000
7.3000000 	 -1.1250000 	 -0.7500000 	 0.2159000 	 0.0443000 	 0.0000000 	 0.0317000 	 0.0011000 	 0.0043000 	 0.0567000 	 0.6320000 	 0.0044000 	 0.0642000
7.3000000 	 -1.1250000 	 -0.5000000 	 0.2237000 	 0.0415000 	 0.0000000 	 0.0264000 	 0.0010000 	 0.0042000 	 0.0570000 	 0.7151000 	 0.0044000 	 0.0602000
7.3000000 	 -1.0000000 	 -2.5000000 	 0.2567000 	 0.0729000 	 0.0195000 	 0.7001000 	 0.0016000 	 0.0059000 	 0.0775000 	 0.1503000 	 0.0087000 	 0.0596000
7.3000000 	 -1.0000000 	 -2.2500000 	 0.2121000 	 0.0629000 	 0.0168000 	 0.5591000 	 0.0014000 	 0.0047000 	 0.0736000 	 0.1398000 	 0.0059000 	 0.0514000
7.3000000 	 -1.0000000 	 -2.0000000 	 0.1898000 	 0.0550000 	 0.0119000 	 0.3833000 	 0.0014000 	 0.0038000 	 0.0731000 	 0.1437000 	 0.0049000 	 0.0470000
7.3000000 	 -1.0000000 	 -1.7500000 	 0.1865000 	 0.0509000 	 0.0069000 	 0.2272000 	 0.0014000 	 0.0036000 	 0.0751000 	 0.1508000 	 0.0046000 	 0.0480000
7.3000000 	 -1.0000000 	 -1.5000000 	 0.1960000 	 0.0507000 	 0.0035000 	 0.1222000 	 0.0015000 	 0.0039000 	 0.0780000 	 0.1924000 	 0.0046000 	 0.0550000
7.3000000 	 -1.0000000 	 -1.2500000 	 0.2073000 	 0.0510000 	 0.0017000 	 0.0663000 	 0.0015000 	 0.0044000 	 0.0790000 	 0.3171000 	 0.0048000 	 0.0657000
7.3000000 	 -1.0000000 	 -1.0000000 	 0.2123000 	 0.0480000 	 0.0000000 	 0.0416000 	 0.0015000 	 0.0045000 	 0.0771000 	 0.5012000 	 0.0046000 	 0.0678000
7.3000000 	 -1.0000000 	 -0.7500000 	 0.2159000 	 0.0443000 	 0.0000000 	 0.0317000 	 0.0014000 	 0.0043000 	 0.0756000 	 0.6319000 	 0.0044000 	 0.0642000
7.3000000 	 -1.0000000 	 -0.5000000 	 0.2237000 	 0.0415000 	 0.0000000 	 0.0264000 	 0.0014000 	 0.0042000 	 0.0760000 	 0.7147000 	 0.0044000 	 0.0602000
7.4000000 	 -1.1250000 	 -2.5000000 	 0.3225000 	 0.0912000 	 0.0242000 	 0.8763000 	 0.0015000 	 0.0074000 	 0.0731000 	 0.1930000 	 0.0109000 	 0.0749000
7.4000000 	 -1.1250000 	 -2.2500000 	 0.2666000 	 0.0790000 	 0.0209000 	 0.7009000 	 0.0013000 	 0.0059000 	 0.0694000 	 0.1804000 	 0.0086000 	 0.0647000
7.4000000 	 -1.1250000 	 -2.0000000 	 0.2389000 	 0.0689000 	 0.0148000 	 0.4814000 	 0.0013000 	 0.0048000 	 0.0689000 	 0.1860000 	 0.0061000 	 0.0591000
7.4000000 	 -1.1250000 	 -1.7500000 	 0.2347000 	 0.0639000 	 0.0087000 	 0.2851000 	 0.0013000 	 0.0045000 	 0.0707000 	 0.1987000 	 0.0057000 	 0.0607000
7.4000000 	 -1.1250000 	 -1.5000000 	 0.2465000 	 0.0633000 	 0.0044000 	 0.1535000 	 0.0014000 	 0.0048000 	 0.0734000 	 0.2504000 	 0.0057000 	 0.0692000
7.4000000 	 -1.1250000 	 -1.2500000 	 0.2606000 	 0.0633000 	 0.0022000 	 0.0832000 	 0.0014000 	 0.0054000 	 0.0742000 	 0.4037000 	 0.0059000 	 0.0818000
7.4000000 	 -1.1250000 	 -1.0000000 	 0.2669000 	 0.0596000 	 0.0012000 	 0.0523000 	 0.0014000 	 0.0055000 	 0.0724000 	 0.6239000 	 0.0059000 	 0.0842000
7.4000000 	 -1.1250000 	 -0.7500000 	 0.2713000 	 0.0552000 	 0.0000000 	 0.0398000 	 0.0013000 	 0.0054000 	 0.0709000 	 0.7825000 	 0.0056000 	 0.0798000
7.4000000 	 -1.1250000 	 -0.5000000 	 0.2811000 	 0.0516000 	 0.0000000 	 0.0330000 	 0.0013000 	 0.0052000 	 0.0713000 	 0.8858000 	 0.0055000 	 0.0749000
7.4000000 	 -1.0000000 	 -2.5000000 	 0.3225000 	 0.0912000 	 0.0242000 	 0.8766000 	 0.0019000 	 0.0074000 	 0.0974000 	 0.1919000 	 0.0109000 	 0.0749000
7.4000000 	 -1.0000000 	 -2.2500000 	 0.2666000 	 0.0789000 	 0.0209000 	 0.7011000 	 0.0018000 	 0.0059000 	 0.0925000 	 0.1805000 	 0.0086000 	 0.0646000
7.4000000 	 -1.0000000 	 -2.0000000 	 0.2389000 	 0.0690000 	 0.0148000 	 0.4813000 	 0.0017000 	 0.0048000 	 0.0918000 	 0.1865000 	 0.0061000 	 0.0592000
7.4000000 	 -1.0000000 	 -1.7500000 	 0.2346000 	 0.0639000 	 0.0087000 	 0.2851000 	 0.0018000 	 0.0045000 	 0.0942000 	 0.1994000 	 0.0057000 	 0.0607000
7.4000000 	 -1.0000000 	 -1.5000000 	 0.2466000 	 0.0633000 	 0.0044000 	 0.1535000 	 0.0019000 	 0.0048000 	 0.0978000 	 0.2496000 	 0.0057000 	 0.0691000
7.4000000 	 -1.0000000 	 -1.2500000 	 0.2606000 	 0.0633000 	 0.0022000 	 0.0832000 	 0.0019000 	 0.0054000 	 0.0988000 	 0.4047000 	 0.0059000 	 0.0818000
7.4000000 	 -1.0000000 	 -1.0000000 	 0.2671000 	 0.0596000 	 0.0012000 	 0.0524000 	 0.0018000 	 0.0055000 	 0.0966000 	 0.6220000 	 0.0059000 	 0.0842000
7.4000000 	 -1.0000000 	 -0.7500000 	 0.2716000 	 0.0552000 	 0.0000000 	 0.0398000 	 0.0018000 	 0.0054000 	 0.0946000 	 0.7803000 	 0.0056000 	 0.0799000
7.4000000 	 -1.0000000 	 -0.5000000 	 0.2811000 	 0.0516000 	 0.0000000 	 0.0330000 	 0.0017000 	 0.0052000 	 0.0950000 	 0.8855000 	 0.0055000 	 0.0749000
7.5000000 	 -1.1250000 	 -2.5000000 	 0.4047000 	 0.1139000 	 0.0299000 	 1.0949000 	 0.0018000 	 0.0092000 	 0.0917000 	 0.2482000 	 0.0136000 	 0.0940000
7.5000000 	 -1.1250000 	 -2.2500000 	 0.3351000 	 0.0988000 	 0.0259000 	 0.8779000 	 0.0017000 	 0.0074000 	 0.0871000 	 0.2348000 	 0.0107000 	 0.0813000
7.5000000 	 -1.1250000 	 -2.0000000 	 0.3004000 	 0.0864000 	 0.0185000 	 0.6035000 	 0.0016000 	 0.0060000 	 0.0864000 	 0.2456000 	 0.0090000 	 0.0746000
7.5000000 	 -1.1250000 	 -1.7500000 	 0.2950000 	 0.0798000 	 0.0109000 	 0.3576000 	 0.0017000 	 0.0056000 	 0.0885000 	 0.2624000 	 0.0082000 	 0.0765000
7.5000000 	 -1.1250000 	 -1.5000000 	 0.3095000 	 0.0787000 	 0.0055000 	 0.1922000 	 0.0017000 	 0.0060000 	 0.0917000 	 0.3321000 	 0.0083000 	 0.0870000
7.5000000 	 -1.1250000 	 -1.2500000 	 0.3269000 	 0.0781000 	 0.0027000 	 0.1041000 	 0.0018000 	 0.0067000 	 0.0925000 	 0.5206000 	 0.0086000 	 0.1015000
7.5000000 	 -1.1250000 	 -1.0000000 	 0.3354000 	 0.0738000 	 0.0015000 	 0.0657000 	 0.0017000 	 0.0068000 	 0.0905000 	 0.7699000 	 0.0086000 	 0.1041000
7.5000000 	 -1.1250000 	 -0.7500000 	 0.3407000 	 0.0685000 	 0.0011000 	 0.0499000 	 0.0016000 	 0.0066000 	 0.0886000 	 0.9578000 	 0.0082000 	 0.0989000
7.5000000 	 -1.1250000 	 -0.5000000 	 0.3540000 	 0.0645000 	 0.0000000 	 0.0415000 	 0.0016000 	 0.0065000 	 0.0892000 	 1.0702000 	 0.0081000 	 0.0935000
7.5000000 	 -1.0000000 	 -2.5000000 	 0.4047000 	 0.1138000 	 0.0299000 	 1.0951000 	 0.0024000 	 0.0092000 	 0.1223000 	 0.2484000 	 0.0136000 	 0.0940000
7.5000000 	 -1.0000000 	 -2.2500000 	 0.3349000 	 0.0987000 	 0.0259000 	 0.8780000 	 0.0022000 	 0.0074000 	 0.1161000 	 0.2344000 	 0.0107000 	 0.0813000
7.5000000 	 -1.0000000 	 -2.0000000 	 0.3004000 	 0.0864000 	 0.0185000 	 0.6037000 	 0.0022000 	 0.0060000 	 0.1152000 	 0.2453000 	 0.0090000 	 0.0745000
7.5000000 	 -1.0000000 	 -1.7500000 	 0.2950000 	 0.0798000 	 0.0109000 	 0.3577000 	 0.0022000 	 0.0056000 	 0.1180000 	 0.2622000 	 0.0082000 	 0.0764000
7.5000000 	 -1.0000000 	 -1.5000000 	 0.3093000 	 0.0787000 	 0.0055000 	 0.1920000 	 0.0023000 	 0.0060000 	 0.1221000 	 0.3360000 	 0.0083000 	 0.0873000
7.5000000 	 -1.0000000 	 -1.2500000 	 0.3269000 	 0.0781000 	 0.0027000 	 0.1042000 	 0.0024000 	 0.0067000 	 0.1233000 	 0.5195000 	 0.0086000 	 0.1014000
7.5000000 	 -1.0000000 	 -1.0000000 	 0.3345000 	 0.0735000 	 0.0015000 	 0.0655000 	 0.0023000 	 0.0068000 	 0.1203000 	 0.7796000 	 0.0086000 	 0.1038000
7.5000000 	 -1.0000000 	 -0.7500000 	 0.3408000 	 0.0685000 	 0.0011000 	 0.0499000 	 0.0022000 	 0.0066000 	 0.1181000 	 0.9567000 	 0.0082000 	 0.0989000
7.5000000 	 -1.0000000 	 -0.5000000 	 0.3540000 	 0.0645000 	 0.0000000 	 0.0415000 	 0.0022000 	 0.0065000 	 0.1190000 	 1.0695000 	 0.0081000 	 0.0934000
7.6000000 	 -1.1250000 	 -2.5000000 	 0.5076000 	 0.1416000 	 0.0369000 	 1.3665000 	 0.0023000 	 0.0115000 	 0.1151000 	 0.3178000 	 0.0170000 	 0.1177000
7.6000000 	 -1.1250000 	 -2.2500000 	 0.4207000 	 0.1232000 	 0.0321000 	 1.0979000 	 0.0021000 	 0.0092000 	 0.1093000 	 0.3036000 	 0.0133000 	 0.1020000
7.6000000 	 -1.1250000 	 -2.0000000 	 0.3774000 	 0.1079000 	 0.0230000 	 0.7567000 	 0.0020000 	 0.0075000 	 0.1083000 	 0.3220000 	 0.0112000 	 0.0937000
7.6000000 	 -1.1250000 	 -1.7500000 	 0.3706000 	 0.0994000 	 0.0136000 	 0.4487000 	 0.0021000 	 0.0070000 	 0.1108000 	 0.3448000 	 0.0103000 	 0.0960000
7.6000000 	 -1.1250000 	 -1.5000000 	 0.3886000 	 0.0974000 	 0.0069000 	 0.2409000 	 0.0022000 	 0.0074000 	 0.1144000 	 0.4361000 	 0.0104000 	 0.1089000
7.6000000 	 -1.1250000 	 -1.2500000 	 0.4090000 	 0.0960000 	 0.0034000 	 0.1302000 	 0.0022000 	 0.0081000 	 0.1151000 	 0.6719000 	 0.0108000 	 0.1254000
7.6000000 	 -1.1250000 	 -1.0000000 	 0.4194000 	 0.0908000 	 0.0019000 	 0.0823000 	 0.0021000 	 0.0083000 	 0.1125000 	 0.9551000 	 0.0106000 	 0.1279000
7.6000000 	 -1.1250000 	 -0.7500000 	 0.4296000 	 0.0855000 	 0.0014000 	 0.0632000 	 0.0021000 	 0.0082000 	 0.1110000 	 1.1388000 	 0.0104000 	 0.1231000
7.6000000 	 -1.1250000 	 -0.5000000 	 0.4474000 	 0.0807000 	 0.0011000 	 0.0524000 	 0.0020000 	 0.0080000 	 0.1120000 	 1.2889000 	 0.0102000 	 0.1169000
7.6000000 	 -1.0000000 	 -2.5000000 	 0.5075000 	 0.1416000 	 0.0369000 	 1.3666000 	 0.0030000 	 0.0115000 	 0.1534000 	 0.3170000 	 0.0170000 	 0.1176000
7.6000000 	 -1.0000000 	 -2.2500000 	 0.4207000 	 0.1231000 	 0.0321000 	 1.0987000 	 0.0028000 	 0.0092000 	 0.1457000 	 0.3027000 	 0.0133000 	 0.1018000
7.6000000 	 -1.0000000 	 -2.0000000 	 0.3774000 	 0.1078000 	 0.0230000 	 0.7569000 	 0.0027000 	 0.0075000 	 0.1443000 	 0.3215000 	 0.0112000 	 0.0936000
7.6000000 	 -1.0000000 	 -1.7500000 	 0.3705000 	 0.0993000 	 0.0136000 	 0.4488000 	 0.0028000 	 0.0070000 	 0.1476000 	 0.3447000 	 0.0103000 	 0.0960000
7.6000000 	 -1.0000000 	 -1.5000000 	 0.3884000 	 0.0974000 	 0.0069000 	 0.2409000 	 0.0029000 	 0.0074000 	 0.1525000 	 0.4385000 	 0.0104000 	 0.1090000
7.6000000 	 -1.0000000 	 -1.2500000 	 0.4095000 	 0.0961000 	 0.0034000 	 0.1305000 	 0.0029000 	 0.0081000 	 0.1536000 	 0.6650000 	 0.0108000 	 0.1252000
7.6000000 	 -1.0000000 	 -1.0000000 	 0.4193000 	 0.0907000 	 0.0019000 	 0.0822000 	 0.0028000 	 0.0083000 	 0.1499000 	 0.9559000 	 0.0106000 	 0.1278000
7.6000000 	 -1.0000000 	 -0.7500000 	 0.4296000 	 0.0854000 	 0.0014000 	 0.0632000 	 0.0028000 	 0.0082000 	 0.1480000 	 1.1385000 	 0.0104000 	 0.1231000
7.6000000 	 -1.0000000 	 -0.5000000 	 0.4474000 	 0.0807000 	 0.0011000 	 0.0524000 	 0.0027000 	 0.0080000 	 0.1494000 	 1.2877000 	 0.0102000 	 0.1169000
7.7000000 	 -1.1250000 	 -2.5000000 	 0.6347000 	 0.1751000 	 0.0451000 	 1.7002000 	 0.0028000 	 0.0141000 	 0.1439000 	 0.4043000 	 0.0211000 	 0.1467000
7.7000000 	 -1.1250000 	 -2.2500000 	 0.5270000 	 0.1528000 	 0.0395000 	 1.3714000 	 0.0026000 	 0.0113000 	 0.1367000 	 0.3932000 	 0.0166000 	 0.1273000
7.7000000 	 -1.1250000 	 -2.0000000 	 0.4731000 	 0.1340000 	 0.0285000 	 0.9467000 	 0.0025000 	 0.0092000 	 0.1353000 	 0.4255000 	 0.0139000 	 0.1173000
7.7000000 	 -1.1250000 	 -1.7500000 	 0.4643000 	 0.1229000 	 0.0169000 	 0.5616000 	 0.0026000 	 0.0086000 	 0.1380000 	 0.4586000 	 0.0129000 	 0.1204000
7.7000000 	 -1.1250000 	 -1.5000000 	 0.4856000 	 0.1195000 	 0.0086000 	 0.3010000 	 0.0027000 	 0.0091000 	 0.1420000 	 0.5823000 	 0.0130000 	 0.1358000
7.7000000 	 -1.1250000 	 -1.2500000 	 0.5112000 	 0.1171000 	 0.0043000 	 0.1632000 	 0.0027000 	 0.0098000 	 0.1428000 	 0.8427000 	 0.0133000 	 0.1530000
7.7000000 	 -1.1250000 	 -1.0000000 	 0.5265000 	 0.1117000 	 0.0024000 	 0.1039000 	 0.0027000 	 0.0101000 	 0.1402000 	 1.1250000 	 0.0133000 	 0.1566000
7.7000000 	 -1.1250000 	 -0.7500000 	 0.5433000 	 0.1066000 	 0.0018000 	 0.0803000 	 0.0026000 	 0.0101000 	 0.1392000 	 1.3306000 	 0.0131000 	 0.1529000
7.7000000 	 -1.1250000 	 -0.5000000 	 0.5662000 	 0.1009000 	 0.0014000 	 0.0663000 	 0.0026000 	 0.0100000 	 0.1405000 	 1.5249000 	 0.0130000 	 0.1459000
7.7000000 	 -1.0000000 	 -2.5000000 	 0.6343000 	 0.1750000 	 0.0451000 	 1.6995000 	 0.0038000 	 0.0141000 	 0.1917000 	 0.4076000 	 0.0211000 	 0.1467000
7.7000000 	 -1.0000000 	 -2.2500000 	 0.5267000 	 0.1528000 	 0.0395000 	 1.3709000 	 0.0035000 	 0.0113000 	 0.1822000 	 0.3948000 	 0.0166000 	 0.1273000
7.7000000 	 -1.0000000 	 -2.0000000 	 0.4731000 	 0.1339000 	 0.0285000 	 0.9469000 	 0.0034000 	 0.0092000 	 0.1803000 	 0.4263000 	 0.0139000 	 0.1173000
7.7000000 	 -1.0000000 	 -1.7500000 	 0.4643000 	 0.1228000 	 0.0169000 	 0.5619000 	 0.0034000 	 0.0086000 	 0.1840000 	 0.4578000 	 0.0129000 	 0.1202000
7.7000000 	 -1.0000000 	 -1.5000000 	 0.4856000 	 0.1194000 	 0.0087000 	 0.3012000 	 0.0036000 	 0.0091000 	 0.1894000 	 0.5808000 	 0.0130000 	 0.1356000
7.7000000 	 -1.0000000 	 -1.2500000 	 0.5101000 	 0.1168000 	 0.0043000 	 0.1627000 	 0.0036000 	 0.0098000 	 0.1899000 	 0.8541000 	 0.0133000 	 0.1530000
7.7000000 	 -1.0000000 	 -1.0000000 	 0.5261000 	 0.1115000 	 0.0024000 	 0.1037000 	 0.0035000 	 0.0101000 	 0.1868000 	 1.1349000 	 0.0133000 	 0.1564000
7.7000000 	 -1.0000000 	 -0.7500000 	 0.5423000 	 0.1063000 	 0.0017000 	 0.0801000 	 0.0035000 	 0.0101000 	 0.1853000 	 1.3406000 	 0.0131000 	 0.1525000
7.7000000 	 -1.0000000 	 -0.5000000 	 0.5663000 	 0.1009000 	 0.0014000 	 0.0663000 	 0.0034000 	 0.0100000 	 0.1874000 	 1.5237000 	 0.0130000 	 0.1458000
7.8000000 	 -1.1250000 	 -2.5000000 	 0.7917000 	 0.2148000 	 0.0548000 	 2.1093000 	 0.0035000 	 0.0173000 	 0.1795000 	 0.5074000 	 0.0262000 	 0.1816000
7.8000000 	 -1.1250000 	 -2.2500000 	 0.6583000 	 0.1882000 	 0.0484000 	 1.7088000 	 0.0032000 	 0.0139000 	 0.1705000 	 0.5030000 	 0.0206000 	 0.1580000
7.8000000 	 -1.1250000 	 -2.0000000 	 0.5919000 	 0.1651000 	 0.0352000 	 1.1846000 	 0.0031000 	 0.0114000 	 0.1686000 	 0.5503000 	 0.0173000 	 0.1457000
7.8000000 	 -1.1250000 	 -1.7500000 	 0.5804000 	 0.1508000 	 0.0210000 	 0.7038000 	 0.0032000 	 0.0105000 	 0.1716000 	 0.5964000 	 0.0160000 	 0.1491000
7.8000000 	 -1.1250000 	 -1.5000000 	 0.6058000 	 0.1455000 	 0.0108000 	 0.3774000 	 0.0033000 	 0.0110000 	 0.1760000 	 0.7492000 	 0.0161000 	 0.1666000
7.8000000 	 -1.1250000 	 -1.2500000 	 0.6360000 	 0.1419000 	 0.0054000 	 0.2048000 	 0.0033000 	 0.0117000 	 0.1764000 	 1.0300000 	 0.0166000 	 0.1848000
7.8000000 	 -1.1250000 	 -1.0000000 	 0.6639000 	 0.1380000 	 0.0032000 	 0.1325000 	 0.0033000 	 0.0123000 	 0.1754000 	 1.3025000 	 0.0168000 	 0.1917000
7.8000000 	 -1.1250000 	 -0.7500000 	 0.6848000 	 0.1321000 	 0.0023000 	 0.1018000 	 0.0033000 	 0.0124000 	 0.1739000 	 1.5532000 	 0.0168000 	 0.1887000
7.8000000 	 -1.1250000 	 -0.5000000 	 0.7132000 	 0.1253000 	 0.0018000 	 0.0834000 	 0.0032000 	 0.0123000 	 0.1753000 	 1.7970000 	 0.0164000 	 0.1808000
7.8000000 	 -1.0000000 	 -2.5000000 	 0.7913000 	 0.2147000 	 0.0548000 	 2.1095000 	 0.0047000 	 0.0173000 	 0.2391000 	 0.5069000 	 0.0262000 	 0.1815000
7.8000000 	 -1.0000000 	 -2.2500000 	 0.6581000 	 0.1880000 	 0.0484000 	 1.7094000 	 0.0043000 	 0.0139000 	 0.2271000 	 0.5023000 	 0.0206000 	 0.1578000
7.8000000 	 -1.0000000 	 -2.0000000 	 0.5917000 	 0.1650000 	 0.0352000 	 1.1851000 	 0.0042000 	 0.0114000 	 0.2246000 	 0.5511000 	 0.0173000 	 0.1456000
7.8000000 	 -1.0000000 	 -1.7500000 	 0.5804000 	 0.1507000 	 0.0210000 	 0.7043000 	 0.0043000 	 0.0105000 	 0.2287000 	 0.5947000 	 0.0160000 	 0.1489000
7.8000000 	 -1.0000000 	 -1.5000000 	 0.6051000 	 0.1453000 	 0.0108000 	 0.3771000 	 0.0044000 	 0.0110000 	 0.2343000 	 0.7553000 	 0.0161000 	 0.1668000
7.8000000 	 -1.0000000 	 -1.2500000 	 0.6361000 	 0.1418000 	 0.0054000 	 0.2050000 	 0.0045000 	 0.0117000 	 0.2351000 	 1.0295000 	 0.0166000 	 0.1847000
7.8000000 	 -1.0000000 	 -1.0000000 	 0.6614000 	 0.1373000 	 0.0031000 	 0.1319000 	 0.0044000 	 0.0122000 	 0.2329000 	 1.3176000 	 0.0168000 	 0.1910000
7.8000000 	 -1.0000000 	 -0.7500000 	 0.6855000 	 0.1322000 	 0.0023000 	 0.1020000 	 0.0044000 	 0.0124000 	 0.2320000 	 1.5429000 	 0.0168000 	 0.1888000
7.8000000 	 -1.0000000 	 -0.5000000 	 0.7132000 	 0.1252000 	 0.0018000 	 0.0834000 	 0.0043000 	 0.0123000 	 0.2338000 	 1.7953000 	 0.0164000 	 0.1807000
7.9000000 	 -1.1250000 	 -2.5000000 	 0.9903000 	 0.2613000 	 0.0666000 	 2.6317000 	 0.0044000 	 0.0211000 	 0.2238000 	 0.5765000 	 0.0326000 	 0.2214000
7.9000000 	 -1.1250000 	 -2.2500000 	 0.8222000 	 0.2287000 	 0.0593000 	 2.1393000 	 0.0040000 	 0.0170000 	 0.2121000 	 0.5875000 	 0.0257000 	 0.1919000
7.9000000 	 -1.1250000 	 -2.0000000 	 0.7376000 	 0.2004000 	 0.0435000 	 1.4844000 	 0.0039000 	 0.0138000 	 0.2090000 	 0.6708000 	 0.0217000 	 0.1769000
7.9000000 	 -1.1250000 	 -1.7500000 	 0.7227000 	 0.1820000 	 0.0262000 	 0.8846000 	 0.0039000 	 0.0126000 	 0.2122000 	 0.7306000 	 0.0199000 	 0.1795000
7.9000000 	 -1.1250000 	 -1.5000000 	 0.7541000 	 0.1749000 	 0.0136000 	 0.4766000 	 0.0041000 	 0.0130000 	 0.2173000 	 0.8942000 	 0.0200000 	 0.1979000
7.9000000 	 -1.1250000 	 -1.2500000 	 0.7990000 	 0.1724000 	 0.0070000 	 0.2628000 	 0.0042000 	 0.0139000 	 0.2196000 	 1.1466000 	 0.0208000 	 0.2193000
7.9000000 	 -1.1250000 	 -1.0000000 	 0.8332000 	 0.1684000 	 0.0041000 	 0.1691000 	 0.0041000 	 0.0147000 	 0.2179000 	 1.4690000 	 0.0212000 	 0.2308000
7.9000000 	 -1.1250000 	 -0.7500000 	 0.8596000 	 0.1618000 	 0.0029000 	 0.1288000 	 0.0041000 	 0.0150000 	 0.2158000 	 1.7846000 	 0.0211000 	 0.2298000
7.9000000 	 -1.1250000 	 -0.5000000 	 0.9006000 	 0.1553000 	 0.0023000 	 0.1051000 	 0.0040000 	 0.0151000 	 0.2186000 	 2.0648000 	 0.0209000 	 0.2234000
7.9000000 	 -1.0000000 	 -2.5000000 	 0.9896000 	 0.2611000 	 0.0666000 	 2.6315000 	 0.0058000 	 0.0211000 	 0.2981000 	 0.5768000 	 0.0326000 	 0.2212000
7.9000000 	 -1.0000000 	 -2.2500000 	 0.8218000 	 0.2285000 	 0.0593000 	 2.1400000 	 0.0053000 	 0.0169000 	 0.2825000 	 0.5862000 	 0.0257000 	 0.1916000
7.9000000 	 -1.0000000 	 -2.0000000 	 0.7372000 	 0.2002000 	 0.0434000 	 1.4849000 	 0.0051000 	 0.0137000 	 0.2784000 	 0.6710000 	 0.0215000 	 0.1767000
7.9000000 	 -1.0000000 	 -1.7500000 	 0.7223000 	 0.1818000 	 0.0262000 	 0.8854000 	 0.0052000 	 0.0126000 	 0.2827000 	 0.7300000 	 0.0199000 	 0.1793000
7.9000000 	 -1.0000000 	 -1.5000000 	 0.7539000 	 0.1747000 	 0.0136000 	 0.4770000 	 0.0054000 	 0.0129000 	 0.2895000 	 0.8941000 	 0.0200000 	 0.1977000
7.9000000 	 -1.0000000 	 -1.2500000 	 0.7983000 	 0.1721000 	 0.0070000 	 0.2627000 	 0.0056000 	 0.0139000 	 0.2925000 	 1.1501000 	 0.0208000 	 0.2191000
7.9000000 	 -1.0000000 	 -1.0000000 	 0.8322000 	 0.1680000 	 0.0041000 	 0.1690000 	 0.0055000 	 0.0146000 	 0.2901000 	 1.4706000 	 0.0212000 	 0.2304000
7.9000000 	 -1.0000000 	 -0.7500000 	 0.8575000 	 0.1611000 	 0.0029000 	 0.1285000 	 0.0054000 	 0.0149000 	 0.2870000 	 1.7887000 	 0.0210000 	 0.2290000
7.9000000 	 -1.0000000 	 -0.5000000 	 0.9002000 	 0.1551000 	 0.0023000 	 0.1051000 	 0.0054000 	 0.0151000 	 0.2915000 	 2.0627000 	 0.0209000 	 0.2232000
8.0000000 	 -1.1250000 	 -2.5000000 	 1.2355000 	 0.3173000 	 0.0803000 	 3.2737000 	 0.0054000 	 0.0257000 	 0.2782000 	 0.6528000 	 0.0403000 	 0.2695000
8.0000000 	 -1.1250000 	 -2.2500000 	 1.0273000 	 0.2775000 	 0.0725000 	 2.6843000 	 0.0049000 	 0.0206000 	 0.2637000 	 0.6609000 	 0.0319000 	 0.2318000
8.0000000 	 -1.1250000 	 -2.0000000 	 0.9220000 	 0.2421000 	 0.0539000 	 1.8762000 	 0.0048000 	 0.0166000 	 0.2595000 	 0.7482000 	 0.0269000 	 0.2107000
8.0000000 	 -1.1250000 	 -1.7500000 	 0.9036000 	 0.2190000 	 0.0329000 	 1.1259000 	 0.0049000 	 0.0150000 	 0.2633000 	 0.8225000 	 0.0248000 	 0.2105000
8.0000000 	 -1.1250000 	 -1.5000000 	 0.9439000 	 0.2103000 	 0.0174000 	 0.6110000 	 0.0051000 	 0.0152000 	 0.2696000 	 0.9932000 	 0.0251000 	 0.2301000
8.0000000 	 -1.1250000 	 -1.2500000 	 1.0013000 	 0.2083000 	 0.0090000 	 0.3384000 	 0.0052000 	 0.0164000 	 0.2725000 	 1.2619000 	 0.0261000 	 0.2572000
8.0000000 	 -1.1250000 	 -1.0000000 	 1.0452000 	 0.2048000 	 0.0053000 	 0.2172000 	 0.0052000 	 0.0174000 	 0.2703000 	 1.6156000 	 0.0268000 	 0.2754000
8.0000000 	 -1.1250000 	 -0.7500000 	 1.0745000 	 0.1970000 	 0.0038000 	 0.1631000 	 0.0050000 	 0.0179000 	 0.2663000 	 2.0084000 	 0.0266000 	 0.2776000
8.0000000 	 -1.1250000 	 -0.5000000 	 1.1278000 	 0.1903000 	 0.0030000 	 0.1312000 	 0.0050000 	 0.0183000 	 0.2703000 	 2.3755000 	 0.0264000 	 0.2731000
8.0000000 	 -1.0000000 	 -2.5000000 	 1.2345000 	 0.3169000 	 0.0802000 	 3.2727000 	 0.0072000 	 0.0257000 	 0.3704000 	 0.6513000 	 0.0402000 	 0.2692000
8.0000000 	 -1.0000000 	 -2.2500000 	 1.0267000 	 0.2772000 	 0.0724000 	 2.6838000 	 0.0066000 	 0.0206000 	 0.3511000 	 0.6600000 	 0.0319000 	 0.2315000
8.0000000 	 -1.0000000 	 -2.0000000 	 0.9214000 	 0.2419000 	 0.0539000 	 1.8775000 	 0.0064000 	 0.0166000 	 0.3456000 	 0.7469000 	 0.0268000 	 0.2104000
8.0000000 	 -1.0000000 	 -1.7500000 	 0.9031000 	 0.2188000 	 0.0330000 	 1.1271000 	 0.0065000 	 0.0149000 	 0.3505000 	 0.8215000 	 0.0248000 	 0.2102000
8.0000000 	 -1.0000000 	 -1.5000000 	 0.9437000 	 0.2100000 	 0.0174000 	 0.6116000 	 0.0067000 	 0.0152000 	 0.3592000 	 0.9922000 	 0.0251000 	 0.2298000
8.0000000 	 -1.0000000 	 -1.2500000 	 1.0008000 	 0.2080000 	 0.0091000 	 0.3387000 	 0.0069000 	 0.0164000 	 0.3630000 	 1.2631000 	 0.0261000 	 0.2569000
8.0000000 	 -1.0000000 	 -1.0000000 	 1.0447000 	 0.2045000 	 0.0053000 	 0.2173000 	 0.0069000 	 0.0174000 	 0.3599000 	 1.6147000 	 0.0268000 	 0.2750000
8.0000000 	 -1.0000000 	 -0.7500000 	 1.0740000 	 0.1968000 	 0.0038000 	 0.1632000 	 0.0067000 	 0.0179000 	 0.3549000 	 2.0055000 	 0.0266000 	 0.2773000
8.0000000 	 -1.0000000 	 -0.5000000 	 1.1246000 	 0.1896000 	 0.0030000 	 0.1308000 	 0.0066000 	 0.0183000 	 0.3595000 	 2.3766000 	 0.0263000 	 0.2722000
8.0000000 	 -0.8750000 	 -2.5000000 	 1.2332000 	 0.3166000 	 0.0802000 	 3.2730000 	 0.0095000 	 0.0256000 	 0.4931000 	 0.6515000 	 0.0402000 	 0.2689000
8.0000000 	 -0.8750000 	 -2.2500000 	 1.0255000 	 0.2769000 	 0.0725000 	 2.6857000 	 0.0087000 	 0.0206000 	 0.4673000 	 0.6591000 	 0.0319000 	 0.2311000
8.0000000 	 -0.8750000 	 -2.0000000 	 0.9205000 	 0.2415000 	 0.0539000 	 1.8785000 	 0.0085000 	 0.0166000 	 0.4600000 	 0.7457000 	 0.0268000 	 0.2100000
8.0000000 	 -0.8750000 	 -1.7500000 	 0.9025000 	 0.2184000 	 0.0330000 	 1.1285000 	 0.0086000 	 0.0149000 	 0.4667000 	 0.8208000 	 0.0248000 	 0.2098000
8.0000000 	 -0.8750000 	 -1.5000000 	 0.9430000 	 0.2097000 	 0.0175000 	 0.6127000 	 0.0090000 	 0.0152000 	 0.4782000 	 0.9909000 	 0.0251000 	 0.2293000
8.0000000 	 -0.8750000 	 -1.2500000 	 1.0008000 	 0.2077000 	 0.0091000 	 0.3392000 	 0.0092000 	 0.0163000 	 0.4836000 	 1.2586000 	 0.0261000 	 0.2564000
8.0000000 	 -0.8750000 	 -1.0000000 	 1.0438000 	 0.2041000 	 0.0053000 	 0.2174000 	 0.0091000 	 0.0173000 	 0.4793000 	 1.6108000 	 0.0268000 	 0.2744000
8.0000000 	 -0.8750000 	 -0.7500000 	 1.0732000 	 0.1964000 	 0.0038000 	 0.1631000 	 0.0089000 	 0.0178000 	 0.4728000 	 2.0045000 	 0.0266000 	 0.2768000
8.0000000 	 -0.8750000 	 -0.5000000 	 1.1345000 	 0.1914000 	 0.0030000 	 0.1324000 	 0.0090000 	 0.0184000 	 0.4835000 	 2.3380000 	 0.0266000 	 0.2746000
8.0000000 	 -0.7500000 	 -2.5000000 	 1.2311000 	 0.3160000 	 0.0800000 	 3.2719000 	 0.0127000 	 0.0256000 	 0.6559000 	 0.6499000 	 0.0401000 	 0.2684000
8.0000000 	 -0.7500000 	 -2.2500000 	 1.0238000 	 0.2764000 	 0.0724000 	 2.6868000 	 0.0116000 	 0.0205000 	 0.6215000 	 0.6575000 	 0.0318000 	 0.2306000
8.0000000 	 -0.7500000 	 -2.0000000 	 0.9192000 	 0.2411000 	 0.0540000 	 1.8809000 	 0.0113000 	 0.0165000 	 0.6119000 	 0.7452000 	 0.0268000 	 0.2095000
8.0000000 	 -0.7500000 	 -1.7500000 	 0.9016000 	 0.2180000 	 0.0331000 	 1.1302000 	 0.0115000 	 0.0149000 	 0.6211000 	 0.8203000 	 0.0248000 	 0.2093000
8.0000000 	 -0.7500000 	 -1.5000000 	 0.9421000 	 0.2092000 	 0.0175000 	 0.6138000 	 0.0119000 	 0.0151000 	 0.6365000 	 0.9888000 	 0.0251000 	 0.2286000
8.0000000 	 -0.7500000 	 -1.2500000 	 0.9996000 	 0.2071000 	 0.0091000 	 0.3396000 	 0.0122000 	 0.0163000 	 0.6435000 	 1.2590000 	 0.0261000 	 0.2557000
8.0000000 	 -0.7500000 	 -1.0000000 	 1.0420000 	 0.2033000 	 0.0054000 	 0.2173000 	 0.0122000 	 0.0173000 	 0.6376000 	 1.6096000 	 0.0268000 	 0.2736000
8.0000000 	 -0.7500000 	 -0.7500000 	 1.0720000 	 0.1959000 	 0.0038000 	 0.1632000 	 0.0119000 	 0.0178000 	 0.6296000 	 1.9984000 	 0.0265000 	 0.2762000
8.0000000 	 -0.7500000 	 -0.5000000 	 1.1250000 	 0.1893000 	 0.0030000 	 0.1311000 	 0.0118000 	 0.0182000 	 0.6396000 	 2.3614000 	 0.0263000 	 0.2719000
8.1000000 	 -1.1250000 	 -2.5000000 	 1.5316000 	 0.3821000 	 0.0953000 	 4.0485000 	 0.0066000 	 0.0309000 	 0.3431000 	 0.7286000 	 0.0496000 	 0.3258000
8.1000000 	 -1.1250000 	 -2.2500000 	 1.2752000 	 0.3343000 	 0.0878000 	 3.3585000 	 0.0061000 	 0.0249000 	 0.3250000 	 0.7304000 	 0.0395000 	 0.2783000
8.1000000 	 -1.1250000 	 -2.0000000 	 1.1452000 	 0.2899000 	 0.0666000 	 2.3733000 	 0.0059000 	 0.0199000 	 0.3196000 	 0.8088000 	 0.0334000 	 0.2488000
8.1000000 	 -1.1250000 	 -1.7500000 	 1.1231000 	 0.2605000 	 0.0414000 	 1.4350000 	 0.0060000 	 0.0177000 	 0.3239000 	 0.9061000 	 0.0309000 	 0.2442000
8.1000000 	 -1.1250000 	 -1.5000000 	 1.1738000 	 0.2493000 	 0.0223000 	 0.7858000 	 0.0062000 	 0.0177000 	 0.3317000 	 1.0831000 	 0.0312000 	 0.2628000
8.1000000 	 -1.1250000 	 -1.2500000 	 1.2464000 	 0.2476000 	 0.0118000 	 0.4374000 	 0.0064000 	 0.0189000 	 0.3351000 	 1.3629000 	 0.0326000 	 0.2944000
8.1000000 	 -1.1250000 	 -1.0000000 	 1.2976000 	 0.2442000 	 0.0070000 	 0.2789000 	 0.0063000 	 0.0202000 	 0.3309000 	 1.7404000 	 0.0334000 	 0.3202000
8.1000000 	 -1.1250000 	 -0.7500000 	 1.3360000 	 0.2369000 	 0.0049000 	 0.2069000 	 0.0062000 	 0.0211000 	 0.3262000 	 2.1883000 	 0.0332000 	 0.3294000
8.1000000 	 -1.1250000 	 -0.5000000 	 1.4015000 	 0.2296000 	 0.0038000 	 0.1618000 	 0.0061000 	 0.0218000 	 0.3307000 	 2.6584000 	 0.0330000 	 0.3287000
8.1000000 	 -1.0000000 	 -2.5000000 	 1.5298000 	 0.3818000 	 0.0953000 	 4.0501000 	 0.0088000 	 0.0309000 	 0.4566000 	 0.7271000 	 0.0496000 	 0.3254000
8.1000000 	 -1.0000000 	 -2.2500000 	 1.2740000 	 0.3340000 	 0.0878000 	 3.3594000 	 0.0081000 	 0.0249000 	 0.4327000 	 0.7307000 	 0.0394000 	 0.2779000
8.1000000 	 -1.0000000 	 -2.0000000 	 1.1440000 	 0.2896000 	 0.0666000 	 2.3749000 	 0.0078000 	 0.0199000 	 0.4254000 	 0.8084000 	 0.0334000 	 0.2483000
8.1000000 	 -1.0000000 	 -1.7500000 	 1.1219000 	 0.2602000 	 0.0415000 	 1.4365000 	 0.0080000 	 0.0176000 	 0.4311000 	 0.9058000 	 0.0309000 	 0.2438000
8.1000000 	 -1.0000000 	 -1.5000000 	 1.1728000 	 0.2488000 	 0.0223000 	 0.7866000 	 0.0083000 	 0.0177000 	 0.4415000 	 1.0833000 	 0.0312000 	 0.2623000
8.1000000 	 -1.0000000 	 -1.2500000 	 1.2457000 	 0.2473000 	 0.0118000 	 0.4378000 	 0.0085000 	 0.0189000 	 0.4463000 	 1.3696000 	 0.0326000 	 0.2940000
8.1000000 	 -1.0000000 	 -1.0000000 	 1.2978000 	 0.2440000 	 0.0070000 	 0.2794000 	 0.0084000 	 0.0201000 	 0.4411000 	 1.7338000 	 0.0334000 	 0.3198000
8.1000000 	 -1.0000000 	 -0.7500000 	 1.3369000 	 0.2369000 	 0.0049000 	 0.2073000 	 0.0082000 	 0.0210000 	 0.4351000 	 2.1800000 	 0.0332000 	 0.3293000
8.1000000 	 -1.0000000 	 -0.5000000 	 1.3995000 	 0.2291000 	 0.0038000 	 0.1617000 	 0.0082000 	 0.0218000 	 0.4406000 	 2.6563000 	 0.0330000 	 0.3281000
8.1000000 	 -0.8750000 	 -2.5000000 	 1.5277000 	 0.3813000 	 0.0953000 	 4.0499000 	 0.0117000 	 0.0308000 	 0.6075000 	 0.7261000 	 0.0496000 	 0.3248000
8.1000000 	 -0.8750000 	 -2.2500000 	 1.2720000 	 0.3334000 	 0.0877000 	 3.3596000 	 0.0107000 	 0.0248000 	 0.5755000 	 0.7299000 	 0.0393000 	 0.2774000
8.1000000 	 -0.8750000 	 -2.0000000 	 1.1427000 	 0.2891000 	 0.0666000 	 2.3755000 	 0.0104000 	 0.0198000 	 0.5660000 	 0.8070000 	 0.0333000 	 0.2478000
8.1000000 	 -0.8750000 	 -1.7500000 	 1.1211000 	 0.2598000 	 0.0415000 	 1.4387000 	 0.0106000 	 0.0176000 	 0.5738000 	 0.9054000 	 0.0309000 	 0.2433000
8.1000000 	 -0.8750000 	 -1.5000000 	 1.1717000 	 0.2483000 	 0.0224000 	 0.7880000 	 0.0110000 	 0.0176000 	 0.5876000 	 1.0812000 	 0.0312000 	 0.2617000
8.1000000 	 -0.8750000 	 -1.2500000 	 1.2447000 	 0.2466000 	 0.0118000 	 0.4387000 	 0.0113000 	 0.0188000 	 0.5941000 	 1.3594000 	 0.0326000 	 0.2932000
8.1000000 	 -0.8750000 	 -1.0000000 	 1.2963000 	 0.2433000 	 0.0070000 	 0.2795000 	 0.0112000 	 0.0201000 	 0.5872000 	 1.7322000 	 0.0334000 	 0.3191000
8.1000000 	 -0.8750000 	 -0.7500000 	 1.3359000 	 0.2364000 	 0.0050000 	 0.2074000 	 0.0110000 	 0.0210000 	 0.5796000 	 2.1780000 	 0.0332000 	 0.3287000
8.1000000 	 -0.8750000 	 -0.5000000 	 1.3949000 	 0.2281000 	 0.0038000 	 0.1613000 	 0.0108000 	 0.0217000 	 0.5859000 	 2.6532000 	 0.0329000 	 0.3268000
8.1000000 	 -0.7500000 	 -2.5000000 	 1.5239000 	 0.3805000 	 0.0951000 	 4.0484000 	 0.0155000 	 0.0308000 	 0.8077000 	 0.7268000 	 0.0493000 	 0.3242000
8.1000000 	 -0.7500000 	 -2.2500000 	 1.2693000 	 0.3328000 	 0.0877000 	 3.3611000 	 0.0142000 	 0.0248000 	 0.7649000 	 0.7279000 	 0.0393000 	 0.2766000
8.1000000 	 -0.7500000 	 -2.0000000 	 1.1405000 	 0.2885000 	 0.0667000 	 2.3788000 	 0.0138000 	 0.0198000 	 0.7524000 	 0.8065000 	 0.0331000 	 0.2471000
8.1000000 	 -0.7500000 	 -1.7500000 	 1.1191000 	 0.2591000 	 0.0416000 	 1.4414000 	 0.0141000 	 0.0175000 	 0.7628000 	 0.9044000 	 0.0308000 	 0.2425000
8.1000000 	 -0.7500000 	 -1.5000000 	 1.1704000 	 0.2476000 	 0.0224000 	 0.7898000 	 0.0147000 	 0.0175000 	 0.7818000 	 1.0792000 	 0.0312000 	 0.2609000
8.1000000 	 -0.7500000 	 -1.2500000 	 1.2435000 	 0.2459000 	 0.0119000 	 0.4396000 	 0.0151000 	 0.0187000 	 0.7905000 	 1.3583000 	 0.0326000 	 0.2923000
8.1000000 	 -0.7500000 	 -1.0000000 	 1.2946000 	 0.2425000 	 0.0070000 	 0.2798000 	 0.0149000 	 0.0200000 	 0.7814000 	 1.7288000 	 0.0334000 	 0.3181000
8.1000000 	 -0.7500000 	 -0.7500000 	 1.3298000 	 0.2349000 	 0.0050000 	 0.2068000 	 0.0146000 	 0.0208000 	 0.7693000 	 2.1773000 	 0.0331000 	 0.3269000
8.1000000 	 -0.7500000 	 -0.5000000 	 1.3922000 	 0.2274000 	 0.0038000 	 0.1611000 	 0.0144000 	 0.0216000 	 0.7801000 	 2.6444000 	 0.0327000 	 0.3260000
8.2000000 	 -0.8750000 	 -2.5000000 	 1.8822000 	 0.4569000 	 0.1112000 	 4.9695000 	 0.0142000 	 0.0368000 	 0.7445000 	 0.8134000 	 0.0605000 	 0.3916000
8.2000000 	 -0.8750000 	 -2.2500000 	 1.5704000 	 0.4010000 	 0.1050000 	 4.1852000 	 0.0130000 	 0.0298000 	 0.7047000 	 0.8079000 	 0.0484000 	 0.3326000
8.2000000 	 -0.8750000 	 -2.0000000 	 1.4108000 	 0.3460000 	 0.0818000 	 3.0004000 	 0.0127000 	 0.0237000 	 0.6917000 	 0.8773000 	 0.0410000 	 0.2928000
8.2000000 	 -0.8750000 	 -1.7500000 	 1.3835000 	 0.3083000 	 0.0520000 	 1.8350000 	 0.0129000 	 0.0208000 	 0.7000000 	 0.9997000 	 0.0382000 	 0.2827000
8.2000000 	 -0.8750000 	 -1.5000000 	 1.4460000 	 0.2927000 	 0.0287000 	 1.0151000 	 0.0134000 	 0.0205000 	 0.7161000 	 1.1901000 	 0.0385000 	 0.2988000
8.2000000 	 -0.8750000 	 -1.2500000 	 1.5424000 	 0.2926000 	 0.0154000 	 0.5683000 	 0.0139000 	 0.0218000 	 0.7258000 	 1.5509000 	 0.0405000 	 0.3351000
8.2000000 	 -0.8750000 	 -1.0000000 	 1.5986000 	 0.2875000 	 0.0093000 	 0.3606000 	 0.0137000 	 0.0230000 	 0.7136000 	 1.8527000 	 0.0413000 	 0.3661000
8.2000000 	 -0.8750000 	 -0.7500000 	 1.6403000 	 0.2801000 	 0.0065000 	 0.2618000 	 0.0133000 	 0.0243000 	 0.7010000 	 2.3541000 	 0.0412000 	 0.3836000
8.2000000 	 -0.8750000 	 -0.5000000 	 1.7155000 	 0.2724000 	 0.0049000 	 0.1971000 	 0.0132000 	 0.0255000 	 0.7102000 	 2.9266000 	 0.0406000 	 0.3893000
8.2000000 	 -0.7500000 	 -2.5000000 	 1.8768000 	 0.4557000 	 0.1110000 	 4.9667000 	 0.0188000 	 0.0367000 	 0.9892000 	 0.8130000 	 0.0602000 	 0.3906000
8.2000000 	 -0.7500000 	 -2.2500000 	 1.5662000 	 0.4001000 	 0.1050000 	 4.1869000 	 0.0173000 	 0.0297000 	 0.9363000 	 0.8089000 	 0.0482000 	 0.3317000
8.2000000 	 -0.7500000 	 -2.0000000 	 1.4072000 	 0.3452000 	 0.0818000 	 3.0043000 	 0.0168000 	 0.0237000 	 0.9188000 	 0.8763000 	 0.0408000 	 0.2918000
8.2000000 	 -0.7500000 	 -1.7500000 	 1.3798000 	 0.3073000 	 0.0521000 	 1.8392000 	 0.0171000 	 0.0207000 	 0.9297000 	 0.9991000 	 0.0379000 	 0.2816000
8.2000000 	 -0.7500000 	 -1.5000000 	 1.4437000 	 0.2918000 	 0.0288000 	 1.0185000 	 0.0179000 	 0.0204000 	 0.9522000 	 1.1870000 	 0.0385000 	 0.2977000
8.2000000 	 -0.7500000 	 -1.2500000 	 1.5399000 	 0.2917000 	 0.0155000 	 0.5699000 	 0.0184000 	 0.0217000 	 0.9652000 	 1.5568000 	 0.0404000 	 0.3342000
8.2000000 	 -0.7500000 	 -1.0000000 	 1.5944000 	 0.2862000 	 0.0093000 	 0.3608000 	 0.0182000 	 0.0229000 	 0.9484000 	 1.8495000 	 0.0413000 	 0.3647000
8.2000000 	 -0.7500000 	 -0.7500000 	 1.6356000 	 0.2788000 	 0.0065000 	 0.2617000 	 0.0177000 	 0.0241000 	 0.9318000 	 2.3485000 	 0.0410000 	 0.3821000
8.2000000 	 -0.7500000 	 -0.5000000 	 1.7110000 	 0.2713000 	 0.0049000 	 0.1968000 	 0.0175000 	 0.0254000 	 0.9449000 	 2.9181000 	 0.0405000 	 0.3880000
8.2000000 	 -0.6250000 	 -2.5000000 	 1.8697000 	 0.4543000 	 0.1109000 	 4.9666000 	 0.0249000 	 0.0366000 	 1.3129000 	 0.8112000 	 0.0599000 	 0.3893000
8.2000000 	 -0.6250000 	 -2.2500000 	 1.5602000 	 0.3989000 	 0.1049000 	 4.1901000 	 0.0230000 	 0.0296000 	 1.2422000 	 0.8077000 	 0.0479000 	 0.3304000
8.2000000 	 -0.6250000 	 -2.0000000 	 1.4027000 	 0.3442000 	 0.0819000 	 3.0092000 	 0.0223000 	 0.0235000 	 1.2193000 	 0.8755000 	 0.0407000 	 0.2906000
8.2000000 	 -0.6250000 	 -1.7500000 	 1.3753000 	 0.3061000 	 0.0523000 	 1.8447000 	 0.0227000 	 0.0206000 	 1.2336000 	 0.9967000 	 0.0379000 	 0.2801000
8.2000000 	 -0.6250000 	 -1.5000000 	 1.4396000 	 0.2905000 	 0.0289000 	 1.0219000 	 0.0237000 	 0.0202000 	 1.2642000 	 1.1850000 	 0.0384000 	 0.2963000
8.2000000 	 -0.6250000 	 -1.2500000 	 1.5367000 	 0.2903000 	 0.0156000 	 0.5719000 	 0.0244000 	 0.0216000 	 1.2825000 	 1.5480000 	 0.0404000 	 0.3325000
8.2000000 	 -0.6250000 	 -1.0000000 	 1.5902000 	 0.2846000 	 0.0094000 	 0.3613000 	 0.0242000 	 0.0227000 	 1.2598000 	 1.8424000 	 0.0412000 	 0.3628000
8.2000000 	 -0.6250000 	 -0.7500000 	 1.6314000 	 0.2774000 	 0.0066000 	 0.2619000 	 0.0235000 	 0.0240000 	 1.2388000 	 2.3397000 	 0.0409000 	 0.3804000
8.2000000 	 -0.6250000 	 -0.5000000 	 1.7052000 	 0.2699000 	 0.0049000 	 0.1965000 	 0.0232000 	 0.0252000 	 1.2561000 	 2.9076000 	 0.0404000 	 0.3864000
8.2000000 	 -0.5000000 	 -2.5000000 	 1.8605000 	 0.4524000 	 0.1105000 	 4.9623000 	 0.0330000 	 0.0364000 	 1.7408000 	 0.8105000 	 0.0595000 	 0.3876000
8.2000000 	 -0.5000000 	 -2.2500000 	 1.5530000 	 0.3974000 	 0.1049000 	 4.1942000 	 0.0304000 	 0.0294000 	 1.6463000 	 0.8056000 	 0.0477000 	 0.3287000
8.2000000 	 -0.5000000 	 -2.0000000 	 1.3957000 	 0.3426000 	 0.0819000 	 3.0164000 	 0.0295000 	 0.0234000 	 1.6149000 	 0.8725000 	 0.0406000 	 0.2887000
8.2000000 	 -0.5000000 	 -1.7500000 	 1.3702000 	 0.3047000 	 0.0524000 	 1.8515000 	 0.0301000 	 0.0204000 	 1.6354000 	 0.9958000 	 0.0377000 	 0.2785000
8.2000000 	 -0.5000000 	 -1.5000000 	 1.4340000 	 0.2887000 	 0.0291000 	 1.0270000 	 0.0314000 	 0.0201000 	 1.6761000 	 1.1827000 	 0.0382000 	 0.2944000
8.2000000 	 -0.5000000 	 -1.2500000 	 1.5306000 	 0.2882000 	 0.0157000 	 0.5742000 	 0.0324000 	 0.0214000 	 1.7007000 	 1.5408000 	 0.0402000 	 0.3302000
8.2000000 	 -0.5000000 	 -1.0000000 	 1.5859000 	 0.2829000 	 0.0094000 	 0.3627000 	 0.0320000 	 0.0225000 	 1.6730000 	 1.8329000 	 0.0412000 	 0.3606000
8.2000000 	 -0.5000000 	 -0.7500000 	 1.6226000 	 0.2750000 	 0.0066000 	 0.2617000 	 0.0311000 	 0.0237000 	 1.6420000 	 2.3287000 	 0.0407000 	 0.3776000
8.2000000 	 -0.5000000 	 -0.5000000 	 1.6976000 	 0.2682000 	 0.0050000 	 0.1960000 	 0.0308000 	 0.0250000 	 1.6679000 	 2.8913000 	 0.0403000 	 0.3845000
8.3000000 	 -0.8750000 	 -2.5000000 	 2.2895000 	 0.5399000 	 0.1268000 	 6.0347000 	 0.0169000 	 0.0432000 	 0.8994000 	 0.8930000 	 0.0726000 	 0.4666000
8.3000000 	 -0.8750000 	 -2.2500000 	 1.9157000 	 0.4772000 	 0.1237000 	 5.1793000 	 0.0156000 	 0.0354000 	 0.8510000 	 0.8802000 	 0.0586000 	 0.3950000
8.3000000 	 -0.8750000 	 -2.0000000 	 1.7227000 	 0.4108000 	 0.0993000 	 3.7768000 	 0.0152000 	 0.0282000 	 0.8339000 	 0.9408000 	 0.0500000 	 0.3432000
8.3000000 	 -0.8750000 	 -1.7500000 	 1.6870000 	 0.3618000 	 0.0649000 	 2.3409000 	 0.0155000 	 0.0244000 	 0.8415000 	 1.0827000 	 0.0465000 	 0.3251000
8.3000000 	 -0.8750000 	 -1.5000000 	 1.7625000 	 0.3399000 	 0.0368000 	 1.3112000 	 0.0161000 	 0.0235000 	 0.8598000 	 1.2875000 	 0.0472000 	 0.3366000
8.3000000 	 -0.8750000 	 -1.2500000 	 1.8753000 	 0.3381000 	 0.0202000 	 0.7368000 	 0.0166000 	 0.0246000 	 0.8691000 	 1.7252000 	 0.0494000 	 0.3755000
8.3000000 	 -0.8750000 	 -1.0000000 	 1.9402000 	 0.3319000 	 0.0123000 	 0.4657000 	 0.0164000 	 0.0257000 	 0.8520000 	 1.9447000 	 0.0505000 	 0.4082000
8.3000000 	 -0.8750000 	 -0.7500000 	 1.9802000 	 0.3237000 	 0.0086000 	 0.3295000 	 0.0158000 	 0.0272000 	 0.8321000 	 2.4813000 	 0.0499000 	 0.4348000
8.3000000 	 -0.8750000 	 -0.5000000 	 2.0828000 	 0.3189000 	 0.0064000 	 0.2378000 	 0.0157000 	 0.0293000 	 0.8494000 	 3.1469000 	 0.0493000 	 0.4542000
8.3000000 	 -0.7500000 	 -2.5000000 	 2.2815000 	 0.5383000 	 0.1266000 	 6.0313000 	 0.0224000 	 0.0431000 	 1.1941000 	 0.8916000 	 0.0722000 	 0.4652000
8.3000000 	 -0.7500000 	 -2.2500000 	 1.9089000 	 0.4759000 	 0.1236000 	 5.1807000 	 0.0207000 	 0.0352000 	 1.1294000 	 0.8788000 	 0.0583000 	 0.3936000
8.3000000 	 -0.7500000 	 -2.0000000 	 1.7167000 	 0.4097000 	 0.0994000 	 3.7835000 	 0.0201000 	 0.0280000 	 1.1066000 	 0.9399000 	 0.0498000 	 0.3418000
8.3000000 	 -0.7500000 	 -1.7500000 	 1.6822000 	 0.3607000 	 0.0651000 	 2.3473000 	 0.0205000 	 0.0242000 	 1.1170000 	 1.0815000 	 0.0465000 	 0.3236000
8.3000000 	 -0.7500000 	 -1.5000000 	 1.7571000 	 0.3385000 	 0.0369000 	 1.3160000 	 0.0214000 	 0.0234000 	 1.1417000 	 1.2841000 	 0.0470000 	 0.3351000
8.3000000 	 -0.7500000 	 -1.2500000 	 1.8707000 	 0.3366000 	 0.0203000 	 0.7394000 	 0.0220000 	 0.0245000 	 1.1546000 	 1.7264000 	 0.0492000 	 0.3741000
8.3000000 	 -0.7500000 	 -1.0000000 	 1.9358000 	 0.3304000 	 0.0124000 	 0.4666000 	 0.0218000 	 0.0256000 	 1.1324000 	 1.9402000 	 0.0504000 	 0.4066000
8.3000000 	 -0.7500000 	 -0.7500000 	 1.9798000 	 0.3231000 	 0.0087000 	 0.3306000 	 0.0211000 	 0.0272000 	 1.1092000 	 2.4697000 	 0.0499000 	 0.4340000
8.3000000 	 -0.7500000 	 -0.5000000 	 2.0694000 	 0.3163000 	 0.0064000 	 0.2370000 	 0.0208000 	 0.0291000 	 1.1259000 	 3.1384000 	 0.0490000 	 0.4512000
8.3000000 	 -0.6250000 	 -2.5000000 	 2.2692000 	 0.5362000 	 0.1263000 	 6.0286000 	 0.0297000 	 0.0429000 	 1.5831000 	 0.8898000 	 0.0717000 	 0.4633000
8.3000000 	 -0.6250000 	 -2.2500000 	 1.8997000 	 0.4742000 	 0.1235000 	 5.1845000 	 0.0274000 	 0.0351000 	 1.4968000 	 0.8770000 	 0.0579000 	 0.3918000
8.3000000 	 -0.6250000 	 -2.0000000 	 1.7088000 	 0.4082000 	 0.0995000 	 3.7905000 	 0.0267000 	 0.0279000 	 1.4664000 	 0.9392000 	 0.0494000 	 0.3399000
8.3000000 	 -0.6250000 	 -1.7500000 	 1.6743000 	 0.3590000 	 0.0653000 	 2.3558000 	 0.0272000 	 0.0241000 	 1.4802000 	 1.0784000 	 0.0462000 	 0.3217000
8.3000000 	 -0.6250000 	 -1.5000000 	 1.7509000 	 0.3368000 	 0.0371000 	 1.3217000 	 0.0284000 	 0.0232000 	 1.5145000 	 1.2830000 	 0.0468000 	 0.3333000
8.3000000 	 -0.6250000 	 -1.2500000 	 1.8682000 	 0.3353000 	 0.0205000 	 0.7436000 	 0.0292000 	 0.0243000 	 1.5352000 	 1.7158000 	 0.0492000 	 0.3722000
8.3000000 	 -0.6250000 	 -1.0000000 	 1.9278000 	 0.3282000 	 0.0125000 	 0.4679000 	 0.0289000 	 0.0254000 	 1.5022000 	 1.9349000 	 0.0502000 	 0.4041000
8.3000000 	 -0.6250000 	 -0.7500000 	 1.9725000 	 0.3211000 	 0.0087000 	 0.3310000 	 0.0280000 	 0.0270000 	 1.4730000 	 2.4588000 	 0.0497000 	 0.4318000
8.3000000 	 -0.6250000 	 -0.5000000 	 2.0578000 	 0.3141000 	 0.0064000 	 0.2361000 	 0.0275000 	 0.0288000 	 1.4942000 	 3.1240000 	 0.0486000 	 0.4487000
8.3000000 	 -0.5000000 	 -2.5000000 	 2.2546000 	 0.5335000 	 0.1259000 	 6.0230000 	 0.0392000 	 0.0426000 	 2.0958000 	 0.8874000 	 0.0712000 	 0.4609000
8.3000000 	 -0.5000000 	 -2.2500000 	 1.8873000 	 0.4721000 	 0.1234000 	 5.1896000 	 0.0362000 	 0.0348000 	 1.9803000 	 0.8746000 	 0.0575000 	 0.3893000
8.3000000 	 -0.5000000 	 -2.0000000 	 1.6976000 	 0.4061000 	 0.0996000 	 3.8012000 	 0.0352000 	 0.0276000 	 1.9386000 	 0.9357000 	 0.0492000 	 0.3374000
8.3000000 	 -0.5000000 	 -1.7500000 	 1.6639000 	 0.3569000 	 0.0655000 	 2.3665000 	 0.0359000 	 0.0238000 	 1.9573000 	 1.0763000 	 0.0457000 	 0.3191000
8.3000000 	 -0.5000000 	 -1.5000000 	 1.7413000 	 0.3344000 	 0.0373000 	 1.3298000 	 0.0375000 	 0.0230000 	 2.0043000 	 1.2805000 	 0.0465000 	 0.3307000
8.3000000 	 -0.5000000 	 -1.2500000 	 1.8546000 	 0.3318000 	 0.0206000 	 0.7462000 	 0.0386000 	 0.0240000 	 2.0289000 	 1.7087000 	 0.0487000 	 0.3688000
8.3000000 	 -0.5000000 	 -1.0000000 	 1.9172000 	 0.3253000 	 0.0126000 	 0.4693000 	 0.0382000 	 0.0251000 	 1.9897000 	 1.9276000 	 0.0499000 	 0.4010000
8.3000000 	 -0.5000000 	 -0.7500000 	 1.9622000 	 0.3185000 	 0.0088000 	 0.3313000 	 0.0370000 	 0.0267000 	 1.9534000 	 2.4450000 	 0.0494000 	 0.4289000
8.3000000 	 -0.5000000 	 -0.5000000 	 2.0419000 	 0.3111000 	 0.0065000 	 0.2354000 	 0.0364000 	 0.0285000 	 1.9784000 	 3.1064000 	 0.0483000 	 0.4454000
8.4000000 	 -0.8750000 	 -2.5000000 	 2.7504000 	 0.6309000 	 0.1410000 	 7.2360000 	 0.0199000 	 0.0500000 	 1.0741000 	 0.9807000 	 0.0858000 	 0.5518000
8.4000000 	 -0.8750000 	 -2.2500000 	 2.3122000 	 0.5642000 	 0.1426000 	 6.3466000 	 0.0185000 	 0.0415000 	 1.0169000 	 0.9579000 	 0.0699000 	 0.4670000
8.4000000 	 -0.8750000 	 -2.0000000 	 2.0825000 	 0.4868000 	 0.1190000 	 4.7283000 	 0.0180000 	 0.0332000 	 0.9945000 	 1.0201000 	 0.0601000 	 0.4017000
8.4000000 	 -0.8750000 	 -1.7500000 	 2.0382000 	 0.4248000 	 0.0805000 	 2.9830000 	 0.0183000 	 0.0285000 	 1.0012000 	 1.1752000 	 0.0561000 	 0.3742000
8.4000000 	 -0.8750000 	 -1.5000000 	 2.1264000 	 0.3943000 	 0.0470000 	 1.6977000 	 0.0191000 	 0.0270000 	 1.0217000 	 1.4033000 	 0.0570000 	 0.3804000
8.4000000 	 -0.8750000 	 -1.2500000 	 2.2609000 	 0.3888000 	 0.0266000 	 0.9649000 	 0.0197000 	 0.0277000 	 1.0320000 	 1.8096000 	 0.0596000 	 0.4159000
8.4000000 	 -0.8750000 	 -1.0000000 	 2.3316000 	 0.3808000 	 0.0165000 	 0.6041000 	 0.0194000 	 0.0287000 	 1.0077000 	 2.0668000 	 0.0608000 	 0.4528000
8.4000000 	 -0.8750000 	 -0.7500000 	 2.3717000 	 0.3718000 	 0.0115000 	 0.4162000 	 0.0187000 	 0.0305000 	 0.9812000 	 2.6181000 	 0.0598000 	 0.4893000
8.4000000 	 -0.8750000 	 -0.5000000 	 2.4823000 	 0.3668000 	 0.0083000 	 0.2870000 	 0.0184000 	 0.0331000 	 0.9991000 	 3.3754000 	 0.0585000 	 0.5212000
8.4000000 	 -0.7500000 	 -2.5000000 	 2.7384000 	 0.6289000 	 0.1407000 	 7.2311000 	 0.0264000 	 0.0498000 	 1.4256000 	 0.9792000 	 0.0852000 	 0.5501000
8.4000000 	 -0.7500000 	 -2.2500000 	 2.3013000 	 0.5626000 	 0.1426000 	 6.3535000 	 0.0245000 	 0.0414000 	 1.3479000 	 0.9557000 	 0.0696000 	 0.4650000
8.4000000 	 -0.7500000 	 -2.0000000 	 2.0721000 	 0.4851000 	 0.1191000 	 4.7368000 	 0.0238000 	 0.0331000 	 1.3177000 	 1.0186000 	 0.0597000 	 0.3997000
8.4000000 	 -0.7500000 	 -1.7500000 	 2.0285000 	 0.4232000 	 0.0807000 	 2.9930000 	 0.0243000 	 0.0283000 	 1.3270000 	 1.1729000 	 0.0560000 	 0.3722000
8.4000000 	 -0.7500000 	 -1.5000000 	 2.1181000 	 0.3925000 	 0.0472000 	 1.7048000 	 0.0254000 	 0.0269000 	 1.3554000 	 1.4001000 	 0.0567000 	 0.3785000
8.4000000 	 -0.7500000 	 -1.2500000 	 2.2519000 	 0.3867000 	 0.0268000 	 0.9693000 	 0.0261000 	 0.0275000 	 1.3693000 	 1.8035000 	 0.0594000 	 0.4137000
8.4000000 	 -0.7500000 	 -1.0000000 	 2.3219000 	 0.3785000 	 0.0166000 	 0.6053000 	 0.0257000 	 0.0285000 	 1.3372000 	 2.0621000 	 0.0607000 	 0.4504000
8.4000000 	 -0.7500000 	 -0.7500000 	 2.3604000 	 0.3695000 	 0.0115000 	 0.4167000 	 0.0247000 	 0.0302000 	 1.3028000 	 2.6101000 	 0.0594000 	 0.4869000
8.4000000 	 -0.7500000 	 -0.5000000 	 2.4694000 	 0.3646000 	 0.0084000 	 0.2868000 	 0.0244000 	 0.0329000 	 1.3271000 	 3.3666000 	 0.0583000 	 0.5189000
8.4000000 	 -0.6250000 	 -2.5000000 	 2.7205000 	 0.6260000 	 0.1403000 	 7.2256000 	 0.0349000 	 0.0495000 	 1.8881000 	 0.9766000 	 0.0845000 	 0.5476000
8.4000000 	 -0.6250000 	 -2.2500000 	 2.2871000 	 0.5602000 	 0.1425000 	 6.3576000 	 0.0323000 	 0.0411000 	 1.7838000 	 0.9533000 	 0.0690000 	 0.4624000
8.4000000 	 -0.6250000 	 -2.0000000 	 2.0593000 	 0.4830000 	 0.1192000 	 4.7479000 	 0.0315000 	 0.0328000 	 1.7429000 	 1.0166000 	 0.0593000 	 0.3970000
8.4000000 	 -0.6250000 	 -1.7500000 	 2.0167000 	 0.4210000 	 0.0809000 	 3.0033000 	 0.0321000 	 0.0281000 	 1.7558000 	 1.1710000 	 0.0556000 	 0.3696000
8.4000000 	 -0.6250000 	 -1.5000000 	 2.1061000 	 0.3899000 	 0.0475000 	 1.7124000 	 0.0335000 	 0.0266000 	 1.7937000 	 1.3976000 	 0.0564000 	 0.3758000
8.4000000 	 -0.6250000 	 -1.2500000 	 2.2405000 	 0.3838000 	 0.0270000 	 0.9738000 	 0.0345000 	 0.0273000 	 1.8138000 	 1.7959000 	 0.0592000 	 0.4107000
8.4000000 	 -0.6250000 	 -1.0000000 	 2.3110000 	 0.3758000 	 0.0167000 	 0.6078000 	 0.0341000 	 0.0283000 	 1.7732000 	 2.0578000 	 0.0602000 	 0.4477000
8.4000000 	 -0.6250000 	 -0.7500000 	 2.3490000 	 0.3668000 	 0.0116000 	 0.4179000 	 0.0328000 	 0.0300000 	 1.7281000 	 2.6004000 	 0.0592000 	 0.4840000
8.4000000 	 -0.6250000 	 -0.5000000 	 2.4552000 	 0.3620000 	 0.0085000 	 0.2876000 	 0.0323000 	 0.0327000 	 1.7609000 	 3.3527000 	 0.0579000 	 0.5162000
8.4000000 	 -0.5000000 	 -2.5000000 	 2.6966000 	 0.6221000 	 0.1399000 	 7.2189000 	 0.0459000 	 0.0491000 	 2.4947000 	 0.9730000 	 0.0836000 	 0.5442000
8.4000000 	 -0.5000000 	 -2.2500000 	 2.2670000 	 0.5572000 	 0.1424000 	 6.3647000 	 0.0425000 	 0.0408000 	 2.3546000 	 0.9501000 	 0.0683000 	 0.4589000
8.4000000 	 -0.5000000 	 -2.0000000 	 2.0423000 	 0.4803000 	 0.1193000 	 4.7607000 	 0.0414000 	 0.0325000 	 2.3002000 	 1.0136000 	 0.0588000 	 0.3936000
8.4000000 	 -0.5000000 	 -1.7500000 	 2.0009000 	 0.4181000 	 0.0813000 	 3.0194000 	 0.0423000 	 0.0278000 	 2.3172000 	 1.1673000 	 0.0551000 	 0.3661000
8.4000000 	 -0.5000000 	 -1.5000000 	 2.0900000 	 0.3867000 	 0.0479000 	 1.7252000 	 0.0442000 	 0.0263000 	 2.3690000 	 1.3941000 	 0.0559000 	 0.3724000
8.4000000 	 -0.5000000 	 -1.2500000 	 2.2241000 	 0.3801000 	 0.0273000 	 0.9805000 	 0.0455000 	 0.0269000 	 2.3973000 	 1.7878000 	 0.0587000 	 0.4070000
8.4000000 	 -0.5000000 	 -1.0000000 	 2.2937000 	 0.3717000 	 0.0169000 	 0.6102000 	 0.0449000 	 0.0279000 	 2.3436000 	 2.0505000 	 0.0598000 	 0.4437000
8.4000000 	 -0.5000000 	 -0.7500000 	 2.3284000 	 0.3626000 	 0.0118000 	 0.4183000 	 0.0432000 	 0.0296000 	 2.2839000 	 2.5908000 	 0.0585000 	 0.4797000
8.4000000 	 -0.5000000 	 -0.5000000 	 2.4220000 	 0.3564000 	 0.0086000 	 0.2859000 	 0.0424000 	 0.0321000 	 2.3196000 	 3.3344000 	 0.0569000 	 0.5101000
8.5000000 	 -0.8750000 	 -2.5000000 	 3.2467000 	 0.7231000 	 0.1513000 	 8.5404000 	 0.0229000 	 0.0565000 	 1.2601000 	 1.0485000 	 0.0991000 	 0.6428000
8.5000000 	 -0.8750000 	 -2.2500000 	 2.7418000 	 0.6577000 	 0.1606000 	 7.7141000 	 0.0213000 	 0.0479000 	 1.1922000 	 1.0226000 	 0.0817000 	 0.5449000
8.5000000 	 -0.8750000 	 -2.0000000 	 2.4760000 	 0.5709000 	 0.1403000 	 5.8976000 	 0.0208000 	 0.0387000 	 1.1643000 	 1.0828000 	 0.0710000 	 0.4648000
8.5000000 	 -0.8750000 	 -1.7500000 	 2.4143000 	 0.4927000 	 0.0986000 	 3.7928000 	 0.0212000 	 0.0329000 	 1.1661000 	 1.2453000 	 0.0665000 	 0.4249000
8.5000000 	 -0.8750000 	 -1.5000000 	 2.5027000 	 0.4485000 	 0.0596000 	 2.1908000 	 0.0220000 	 0.0305000 	 1.1832000 	 1.4962000 	 0.0669000 	 0.4221000
8.5000000 	 -0.8750000 	 -1.2500000 	 2.6494000 	 0.4351000 	 0.0350000 	 1.2618000 	 0.0227000 	 0.0305000 	 1.1912000 	 1.8597000 	 0.0700000 	 0.4498000
8.5000000 	 -0.8750000 	 -1.0000000 	 2.7222000 	 0.4239000 	 0.0219000 	 0.7810000 	 0.0222000 	 0.0312000 	 1.1588000 	 2.1748000 	 0.0709000 	 0.4878000
8.5000000 	 -0.8750000 	 -0.7500000 	 2.7608000 	 0.4131000 	 0.0153000 	 0.5246000 	 0.0213000 	 0.0329000 	 1.1253000 	 2.7244000 	 0.0694000 	 0.5322000
8.5000000 	 -0.8750000 	 -0.5000000 	 2.8935000 	 0.4097000 	 0.0112000 	 0.3519000 	 0.0210000 	 0.0363000 	 1.1492000 	 3.5517000 	 0.0678000 	 0.5801000
8.5000000 	 -0.7500000 	 -2.5000000 	 3.2247000 	 0.7201000 	 0.1510000 	 8.5359000 	 0.0302000 	 0.0562000 	 1.6694000 	 1.0461000 	 0.0982000 	 0.6403000
8.5000000 	 -0.7500000 	 -2.2500000 	 2.7259000 	 0.6555000 	 0.1605000 	 7.7210000 	 0.0282000 	 0.0476000 	 1.5787000 	 1.0199000 	 0.0812000 	 0.5423000
8.5000000 	 -0.7500000 	 -2.0000000 	 2.4598000 	 0.5688000 	 0.1405000 	 5.9119000 	 0.0275000 	 0.0384000 	 1.5404000 	 1.0804000 	 0.0705000 	 0.4620000
8.5000000 	 -0.7500000 	 -1.7500000 	 2.3988000 	 0.4903000 	 0.0988000 	 3.8042000 	 0.0280000 	 0.0326000 	 1.5424000 	 1.2432000 	 0.0660000 	 0.4220000
8.5000000 	 -0.7500000 	 -1.5000000 	 2.4882000 	 0.4460000 	 0.0599000 	 2.2019000 	 0.0291000 	 0.0303000 	 1.5668000 	 1.4923000 	 0.0666000 	 0.4195000
8.5000000 	 -0.7500000 	 -1.2500000 	 2.6358000 	 0.4325000 	 0.0352000 	 1.2683000 	 0.0300000 	 0.0303000 	 1.5787000 	 1.8566000 	 0.0696000 	 0.4472000
8.5000000 	 -0.7500000 	 -1.0000000 	 2.7093000 	 0.4212000 	 0.0221000 	 0.7845000 	 0.0295000 	 0.0309000 	 1.5370000 	 2.1715000 	 0.0706000 	 0.4852000
8.5000000 	 -0.7500000 	 -0.7500000 	 2.7448000 	 0.4102000 	 0.0154000 	 0.5258000 	 0.0282000 	 0.0327000 	 1.4928000 	 2.7193000 	 0.0689000 	 0.5295000
8.5000000 	 -0.7500000 	 -0.5000000 	 2.8830000 	 0.4079000 	 0.0114000 	 0.3543000 	 0.0279000 	 0.0361000 	 1.5289000 	 3.5433000 	 0.0674000 	 0.5786000
8.5000000 	 -0.6250000 	 -2.5000000 	 3.1992000 	 0.7165000 	 0.1507000 	 8.5331000 	 0.0399000 	 0.0558000 	 2.2085000 	 1.0426000 	 0.0972000 	 0.6372000
8.5000000 	 -0.6250000 	 -2.2500000 	 2.7022000 	 0.6523000 	 0.1605000 	 7.7298000 	 0.0371000 	 0.0473000 	 2.0849000 	 1.0161000 	 0.0802000 	 0.5387000
8.5000000 	 -0.6250000 	 -2.0000000 	 2.4392000 	 0.5660000 	 0.1407000 	 5.9283000 	 0.0363000 	 0.0381000 	 2.0335000 	 1.0767000 	 0.0697000 	 0.4584000
8.5000000 	 -0.6250000 	 -1.7500000 	 2.3794000 	 0.4874000 	 0.0992000 	 3.8221000 	 0.0369000 	 0.0323000 	 2.0366000 	 1.2399000 	 0.0654000 	 0.4184000
8.5000000 	 -0.6250000 	 -1.5000000 	 2.4705000 	 0.4429000 	 0.0602000 	 2.2137000 	 0.0384000 	 0.0300000 	 2.0706000 	 1.4910000 	 0.0660000 	 0.4161000
8.5000000 	 -0.6250000 	 -1.2500000 	 2.6175000 	 0.4288000 	 0.0354000 	 1.2751000 	 0.0396000 	 0.0300000 	 2.0881000 	 1.8517000 	 0.0690000 	 0.4438000
8.5000000 	 -0.6250000 	 -1.0000000 	 2.6878000 	 0.4171000 	 0.0223000 	 0.7876000 	 0.0389000 	 0.0306000 	 2.0324000 	 2.1667000 	 0.0700000 	 0.4815000
8.5000000 	 -0.6250000 	 -0.7500000 	 2.7206000 	 0.4059000 	 0.0155000 	 0.5268000 	 0.0372000 	 0.0323000 	 1.9738000 	 2.7094000 	 0.0682000 	 0.5252000
8.5000000 	 -0.6250000 	 -0.5000000 	 2.8492000 	 0.4027000 	 0.0115000 	 0.3547000 	 0.0367000 	 0.0356000 	 2.0180000 	 3.5271000 	 0.0665000 	 0.5730000
8.5000000 	 -0.5000000 	 -2.5000000 	 3.1620000 	 0.7113000 	 0.1501000 	 8.5254000 	 0.0524000 	 0.0553000 	 2.9122000 	 1.0375000 	 0.0958000 	 0.6327000
8.5000000 	 -0.5000000 	 -2.2500000 	 2.6741000 	 0.6487000 	 0.1605000 	 7.7463000 	 0.0487000 	 0.0468000 	 2.7480000 	 1.0111000 	 0.0793000 	 0.5344000
8.5000000 	 -0.5000000 	 -2.0000000 	 2.4133000 	 0.5626000 	 0.1410000 	 5.9521000 	 0.0476000 	 0.0377000 	 2.6770000 	 1.0719000 	 0.0688000 	 0.4538000
8.5000000 	 -0.5000000 	 -1.7500000 	 2.3534000 	 0.4837000 	 0.0997000 	 3.8465000 	 0.0484000 	 0.0319000 	 2.6796000 	 1.2362000 	 0.0645000 	 0.4137000
8.5000000 	 -0.5000000 	 -1.5000000 	 2.4461000 	 0.4388000 	 0.0608000 	 2.2324000 	 0.0505000 	 0.0296000 	 2.7285000 	 1.4879000 	 0.0652000 	 0.4117000
8.5000000 	 -0.5000000 	 -1.2500000 	 2.5915000 	 0.4240000 	 0.0359000 	 1.2863000 	 0.0520000 	 0.0295000 	 2.7528000 	 1.8439000 	 0.0682000 	 0.4392000
8.5000000 	 -0.5000000 	 -1.0000000 	 2.6636000 	 0.4123000 	 0.0225000 	 0.7925000 	 0.0511000 	 0.0302000 	 2.6835000 	 2.1617000 	 0.0692000 	 0.4771000
8.5000000 	 -0.5000000 	 -0.7500000 	 2.6903000 	 0.4005000 	 0.0157000 	 0.5292000 	 0.0489000 	 0.0318000 	 2.6037000 	 2.6980000 	 0.0673000 	 0.5199000
8.5000000 	 -0.5000000 	 -0.5000000 	 2.8052000 	 0.3958000 	 0.0117000 	 0.3562000 	 0.0480000 	 0.0349000 	 2.6530000 	 3.5035000 	 0.0653000 	 0.5654000
8.6000000 	 -0.6250000 	 -2.5000000 	 3.6983000 	 0.8075000 	 0.1559000 	 9.9066000 	 0.0448000 	 0.0618000 	 2.5533000 	 1.1151000 	 0.1091000 	 0.7360000
8.6000000 	 -0.6250000 	 -2.2500000 	 3.1464000 	 0.7529000 	 0.1759000 	 9.3040000 	 0.0419000 	 0.0536000 	 2.4093000 	 1.0859000 	 0.0916000 	 0.6247000
8.6000000 	 -0.6250000 	 -2.0000000 	 2.8563000 	 0.6626000 	 0.1631000 	 7.3735000 	 0.0412000 	 0.0439000 	 2.3486000 	 1.1463000 	 0.0806000 	 0.5290000
8.6000000 	 -0.6250000 	 -1.7500000 	 2.7843000 	 0.5681000 	 0.1207000 	 4.8815000 	 0.0420000 	 0.0372000 	 2.3455000 	 1.3197000 	 0.0760000 	 0.4759000
8.6000000 	 -0.6250000 	 -1.5000000 	 2.8717000 	 0.5065000 	 0.0763000 	 2.8837000 	 0.0436000 	 0.0340000 	 2.3731000 	 1.6009000 	 0.0764000 	 0.4638000
8.6000000 	 -0.6250000 	 -1.2500000 	 3.0201000 	 0.4802000 	 0.0464000 	 1.6787000 	 0.0447000 	 0.0331000 	 2.3818000 	 1.9553000 	 0.0793000 	 0.4836000
8.6000000 	 -0.6250000 	 -1.0000000 	 3.0910000 	 0.4623000 	 0.0295000 	 1.0250000 	 0.0438000 	 0.0332000 	 2.3118000 	 2.3219000 	 0.0798000 	 0.5202000
8.6000000 	 -0.6250000 	 -0.7500000 	 3.1226000 	 0.4475000 	 0.0206000 	 0.6720000 	 0.0418000 	 0.0347000 	 2.2404000 	 2.8686000 	 0.0775000 	 0.5696000
8.6000000 	 -0.6250000 	 -0.5000000 	 3.2703000 	 0.4435000 	 0.0156000 	 0.4534000 	 0.0411000 	 0.0383000 	 2.2865000 	 3.7329000 	 0.0757000 	 0.6292000
8.6000000 	 -0.5000000 	 -2.5000000 	 3.6418000 	 0.8004000 	 0.1552000 	 9.8971000 	 0.0585000 	 0.0611000 	 3.3587000 	 1.1090000 	 0.1069000 	 0.7302000
8.6000000 	 -0.5000000 	 -2.2500000 	 3.1021000 	 0.7480000 	 0.1761000 	 9.3297000 	 0.0548000 	 0.0530000 	 3.1664000 	 1.0787000 	 0.0899000 	 0.6190000
8.6000000 	 -0.5000000 	 -2.0000000 	 2.8146000 	 0.6578000 	 0.1635000 	 7.4074000 	 0.0538000 	 0.0433000 	 3.0806000 	 1.1392000 	 0.0792000 	 0.5226000
8.6000000 	 -0.5000000 	 -1.7500000 	 2.7437000 	 0.5630000 	 0.1213000 	 4.9149000 	 0.0549000 	 0.0366000 	 3.0756000 	 1.3135000 	 0.0747000 	 0.4695000
8.6000000 	 -0.5000000 	 -1.5000000 	 2.8318000 	 0.5008000 	 0.0769000 	 2.9088000 	 0.0570000 	 0.0334000 	 3.1155000 	 1.5953000 	 0.0753000 	 0.4577000
8.6000000 	 -0.5000000 	 -1.2500000 	 2.9816000 	 0.4740000 	 0.0469000 	 1.6942000 	 0.0586000 	 0.0325000 	 3.1318000 	 1.9493000 	 0.0782000 	 0.4778000
8.6000000 	 -0.5000000 	 -1.0000000 	 3.0557000 	 0.4565000 	 0.0299000 	 1.0344000 	 0.0574000 	 0.0327000 	 3.0477000 	 2.3180000 	 0.0787000 	 0.5152000
8.6000000 	 -0.5000000 	 -0.7500000 	 3.0809000 	 0.4407000 	 0.0209000 	 0.6760000 	 0.0547000 	 0.0341000 	 2.9496000 	 2.8588000 	 0.0763000 	 0.5634000
8.6000000 	 -0.5000000 	 -0.5000000 	 3.2323000 	 0.4378000 	 0.0160000 	 0.4607000 	 0.0540000 	 0.0378000 	 3.0182000 	 3.7192000 	 0.0746000 	 0.6235000
8.6000000 	 -0.3750000 	 -2.5000000 	 3.5672000 	 0.7911000 	 0.1543000 	 9.8829000 	 0.0760000 	 0.0602000 	 4.3993000 	 1.1002000 	 0.1040000 	 0.7226000
8.6000000 	 -0.3750000 	 -2.2500000 	 3.0409000 	 0.7408000 	 0.1760000 	 9.3515000 	 0.0712000 	 0.0522000 	 4.1385000 	 1.0688000 	 0.0877000 	 0.6110000
8.6000000 	 -0.3750000 	 -2.0000000 	 2.7599000 	 0.6519000 	 0.1640000 	 7.4520000 	 0.0698000 	 0.0426000 	 4.0205000 	 1.1301000 	 0.0775000 	 0.5146000
8.6000000 	 -0.3750000 	 -1.7500000 	 2.6896000 	 0.5563000 	 0.1220000 	 4.9559000 	 0.0711000 	 0.0358000 	 4.0102000 	 1.3049000 	 0.0732000 	 0.4611000
8.6000000 	 -0.3750000 	 -1.5000000 	 2.7814000 	 0.4939000 	 0.0778000 	 2.9450000 	 0.0741000 	 0.0326000 	 4.0713000 	 1.5877000 	 0.0738000 	 0.4500000
8.6000000 	 -0.3750000 	 -1.2500000 	 2.9319000 	 0.4663000 	 0.0476000 	 1.7162000 	 0.0763000 	 0.0318000 	 4.1009000 	 1.9408000 	 0.0766000 	 0.4705000
8.6000000 	 -0.3750000 	 -1.0000000 	 3.0070000 	 0.4484000 	 0.0304000 	 1.0453000 	 0.0749000 	 0.0320000 	 3.9975000 	 2.3126000 	 0.0773000 	 0.5083000
8.6000000 	 -0.3750000 	 -0.7500000 	 3.0302000 	 0.4326000 	 0.0213000 	 0.6828000 	 0.0714000 	 0.0334000 	 3.8725000 	 2.8489000 	 0.0747000 	 0.5562000
8.6000000 	 -0.3750000 	 -0.5000000 	 3.1706000 	 0.4288000 	 0.0165000 	 0.4675000 	 0.0702000 	 0.0369000 	 3.9563000 	 3.6930000 	 0.0728000 	 0.6144000
8.6000000 	 -0.2500000 	 -2.5000000 	 3.4667000 	 0.7786000 	 0.1530000 	 9.8607000 	 0.0977000 	 0.0590000 	 5.7247000 	 1.0883000 	 0.1003000 	 0.7124000
8.6000000 	 -0.2500000 	 -2.2500000 	 2.9633000 	 0.7323000 	 0.1760000 	 9.3893000 	 0.0916000 	 0.0512000 	 5.3775000 	 1.0558000 	 0.0850000 	 0.6013000
8.6000000 	 -0.2500000 	 -2.0000000 	 2.6870000 	 0.6439000 	 0.1646000 	 7.5071000 	 0.0897000 	 0.0416000 	 5.2085000 	 1.1173000 	 0.0750000 	 0.5041000
8.6000000 	 -0.2500000 	 -1.7500000 	 2.6225000 	 0.5487000 	 0.1232000 	 5.0209000 	 0.0916000 	 0.0349000 	 5.1992000 	 1.2939000 	 0.0710000 	 0.4510000
8.6000000 	 -0.2500000 	 -1.5000000 	 2.7130000 	 0.4848000 	 0.0790000 	 2.9918000 	 0.0955000 	 0.0317000 	 5.2836000 	 1.5788000 	 0.0718000 	 0.4400000
8.6000000 	 -0.2500000 	 -1.2500000 	 2.8607000 	 0.4555000 	 0.0485000 	 1.7427000 	 0.0984000 	 0.0308000 	 5.3297000 	 1.9291000 	 0.0746000 	 0.4607000
8.6000000 	 -0.2500000 	 -1.0000000 	 2.9391000 	 0.4375000 	 0.0310000 	 1.0591000 	 0.0968000 	 0.0310000 	 5.2097000 	 2.3031000 	 0.0752000 	 0.4990000
8.6000000 	 -0.2500000 	 -0.7500000 	 2.9591000 	 0.4215000 	 0.0218000 	 0.6912000 	 0.0922000 	 0.0324000 	 5.0506000 	 2.8338000 	 0.0725000 	 0.5462000
8.6000000 	 -0.2500000 	 -0.5000000 	 3.1022000 	 0.4189000 	 0.0171000 	 0.4800000 	 0.0909000 	 0.0359000 	 5.1738000 	 3.6688000 	 0.0707000 	 0.6044000
8.7000000 	 -0.6250000 	 -2.5000000 	 4.1301000 	 0.8803000 	 0.1531000 	 11.2193000 	 0.0482000 	 0.0658000 	 2.8634000 	 1.1575000 	 0.1170000 	 0.8305000
8.7000000 	 -0.6250000 	 -2.2500000 	 3.5428000 	 0.8449000 	 0.1841000 	 10.9633000 	 0.0454000 	 0.0587000 	 2.6983000 	 1.1229000 	 0.1002000 	 0.7089000
8.7000000 	 -0.6250000 	 -2.0000000 	 3.2304000 	 0.7593000 	 0.1827000 	 9.0627000 	 0.0448000 	 0.0492000 	 2.6247000 	 1.1868000 	 0.0894000 	 0.5984000
8.7000000 	 -0.6250000 	 -1.7500000 	 3.1557000 	 0.6518000 	 0.1433000 	 6.2048000 	 0.0459000 	 0.0419000 	 2.6209000 	 1.3660000 	 0.0851000 	 0.5320000
8.7000000 	 -0.6250000 	 -1.5000000 	 3.2427000 	 0.5712000 	 0.0949000 	 3.7587000 	 0.0478000 	 0.0378000 	 2.6489000 	 1.6799000 	 0.0856000 	 0.5091000
8.7000000 	 -0.6250000 	 -1.2500000 	 3.3915000 	 0.5295000 	 0.0599000 	 2.2179000 	 0.0489000 	 0.0360000 	 2.6544000 	 2.0675000 	 0.0881000 	 0.5205000
8.7000000 	 -0.6250000 	 -1.0000000 	 3.4801000 	 0.5043000 	 0.0387000 	 1.3459000 	 0.0480000 	 0.0356000 	 2.5865000 	 2.4869000 	 0.0885000 	 0.5553000
8.7000000 	 -0.6250000 	 -0.7500000 	 3.5286000 	 0.4850000 	 0.0270000 	 0.8648000 	 0.0459000 	 0.0367000 	 2.5089000 	 3.0437000 	 0.0863000 	 0.6084000
8.7000000 	 -0.6250000 	 -0.5000000 	 3.7391000 	 0.4828000 	 0.0208000 	 0.5893000 	 0.0456000 	 0.0407000 	 2.5769000 	 3.9442000 	 0.0856000 	 0.6817000
8.7000000 	 -0.5000000 	 -2.5000000 	 4.0465000 	 0.8707000 	 0.1523000 	 11.2041000 	 0.0626000 	 0.0649000 	 3.7550000 	 1.1495000 	 0.1138000 	 0.8230000
8.7000000 	 -0.5000000 	 -2.2500000 	 3.4749000 	 0.8383000 	 0.1842000 	 10.9990000 	 0.0590000 	 0.0580000 	 3.5328000 	 1.1130000 	 0.0976000 	 0.7013000
8.7000000 	 -0.5000000 	 -2.0000000 	 3.1726000 	 0.7541000 	 0.1834000 	 9.1181000 	 0.0583000 	 0.0485000 	 3.4340000 	 1.1768000 	 0.0875000 	 0.5907000
8.7000000 	 -0.5000000 	 -1.7500000 	 3.0934000 	 0.6450000 	 0.1439000 	 6.2480000 	 0.0596000 	 0.0411000 	 3.4207000 	 1.3566000 	 0.0832000 	 0.5234000
8.7000000 	 -0.5000000 	 -1.5000000 	 3.1859000 	 0.5644000 	 0.0958000 	 3.7977000 	 0.0621000 	 0.0371000 	 3.4656000 	 1.6727000 	 0.0839000 	 0.5014000
8.7000000 	 -0.5000000 	 -1.2500000 	 3.3331000 	 0.5215000 	 0.0605000 	 2.2407000 	 0.0637000 	 0.0353000 	 3.4773000 	 2.0600000 	 0.0863000 	 0.5131000
8.7000000 	 -0.5000000 	 -1.0000000 	 3.4209000 	 0.4958000 	 0.0392000 	 1.3569000 	 0.0626000 	 0.0348000 	 3.3929000 	 2.4805000 	 0.0868000 	 0.5482000
8.7000000 	 -0.5000000 	 -0.7500000 	 3.4563000 	 0.4745000 	 0.0272000 	 0.8668000 	 0.0597000 	 0.0358000 	 3.2827000 	 3.0289000 	 0.0841000 	 0.5991000
8.7000000 	 -0.5000000 	 -0.5000000 	 3.6864000 	 0.4755000 	 0.0212000 	 0.5985000 	 0.0596000 	 0.0400000 	 3.3949000 	 3.9291000 	 0.0841000 	 0.6748000
8.7000000 	 -0.3750000 	 -2.5000000 	 3.9333000 	 0.8579000 	 0.1511000 	 11.1834000 	 0.0805000 	 0.0637000 	 4.8957000 	 1.1379000 	 0.1097000 	 0.8129000
8.7000000 	 -0.3750000 	 -2.2500000 	 3.3827000 	 0.8288000 	 0.1842000 	 11.0327000 	 0.0760000 	 0.0569000 	 4.5930000 	 1.0999000 	 0.0945000 	 0.6909000
8.7000000 	 -0.3750000 	 -2.0000000 	 3.0893000 	 0.7460000 	 0.1840000 	 9.1772000 	 0.0750000 	 0.0474000 	 4.4571000 	 1.1634000 	 0.0849000 	 0.5801000
8.7000000 	 -0.3750000 	 -1.7500000 	 3.0161000 	 0.6370000 	 0.1449000 	 6.3119000 	 0.0768000 	 0.0401000 	 4.4391000 	 1.3442000 	 0.0808000 	 0.5128000
8.7000000 	 -0.3750000 	 -1.5000000 	 3.1062000 	 0.5549000 	 0.0968000 	 3.8457000 	 0.0801000 	 0.0361000 	 4.5008000 	 1.6617000 	 0.0814000 	 0.4910000
8.7000000 	 -0.3750000 	 -1.2500000 	 3.2583000 	 0.5119000 	 0.0615000 	 2.2756000 	 0.0824000 	 0.0344000 	 4.5337000 	 2.0512000 	 0.0840000 	 0.5041000
8.7000000 	 -0.3750000 	 -1.0000000 	 3.3537000 	 0.4862000 	 0.0398000 	 1.3754000 	 0.0813000 	 0.0340000 	 4.4397000 	 2.4753000 	 0.0846000 	 0.5405000
8.7000000 	 -0.3750000 	 -0.7500000 	 3.3947000 	 0.4657000 	 0.0278000 	 0.8791000 	 0.0776000 	 0.0350000 	 4.3086000 	 3.0243000 	 0.0823000 	 0.5921000
8.7000000 	 -0.3750000 	 -0.5000000 	 3.6067000 	 0.4649000 	 0.0217000 	 0.6097000 	 0.0773000 	 0.0390000 	 4.4418000 	 3.9067000 	 0.0819000 	 0.6643000
8.7000000 	 -0.2500000 	 -2.5000000 	 3.7839000 	 0.8409000 	 0.1496000 	 11.1529000 	 0.1023000 	 0.0621000 	 6.3300000 	 1.1225000 	 0.1042000 	 0.7995000
8.7000000 	 -0.2500000 	 -2.2500000 	 3.2628000 	 0.8171000 	 0.1843000 	 11.0823000 	 0.0967000 	 0.0555000 	 5.9257000 	 1.0823000 	 0.0903000 	 0.6779000
8.7000000 	 -0.2500000 	 -2.0000000 	 2.9835000 	 0.7365000 	 0.1849000 	 9.2654000 	 0.0954000 	 0.0461000 	 5.7360000 	 1.1450000 	 0.0814000 	 0.5667000
8.7000000 	 -0.2500000 	 -1.7500000 	 2.9118000 	 0.6267000 	 0.1461000 	 6.3938000 	 0.0976000 	 0.0388000 	 5.7067000 	 1.3268000 	 0.0777000 	 0.4991000
8.7000000 	 -0.2500000 	 -1.5000000 	 3.0061000 	 0.5435000 	 0.0982000 	 3.9123000 	 0.1022000 	 0.0348000 	 5.8010000 	 1.6487000 	 0.0786000 	 0.4782000
8.7000000 	 -0.2500000 	 -1.2500000 	 3.1566000 	 0.4981000 	 0.0623000 	 2.3085000 	 0.1054000 	 0.0331000 	 5.8544000 	 2.0363000 	 0.0810000 	 0.4917000
8.7000000 	 -0.2500000 	 -1.0000000 	 3.2606000 	 0.4733000 	 0.0406000 	 1.3994000 	 0.1043000 	 0.0328000 	 5.7644000 	 2.4664000 	 0.0818000 	 0.5299000
8.7000000 	 -0.2500000 	 -0.7500000 	 3.3125000 	 0.4539000 	 0.0285000 	 0.8962000 	 0.1001000 	 0.0340000 	 5.6196000 	 3.0154000 	 0.0797000 	 0.5826000
8.7000000 	 -0.2500000 	 -0.5000000 	 3.5389000 	 0.4554000 	 0.0225000 	 0.6288000 	 0.1003000 	 0.0380000 	 5.8292000 	 3.8953000 	 0.0797000 	 0.6564000
8.8000000 	 -0.3750000 	 -2.5000000 	 4.1881000 	 0.9035000 	 0.1404000 	 12.3130000 	 0.0820000 	 0.0652000 	 5.3347000 	 1.1829000 	 0.1100000 	 0.9022000
8.8000000 	 -0.3750000 	 -2.2500000 	 3.6393000 	 0.9064000 	 0.1840000 	 12.7346000 	 0.0782000 	 0.0602000 	 4.9861000 	 1.1312000 	 0.0969000 	 0.7718000
8.8000000 	 -0.3750000 	 -2.0000000 	 3.3420000 	 0.8384000 	 0.1974000 	 11.0774000 	 0.0775000 	 0.0514000 	 4.8151000 	 1.1959000 	 0.0886000 	 0.6463000
8.8000000 	 -0.3750000 	 -1.7500000 	 3.2711000 	 0.7224000 	 0.1656000 	 7.9284000 	 0.0797000 	 0.0440000 	 4.7875000 	 1.3868000 	 0.0856000 	 0.5659000
8.8000000 	 -0.3750000 	 -1.5000000 	 3.3762000 	 0.6218000 	 0.1163000 	 4.9756000 	 0.0837000 	 0.0395000 	 4.8759000 	 1.7816000 	 0.0866000 	 0.5364000
8.8000000 	 -0.3750000 	 -1.2500000 	 3.5367000 	 0.5601000 	 0.0766000 	 2.9923000 	 0.0866000 	 0.0370000 	 4.9250000 	 2.1893000 	 0.0891000 	 0.5412000
8.8000000 	 -0.3750000 	 -1.0000000 	 3.7035000 	 0.5299000 	 0.0509000 	 1.8183000 	 0.0870000 	 0.0364000 	 4.9133000 	 2.6974000 	 0.0911000 	 0.5814000
8.8000000 	 -0.3750000 	 -0.7500000 	 3.8117000 	 0.5067000 	 0.0353000 	 1.1447000 	 0.0844000 	 0.0373000 	 4.8245000 	 3.2887000 	 0.0902000 	 0.6407000
8.8000000 	 -0.3750000 	 -0.5000000 	 4.1283000 	 0.5084000 	 0.0274000 	 0.7881000 	 0.0855000 	 0.0417000 	 5.0275000 	 4.2237000 	 0.0924000 	 0.7275000
8.8000000 	 -0.2500000 	 -2.5000000 	 3.9753000 	 0.8805000 	 0.1385000 	 12.2596000 	 0.1026000 	 0.0631000 	 6.8414000 	 1.1622000 	 0.1027000 	 0.8843000
8.8000000 	 -0.2500000 	 -2.2500000 	 3.4656000 	 0.8902000 	 0.1839000 	 12.7912000 	 0.0980000 	 0.0584000 	 6.3773000 	 1.1087000 	 0.0911000 	 0.7546000
8.8000000 	 -0.2500000 	 -2.0000000 	 3.1841000 	 0.8250000 	 0.1981000 	 11.1796000 	 0.0971000 	 0.0497000 	 6.1353000 	 1.1708000 	 0.0836000 	 0.6285000
8.8000000 	 -0.2500000 	 -1.7500000 	 3.1233000 	 0.7097000 	 0.1669000 	 8.0434000 	 0.1000000 	 0.0423000 	 6.1010000 	 1.3609000 	 0.0810000 	 0.5484000
8.8000000 	 -0.2500000 	 -1.5000000 	 3.2278000 	 0.6067000 	 0.1177000 	 5.0634000 	 0.1053000 	 0.0378000 	 6.2220000 	 1.7585000 	 0.0822000 	 0.5193000
8.8000000 	 -0.2500000 	 -1.2500000 	 3.4025000 	 0.5450000 	 0.0779000 	 3.0558000 	 0.1097000 	 0.0355000 	 6.3314000 	 2.1699000 	 0.0851000 	 0.5268000
8.8000000 	 -0.2500000 	 -1.0000000 	 3.5625000 	 0.5119000 	 0.0516000 	 1.8478000 	 0.1103000 	 0.0348000 	 6.3247000 	 2.6774000 	 0.0869000 	 0.5669000
8.8000000 	 -0.2500000 	 -0.7500000 	 3.6919000 	 0.4910000 	 0.0359000 	 1.1638000 	 0.1078000 	 0.0359000 	 6.2591000 	 3.2774000 	 0.0865000 	 0.6286000
8.8000000 	 -0.2500000 	 -0.5000000 	 4.0147000 	 0.4940000 	 0.0280000 	 0.8071000 	 0.1098000 	 0.0403000 	 6.5504000 	 4.2024000 	 0.0891000 	 0.7150000
8.8000000 	 -0.1250000 	 -2.5000000 	 3.7027000 	 0.8513000 	 0.1360000 	 12.1891000 	 0.1254000 	 0.0604000 	 8.6601000 	 1.1346000 	 0.0934000 	 0.8615000
8.8000000 	 -0.1250000 	 -2.2500000 	 3.2467000 	 0.8705000 	 0.1838000 	 12.8675000 	 0.1203000 	 0.0562000 	 8.0528000 	 1.0794000 	 0.0838000 	 0.7335000
8.8000000 	 -0.1250000 	 -2.0000000 	 2.9886000 	 0.8095000 	 0.1991000 	 11.3164000 	 0.1193000 	 0.0476000 	 7.7220000 	 1.1392000 	 0.0773000 	 0.6074000
8.8000000 	 -0.1250000 	 -1.7500000 	 2.9307000 	 0.6931000 	 0.1681000 	 8.1775000 	 0.1229000 	 0.0401000 	 7.6539000 	 1.3277000 	 0.0752000 	 0.5263000
8.8000000 	 -0.1250000 	 -1.5000000 	 3.0367000 	 0.5879000 	 0.1193000 	 5.1772000 	 0.1298000 	 0.0357000 	 7.8271000 	 1.7200000 	 0.0767000 	 0.4978000
8.8000000 	 -0.1250000 	 -1.2500000 	 3.2225000 	 0.5248000 	 0.0793000 	 3.1315000 	 0.1364000 	 0.0335000 	 8.0303000 	 2.1403000 	 0.0798000 	 0.5079000
8.8000000 	 -0.1250000 	 -1.0000000 	 3.3949000 	 0.4914000 	 0.0526000 	 1.8916000 	 0.1381000 	 0.0330000 	 8.0835000 	 2.6561000 	 0.0818000 	 0.5504000
8.8000000 	 -0.1250000 	 -0.7500000 	 3.5363000 	 0.4712000 	 0.0367000 	 1.1908000 	 0.1358000 	 0.0342000 	 8.0490000 	 3.2570000 	 0.0819000 	 0.6129000
8.8000000 	 -0.1250000 	 -0.5000000 	 3.8577000 	 0.4742000 	 0.0286000 	 0.8287000 	 0.1389000 	 0.0384000 	 8.4458000 	 4.1646000 	 0.0846000 	 0.6967000
8.8000000 	 0.0000000 	 -2.5000000 	 3.3704000 	 0.8155000 	 0.1329000 	 12.0918000 	 0.1491000 	 0.0572000 	 10.7897000 	 1.0990000 	 0.0824000 	 0.8331000
8.8000000 	 0.0000000 	 -2.2500000 	 2.9691000 	 0.8453000 	 0.1832000 	 12.9490000 	 0.1434000 	 0.0534000 	 9.9746000 	 1.0411000 	 0.0749000 	 0.7065000
8.8000000 	 0.0000000 	 -2.0000000 	 2.7373000 	 0.7894000 	 0.1997000 	 11.4741000 	 0.1422000 	 0.0449000 	 9.5198000 	 1.0991000 	 0.0696000 	 0.5806000
8.8000000 	 0.0000000 	 -1.7500000 	 2.6911000 	 0.6745000 	 0.1697000 	 8.3656000 	 0.1468000 	 0.0376000 	 9.4345000 	 1.2871000 	 0.0679000 	 0.5002000
8.8000000 	 0.0000000 	 -1.5000000 	 2.8034000 	 0.5666000 	 0.1213000 	 5.3327000 	 0.1562000 	 0.0332000 	 9.6922000 	 1.6693000 	 0.0697000 	 0.4724000
8.8000000 	 0.0000000 	 -1.2500000 	 2.9943000 	 0.5002000 	 0.0811000 	 3.2337000 	 0.1655000 	 0.0311000 	 10.0209000 	 2.1002000 	 0.0731000 	 0.4845000
8.8000000 	 0.0000000 	 -1.0000000 	 3.1796000 	 0.4655000 	 0.0538000 	 1.9500000 	 0.1693000 	 0.0307000 	 10.1839000 	 2.6220000 	 0.0755000 	 0.5292000
8.8000000 	 0.0000000 	 -0.7500000 	 3.3280000 	 0.4447000 	 0.0374000 	 1.2218000 	 0.1674000 	 0.0319000 	 10.1946000 	 3.2210000 	 0.0758000 	 0.5909000
8.8000000 	 0.0000000 	 -0.5000000 	 3.6575000 	 0.4491000 	 0.0293000 	 0.8557000 	 0.1728000 	 0.0361000 	 10.7709000 	 4.1136000 	 0.0789000 	 0.6733000
8.9000000 	 -0.3750000 	 -2.5000000 	 4.1739000 	 0.9031000 	 0.1212000 	 13.0844000 	 0.0771000 	 0.0628000 	 5.5274000 	 1.1862000 	 0.1013000 	 0.9681000
8.9000000 	 -0.3750000 	 -2.2500000 	 3.6459000 	 0.9419000 	 0.1705000 	 14.1746000 	 0.0739000 	 0.0598000 	 5.1144000 	 1.1168000 	 0.0909000 	 0.8314000
8.9000000 	 -0.3750000 	 -2.0000000 	 3.3568000 	 0.9011000 	 0.1972000 	 12.9430000 	 0.0734000 	 0.0526000 	 4.8951000 	 1.1748000 	 0.0844000 	 0.6945000
8.9000000 	 -0.3750000 	 -1.7500000 	 3.3019000 	 0.7878000 	 0.1767000 	 9.6677000 	 0.0760000 	 0.0457000 	 4.8604000 	 1.3731000 	 0.0827000 	 0.6038000
8.9000000 	 -0.3750000 	 -1.5000000 	 3.3934000 	 0.6667000 	 0.1307000 	 6.2715000 	 0.0800000 	 0.0410000 	 4.9353000 	 1.7445000 	 0.0840000 	 0.5609000
8.9000000 	 -0.3750000 	 -1.2500000 	 3.6086000 	 0.5913000 	 0.0899000 	 3.8669000 	 0.0845000 	 0.0384000 	 5.0855000 	 2.2640000 	 0.0877000 	 0.5639000
8.9000000 	 -0.3750000 	 -1.0000000 	 3.8632000 	 0.5536000 	 0.0610000 	 2.3603000 	 0.0871000 	 0.0375000 	 5.1919000 	 2.8752000 	 0.0912000 	 0.6063000
8.9000000 	 -0.3750000 	 -0.7500000 	 4.1554000 	 0.5372000 	 0.0426000 	 1.4743000 	 0.0882000 	 0.0388000 	 5.2877000 	 3.5646000 	 0.0947000 	 0.6818000
8.9000000 	 -0.3750000 	 -0.5000000 	 4.6526000 	 0.5453000 	 0.0326000 	 0.9989000 	 0.0923000 	 0.0438000 	 5.6295000 	 4.5661000 	 0.1017000 	 0.7869000
8.9000000 	 -0.2500000 	 -2.5000000 	 3.8929000 	 0.8743000 	 0.1190000 	 13.0099000 	 0.0944000 	 0.0602000 	 7.0204000 	 1.1601000 	 0.0921000 	 0.9459000
8.9000000 	 -0.2500000 	 -2.2500000 	 3.4159000 	 0.9226000 	 0.1705000 	 14.2525000 	 0.0908000 	 0.0577000 	 6.4771000 	 1.0901000 	 0.0836000 	 0.8108000
8.9000000 	 -0.2500000 	 -2.0000000 	 3.1454000 	 0.8853000 	 0.1979000 	 13.0779000 	 0.0902000 	 0.0504000 	 6.1686000 	 1.1435000 	 0.0778000 	 0.6730000
8.9000000 	 -0.2500000 	 -1.7500000 	 3.0967000 	 0.7714000 	 0.1773000 	 9.7937000 	 0.0934000 	 0.0436000 	 6.1132000 	 1.3393000 	 0.0766000 	 0.5817000
8.9000000 	 -0.2500000 	 -1.5000000 	 3.1961000 	 0.6491000 	 0.1316000 	 6.3835000 	 0.0989000 	 0.0389000 	 6.2286000 	 1.7075000 	 0.0782000 	 0.5398000
8.9000000 	 -0.2500000 	 -1.2500000 	 3.4187000 	 0.5720000 	 0.0908000 	 3.9429000 	 0.1052000 	 0.0364000 	 6.4631000 	 2.2331000 	 0.0820000 	 0.5452000
8.9000000 	 -0.2500000 	 -1.0000000 	 3.6947000 	 0.5349000 	 0.0618000 	 2.4102000 	 0.1095000 	 0.0357000 	 6.6670000 	 2.8543000 	 0.0861000 	 0.5911000
8.9000000 	 -0.2500000 	 -0.7500000 	 3.9734000 	 0.5155000 	 0.0429000 	 1.4933000 	 0.1110000 	 0.0370000 	 6.7927000 	 3.5350000 	 0.0895000 	 0.6645000
8.9000000 	 -0.2500000 	 -0.5000000 	 4.4658000 	 0.5235000 	 0.0328000 	 1.0123000 	 0.1168000 	 0.0418000 	 7.2562000 	 4.5220000 	 0.0965000 	 0.7669000
8.9000000 	 -0.1250000 	 -2.5000000 	 3.5451000 	 0.8383000 	 0.1162000 	 12.8999000 	 0.1124000 	 0.0571000 	 8.7734000 	 1.1266000 	 0.0812000 	 0.9173000
8.9000000 	 -0.1250000 	 -2.2500000 	 3.1242000 	 0.8974000 	 0.1701000 	 14.3299000 	 0.1084000 	 0.0549000 	 8.0520000 	 1.0547000 	 0.0745000 	 0.7841000
8.9000000 	 -0.1250000 	 -2.0000000 	 2.8846000 	 0.8662000 	 0.1987000 	 13.2419000 	 0.1078000 	 0.0478000 	 7.6394000 	 1.1037000 	 0.0699000 	 0.6469000
8.9000000 	 -0.1250000 	 -1.7500000 	 2.8428000 	 0.7527000 	 0.1783000 	 9.9731000 	 0.1118000 	 0.0410000 	 7.5546000 	 1.2966000 	 0.0691000 	 0.5552000
8.9000000 	 -0.1250000 	 -1.5000000 	 2.9539000 	 0.6290000 	 0.1330000 	 6.5389000 	 0.1193000 	 0.0364000 	 7.7398000 	 1.6611000 	 0.0711000 	 0.5148000
8.9000000 	 -0.1250000 	 -1.2500000 	 3.1853000 	 0.5492000 	 0.0920000 	 4.0501000 	 0.1282000 	 0.0340000 	 8.1038000 	 2.1911000 	 0.0752000 	 0.5225000
8.9000000 	 -0.1250000 	 -1.0000000 	 3.4620000 	 0.5089000 	 0.0625000 	 2.4665000 	 0.1344000 	 0.0334000 	 8.4159000 	 2.8145000 	 0.0794000 	 0.5697000
8.9000000 	 -0.1250000 	 -0.7500000 	 3.7618000 	 0.4906000 	 0.0433000 	 1.5231000 	 0.1378000 	 0.0348000 	 8.6649000 	 3.5024000 	 0.0833000 	 0.6451000
8.9000000 	 -0.1250000 	 -0.5000000 	 4.2600000 	 0.4998000 	 0.0332000 	 1.0376000 	 0.1464000 	 0.0396000 	 9.3187000 	 4.4788000 	 0.0905000 	 0.7461000
8.9000000 	 0.0000000 	 -2.5000000 	 3.1352000 	 0.7958000 	 0.1130000 	 12.7685000 	 0.1292000 	 0.0534000 	 10.7511000 	 1.0825000 	 0.0689000 	 0.8825000
8.9000000 	 0.0000000 	 -2.2500000 	 2.7799000 	 0.8687000 	 0.1698000 	 14.4356000 	 0.1250000 	 0.0518000 	 9.8079000 	 1.0098000 	 0.0641000 	 0.7524000
8.9000000 	 0.0000000 	 -2.0000000 	 2.5643000 	 0.8434000 	 0.1992000 	 13.4413000 	 0.1240000 	 0.0447000 	 9.2372000 	 1.0546000 	 0.0605000 	 0.6152000
8.9000000 	 0.0000000 	 -1.7500000 	 2.5325000 	 0.7313000 	 0.1792000 	 10.2007000 	 0.1289000 	 0.0378000 	 9.1219000 	 1.2449000 	 0.0601000 	 0.5238000
8.9000000 	 0.0000000 	 -1.5000000 	 2.6495000 	 0.6043000 	 0.1341000 	 6.7252000 	 0.1387000 	 0.0333000 	 9.3940000 	 1.6022000 	 0.0623000 	 0.4842000
8.9000000 	 0.0000000 	 -1.2500000 	 2.8900000 	 0.5207000 	 0.0932000 	 4.1791000 	 0.1512000 	 0.0311000 	 9.9509000 	 2.1339000 	 0.0667000 	 0.4943000
8.9000000 	 0.0000000 	 -1.0000000 	 3.1851000 	 0.4790000 	 0.0634000 	 2.5450000 	 0.1611000 	 0.0307000 	 10.4851000 	 2.7632000 	 0.0713000 	 0.5446000
8.9000000 	 0.0000000 	 -0.7500000 	 3.4958000 	 0.4600000 	 0.0439000 	 1.5696000 	 0.1672000 	 0.0322000 	 10.8957000 	 3.4517000 	 0.0755000 	 0.6200000
8.9000000 	 0.0000000 	 -0.5000000 	 4.0259000 	 0.4728000 	 0.0338000 	 1.0738000 	 0.1810000 	 0.0371000 	 11.8920000 	 4.4317000 	 0.0838000 	 0.7232000
9.0000000 	 -0.1250000 	 -2.5000000 	 3.2116000 	 0.7942000 	 0.0934000 	 13.2459000 	 0.0945000 	 0.0517000 	 8.6150000 	 1.1181000 	 0.0653000 	 0.9611000
9.0000000 	 -0.1250000 	 -2.2500000 	 2.8267000 	 0.8932000 	 0.1476000 	 15.4547000 	 0.0909000 	 0.0514000 	 7.7514000 	 1.0300000 	 0.0607000 	 0.8241000
9.0000000 	 -0.1250000 	 -2.0000000 	 2.5867000 	 0.8981000 	 0.1855000 	 15.0131000 	 0.0895000 	 0.0458000 	 7.1998000 	 1.0600000 	 0.0572000 	 0.6760000
9.0000000 	 -0.1250000 	 -1.7500000 	 2.5392000 	 0.7936000 	 0.1753000 	 11.7540000 	 0.0925000 	 0.0397000 	 7.0422000 	 1.2391000 	 0.0567000 	 0.5731000
9.0000000 	 -0.1250000 	 -1.5000000 	 2.6659000 	 0.6581000 	 0.1363000 	 7.9709000 	 0.1002000 	 0.0354000 	 7.2681000 	 1.6140000 	 0.0594000 	 0.5248000
9.0000000 	 -0.1250000 	 -1.2500000 	 2.9409000 	 0.5618000 	 0.0980000 	 5.0753000 	 0.1110000 	 0.0332000 	 7.7886000 	 2.2154000 	 0.0644000 	 0.5293000
9.0000000 	 -0.1250000 	 -1.0000000 	 3.3540000 	 0.5161000 	 0.0687000 	 3.1396000 	 0.1228000 	 0.0330000 	 8.4575000 	 2.9689000 	 0.0715000 	 0.5845000
9.0000000 	 -0.1250000 	 -0.7500000 	 3.8846000 	 0.5052000 	 0.0487000 	 1.9454000 	 0.1346000 	 0.0351000 	 9.1736000 	 3.7970000 	 0.0806000 	 0.6799000
9.0000000 	 -0.1250000 	 -0.5000000 	 4.6621000 	 0.5273000 	 0.0374000 	 1.3049000 	 0.1522000 	 0.0410000 	 10.2888000 	 4.8977000 	 0.0948000 	 0.8081000
9.0000000 	 0.0000000 	 -2.5000000 	 2.7644000 	 0.7484000 	 0.0902000 	 13.0795000 	 0.1052000 	 0.0479000 	 10.3919000 	 1.0665000 	 0.0533000 	 0.9206000
9.0000000 	 0.0000000 	 -2.2500000 	 2.4378000 	 0.8619000 	 0.1473000 	 15.5694000 	 0.1010000 	 0.0480000 	 9.2483000 	 0.9780000 	 0.0502000 	 0.7872000
9.0000000 	 0.0000000 	 -2.0000000 	 2.2164000 	 0.8732000 	 0.1857000 	 15.2344000 	 0.0984000 	 0.0424000 	 8.4875000 	 1.0019000 	 0.0471000 	 0.6394000
9.0000000 	 0.0000000 	 -1.7500000 	 2.1745000 	 0.7704000 	 0.1753000 	 12.0134000 	 0.1017000 	 0.0362000 	 8.2780000 	 1.1748000 	 0.0468000 	 0.5370000
9.0000000 	 0.0000000 	 -1.5000000 	 2.3012000 	 0.6317000 	 0.1366000 	 8.1996000 	 0.1113000 	 0.0319000 	 8.6038000 	 1.5440000 	 0.0493000 	 0.4892000
9.0000000 	 0.0000000 	 -1.2500000 	 2.5908000 	 0.5320000 	 0.0986000 	 5.2481000 	 0.1262000 	 0.0299000 	 9.3922000 	 2.1392000 	 0.0547000 	 0.4967000
9.0000000 	 0.0000000 	 -1.0000000 	 3.0147000 	 0.4827000 	 0.0692000 	 3.2460000 	 0.1429000 	 0.0298000 	 10.3888000 	 2.8925000 	 0.0621000 	 0.5546000
9.0000000 	 0.0000000 	 -0.7500000 	 3.5566000 	 0.4708000 	 0.0491000 	 2.0113000 	 0.1600000 	 0.0321000 	 11.4477000 	 3.7283000 	 0.0714000 	 0.6516000
9.0000000 	 0.0000000 	 -0.5000000 	 4.3268000 	 0.4919000 	 0.0377000 	 1.3464000 	 0.1840000 	 0.0378000 	 12.9697000 	 4.8177000 	 0.0855000 	 0.7769000
9.1000000 	 -0.1250000 	 -2.5000000 	 2.6501000 	 0.7055000 	 0.0684000 	 13.0058000 	 0.0706000 	 0.0433000 	 7.9147000 	 1.0614000 	 0.0464000 	 0.9699000
9.1000000 	 -0.1250000 	 -2.2500000 	 2.2981000 	 0.8369000 	 0.1165000 	 15.9396000 	 0.0667000 	 0.0445000 	 6.8831000 	 0.9586000 	 0.0432000 	 0.8324000
9.1000000 	 -0.1250000 	 -2.0000000 	 2.0344000 	 0.8794000 	 0.1566000 	 16.2317000 	 0.0632000 	 0.0404000 	 6.1347000 	 0.9615000 	 0.0396000 	 0.6765000
9.1000000 	 -0.1250000 	 -1.7500000 	 1.9492000 	 0.7895000 	 0.1544000 	 13.1633000 	 0.0636000 	 0.0351000 	 5.8508000 	 1.1090000 	 0.0384000 	 0.5640000
9.1000000 	 -0.1250000 	 -1.5000000 	 2.0592000 	 0.6493000 	 0.1239000 	 9.2320000 	 0.0697000 	 0.0314000 	 6.0819000 	 1.4725000 	 0.0404000 	 0.5083000
9.1000000 	 -0.1250000 	 -1.2500000 	 2.3633000 	 0.5398000 	 0.0917000 	 6.0404000 	 0.0811000 	 0.0296000 	 6.7539000 	 2.1096000 	 0.0457000 	 0.5083000
9.1000000 	 -0.1250000 	 -1.0000000 	 2.9039000 	 0.4908000 	 0.0671000 	 3.8486000 	 0.0974000 	 0.0300000 	 7.8243000 	 2.9916000 	 0.0548000 	 0.5709000
9.1000000 	 -0.1250000 	 -0.7500000 	 3.7067000 	 0.4910000 	 0.0497000 	 2.4276000 	 0.1187000 	 0.0333000 	 9.1724000 	 4.0103000 	 0.0694000 	 0.6899000
9.1000000 	 -0.1250000 	 -0.5000000 	 4.8316000 	 0.5296000 	 0.0392000 	 1.6217000 	 0.1471000 	 0.0405000 	 10.9324000 	 5.2828000 	 0.0914000 	 0.8495000
9.1000000 	 0.0000000 	 -2.5000000 	 2.2358000 	 0.6630000 	 0.0656000 	 12.8147000 	 0.0769000 	 0.0400000 	 9.4400000 	 1.0065000 	 0.0369000 	 0.9280000
9.1000000 	 0.0000000 	 -2.2500000 	 1.9313000 	 0.8097000 	 0.1164000 	 16.0793000 	 0.0719000 	 0.0416000 	 8.0765000 	 0.9039000 	 0.0345000 	 0.7952000
9.1000000 	 0.0000000 	 -2.0000000 	 1.6899000 	 0.8599000 	 0.1573000 	 16.4999000 	 0.0669000 	 0.0374000 	 7.0749000 	 0.8989000 	 0.0314000 	 0.6406000
9.1000000 	 0.0000000 	 -1.7500000 	 1.6019000 	 0.7710000 	 0.1542000 	 13.4581000 	 0.0664000 	 0.0319000 	 6.6863000 	 1.0389000 	 0.0301000 	 0.5279000
9.1000000 	 0.0000000 	 -1.5000000 	 1.6969000 	 0.6254000 	 0.1234000 	 9.4778000 	 0.0730000 	 0.0279000 	 6.9820000 	 1.3949000 	 0.0316000 	 0.4712000
9.1000000 	 0.0000000 	 -1.2500000 	 1.9984000 	 0.5123000 	 0.0917000 	 6.2474000 	 0.0874000 	 0.0262000 	 7.9474000 	 2.0192000 	 0.0365000 	 0.4737000
9.1000000 	 0.0000000 	 -1.0000000 	 2.5333000 	 0.4579000 	 0.0670000 	 3.9802000 	 0.1089000 	 0.0267000 	 9.4517000 	 2.8941000 	 0.0453000 	 0.5380000
9.1000000 	 0.0000000 	 -0.7500000 	 3.3047000 	 0.4517000 	 0.0494000 	 2.5003000 	 0.1363000 	 0.0298000 	 11.2594000 	 3.9017000 	 0.0589000 	 0.6549000
9.1000000 	 0.0000000 	 -0.5000000 	 4.3778000 	 0.4855000 	 0.0390000 	 1.6658000 	 0.1728000 	 0.0365000 	 13.5523000 	 5.1479000 	 0.0795000 	 0.8069000
