#Cloudy 17.00 models results grids
# O/H: 6.9 - 9.1, log C/O: -1.4 - 0.6, log U: -4.0 - -1.5 (O/H vs log U empirically constrained)
# SED: POPSTAR, Chabrier IMF, age = 1 Myr
# Plane-parallel geometry
#
#12+log(O/H) log(C/O) log(U) Lya_1216 CIV_1549 HeII_1640 OIII_1665 CIII_1909 OIII_5007
6.90 -1.400 -2.50 2.1191 0.0038 0.0067 0.0500 0.0186 0.7321
6.90 -1.400 -2.25 1.5753 0.0098 0.0088 0.0765 0.0256 0.9026
6.90 -1.400 -2.00 1.2034 0.0219 0.0121 0.1115 0.0335 1.0708
6.90 -1.275 -2.50 2.1195 0.0050 0.0067 0.0500 0.0248 0.7320
6.90 -1.275 -2.25 1.5753 0.0127 0.0088 0.0764 0.0342 0.9024
6.90 -1.275 -2.00 1.2034 0.0281 0.0121 0.1114 0.0447 1.0703
6.90 -1.150 -2.50 2.1197 0.0065 0.0067 0.0499 0.0331 0.7318
6.90 -1.150 -2.25 1.5749 0.0165 0.0088 0.0763 0.0455 0.9022
6.90 -1.150 -2.00 1.2031 0.0362 0.0121 0.1112 0.0595 1.0697
6.90 -1.025 -2.50 2.1190 0.0085 0.0067 0.0499 0.0441 0.7316
6.90 -1.025 -2.25 1.5754 0.0212 0.0088 0.0762 0.0606 0.9016
6.90 -1.025 -2.00 1.2024 0.0466 0.0121 0.1110 0.0792 1.0691
6.90 -0.900 -2.50 2.1194 0.0111 0.0067 0.0498 0.0588 0.7312
6.90 -0.900 -2.25 1.5748 0.0274 0.0088 0.0760 0.0807 0.9011
6.90 -0.900 -2.00 1.2024 0.0602 0.0121 0.1107 0.1054 1.0683
6.90 -0.775 -2.50 2.1185 0.0143 0.0067 0.0497 0.0782 0.7308
6.90 -0.775 -2.25 1.5746 0.0353 0.0088 0.0759 0.1075 0.9004
6.90 -0.775 -2.00 1.2021 0.0778 0.0121 0.1103 0.1400 1.0669
6.90 -0.650 -2.50 2.1188 0.0185 0.0067 0.0496 0.1041 0.7302
6.90 -0.650 -2.25 1.5748 0.0456 0.0088 0.0756 0.1429 0.8993
6.90 -0.650 -2.00 1.2016 0.1008 0.0121 0.1097 0.1859 1.0652
6.90 -0.525 -2.50 2.1188 0.0239 0.0067 0.0495 0.1384 0.7294
6.90 -0.525 -2.25 1.5732 0.0589 0.0088 0.0753 0.1898 0.8980
6.90 -0.525 -2.00 1.2010 0.1307 0.0121 0.1090 0.2465 1.0629
6.90 -0.400 -2.50 2.1170 0.0309 0.0067 0.0492 0.1840 0.7283
6.90 -0.400 -2.25 1.5732 0.0763 0.0088 0.0748 0.2518 0.8962
6.90 -0.400 -2.00 1.2006 0.1693 0.0121 0.1081 0.3263 1.0601
6.90 -0.275 -2.50 2.1183 0.0399 0.0067 0.0490 0.2441 0.7269
6.90 -0.275 -2.25 1.5719 0.0988 0.0088 0.0742 0.3334 0.8938
6.90 -0.275 -2.00 1.2037 0.2187 0.0120 0.1068 0.4305 1.0558
6.90 -0.150 -2.50 2.1147 0.0515 0.0067 0.0486 0.3235 0.7251
6.90 -0.150 -2.25 1.5726 0.1278 0.0088 0.0734 0.4406 0.8906
6.90 -0.150 -2.00 1.2005 0.2815 0.0120 0.1052 0.5668 1.0508
6.90 -0.025 -2.50 2.1132 0.0664 0.0067 0.0481 0.4277 0.7227
6.90 -0.025 -2.25 1.5719 0.1650 0.0088 0.0724 0.5807 0.8865
6.90 -0.025 -2.00 1.1974 0.3598 0.0120 0.1032 0.7433 1.0442
6.90 0.100 -2.50 2.1139 0.0857 0.0067 0.0475 0.5641 0.7195
6.90 0.100 -2.25 1.5700 0.2120 0.0088 0.0711 0.7624 0.8811
6.90 0.100 -2.00 1.1958 0.4550 0.0120 0.1006 0.9690 1.0352
6.90 0.225 -2.50 2.1096 0.1102 0.0067 0.0467 0.7413 0.7153
6.90 0.225 -2.25 1.5614 0.2704 0.0088 0.0695 0.9963 0.8741
6.90 0.225 -2.00 1.1923 0.5677 0.0119 0.0974 1.2561 1.0240
6.90 0.350 -2.50 2.1058 0.1410 0.0067 0.0457 0.9698 0.7098
6.90 0.350 -2.25 1.5671 0.3415 0.0087 0.0674 1.2943 0.8651
6.90 0.350 -2.00 1.1956 0.6960 0.0119 0.0935 1.6162 1.0099
6.90 0.475 -2.50 2.1013 0.1791 0.0067 0.0444 1.2615 0.7027
6.90 0.475 -2.25 1.5614 0.4253 0.0087 0.0648 1.6689 0.8536
6.90 0.475 -2.00 1.1901 0.8336 0.0118 0.0887 2.0594 0.9919
6.90 0.600 -2.50 2.0941 0.2250 0.0067 0.0428 1.6291 0.6935
6.90 0.600 -2.25 1.5554 0.5200 0.0087 0.0617 2.1325 0.8391
6.90 0.600 -2.00 1.1781 0.9707 0.0117 0.0832 2.5969 0.9699
7.00 -1.400 -2.50 2.1122 0.0046 0.0066 0.0612 0.0229 0.9127
7.00 -1.400 -2.25 1.5713 0.0118 0.0087 0.0934 0.0315 1.1244
7.00 -1.400 -2.00 1.1990 0.0260 0.0120 0.1356 0.0410 1.3326
7.00 -1.275 -2.50 2.1118 0.0060 0.0066 0.0612 0.0306 0.9125
7.00 -1.275 -2.25 1.5721 0.0152 0.0087 0.0933 0.0419 1.1241
7.00 -1.275 -2.00 1.1991 0.0334 0.0120 0.1355 0.0546 1.3320
7.00 -1.150 -2.50 2.1111 0.0079 0.0066 0.0611 0.0407 0.9122
7.00 -1.150 -2.25 1.5709 0.0196 0.0087 0.0931 0.0558 1.1235
7.00 -1.150 -2.00 1.1991 0.0429 0.0120 0.1352 0.0727 1.3311
7.00 -0.060 -2.50 2.1109 0.0738 0.0066 0.0589 0.4850 0.9005
7.00 -0.060 -2.25 1.5639 0.1826 0.0087 0.0882 0.6559 1.1033
7.00 -0.060 -2.00 1.1965 0.3950 0.0119 0.1251 0.8353 1.2973
7.00 -0.900 -2.50 2.1106 0.0133 0.0066 0.0610 0.0722 0.9113
7.00 -0.900 -2.25 1.5651 0.0325 0.0087 0.0927 0.0990 1.1220
7.00 -0.900 -2.00 1.2003 0.0714 0.0119 0.1344 0.1286 1.3285
7.00 -0.775 -2.50 2.1104 0.0171 0.0066 0.0608 0.0961 0.9106
7.00 -0.775 -2.25 1.5647 0.0419 0.0087 0.0925 0.1316 1.1208
7.00 -0.775 -2.00 1.2005 0.0924 0.0119 0.1337 0.1708 1.3265
7.00 -0.650 -2.50 2.1103 0.0221 0.0066 0.0606 0.1278 0.9097
7.00 -0.650 -2.25 1.5648 0.0542 0.0087 0.0921 0.1749 1.1192
7.00 -0.650 -2.00 1.2000 0.1197 0.0119 0.1329 0.2264 1.3237
7.00 -0.525 -2.50 2.1087 0.0285 0.0066 0.0604 0.1699 0.9084
7.00 -0.525 -2.25 1.5630 0.0700 0.0087 0.0915 0.2321 1.1171
7.00 -0.525 -2.00 1.1990 0.1550 0.0119 0.1318 0.2998 1.3201
7.00 -0.400 -2.50 2.1086 0.0367 0.0066 0.0601 0.2255 0.9068
7.00 -0.400 -2.25 1.5684 0.0907 0.0087 0.0909 0.3075 1.1143
7.00 -0.400 -2.00 1.1986 0.2004 0.0119 0.1304 0.3961 1.3155
7.00 -0.275 -2.50 2.1099 0.0474 0.0066 0.0597 0.2990 0.9046
7.00 -0.275 -2.25 1.5676 0.1173 0.0087 0.0900 0.4066 1.1106
7.00 -0.275 -2.00 1.1965 0.2580 0.0119 0.1286 0.5219 1.3095
7.00 -0.150 -2.50 2.1055 0.0611 0.0066 0.0591 0.3955 0.9018
7.00 -0.150 -2.25 1.5612 0.1514 0.0087 0.0888 0.5362 1.1058
7.00 -0.150 -2.00 1.1941 0.3302 0.0119 0.1263 0.6850 1.3016
7.00 -0.025 -2.50 2.1030 0.0788 0.0066 0.0584 0.5219 0.8980
7.00 -0.025 -2.25 1.5596 0.1947 0.0087 0.0873 0.7047 1.0994
7.00 -0.025 -2.00 1.1920 0.4187 0.0118 0.1234 0.8948 1.2914
7.00 0.100 -2.50 2.1013 0.1014 0.0066 0.0575 0.6865 0.8930
7.00 0.100 -2.25 1.5671 0.2488 0.0087 0.0854 0.9220 1.0912
7.00 0.100 -2.00 1.1890 0.5241 0.0118 0.1197 1.1621 1.2783
7.00 0.225 -2.50 2.0979 0.1298 0.0066 0.0563 0.8992 0.8866
7.00 0.225 -2.25 1.5627 0.3149 0.0086 0.0830 1.1996 1.0806
7.00 0.225 -2.00 1.1929 0.6452 0.0117 0.1151 1.4985 1.2616
7.00 0.350 -2.50 2.0924 0.1651 0.0066 0.0548 1.1713 0.8782
7.00 0.350 -2.25 1.5579 0.3933 0.0086 0.0800 1.5500 1.0671
7.00 0.350 -2.00 1.1829 0.7772 0.0117 0.1096 1.9149 1.2404
7.00 0.475 -2.50 2.0838 0.2080 0.0066 0.0529 1.5154 0.8673
7.00 0.475 -2.25 1.5457 0.4831 0.0086 0.0764 1.9853 1.0499
7.00 0.475 -2.00 1.1841 0.9110 0.0116 0.1032 2.4223 1.2144
7.00 0.600 -2.50 2.0771 0.2585 0.0066 0.0505 1.9439 0.8536
7.00 0.600 -2.25 1.5383 0.5801 0.0085 0.0720 2.5161 1.0285
7.00 0.600 -2.00 1.1722 1.0341 0.0115 0.0957 3.0277 1.1828
7.10 -0.260 -2.50 2.1008 0.0577 0.0066 0.0721 0.3760 1.1221
7.10 -0.260 -2.25 1.5658 0.1424 0.0086 0.1080 0.5086 1.3750
7.10 -0.260 -2.00 1.1915 0.3102 0.0117 0.1532 0.6483 1.6176
7.10 -0.260 -2.50 2.1008 0.0577 0.0065 0.0721 0.3760 1.1220
7.10 -0.260 -2.25 1.5657 0.1424 0.0086 0.1079 0.5085 1.3749
7.10 -0.260 -2.00 1.1912 0.3102 0.0117 0.1532 0.6482 1.6175
7.10 -0.260 -2.50 2.1006 0.0576 0.0065 0.0720 0.3760 1.1220
7.10 -0.260 -2.25 1.5658 0.1423 0.0086 0.1079 0.5085 1.3749
7.10 -0.260 -2.00 1.1919 0.3101 0.0117 0.1531 0.6481 1.6174
7.10 -0.260 -2.50 2.1001 0.0576 0.0065 0.0720 0.3759 1.1219
7.10 -0.260 -2.25 1.5655 0.1423 0.0086 0.1079 0.5084 1.3748
7.10 -0.260 -2.00 1.1915 0.3100 0.0117 0.1531 0.6480 1.6173
7.10 -0.260 -2.50 2.0998 0.0576 0.0065 0.0720 0.3758 1.1218
7.10 -0.260 -2.25 1.5653 0.1423 0.0086 0.1079 0.5083 1.3746
7.10 -0.260 -2.00 1.1913 0.3099 0.0117 0.1531 0.6478 1.6171
7.10 -0.260 -2.50 2.0996 0.0576 0.0065 0.0720 0.3757 1.1217
7.10 -0.260 -2.25 1.5661 0.1422 0.0086 0.1078 0.5081 1.3745
7.10 -0.260 -2.00 1.1907 0.3098 0.0117 0.1530 0.6476 1.6168
7.10 -0.260 -2.50 2.0991 0.0576 0.0065 0.0720 0.3756 1.1215
7.10 -0.260 -2.25 1.5650 0.1421 0.0086 0.1078 0.5079 1.3743
7.10 -0.260 -2.00 1.1907 0.3096 0.0117 0.1529 0.6473 1.6166
7.10 -0.260 -2.50 2.0986 0.0575 0.0065 0.0719 0.3754 1.1213
7.10 -0.260 -2.25 1.5653 0.1420 0.0086 0.1077 0.5076 1.3740
7.10 -0.260 -2.00 1.1901 0.3093 0.0117 0.1528 0.6469 1.6162
7.10 -0.260 -2.50 2.0979 0.0575 0.0065 0.0719 0.3752 1.1210
7.10 -0.260 -2.25 1.5648 0.1419 0.0086 0.1076 0.5073 1.3736
7.10 -0.260 -2.00 1.1897 0.3090 0.0117 0.1526 0.6463 1.6156
7.10 -0.260 -2.50 2.0969 0.0574 0.0065 0.0718 0.3749 1.1207
7.10 -0.260 -2.25 1.5638 0.1417 0.0086 0.1075 0.5068 1.3731
7.10 -0.260 -2.00 1.1896 0.3085 0.0117 0.1524 0.6455 1.6149
7.10 -0.260 -2.50 2.0960 0.0574 0.0065 0.0717 0.3744 1.1202
7.10 -0.260 -2.25 1.5638 0.1415 0.0086 0.1074 0.5061 1.3724
7.10 -0.260 -2.00 1.1886 0.3079 0.0117 0.1522 0.6446 1.6139
7.10 -0.260 -2.50 2.0953 0.0573 0.0065 0.0716 0.3739 1.1195
7.10 -0.260 -2.25 1.5628 0.1412 0.0086 0.1072 0.5053 1.3715
7.10 -0.260 -2.00 1.1870 0.3071 0.0117 0.1518 0.6433 1.6126
7.10 -0.260 -2.50 2.0918 0.0571 0.0065 0.0714 0.3731 1.1186
7.10 -0.260 -2.25 1.5596 0.1408 0.0086 0.1069 0.5042 1.3703
7.10 -0.260 -2.00 1.1858 0.3060 0.0117 0.1513 0.6415 1.6109
7.10 -0.260 -2.50 2.0894 0.0569 0.0065 0.0712 0.3721 1.1174
7.10 -0.260 -2.25 1.5580 0.1402 0.0086 0.1065 0.5027 1.3686
7.10 -0.260 -2.00 1.1917 0.3046 0.0117 0.1507 0.6393 1.6087
7.10 -0.260 -2.50 2.0856 0.0567 0.0065 0.0709 0.3708 1.1158
7.10 -0.260 -2.25 1.5544 0.1395 0.0086 0.1060 0.5007 1.3665
7.10 -0.260 -2.00 1.1893 0.3027 0.0117 0.1499 0.6362 1.6057
7.10 -0.260 -2.50 2.0796 0.0564 0.0065 0.0705 0.3691 1.1138
7.10 -0.260 -2.25 1.5494 0.1386 0.0086 0.1054 0.4981 1.3637
7.10 -0.260 -2.00 1.1849 0.3002 0.0117 0.1487 0.6321 1.6016
7.10 0.200 -2.50 2.0646 0.1409 0.0065 0.0662 1.0077 1.0892
7.10 0.200 -2.25 1.5337 0.3369 0.0085 0.0967 1.3333 1.3237
7.10 0.200 -2.00 1.1763 0.6729 0.0115 0.1324 1.6482 1.5390
7.20 -1.400 -2.50 2.0840 0.0065 0.0065 0.0889 0.0337 1.4020
7.20 -1.400 -2.25 1.5588 0.0163 0.0085 0.1342 0.0459 1.7227
7.20 -1.400 -2.00 1.1960 0.0353 0.0117 0.1929 0.0592 2.0354
7.20 -1.275 -2.50 2.0835 0.0085 0.0065 0.0888 0.0449 1.4015
7.20 -1.275 -2.25 1.5586 0.0209 0.0085 0.1340 0.0612 1.7218
7.20 -1.275 -2.00 1.1958 0.0452 0.0117 0.1924 0.0788 2.0339
7.20 -1.150 -2.50 2.0834 0.0110 0.0065 0.0887 0.0598 1.4008
7.20 -1.150 -2.25 1.5587 0.0268 0.0085 0.1337 0.0814 1.7206
7.20 -1.150 -2.00 1.1949 0.0582 0.0117 0.1919 0.1048 2.0319
7.20 -1.025 -2.50 2.0837 0.0142 0.0065 0.0885 0.0797 1.3999
7.20 -1.025 -2.25 1.5583 0.0344 0.0085 0.1334 0.1083 1.7191
7.20 -1.025 -2.00 1.1953 0.0750 0.0117 0.1911 0.1393 2.0293
7.20 -0.900 -2.50 2.0827 0.0183 0.0065 0.0883 0.1060 1.3986
7.20 -0.900 -2.25 1.5583 0.0443 0.0085 0.1329 0.1440 1.7169
7.20 -0.900 -2.00 1.1943 0.0968 0.0117 0.1901 0.1849 2.0256
7.20 -0.775 -2.50 2.0833 0.0235 0.0065 0.0880 0.1409 1.3969
7.20 -0.775 -2.25 1.5567 0.0571 0.0085 0.1323 0.1912 1.7141
7.20 -0.775 -2.00 1.1924 0.1251 0.0116 0.1889 0.2452 2.0211
7.20 -0.650 -2.50 2.0821 0.0302 0.0065 0.0876 0.1872 1.3947
7.20 -0.650 -2.25 1.5569 0.0737 0.0085 0.1314 0.2536 1.7104
7.20 -0.650 -2.00 1.1919 0.1617 0.0116 0.1872 0.3244 2.0150
7.20 -0.525 -2.50 2.0810 0.0389 0.0065 0.0871 0.2483 1.3917
7.20 -0.525 -2.25 1.5508 0.0952 0.0085 0.1303 0.3357 1.7054
7.20 -0.525 -2.00 1.1905 0.2083 0.0116 0.1850 0.4282 2.0070
7.20 -0.400 -2.50 2.0794 0.0501 0.0065 0.0864 0.3289 1.3878
7.20 -0.400 -2.25 1.5485 0.1228 0.0085 0.1289 0.4434 1.6990
7.20 -0.400 -2.00 1.1853 0.2671 0.0116 0.1822 0.5634 1.9965
7.20 -0.275 -2.50 2.0775 0.0644 0.0065 0.0855 0.4346 1.3827
7.20 -0.275 -2.25 1.5468 0.1580 0.0085 0.1270 0.5838 1.6905
7.20 -0.275 -2.00 1.1828 0.3399 0.0116 0.1785 0.7381 1.9827
7.20 -0.150 -2.50 2.0747 0.0828 0.0065 0.0843 0.5726 1.3759
7.20 -0.150 -2.25 1.5536 0.2023 0.0085 0.1246 0.7659 1.6794
7.20 -0.150 -2.00 1.1882 0.4280 0.0115 0.1739 0.9623 1.9651
7.20 -0.025 -2.50 2.0701 0.1061 0.0065 0.0827 0.7517 1.3671
7.20 -0.025 -2.25 1.5516 0.2570 0.0084 0.1216 0.9996 1.6650
7.20 -0.025 -2.00 1.1840 0.5310 0.0115 0.1682 1.2467 1.9426
7.20 0.100 -2.50 2.0670 0.1352 0.0064 0.0808 0.9819 1.3555
7.20 0.100 -2.25 1.5468 0.3229 0.0084 0.1178 1.2966 1.6465
7.20 0.100 -2.00 1.1792 0.6463 0.0114 0.1612 1.6024 1.9140
7.20 0.225 -2.50 2.0694 0.1709 0.0064 0.0783 1.2750 1.3407
7.20 0.225 -2.25 1.5408 0.3997 0.0084 0.1130 1.6688 1.6230
7.20 0.225 -2.00 1.1717 0.7675 0.0114 0.1529 2.0403 1.8784
7.20 0.350 -2.50 2.0642 0.2137 0.0064 0.0752 1.6429 1.3217
7.20 0.350 -2.25 1.5337 0.4852 0.0083 0.1073 2.1276 1.5934
7.20 0.350 -2.00 1.1683 0.8851 0.0113 0.1431 2.5701 1.8350
7.20 0.475 -2.50 2.0457 0.2630 0.0064 0.0715 2.0971 1.2977
7.20 0.475 -2.25 1.5272 0.5747 0.0083 0.1006 2.6826 1.5569
7.20 0.475 -2.00 1.1591 0.9863 0.0112 0.1321 3.1967 1.7829
7.20 0.600 -2.50 2.0412 0.3173 0.0064 0.0670 2.6465 1.2678
7.20 0.600 -2.25 1.5072 0.6603 0.0082 0.0930 3.3397 1.5128
7.20 0.600 -2.00 1.1464 1.0580 0.0110 0.1200 3.9211 1.7216
7.30 -1.400 -2.50 2.0718 0.0076 0.0064 0.1046 0.0401 1.7224
7.30 -1.400 -2.25 1.5470 0.0186 0.0084 0.1568 0.0543 2.1125
7.30 -1.400 -2.00 1.1852 0.0398 0.0115 0.2236 0.0695 2.4902
7.30 -1.275 -2.50 2.0720 0.0098 0.0064 0.1045 0.0534 1.7215
7.30 -1.275 -2.25 1.5461 0.0238 0.0084 0.1565 0.0723 2.1112
7.30 -1.275 -2.00 1.1858 0.0510 0.0115 0.2230 0.0925 2.4879
7.30 -1.150 -2.50 2.0711 0.0126 0.0064 0.1043 0.0711 1.7205
7.30 -1.150 -2.25 1.5461 0.0304 0.0084 0.1561 0.0961 2.1094
7.30 -1.150 -2.00 1.1852 0.0655 0.0115 0.2222 0.1230 2.4850
7.30 -1.025 -2.50 2.0708 0.0163 0.0064 0.1040 0.0946 1.7190
7.30 -1.025 -2.25 1.5455 0.0389 0.0084 0.1556 0.1278 2.1069
7.30 -1.025 -2.00 1.1845 0.0844 0.0115 0.2212 0.1634 2.4810
7.30 -0.900 -2.50 2.0703 0.0208 0.0064 0.1037 0.1258 1.7171
7.30 -0.900 -2.25 1.5444 0.0500 0.0084 0.1549 0.1698 2.1037
7.30 -0.900 -2.00 1.1848 0.1088 0.0115 0.2198 0.2167 2.4757
7.30 -0.775 -2.50 2.0703 0.0267 0.0064 0.1033 0.1672 1.7145
7.30 -0.775 -2.25 1.5440 0.0644 0.0084 0.1540 0.2253 2.0994
7.30 -0.775 -2.00 1.1831 0.1404 0.0115 0.2181 0.2869 2.4688
7.30 -0.650 -2.50 2.0680 0.0343 0.0064 0.1027 0.2218 1.7111
7.30 -0.650 -2.25 1.5432 0.0830 0.0084 0.1528 0.2985 2.0938
7.30 -0.650 -2.00 1.1822 0.1808 0.0115 0.2158 0.3791 2.4598
7.30 -0.525 -2.50 2.0584 0.0440 0.0064 0.1019 0.2939 1.7065
7.30 -0.525 -2.25 1.5416 0.1069 0.0084 0.1513 0.3945 2.0863
7.30 -0.525 -2.00 1.1813 0.2319 0.0115 0.2127 0.4993 2.4478
7.30 -0.400 -2.50 2.0553 0.0565 0.0064 0.1009 0.3886 1.7006
7.30 -0.400 -2.25 1.5401 0.1375 0.0084 0.1493 0.5199 2.0766
7.30 -0.400 -2.00 1.1789 0.2955 0.0114 0.2089 0.6553 2.4324
7.30 -0.275 -2.50 2.0532 0.0725 0.0064 0.0996 0.5124 1.6927
7.30 -0.275 -2.25 1.5380 0.1761 0.0084 0.1467 0.6828 2.0638
7.30 -0.275 -2.00 1.1751 0.3730 0.0114 0.2040 0.8561 2.4123
7.30 -0.150 -2.50 2.0495 0.0928 0.0064 0.0979 0.6734 1.6825
7.30 -0.150 -2.25 1.5343 0.2241 0.0084 0.1434 0.8927 2.0473
7.30 -0.150 -2.00 1.1724 0.4643 0.0114 0.1978 1.1114 2.3864
7.30 -0.025 -2.50 2.0456 0.1183 0.0064 0.0957 0.8808 1.6691
7.30 -0.025 -2.25 1.5296 0.2822 0.0083 0.1392 1.1602 2.0260
7.30 -0.025 -2.00 1.1733 0.5679 0.0113 0.1902 1.4329 2.3539
7.30 0.100 -2.50 2.0530 0.1497 0.0064 0.0930 1.1457 1.6518
7.30 0.100 -2.25 1.5252 0.3506 0.0083 0.1340 1.4969 1.9988
7.30 0.100 -2.00 1.1672 0.6790 0.0113 0.1811 1.8308 2.3131
7.30 0.225 -2.50 2.0446 0.1875 0.0064 0.0896 1.4795 1.6297
7.30 0.225 -2.25 1.5172 0.4277 0.0083 0.1277 1.9143 1.9646
7.30 0.225 -2.00 1.1628 0.7895 0.0112 0.1704 2.3153 2.2630
7.30 0.350 -2.50 2.0303 0.2316 0.0063 0.0853 1.8934 1.6017
7.30 0.350 -2.25 1.5163 0.5098 0.0082 0.1202 2.4222 1.9220
7.30 0.350 -2.00 1.1512 0.8878 0.0111 0.1581 2.8927 2.2025
7.30 0.475 -2.50 2.0180 0.2807 0.0063 0.0803 2.3971 1.5667
7.30 0.475 -2.25 1.5028 0.5907 0.0081 0.1116 3.0286 1.8705
7.30 0.475 -2.00 1.1412 0.9624 0.0109 0.1445 3.5667 2.1309
7.30 0.600 -2.50 2.0043 0.3323 0.0063 0.0743 2.9958 1.5238
7.30 0.600 -2.25 1.4819 0.6615 0.0081 0.1019 3.7343 1.8091
7.30 0.600 -2.00 1.1236 1.0021 0.0108 0.1299 4.3370 2.0482
7.40 -0.260 -2.50 2.0383 0.0829 0.0063 0.1146 0.6185 2.0616
7.40 -0.260 -2.25 1.5294 0.1991 0.0083 0.1669 0.8159 2.5049
7.40 -0.260 -2.00 1.1723 0.4126 0.0112 0.2295 1.0135 2.9167
7.40 -0.260 -2.50 2.0382 0.0829 0.0063 0.1145 0.6184 2.0615
7.40 -0.260 -2.25 1.5293 0.1990 0.0083 0.1668 0.8158 2.5047
7.40 -0.260 -2.00 1.1721 0.4125 0.0112 0.2294 1.0133 2.9165
7.40 -0.260 -2.50 2.0379 0.0828 0.0063 0.1145 0.6183 2.0613
7.40 -0.260 -2.25 1.5291 0.1990 0.0083 0.1668 0.8156 2.5045
7.40 -0.260 -2.00 1.1724 0.4123 0.0112 0.2294 1.0130 2.9162
7.40 -0.260 -2.50 2.0375 0.0828 0.0063 0.1145 0.6181 2.0610
7.40 -0.260 -2.25 1.5288 0.1989 0.0083 0.1667 0.8153 2.5042
7.40 -0.260 -2.00 1.1712 0.4121 0.0112 0.2293 1.0127 2.9158
7.40 -0.260 -2.50 2.0371 0.0828 0.0063 0.1144 0.6178 2.0607
7.40 -0.260 -2.25 1.5284 0.1988 0.0083 0.1666 0.8149 2.5037
7.40 -0.260 -2.00 1.1709 0.4118 0.0112 0.2291 1.0122 2.9152
7.40 -0.260 -2.50 2.0365 0.0827 0.0063 0.1143 0.6175 2.0602
7.40 -0.260 -2.25 1.5278 0.1986 0.0083 0.1665 0.8144 2.5031
7.40 -0.260 -2.00 1.1701 0.4115 0.0112 0.2290 1.0115 2.9145
7.40 -0.260 -2.50 2.0357 0.0826 0.0063 0.1142 0.6170 2.0596
7.40 -0.260 -2.25 1.5274 0.1984 0.0083 0.1664 0.8138 2.5023
7.40 -0.260 -2.00 1.1697 0.4110 0.0112 0.2287 1.0107 2.9134
7.40 -0.260 -2.50 2.0345 0.0825 0.0063 0.1141 0.6164 2.0588
7.40 -0.260 -2.25 1.5264 0.1982 0.0083 0.1662 0.8130 2.5013
7.40 -0.260 -2.00 1.1686 0.4104 0.0112 0.2284 1.0096 2.9121
7.40 -0.260 -2.50 2.0331 0.0824 0.0063 0.1139 0.6157 2.0577
7.40 -0.260 -2.25 1.5245 0.1978 0.0083 0.1659 0.8119 2.4999
7.40 -0.260 -2.00 1.1692 0.4095 0.0112 0.2280 1.0080 2.9102
7.40 -0.260 -2.50 2.0307 0.0822 0.0063 0.1137 0.6146 2.0563
7.40 -0.260 -2.25 1.5234 0.1973 0.0083 0.1656 0.8105 2.4982
7.40 -0.260 -2.00 1.1665 0.4084 0.0112 0.2275 1.0060 2.9079
7.40 -0.260 -2.50 2.0281 0.0820 0.0063 0.1134 0.6132 2.0543
7.40 -0.260 -2.25 1.5219 0.1967 0.0083 0.1652 0.8086 2.4957
7.40 -0.260 -2.00 1.1657 0.4069 0.0112 0.2268 1.0035 2.9048
7.40 -0.260 -2.50 2.0263 0.0817 0.0063 0.1130 0.6113 2.0517
7.40 -0.260 -2.25 1.5185 0.1959 0.0083 0.1645 0.8060 2.4924
7.40 -0.260 -2.00 1.1624 0.4050 0.0112 0.2259 1.0000 2.9006
7.40 -0.260 -2.50 2.0214 0.0812 0.0063 0.1125 0.6089 2.0483
7.40 -0.260 -2.25 1.5153 0.1948 0.0083 0.1637 0.8026 2.4881
7.40 -0.260 -2.00 1.1599 0.4024 0.0112 0.2247 0.9954 2.8951
7.40 0.230 -2.50 2.0098 0.2020 0.0063 0.1000 1.7032 1.9636
7.40 0.230 -2.25 1.4971 0.4466 0.0081 0.1409 2.1763 2.3558
7.40 0.230 -2.00 1.1419 0.7867 0.0109 0.1855 2.6016 2.7004
7.40 0.350 -2.50 1.9948 0.2439 0.0062 0.0946 2.1420 1.9245
7.40 0.350 -2.25 1.4893 0.5180 0.0081 0.1317 2.7073 2.2985
7.40 0.350 -2.00 1.1320 0.8577 0.0108 0.1711 3.1977 2.6211
7.40 0.475 -2.50 1.9746 0.2905 0.0062 0.0879 2.6878 1.8747
7.40 0.475 -2.25 1.4668 0.5857 0.0080 0.1210 3.3556 2.2275
7.40 0.475 -2.00 1.1157 0.9049 0.0107 0.1549 3.9108 2.5250
7.40 0.600 -2.50 1.9497 0.3367 0.0061 0.0803 3.3240 1.8145
7.40 0.600 -2.25 1.4516 0.6385 0.0079 0.1091 4.0983 2.1443
7.40 0.600 -2.00 1.0991 0.9150 0.0105 0.1379 4.7178 2.4166
7.50 -1.400 -2.50 2.0125 0.0096 0.0063 0.1365 0.0539 2.5421
7.50 -1.400 -2.25 1.5090 0.0226 0.0082 0.2010 0.0717 3.1015
7.50 -1.400 -2.00 1.1587 0.0476 0.0112 0.2816 0.0906 3.6356
7.50 -1.275 -2.50 2.0116 0.0123 0.0063 0.1362 0.0717 2.5400
7.50 -1.275 -2.25 1.5089 0.0287 0.0082 0.2004 0.0954 3.0982
7.50 -1.275 -2.00 1.1618 0.0607 0.0112 0.2804 0.1204 3.6304
7.50 -1.150 -2.50 2.0113 0.0156 0.0063 0.1358 0.0954 2.5377
7.50 -1.150 -2.25 1.5080 0.0365 0.0082 0.1998 0.1268 3.0945
7.50 -1.150 -2.00 1.1609 0.0777 0.0112 0.2792 0.1599 3.6247
7.50 -1.025 -2.50 2.0106 0.0199 0.0063 0.1353 0.1268 2.5345
7.50 -1.025 -2.25 1.5074 0.0466 0.0082 0.1988 0.1684 3.0893
7.50 -1.025 -2.00 1.1610 0.0997 0.0112 0.2774 0.2120 3.6164
7.50 -0.900 -2.50 2.0105 0.0253 0.0063 0.1347 0.1684 2.5301
7.50 -0.900 -2.25 1.5065 0.0597 0.0082 0.1976 0.2234 3.0823
7.50 -0.900 -2.00 1.1564 0.1279 0.0112 0.2751 0.2806 3.6056
7.50 -0.775 -2.50 2.0089 0.0323 0.0063 0.1338 0.2234 2.5244
7.50 -0.775 -2.25 1.5053 0.0765 0.0082 0.1960 0.2957 3.0730
7.50 -0.775 -2.00 1.1591 0.1638 0.0111 0.2721 0.3706 3.5913
7.50 -0.650 -2.50 2.0072 0.0412 0.0062 0.1327 0.2957 2.5168
7.50 -0.650 -2.25 1.5083 0.0980 0.0082 0.1938 0.3906 3.0609
7.50 -0.650 -2.00 1.1578 0.2089 0.0111 0.2681 0.4879 3.5725
7.50 -0.525 -2.50 2.0044 0.0525 0.0062 0.1313 0.3907 2.5067
7.50 -0.525 -2.25 1.5058 0.1254 0.0082 0.1910 0.5143 3.0449
7.50 -0.525 -2.00 1.1542 0.2646 0.0111 0.2631 0.6400 3.5483
7.50 -0.400 -2.50 2.0011 0.0670 0.0062 0.1293 0.5145 2.4935
7.50 -0.400 -2.25 1.5034 0.1597 0.0081 0.1875 0.6747 3.0243
7.50 -0.400 -2.00 1.1518 0.3315 0.0111 0.2567 0.8353 3.5170
7.50 -0.275 -2.50 1.9968 0.0853 0.0062 0.1269 0.6749 2.4763
7.50 -0.275 -2.25 1.5009 0.2019 0.0081 0.1830 0.8808 2.9975
7.50 -0.275 -2.00 1.1468 0.4091 0.0110 0.2487 1.0833 3.4767
7.50 -0.150 -2.50 1.9911 0.1081 0.0062 0.1237 0.8812 2.4541
7.50 -0.150 -2.25 1.4942 0.2524 0.0081 0.1773 1.1429 2.9632
7.50 -0.150 -2.00 1.1419 0.4951 0.0110 0.2390 1.3952 3.4265
7.50 -0.025 -2.50 1.9831 0.1358 0.0062 0.1197 1.1434 2.4255
7.50 -0.025 -2.25 1.4878 0.3108 0.0081 0.1703 1.4718 2.9198
7.50 -0.025 -2.00 1.1342 0.5850 0.0109 0.2272 1.7804 3.3635
7.50 0.100 -2.50 1.9722 0.1687 0.0062 0.1148 1.4719 2.3891
7.50 0.100 -2.25 1.4821 0.3752 0.0080 0.1619 1.8782 2.8656
7.50 0.100 -2.00 1.1278 0.6712 0.0108 0.2135 2.2486 3.2865
7.50 0.225 -2.50 1.9658 0.2064 0.0061 0.1088 1.8766 2.3433
7.50 0.225 -2.25 1.4713 0.4419 0.0080 0.1519 2.3710 2.7990
7.50 0.225 -2.00 1.1204 0.7434 0.0107 0.1979 2.8071 3.1945
7.50 0.350 -2.50 1.9407 0.2474 0.0061 0.1017 2.3652 2.2866
7.50 0.350 -2.25 1.4500 0.5046 0.0079 0.1403 2.9555 2.7186
7.50 0.350 -2.00 1.1035 0.7936 0.0105 0.1806 3.4592 3.0865
7.50 0.475 -2.50 1.9279 0.2889 0.0061 0.0935 2.9402 2.2171
7.50 0.475 -2.25 1.4396 0.5564 0.0078 0.1273 3.6328 2.6237
7.50 0.475 -2.00 1.0925 0.8137 0.0104 0.1621 4.2030 2.9626
7.50 0.600 -2.50 1.8951 0.3273 0.0060 0.0843 3.5988 2.1344
7.50 0.600 -2.25 1.4120 0.5900 0.0077 0.1135 4.3997 2.5151
7.50 0.600 -2.00 1.0681 0.8030 0.0102 0.1428 5.0379 2.8252
7.60 -1.400 -2.50 1.9685 0.0104 0.0062 0.1495 0.0603 3.0410
7.60 -1.400 -2.25 1.4879 0.0239 0.0081 0.2183 0.0795 3.6967
7.60 -0.260 -2.25 1.4787 0.2132 0.0080 0.1974 1.0050 3.5624
7.60 -1.400 -2.00 1.1390 0.0497 0.0110 0.3027 0.0995 4.3194
7.60 -1.275 -2.50 1.9682 0.0132 0.0061 0.1492 0.0803 3.0384
7.60 -1.275 -2.25 1.4877 0.0302 0.0081 0.2176 0.1057 3.6925
7.60 -1.275 -2.00 1.1380 0.0633 0.0110 0.3015 0.1322 4.3131
7.60 -1.150 -2.50 1.9676 0.0167 0.0062 0.1487 0.1068 3.0349
7.60 -1.150 -2.25 1.4878 0.0383 0.0081 0.2167 0.1404 3.6869
7.60 -1.150 -2.00 1.1369 0.0808 0.0110 0.2998 0.1754 4.3042
7.60 -1.025 -2.50 1.9667 0.0211 0.0062 0.1480 0.1419 3.0301
7.60 -1.025 -2.25 1.4857 0.0488 0.0080 0.2155 0.1863 3.6794
7.60 -1.025 -2.00 1.1432 0.1033 0.0109 0.2976 0.2324 4.2930
7.60 -0.900 -2.50 1.9636 0.0268 0.0062 0.1472 0.1883 3.0239
7.60 -0.900 -2.25 1.4848 0.0622 0.0080 0.2139 0.2469 3.6697
7.60 -0.900 -2.00 1.1378 0.1320 0.0109 0.2948 0.3073 4.2780
7.60 -0.775 -2.50 1.9615 0.0340 0.0061 0.1461 0.2495 3.0157
7.60 -0.775 -2.25 1.4830 0.0795 0.0080 0.2119 0.3265 3.6567
7.60 -0.775 -2.00 1.1356 0.1681 0.0109 0.2911 0.4053 4.2581
7.60 -0.650 -2.50 1.9713 0.0432 0.0061 0.1446 0.3299 3.0047
7.60 -0.650 -2.25 1.4801 0.1015 0.0080 0.2092 0.4307 3.6399
7.60 -0.650 -2.00 1.1340 0.2131 0.0109 0.2864 0.5328 4.2329
7.60 -0.525 -2.50 1.9680 0.0549 0.0061 0.1427 0.4350 2.9904
7.60 -0.525 -2.25 1.4779 0.1291 0.0080 0.2058 0.5661 3.6177
7.60 -0.525 -2.00 1.1344 0.2675 0.0109 0.2804 0.6974 4.2000
7.60 -0.400 -2.50 1.9542 0.0697 0.0061 0.1402 0.5717 2.9716
7.60 -0.400 -2.25 1.4740 0.1634 0.0080 0.2014 0.7409 3.5891
7.60 -0.400 -2.00 1.1311 0.3314 0.0108 0.2728 0.9080 4.1575
7.60 -0.275 -2.50 1.9597 0.0882 0.0061 0.1370 0.7479 2.9472
7.60 -0.275 -2.25 1.4693 0.2048 0.0080 0.1958 0.9644 3.5522
7.60 -0.275 -2.00 1.1258 0.4036 0.0108 0.2634 1.1741 4.1035
7.60 -0.150 -2.50 1.9481 0.1109 0.0061 0.1330 0.9728 2.9157
7.60 -0.150 -2.25 1.4667 0.2533 0.0079 0.1889 1.2468 3.5054
7.60 -0.150 -2.00 1.1196 0.4802 0.0107 0.2520 1.5066 4.0364
7.60 -0.025 -2.50 1.9429 0.1382 0.0061 0.1280 1.2565 2.8755
7.60 -0.025 -2.25 1.4593 0.3076 0.0079 0.1804 1.5984 3.4463
7.60 -0.025 -2.00 1.1107 0.5561 0.0106 0.2384 1.9151 3.9536
7.60 0.100 -2.50 1.9291 0.1697 0.0060 0.1219 1.6084 2.8245
7.60 0.100 -2.25 1.4481 0.3653 0.0078 0.1702 2.0297 3.3740
7.60 0.100 -2.00 1.1059 0.6241 0.0105 0.2228 2.4084 3.8538
7.60 0.225 -2.50 1.9135 0.2046 0.0060 0.1146 2.0371 2.7608
7.60 0.225 -2.25 1.4330 0.4216 0.0078 0.1583 2.5464 3.2853
7.60 0.225 -2.00 1.0927 0.6748 0.0104 0.2051 2.9910 3.7350
7.60 0.350 -2.50 1.8890 0.2411 0.0060 0.1061 2.5484 2.6836
7.60 0.350 -2.25 1.4134 0.4705 0.0077 0.1449 3.1529 3.1800
7.60 0.350 -2.00 1.0741 0.7029 0.0102 0.1857 3.6662 3.5978
7.60 0.475 -2.50 1.8621 0.2758 0.0059 0.0964 3.1380 2.5897
7.60 0.475 -2.25 1.3893 0.5062 0.0076 0.1302 3.8467 3.0567
7.60 0.475 -2.00 1.0558 0.7025 0.0100 0.1649 4.4289 3.4419
7.60 0.600 -2.50 1.8293 0.3053 0.0058 0.0860 3.8028 2.4809
7.60 0.600 -2.25 1.3669 0.5218 0.0075 0.1149 4.6195 2.9159
7.60 0.600 -2.00 1.0305 0.6758 0.0098 0.1438 5.2747 3.2699
7.70 -1.400 -2.50 1.9267 0.0109 0.0060 0.1571 0.0654 3.5818
7.70 -1.400 -2.25 1.4528 0.0243 0.0079 0.2274 0.0851 4.3367
7.70 -1.400 -2.00 1.1192 0.0498 0.0107 0.3125 0.1054 5.0486
7.70 -1.275 -2.50 1.9263 0.0137 0.0060 0.1566 0.0870 3.5781
7.70 -1.275 -2.25 1.4513 0.0305 0.0079 0.2266 0.1131 4.3310
7.70 -1.275 -2.00 1.1191 0.0632 0.0107 0.3111 0.1400 5.0401
7.70 -1.150 -2.50 1.9280 0.0172 0.0060 0.1560 0.1156 3.5731
7.70 -1.150 -2.25 1.4506 0.0385 0.0079 0.2254 0.1501 4.3231
7.70 -1.150 -2.00 1.1176 0.0803 0.0107 0.3093 0.1857 5.0290
7.70 -1.025 -2.50 1.9217 0.0216 0.0060 0.1553 0.1535 3.5665
7.70 -1.025 -2.25 1.4497 0.0488 0.0079 0.2240 0.1991 4.3132
7.70 -1.025 -2.00 1.1173 0.1021 0.0107 0.3068 0.2460 5.0140
7.70 -0.900 -2.50 1.9198 0.0272 0.0060 0.1542 0.2035 3.5578
7.70 -0.900 -2.25 1.4492 0.0620 0.0079 0.2222 0.2637 4.3001
7.70 -0.900 -2.00 1.1158 0.1298 0.0107 0.3036 0.3250 4.9944
7.70 -0.775 -2.50 1.9230 0.0343 0.0060 0.1529 0.2694 3.5462
7.70 -0.775 -2.25 1.4474 0.0789 0.0079 0.2198 0.3484 4.2829
7.70 -0.775 -2.00 1.1138 0.1644 0.0106 0.2995 0.4282 4.9688
7.70 -0.650 -2.50 1.9192 0.0434 0.0060 0.1511 0.3557 3.5311
7.70 -0.650 -2.25 1.4448 0.1002 0.0078 0.2166 0.4589 4.2605
7.70 -0.650 -2.00 1.1107 0.2066 0.0106 0.2942 0.5622 4.9358
7.70 -0.525 -2.50 1.9112 0.0548 0.0060 0.1488 0.4683 3.5111
7.70 -0.525 -2.25 1.4410 0.1267 0.0078 0.2126 0.6022 4.2310
7.70 -0.525 -2.00 1.1068 0.2568 0.0106 0.2875 0.7349 4.8934
7.70 -0.400 -2.50 1.9061 0.0693 0.0060 0.1458 0.6141 3.4852
7.70 -0.400 -2.25 1.4367 0.1591 0.0078 0.2074 0.7866 4.1932
7.70 -0.400 -2.00 1.1023 0.3143 0.0105 0.2791 0.9549 4.8386
7.70 -0.275 -2.50 1.9018 0.0871 0.0060 0.1420 0.8013 3.4518
7.70 -0.275 -2.25 1.4306 0.1975 0.0078 0.2009 1.0213 4.1447
7.70 -0.275 -2.00 1.0964 0.3770 0.0105 0.2687 1.2323 4.7697
7.70 -0.150 -2.50 1.8890 0.1086 0.0060 0.1373 1.0387 3.4087
7.70 -0.150 -2.25 1.4220 0.2413 0.0077 0.1929 1.3161 4.0831
7.70 -0.150 -2.00 1.0893 0.4408 0.0104 0.2562 1.5772 4.6844
7.70 -0.025 -2.50 1.8844 0.1339 0.0059 0.1314 1.3357 3.3540
7.70 -0.025 -2.25 1.4121 0.2890 0.0077 0.1833 1.6815 4.0072
7.70 -0.025 -2.00 1.0794 0.5004 0.0103 0.2414 1.9997 4.5810
7.70 0.100 -2.50 1.8692 0.1623 0.0059 0.1243 1.7005 3.2852
7.70 0.100 -2.25 1.4036 0.3369 0.0076 0.1718 2.1244 3.9125
7.70 0.100 -2.00 1.0688 0.5498 0.0102 0.2241 2.5054 4.4556
7.70 0.225 -2.50 1.8469 0.1928 0.0059 0.1160 2.1403 3.2011
7.70 0.225 -2.25 1.3862 0.3815 0.0075 0.1589 2.6538 3.7998
7.70 0.225 -2.00 1.0548 0.5809 0.0100 0.2049 3.1010 4.3090
7.70 0.350 -2.50 1.8308 0.2231 0.0058 0.1064 2.6564 3.0995
7.70 0.350 -2.25 1.3673 0.4160 0.0075 0.1444 3.2663 3.6649
7.70 0.350 -2.00 1.0404 0.5906 0.0099 0.1842 3.7858 4.1401
7.70 0.475 -2.50 1.7939 0.2501 0.0058 0.0958 3.2443 2.9791
7.70 0.475 -2.25 1.3376 0.4364 0.0073 0.1288 3.9591 3.5098
7.70 0.475 -2.00 1.0167 0.5806 0.0097 0.1627 4.5560 3.9496
7.70 0.600 -2.50 1.7504 0.2698 0.0057 0.0844 3.8883 2.8390
7.70 0.600 -2.25 1.3100 0.4394 0.0072 0.1126 4.7179 3.3350
7.70 0.600 -2.00 0.9917 0.5501 0.0095 0.1410 5.3994 3.7396
7.80 -1.400 -2.50 1.8679 0.0109 0.0059 0.1583 0.0684 4.1471
7.80 -1.400 -2.25 1.4122 0.0237 0.0077 0.2263 0.0879 5.0028
7.80 -1.400 -2.00 1.0855 0.0478 0.0104 0.3095 0.1079 5.8017
7.80 -1.275 -2.50 1.8660 0.0136 0.0059 0.1578 0.0910 4.1426
7.80 -1.275 -2.25 1.4115 0.0296 0.0077 0.2254 0.1169 4.9959
7.80 -1.275 -2.00 1.0844 0.0602 0.0104 0.3082 0.1434 5.7925
7.80 -1.150 -2.50 1.8649 0.0169 0.0059 0.1570 0.1209 4.1348
7.80 -1.150 -2.25 1.4102 0.0371 0.0077 0.2242 0.1551 4.9856
7.80 -1.150 -2.00 1.0850 0.0761 0.0104 0.3060 0.1900 5.7773
7.80 -1.025 -2.50 1.8635 0.0211 0.0059 0.1562 0.1605 4.1270
7.80 -1.025 -2.25 1.4090 0.0467 0.0077 0.2228 0.2057 4.9740
7.80 -1.025 -2.00 1.0820 0.0962 0.0104 0.3035 0.2515 5.7591
7.80 -0.900 -2.50 1.8610 0.0264 0.0059 0.1551 0.2127 4.1153
7.80 -0.900 -2.25 1.4073 0.0590 0.0077 0.2206 0.2720 4.9558
7.80 -0.900 -2.00 1.0817 0.1215 0.0103 0.3003 0.3324 5.7367
7.80 -0.775 -2.50 1.8601 0.0331 0.0058 0.1534 0.2811 4.0990
7.80 -0.775 -2.25 1.4044 0.0746 0.0076 0.2179 0.3591 4.9337
7.80 -0.775 -2.00 1.0800 0.1526 0.0103 0.2959 0.4378 5.7053
7.80 -0.650 -2.50 1.8566 0.0416 0.0059 0.1514 0.3708 4.0790
7.80 -0.650 -2.25 1.4000 0.0942 0.0076 0.2147 0.4728 4.9060
7.80 -0.650 -2.00 1.0819 0.1900 0.0103 0.2902 0.5743 5.6641
7.80 -0.525 -2.50 1.8521 0.0523 0.0059 0.1489 0.4874 4.0531
7.80 -0.525 -2.25 1.3971 0.1182 0.0076 0.2102 0.6195 4.8678
7.80 -0.525 -2.00 1.0732 0.2334 0.0102 0.2831 0.7500 5.6119
7.80 -0.400 -2.50 1.8450 0.0656 0.0059 0.1455 0.6378 4.0189
7.80 -0.400 -2.25 1.3924 0.1471 0.0076 0.2048 0.8081 4.8205
7.80 -0.400 -2.00 1.0726 0.2819 0.0102 0.2742 0.9738 5.5460
7.80 -0.275 -2.50 1.8476 0.0819 0.0058 0.1414 0.8304 3.9760
7.80 -0.275 -2.25 1.3927 0.1807 0.0075 0.1979 1.0473 4.7590
7.80 -0.275 -2.00 1.0659 0.3329 0.0101 0.2632 1.2549 5.4616
7.80 -0.150 -2.50 1.8368 0.1012 0.0058 0.1362 1.0733 3.9204
7.80 -0.150 -2.25 1.3803 0.2181 0.0075 0.1895 1.3468 4.6820
7.80 -0.150 -2.00 1.0574 0.3828 0.0101 0.2502 1.6041 5.3589
7.80 -0.025 -2.50 1.8213 0.1234 0.0058 0.1297 1.3741 3.8490
7.80 -0.025 -2.25 1.3686 0.2574 0.0075 0.1794 1.7158 4.5865
7.80 -0.025 -2.00 1.0460 0.4256 0.0100 0.2348 2.0294 5.2328
7.80 0.100 -2.50 1.8015 0.1477 0.0057 0.1220 1.7410 3.7611
7.80 0.100 -2.25 1.3515 0.2947 0.0074 0.1675 2.1597 4.4681
7.80 0.100 -2.00 1.0328 0.4585 0.0098 0.2174 2.5388 5.0821
7.80 0.225 -2.50 1.7780 0.1727 0.0057 0.1131 2.1785 3.6542
7.80 0.225 -2.25 1.3392 0.3269 0.0073 0.1540 2.6857 4.3284
7.80 0.225 -2.00 1.0215 0.4746 0.0097 0.1982 3.1363 4.9064
7.80 0.350 -2.50 1.7470 0.1962 0.0056 0.1029 2.6846 3.5261
7.80 0.350 -2.25 1.3104 0.3492 0.0072 0.1392 3.2912 4.1651
7.80 0.350 -2.00 0.9980 0.4733 0.0095 0.1774 3.8172 4.7029
7.80 0.475 -2.50 1.7082 0.2151 0.0056 0.0917 3.2501 3.3751
7.80 0.475 -2.25 1.2811 0.3579 0.0071 0.1234 3.9667 3.9775
7.80 0.475 -2.00 0.9754 0.4589 0.0093 0.1561 4.5800 4.4774
7.80 0.600 -2.50 1.6589 0.2267 0.0055 0.0798 3.8565 3.2019
7.80 0.600 -2.25 1.2437 0.3516 0.0069 0.1070 4.6949 3.7671
7.80 0.600 -2.00 0.9417 0.4414 0.0091 0.1345 5.4037 4.2290
7.90 -1.400 -2.75 2.4010 0.0043 0.0046 0.0993 0.0515 3.6470
7.90 -1.400 -2.50 1.7979 0.0105 0.0057 0.1504 0.0683 4.6890
7.90 -1.400 -2.25 1.3651 0.0220 0.0074 0.2129 0.0868 5.6380
7.90 -1.275 -2.75 2.4146 0.0054 0.0046 0.0990 0.0685 3.6421
7.90 -1.275 -2.50 1.7981 0.0129 0.0057 0.1499 0.0908 4.6829
7.90 -1.275 -2.25 1.3611 0.0272 0.0074 0.2119 0.1152 5.6278
7.90 -1.150 -2.75 2.4031 0.0068 0.0046 0.0985 0.0909 3.6360
7.90 -1.150 -2.50 1.7951 0.0159 0.0057 0.1493 0.1206 4.6758
7.90 -1.150 -2.25 1.3602 0.0338 0.0074 0.2109 0.1531 5.6181
7.90 -1.025 -2.75 2.4092 0.0085 0.0046 0.0980 0.1207 3.6283
7.90 -1.025 -2.50 1.7946 0.0196 0.0057 0.1483 0.1599 4.6638
7.90 -1.025 -2.25 1.3581 0.0422 0.0074 0.2093 0.2028 5.6012
7.90 -0.900 -2.75 2.4057 0.0105 0.0046 0.0973 0.1600 3.6183
7.90 -0.900 -2.50 1.8006 0.0243 0.0057 0.1471 0.2118 4.6499
7.90 -0.900 -2.25 1.3561 0.0528 0.0074 0.2073 0.2683 5.5813
7.90 -0.775 -2.75 2.3902 0.0130 0.0046 0.0963 0.2116 3.6047
7.90 -0.775 -2.50 1.7973 0.0302 0.0057 0.1455 0.2799 4.6307
7.90 -0.775 -2.25 1.3540 0.0663 0.0074 0.2047 0.3539 5.5545
7.90 -0.650 -2.75 2.3976 0.0160 0.0046 0.0951 0.2793 3.5877
7.90 -0.650 -2.50 1.7924 0.0377 0.0057 0.1435 0.3689 4.6062
7.90 -0.650 -2.25 1.3539 0.0830 0.0074 0.2015 0.4657 5.5214
7.90 -0.525 -2.75 2.3850 0.0197 0.0046 0.0935 0.3672 3.5645
7.90 -0.525 -2.50 1.7833 0.0469 0.0057 0.1409 0.4843 4.5737
7.90 -0.525 -2.25 1.3475 0.1032 0.0074 0.1972 0.6098 5.4757
7.90 -0.400 -2.75 2.3779 0.0243 0.0046 0.0915 0.4808 3.5348
7.90 -0.400 -2.50 1.7734 0.0584 0.0057 0.1375 0.6328 4.5316
7.90 -0.400 -2.25 1.3398 0.1272 0.0073 0.1919 0.7948 5.4193
7.90 -0.275 -2.75 2.3681 0.0299 0.0045 0.0887 0.6249 3.4938
7.90 -0.275 -2.50 1.7713 0.0722 0.0057 0.1332 0.8217 4.4773
7.90 -0.275 -2.25 1.3320 0.1546 0.0073 0.1852 1.0290 5.3469
7.90 -0.150 -2.75 2.3506 0.0365 0.0045 0.0854 0.8077 3.4444
7.90 -0.150 -2.50 1.7599 0.0883 0.0056 0.1279 1.0593 4.4093
7.90 -0.150 -2.25 1.3211 0.1840 0.0073 0.1770 1.3208 5.2547
7.90 -0.025 -2.75 2.3289 0.0443 0.0045 0.0813 1.0332 3.3795
7.90 -0.025 -2.50 1.7395 0.1064 0.0056 0.1214 1.3519 4.3220
7.90 -0.025 -2.25 1.3097 0.2138 0.0072 0.1672 1.6795 5.1419
7.90 0.100 -2.75 2.3025 0.0530 0.0045 0.0762 1.3064 3.2983
7.90 0.100 -2.50 1.7146 0.1258 0.0056 0.1137 1.7065 4.2156
7.90 0.100 -2.25 1.2925 0.2411 0.0071 0.1558 2.1116 5.0054
7.90 0.225 -2.75 2.2619 0.0623 0.0045 0.0703 1.6287 3.1986
7.90 0.225 -2.50 1.6881 0.1449 0.0055 0.1047 2.1243 4.0861
7.90 0.225 -2.25 1.2707 0.2624 0.0070 0.1427 2.6170 4.8406
7.90 0.350 -2.75 2.2134 0.0715 0.0044 0.0635 1.9952 3.0768
7.90 0.350 -2.50 1.6532 0.1615 0.0055 0.0946 2.6008 3.9308
7.90 0.350 -2.25 1.2420 0.2750 0.0069 0.1285 3.1956 4.6497
7.90 0.475 -2.75 2.1605 0.0797 0.0044 0.0560 2.3925 2.9313
7.90 0.475 -2.50 1.6108 0.1738 0.0054 0.0836 3.1259 3.7508
7.90 0.475 -2.25 1.2078 0.2761 0.0068 0.1132 3.8325 4.4302
7.90 0.600 -2.75 2.0846 0.0858 0.0043 0.0480 2.7983 2.7616
7.90 0.600 -2.50 1.5475 0.1790 0.0053 0.0720 3.6728 3.5420
7.90 0.600 -2.25 1.1616 0.2660 0.0066 0.0975 4.5066 4.1840
8.00 -1.400 -2.75 2.2881 0.0042 0.0045 0.0906 0.0499 4.0497
8.00 -1.400 -2.50 1.7239 0.0098 0.0055 0.1358 0.0653 5.1891
8.00 -1.400 -2.25 1.3071 0.0196 0.0072 0.1905 0.0822 6.2180
8.00 -1.275 -2.75 2.2874 0.0053 0.0045 0.0903 0.0664 4.0442
8.00 -1.275 -2.50 1.7226 0.0119 0.0055 0.1353 0.0868 5.1819
8.00 -1.275 -2.25 1.3052 0.0239 0.0072 0.1897 0.1092 6.2087
8.00 -1.150 -2.75 2.2944 0.0065 0.0045 0.0899 0.0882 4.0370
8.00 -1.150 -2.50 1.7210 0.0144 0.0055 0.1347 0.1153 5.1727
8.00 -1.150 -2.25 1.3042 0.0293 0.0072 0.1887 0.1449 6.1962
8.00 -1.025 -2.75 2.2931 0.0080 0.0044 0.0893 0.1169 4.0274
8.00 -1.025 -2.50 1.7143 0.0175 0.0055 0.1338 0.1529 5.1598
8.00 -1.025 -2.25 1.3020 0.0362 0.0072 0.1874 0.1921 6.1793
8.00 -0.900 -2.75 2.2891 0.0098 0.0044 0.0886 0.1549 4.0145
8.00 -0.900 -2.50 1.7150 0.0214 0.0055 0.1327 0.2023 5.1425
8.00 -0.900 -2.25 1.2995 0.0448 0.0071 0.1855 0.2540 6.1556
8.00 -0.775 -2.75 2.2781 0.0119 0.0044 0.0877 0.2047 3.9985
8.00 -0.775 -2.50 1.7119 0.0263 0.0055 0.1311 0.2671 5.1195
8.00 -0.775 -2.25 1.2973 0.0557 0.0071 0.1833 0.3352 6.1267
8.00 -0.650 -2.75 2.2690 0.0145 0.0044 0.0864 0.2696 3.9759
8.00 -0.650 -2.50 1.7060 0.0324 0.0055 0.1292 0.3519 5.0914
8.00 -0.650 -2.25 1.2935 0.0690 0.0071 0.1805 0.4412 6.0909
8.00 -0.525 -2.75 2.2699 0.0176 0.0044 0.0848 0.3540 3.9479
8.00 -0.525 -2.50 1.7004 0.0399 0.0055 0.1267 0.4615 5.0529
8.00 -0.525 -2.25 1.2874 0.0849 0.0071 0.1765 0.5774 6.0385
8.00 -0.400 -2.75 2.2537 0.0214 0.0044 0.0826 0.4621 3.9092
8.00 -0.400 -2.50 1.6930 0.0491 0.0055 0.1235 0.6024 5.0043
8.00 -0.400 -2.25 1.2759 0.1036 0.0071 0.1717 0.7525 5.9756
8.00 -0.275 -2.75 2.2388 0.0259 0.0044 0.0800 0.5996 3.8601
8.00 -0.275 -2.50 1.6813 0.0601 0.0055 0.1195 0.7812 4.9410
8.00 -0.275 -2.25 1.2669 0.1241 0.0070 0.1656 0.9731 5.8923
8.00 -0.150 -2.75 2.2224 0.0313 0.0044 0.0767 0.7717 3.7979
8.00 -0.150 -2.50 1.6660 0.0728 0.0054 0.1145 1.0048 4.8608
8.00 -0.150 -2.25 1.2566 0.1459 0.0070 0.1582 1.2492 5.7905
8.00 -0.025 -2.75 2.1972 0.0375 0.0044 0.0726 0.9833 3.7191
8.00 -0.025 -2.50 1.6475 0.0867 0.0054 0.1083 1.2793 4.7595
8.00 -0.025 -2.25 1.2406 0.1670 0.0069 0.1493 1.5869 5.6630
8.00 0.100 -2.75 2.1588 0.0442 0.0043 0.0677 1.2364 3.6202
8.00 0.100 -2.50 1.6246 0.1010 0.0054 0.1010 1.6092 4.6342
8.00 0.100 -2.25 1.2219 0.1852 0.0068 0.1389 1.9916 5.5081
8.00 0.225 -2.75 2.1241 0.0512 0.0043 0.0619 1.5292 3.4975
8.00 0.225 -2.50 1.5877 0.1146 0.0053 0.0927 1.9946 4.4827
8.00 0.225 -2.25 1.1963 0.1983 0.0067 0.1270 2.4644 5.3231
8.00 0.350 -2.75 2.0732 0.0578 0.0043 0.0553 1.8547 3.3496
8.00 0.350 -2.50 1.5480 0.1257 0.0052 0.0832 2.4273 4.3006
8.00 0.350 -2.25 1.1644 0.2043 0.0066 0.1139 2.9994 5.1055
8.00 0.475 -2.75 1.9966 0.0631 0.0042 0.0481 2.1958 3.1740
8.00 0.475 -2.50 1.4968 0.1325 0.0052 0.0729 2.8941 4.0887
8.00 0.475 -2.25 1.1254 0.2014 0.0065 0.0999 3.5809 4.8543
8.00 0.600 -2.75 1.9335 0.0663 0.0042 0.0404 2.5251 2.9703
8.00 0.600 -2.50 1.4407 0.1336 0.0051 0.0621 3.3662 3.8459
8.00 0.600 -2.25 1.0875 0.1954 0.0063 0.0855 4.1871 4.5737
8.10 -1.400 -3.00 2.8851 0.0013 0.0036 0.0462 0.0338 3.0273
8.10 -1.400 -2.75 2.1563 0.0041 0.0043 0.0768 0.0456 4.3568
8.10 -1.400 -2.50 1.6212 0.0089 0.0053 0.1144 0.0590 5.5757
8.10 -1.400 -2.25 1.2282 0.0167 0.0069 0.1599 0.0738 6.6745
8.10 -1.275 -3.00 2.8832 0.0017 0.0036 0.0460 0.0450 3.0221
8.10 -1.275 -2.75 2.1440 0.0050 0.0043 0.0765 0.0606 4.3504
8.10 -1.275 -2.50 1.6122 0.0105 0.0053 0.1139 0.0783 5.5662
8.10 -1.275 -2.25 1.2271 0.0200 0.0069 0.1593 0.0980 6.6646
8.10 -1.150 -3.00 2.8806 0.0022 0.0036 0.0457 0.0597 3.0150
8.10 -1.150 -2.75 2.1418 0.0061 0.0043 0.0762 0.0805 4.3433
8.10 -1.150 -2.50 1.6123 0.0125 0.0053 0.1133 0.1040 5.5556
8.10 -1.150 -2.25 1.2254 0.0242 0.0069 0.1584 0.1301 6.6514
8.10 -1.025 -3.00 2.8780 0.0028 0.0036 0.0454 0.0791 3.0065
8.10 -1.025 -2.75 2.1392 0.0073 0.0043 0.0756 0.1067 4.3307
8.10 -1.025 -2.50 1.6099 0.0149 0.0053 0.1126 0.1379 5.5419
8.10 -1.025 -2.25 1.2238 0.0293 0.0069 0.1573 0.1725 6.6332
8.10 -0.900 -3.00 2.8713 0.0035 0.0036 0.0449 0.1046 2.9952
8.10 -0.900 -2.75 2.1335 0.0087 0.0043 0.0749 0.1411 4.3150
8.10 -0.900 -2.50 1.6066 0.0179 0.0053 0.1117 0.1826 5.5243
8.10 -0.900 -2.25 1.2204 0.0358 0.0068 0.1559 0.2281 6.6096
8.10 -0.775 -3.00 2.8651 0.0044 0.0036 0.0443 0.1380 2.9801
8.10 -0.775 -2.75 2.1276 0.0104 0.0043 0.0741 0.1865 4.2969
8.10 -0.775 -2.50 1.6014 0.0216 0.0053 0.1104 0.2411 5.4990
8.10 -0.775 -2.25 1.2168 0.0438 0.0068 0.1540 0.3011 6.5790
8.10 -0.650 -3.00 2.8579 0.0054 0.0036 0.0436 0.1814 2.9609
8.10 -0.650 -2.75 2.1218 0.0125 0.0043 0.0729 0.2453 4.2700
8.10 -0.650 -2.50 1.5970 0.0262 0.0053 0.1087 0.3173 5.4662
8.10 -0.650 -2.25 1.2146 0.0535 0.0068 0.1515 0.3961 6.5382
8.10 -0.525 -3.00 2.8465 0.0065 0.0036 0.0426 0.2373 2.9343
8.10 -0.525 -2.75 2.1133 0.0149 0.0043 0.0714 0.3215 4.2361
8.10 -0.525 -2.50 1.5891 0.0319 0.0053 0.1065 0.4161 5.4253
8.10 -0.525 -2.25 1.2067 0.0649 0.0068 0.1483 0.5187 6.4841
8.10 -0.400 -3.00 2.8305 0.0078 0.0036 0.0413 0.3087 2.9004
8.10 -0.400 -2.75 2.1024 0.0178 0.0043 0.0695 0.4190 4.1920
8.10 -0.400 -2.50 1.5815 0.0388 0.0053 0.1038 0.5429 5.3717
8.10 -0.400 -2.25 1.2026 0.0781 0.0068 0.1443 0.6760 6.4166
8.10 -0.275 -3.00 2.7984 0.0093 0.0036 0.0397 0.3983 2.8565
8.10 -0.275 -2.75 2.0870 0.0212 0.0043 0.0671 0.5424 4.1356
8.10 -0.275 -2.50 1.5681 0.0468 0.0053 0.1003 0.7029 5.3002
8.10 -0.275 -2.25 1.1916 0.0924 0.0067 0.1393 0.8750 6.3296
8.10 -0.150 -3.00 2.7736 0.0109 0.0035 0.0378 0.5088 2.8002
8.10 -0.150 -2.75 2.0670 0.0252 0.0042 0.0640 0.6955 4.0626
8.10 -0.150 -2.50 1.5540 0.0558 0.0052 0.0959 0.9026 5.2097
8.10 -0.150 -2.25 1.1787 0.1070 0.0067 0.1331 1.1231 6.2200
8.10 -0.025 -3.00 2.7382 0.0127 0.0035 0.0353 0.6419 2.7294
8.10 -0.025 -2.75 2.0408 0.0298 0.0042 0.0603 0.8821 3.9708
8.10 -0.025 -2.50 1.5323 0.0657 0.0052 0.0906 1.1476 5.0987
8.10 -0.025 -2.25 1.1615 0.1207 0.0066 0.1256 1.4267 6.0832
8.10 0.100 -3.00 2.6894 0.0145 0.0035 0.0324 0.7951 2.6383
8.10 0.100 -2.75 1.9954 0.0346 0.0042 0.0559 1.1018 3.8549
8.10 0.100 -2.50 1.5060 0.0755 0.0051 0.0843 1.4388 4.9587
8.10 0.100 -2.25 1.1407 0.1318 0.0065 0.1168 1.7900 5.9161
8.10 0.225 -3.00 2.6533 0.0162 0.0035 0.0289 0.9651 2.5270
8.10 0.225 -2.75 1.9612 0.0394 0.0042 0.0507 1.3524 3.7137
8.10 0.225 -2.50 1.4760 0.0842 0.0051 0.0769 1.7748 4.7879
8.10 0.225 -2.25 1.1187 0.1391 0.0064 0.1067 2.2115 5.7141
8.10 0.350 -3.00 2.5929 0.0178 0.0035 0.0251 1.1405 2.3923
8.10 0.350 -2.75 1.9181 0.0436 0.0041 0.0448 1.6225 3.5428
8.10 0.350 -2.50 1.4393 0.0908 0.0050 0.0686 2.1478 4.5846
8.10 0.350 -2.25 1.0892 0.1410 0.0063 0.0955 2.6851 5.4768
8.10 0.475 -3.00 2.5281 0.0189 0.0034 0.0210 1.3022 2.2314
8.10 0.475 -2.75 1.8695 0.0467 0.0041 0.0384 1.8933 3.3396
8.10 0.475 -2.50 1.3992 0.0939 0.0049 0.0596 2.5385 4.3461
8.10 0.475 -2.25 1.0561 0.1388 0.0062 0.0833 3.1901 5.1995
8.10 0.600 -3.00 2.4451 0.0192 0.0034 0.0167 1.4273 2.0450
8.10 0.600 -2.75 1.7986 0.0479 0.0040 0.0317 2.1378 3.1055
8.10 0.600 -2.50 1.3391 0.0926 0.0048 0.0502 2.9156 4.0710
8.10 0.600 -2.25 1.0119 0.1351 0.0060 0.0707 3.7017 4.8873
8.20 -1.400 -3.00 2.6641 0.0012 0.0034 0.0362 0.0293 3.1422
8.20 -1.400 -2.75 1.9873 0.0037 0.0040 0.0599 0.0391 4.5217
8.20 -1.400 -2.50 1.5069 0.0077 0.0050 0.0893 0.0502 5.7923
8.20 -1.400 -2.25 1.1494 0.0136 0.0064 0.1250 0.0627 6.9404
8.20 -1.275 -3.00 2.6617 0.0016 0.0034 0.0360 0.0389 3.1363
8.20 -1.275 -2.75 1.9849 0.0045 0.0040 0.0597 0.0519 4.5147
8.20 -1.275 -2.50 1.5050 0.0089 0.0050 0.0890 0.0667 5.7835
8.20 -1.275 -2.25 1.1469 0.0158 0.0064 0.1245 0.0832 6.9296
8.20 -1.150 -3.00 2.6583 0.0020 0.0034 0.0358 0.0516 3.1288
8.20 -1.150 -2.75 1.9819 0.0054 0.0040 0.0594 0.0689 4.5056
8.20 -1.150 -2.50 1.5029 0.0103 0.0050 0.0885 0.0885 5.7729
8.20 -1.150 -2.25 1.1460 0.0186 0.0064 0.1239 0.1105 6.9160
8.20 -1.025 -3.00 2.6517 0.0025 0.0034 0.0355 0.0684 3.1190
8.20 -1.025 -2.75 1.9782 0.0064 0.0040 0.0589 0.0913 4.4929
8.20 -1.025 -2.50 1.5001 0.0120 0.0050 0.0879 0.1173 5.7575
8.20 -1.025 -2.25 1.1441 0.0220 0.0064 0.1230 0.1464 6.8980
8.20 -0.900 -3.00 2.6650 0.0032 0.0034 0.0351 0.0903 3.1057
8.20 -0.900 -2.75 1.9744 0.0074 0.0040 0.0584 0.1207 4.4766
8.20 -0.900 -2.50 1.4958 0.0141 0.0050 0.0871 0.1552 5.7377
8.20 -0.900 -2.25 1.1416 0.0262 0.0064 0.1220 0.1938 6.8749
8.20 -0.775 -3.00 2.6598 0.0039 0.0034 0.0346 0.1189 3.0880
8.20 -0.775 -2.75 1.9805 0.0087 0.0040 0.0576 0.1592 4.4544
8.20 -0.775 -2.50 1.4934 0.0166 0.0050 0.0861 0.2048 5.7119
8.20 -0.775 -2.25 1.1434 0.0314 0.0063 0.1205 0.2557 6.8431
8.20 -0.650 -3.00 2.6470 0.0048 0.0034 0.0339 0.1560 3.0647
8.20 -0.650 -2.75 1.9712 0.0101 0.0040 0.0567 0.2093 4.4262
8.20 -0.650 -2.50 1.4865 0.0196 0.0050 0.0847 0.2694 5.6770
8.20 -0.650 -2.25 1.1393 0.0375 0.0063 0.1186 0.3364 6.8017
8.20 -0.525 -3.00 2.6357 0.0057 0.0034 0.0331 0.2035 3.0338
8.20 -0.525 -2.75 1.9631 0.0118 0.0040 0.0554 0.2736 4.3877
8.20 -0.525 -2.50 1.4897 0.0233 0.0049 0.0831 0.3531 5.6344
8.20 -0.525 -2.25 1.1318 0.0447 0.0063 0.1162 0.4408 6.7489
8.20 -0.400 -3.00 2.6219 0.0067 0.0033 0.0319 0.2634 2.9934
8.20 -0.400 -2.75 1.9488 0.0138 0.0040 0.0538 0.3559 4.3396
8.20 -0.400 -2.50 1.4742 0.0277 0.0049 0.0808 0.4599 5.5753
8.20 -0.400 -2.25 1.1291 0.0528 0.0063 0.1131 0.5745 6.6798
8.20 -0.275 -3.00 2.6167 0.0077 0.0033 0.0306 0.3385 2.9432
8.20 -0.275 -2.75 1.9421 0.0161 0.0040 0.0518 0.4594 4.2774
8.20 -0.275 -2.50 1.4692 0.0328 0.0049 0.0780 0.5951 5.5014
8.20 -0.275 -2.25 1.1201 0.0614 0.0062 0.1092 0.7437 6.5914
8.20 -0.150 -3.00 2.5861 0.0089 0.0033 0.0288 0.4297 2.8780
8.20 -0.150 -2.75 1.9310 0.0187 0.0040 0.0492 0.5866 4.1957
8.20 -0.150 -2.50 1.4556 0.0384 0.0049 0.0744 0.7625 5.4050
8.20 -0.150 -2.25 1.1066 0.0700 0.0062 0.1044 0.9545 6.4796
8.20 -0.025 -3.00 2.5676 0.0101 0.0033 0.0267 0.5367 2.7944
8.20 -0.025 -2.75 1.9051 0.0215 0.0039 0.0461 0.7393 4.0921
8.20 -0.025 -2.50 1.4390 0.0444 0.0048 0.0702 0.9665 5.2852
8.20 -0.025 -2.25 1.0916 0.0778 0.0061 0.0985 1.2117 6.3379
8.20 0.100 -3.00 2.5377 0.0112 0.0033 0.0242 0.6573 2.6902
8.20 0.100 -2.75 1.8732 0.0245 0.0039 0.0424 0.9168 3.9637
8.20 0.100 -2.50 1.4085 0.0502 0.0048 0.0650 1.2072 5.1353
8.20 0.100 -2.25 1.0734 0.0838 0.0060 0.0915 1.5178 6.1636
8.20 0.225 -3.00 2.4916 0.0123 0.0033 0.0213 0.7854 2.5616
8.20 0.225 -2.75 1.8380 0.0273 0.0039 0.0381 1.1138 3.8060
8.20 0.225 -2.50 1.3787 0.0551 0.0047 0.0590 1.4800 4.9505
8.20 0.225 -2.25 1.0544 0.0872 0.0059 0.0834 1.8713 5.9530
8.20 0.350 -3.00 2.4316 0.0132 0.0032 0.0181 0.9090 2.4063
8.20 0.350 -2.75 1.7871 0.0296 0.0038 0.0332 1.3173 3.6137
8.20 0.350 -2.50 1.3436 0.0583 0.0047 0.0522 1.7749 4.7283
8.20 0.350 -2.25 1.0182 0.0875 0.0058 0.0742 2.2607 5.6990
8.20 0.475 -3.00 2.3618 0.0137 0.0032 0.0147 1.0111 2.2219
8.20 0.475 -2.75 1.7213 0.0309 0.0038 0.0279 1.5084 3.3856
8.20 0.475 -2.50 1.2904 0.0592 0.0046 0.0448 2.0730 4.4677
8.20 0.475 -2.25 0.9797 0.0865 0.0057 0.0644 2.6681 5.4033
8.20 0.600 -3.00 2.2821 0.0136 0.0031 0.0113 1.0705 2.0103
8.20 0.600 -2.75 1.6521 0.0309 0.0037 0.0225 1.6601 3.1217
8.20 0.600 -2.50 1.2339 0.0572 0.0044 0.0371 2.3417 4.1645
8.20 0.600 -2.25 0.9356 0.0841 0.0055 0.0541 3.0615 5.0640
8.30 -1.400 -3.00 2.4844 0.0010 0.0030 0.0246 0.0225 3.0632
8.30 -1.400 -2.75 1.8497 0.0033 0.0036 0.0410 0.0300 4.4354
8.30 -1.400 -2.50 1.4056 0.0065 0.0044 0.0616 0.0386 5.7106
8.30 -1.275 -3.00 2.4823 0.0014 0.0030 0.0244 0.0299 3.0568
8.30 -1.275 -2.75 1.8434 0.0039 0.0036 0.0408 0.0399 4.4281
8.30 -1.275 -2.50 1.4035 0.0073 0.0044 0.0614 0.0513 5.7013
8.30 -1.150 -3.00 2.4786 0.0017 0.0030 0.0243 0.0397 3.0484
8.30 -1.150 -2.75 1.8418 0.0046 0.0036 0.0405 0.0529 4.4180
8.30 -1.150 -2.50 1.4015 0.0082 0.0044 0.0610 0.0680 5.6902
8.30 -1.025 -3.00 2.4755 0.0022 0.0030 0.0240 0.0525 3.0373
8.30 -1.025 -2.75 1.8405 0.0053 0.0036 0.0402 0.0701 4.4052
8.30 -1.025 -2.50 1.3981 0.0093 0.0044 0.0606 0.0901 5.6747
8.30 -0.900 -3.00 2.4728 0.0027 0.0030 0.0237 0.0692 3.0223
8.30 -0.900 -2.75 1.8339 0.0061 0.0036 0.0398 0.0925 4.3877
8.30 -0.900 -2.50 1.3938 0.0105 0.0044 0.0600 0.1192 5.6553
8.30 -0.775 -3.00 2.4617 0.0033 0.0030 0.0233 0.0909 3.0033
8.30 -0.775 -2.75 1.8274 0.0069 0.0036 0.0392 0.1219 4.3650
8.30 -0.775 -2.50 1.3883 0.0119 0.0044 0.0593 0.1572 5.6305
8.30 -0.650 -3.00 2.4666 0.0040 0.0030 0.0228 0.1189 2.9776
8.30 -0.650 -2.75 1.8349 0.0079 0.0036 0.0385 0.1599 4.3347
8.30 -0.650 -2.50 1.3880 0.0136 0.0044 0.0583 0.2067 5.5964
8.30 -0.525 -3.00 2.4584 0.0047 0.0030 0.0221 0.1546 2.9441
8.30 -0.525 -2.75 1.8177 0.0089 0.0036 0.0376 0.2087 4.2956
8.30 -0.525 -2.50 1.3781 0.0156 0.0044 0.0571 0.2703 5.5516
8.30 -0.400 -3.00 2.4403 0.0054 0.0030 0.0213 0.1993 2.9012
8.30 -0.400 -2.75 1.8026 0.0100 0.0036 0.0364 0.2704 4.2432
8.30 -0.400 -2.50 1.3694 0.0179 0.0044 0.0554 0.3515 5.4926
8.30 -0.275 -3.00 2.4132 0.0061 0.0030 0.0202 0.2538 2.8429
8.30 -0.275 -2.75 1.7975 0.0113 0.0035 0.0348 0.3473 4.1763
8.30 -0.275 -2.50 1.3602 0.0205 0.0043 0.0534 0.4534 5.4160
8.30 -0.150 -3.00 2.4027 0.0068 0.0030 0.0189 0.3191 2.7704
8.30 -0.150 -2.75 1.7706 0.0127 0.0035 0.0330 0.4410 4.0905
8.30 -0.150 -2.50 1.3417 0.0234 0.0043 0.0508 0.5794 5.3198
8.30 -0.025 -3.00 2.3650 0.0076 0.0030 0.0173 0.3944 2.6802
8.30 -0.025 -2.75 1.7420 0.0142 0.0035 0.0306 0.5514 3.9799
8.30 -0.025 -2.50 1.3215 0.0263 0.0043 0.0477 0.7305 5.1957
8.30 0.100 -3.00 2.3284 0.0083 0.0029 0.0154 0.4760 2.5655
8.30 0.100 -2.75 1.7200 0.0156 0.0035 0.0279 0.6763 3.8425
8.30 0.100 -2.50 1.2926 0.0290 0.0042 0.0439 0.9064 5.0416
8.30 0.225 -3.00 2.2857 0.0088 0.0029 0.0133 0.5568 2.4249
8.30 0.225 -2.75 1.6732 0.0169 0.0034 0.0246 0.8093 3.6722
8.30 0.225 -2.50 1.2656 0.0311 0.0042 0.0395 1.1011 4.8492
8.30 0.350 -3.00 2.2360 0.0093 0.0029 0.0110 0.6272 2.2554
8.30 0.350 -2.75 1.6259 0.0179 0.0034 0.0211 0.9389 3.4655
8.30 0.350 -2.50 1.2198 0.0323 0.0041 0.0345 1.3040 4.6172
8.30 0.475 -3.00 2.1877 0.0094 0.0028 0.0086 0.6740 2.0577
8.30 0.475 -2.75 1.5746 0.0183 0.0033 0.0173 1.0470 3.2192
8.30 0.475 -2.50 1.1721 0.0322 0.0040 0.0291 1.4949 4.3393
8.30 0.600 -3.00 2.1368 0.0093 0.0028 0.0063 0.6831 1.8321
8.30 0.600 -2.75 1.5052 0.0179 0.0032 0.0135 1.1127 2.9333
8.30 0.600 -2.50 1.1191 0.0306 0.0039 0.0235 1.6471 4.0151
8.40 -1.400 -3.00 2.3196 0.0000 0.0027 0.0156 0.0165 2.9034
8.40 -1.400 -2.75 1.7165 0.0029 0.0032 0.0263 0.0220 4.2378
8.40 -1.400 -2.50 1.3006 0.0058 0.0039 0.0401 0.0283 5.4941
8.40 -1.275 -3.00 2.3189 0.0012 0.0027 0.0155 0.0218 2.8966
8.40 -1.275 -2.75 1.7156 0.0035 0.0032 0.0262 0.0292 4.2318
8.40 -1.275 -2.50 1.2975 0.0064 0.0039 0.0399 0.0376 5.4839
8.40 -1.150 -3.00 2.3151 0.0015 0.0027 0.0154 0.0289 2.8872
8.40 -1.150 -2.75 1.7095 0.0041 0.0032 0.0260 0.0387 4.2213
8.40 -1.150 -2.50 1.2950 0.0071 0.0039 0.0397 0.0499 5.4727
8.40 -1.025 -3.00 2.3113 0.0019 0.0027 0.0152 0.0381 2.8751
8.40 -1.025 -2.75 1.7055 0.0047 0.0032 0.0258 0.0512 4.2072
8.40 -1.025 -2.50 1.2924 0.0078 0.0039 0.0394 0.0661 5.4593
8.40 -0.900 -3.00 2.3249 0.0024 0.0027 0.0150 0.0502 2.8596
8.40 -0.900 -2.75 1.7026 0.0053 0.0032 0.0255 0.0675 4.1892
8.40 -0.900 -2.50 1.2956 0.0085 0.0039 0.0390 0.0872 5.4391
8.40 -0.775 -3.00 2.3006 0.0029 0.0027 0.0147 0.0657 2.8385
8.40 -0.775 -2.75 1.6973 0.0059 0.0032 0.0251 0.0887 4.1648
8.40 -0.775 -2.50 1.2909 0.0094 0.0039 0.0384 0.1149 5.4117
8.40 -0.650 -3.00 2.3097 0.0035 0.0027 0.0143 0.0857 2.8106
8.40 -0.650 -2.75 1.6866 0.0066 0.0032 0.0245 0.1161 4.1336
8.40 -0.650 -2.50 1.2842 0.0103 0.0039 0.0377 0.1506 5.3764
8.40 -0.525 -3.00 2.2960 0.0041 0.0027 0.0138 0.1108 2.7743
8.40 -0.525 -2.75 1.6743 0.0072 0.0032 0.0239 0.1509 4.0916
8.40 -0.525 -2.50 1.2751 0.0114 0.0039 0.0368 0.1967 5.3313
8.40 -0.400 -3.00 2.2811 0.0046 0.0027 0.0132 0.1420 2.7284
8.40 -0.400 -2.75 1.6722 0.0079 0.0031 0.0230 0.1945 4.0353
8.40 -0.400 -2.50 1.2657 0.0126 0.0038 0.0357 0.2550 5.2721
8.40 -0.275 -3.00 2.2569 0.0052 0.0026 0.0124 0.1796 2.6675
8.40 -0.275 -2.75 1.6509 0.0087 0.0031 0.0219 0.2482 3.9643
8.40 -0.275 -2.50 1.2546 0.0138 0.0038 0.0342 0.3277 5.1960
8.40 -0.150 -3.00 2.2474 0.0057 0.0026 0.0115 0.2233 2.5904
8.40 -0.150 -2.75 1.6388 0.0095 0.0031 0.0205 0.3125 3.8744
8.40 -0.150 -2.50 1.2330 0.0152 0.0038 0.0324 0.4161 5.0949
8.40 -0.025 -3.00 2.2213 0.0062 0.0026 0.0104 0.2715 2.4919
8.40 -0.025 -2.75 1.6065 0.0102 0.0031 0.0189 0.3862 3.7569
8.40 -0.025 -2.50 1.2135 0.0165 0.0038 0.0302 0.5204 4.9674
8.40 0.100 -3.00 2.2019 0.0067 0.0026 0.0091 0.3212 2.3698
8.40 0.100 -2.75 1.5759 0.0109 0.0031 0.0169 0.4667 3.6107
8.40 0.100 -2.50 1.1886 0.0176 0.0037 0.0275 0.6390 4.8077
8.40 0.225 -3.00 2.1613 0.0070 0.0026 0.0076 0.3669 2.2209
8.40 0.225 -2.75 1.5386 0.0115 0.0030 0.0147 0.5476 3.4311
8.40 0.225 -2.50 1.1532 0.0184 0.0037 0.0244 0.7652 4.6079
8.40 0.350 -3.00 2.1353 0.0073 0.0025 0.0061 0.4002 2.0428
8.40 0.350 -2.75 1.4990 0.0118 0.0030 0.0122 0.6190 3.2124
8.40 0.350 -2.50 1.1161 0.0186 0.0036 0.0209 0.8887 4.3643
8.40 0.475 -3.00 2.1120 0.0074 0.0025 0.0046 0.4129 1.8365
8.40 0.475 -2.75 1.4660 0.0118 0.0029 0.0097 0.6673 2.9505
8.40 0.475 -2.50 1.0712 0.0181 0.0035 0.0172 0.9925 4.0704
8.40 0.600 -3.00 2.1077 0.0073 0.0024 0.0032 0.3981 1.6052
8.40 0.600 -2.75 1.4340 0.0114 0.0028 0.0072 0.6791 2.6478
8.40 0.600 -2.50 1.0291 0.0169 0.0034 0.0134 1.0560 3.7237
8.50 -1.400 -3.25 3.2644 0.0000 0.0016 0.0038 0.0071 1.3359
8.50 -1.400 -3.00 2.1787 0.0000 0.0019 0.0080 0.0105 2.4594
8.50 -1.400 -2.75 1.5402 0.0023 0.0022 0.0141 0.0143 3.7028
8.50 -1.275 -3.25 3.2637 0.0000 0.0016 0.0038 0.0093 1.3313
8.50 -1.275 -3.00 2.1768 0.0000 0.0019 0.0080 0.0139 2.4526
8.50 -1.275 -2.75 1.5493 0.0028 0.0022 0.0140 0.0189 3.6949
8.50 -1.150 -3.25 3.2644 0.0000 0.0016 0.0037 0.0123 1.3246
8.50 -1.150 -3.00 2.1773 0.0011 0.0019 0.0079 0.0184 2.4432
8.50 -1.150 -2.75 1.5463 0.0034 0.0022 0.0139 0.0251 3.6845
8.50 -1.025 -3.25 3.2585 0.0000 0.0016 0.0037 0.0162 1.3163
8.50 -1.025 -3.00 2.1695 0.0015 0.0019 0.0078 0.0242 2.4314
8.50 -1.025 -2.75 1.5446 0.0039 0.0022 0.0137 0.0331 3.6712
8.50 -0.900 -3.25 3.2583 0.0000 0.0016 0.0036 0.0212 1.3050
8.50 -0.900 -3.00 2.1662 0.0018 0.0019 0.0077 0.0318 2.4156
8.50 -0.900 -2.75 1.5415 0.0044 0.0022 0.0135 0.0436 3.6527
8.50 -0.775 -3.25 3.2550 0.0000 0.0016 0.0035 0.0275 1.2909
8.50 -0.775 -3.00 2.1601 0.0023 0.0019 0.0075 0.0415 2.3949
8.50 -0.775 -2.75 1.5396 0.0050 0.0022 0.0133 0.0570 3.6286
8.50 -0.650 -3.25 3.2804 0.0000 0.0016 0.0033 0.0354 1.2714
8.50 -0.650 -3.00 2.1756 0.0027 0.0019 0.0073 0.0538 2.3676
8.50 -0.650 -2.75 1.5320 0.0055 0.0022 0.0130 0.0743 3.5965
8.50 -0.525 -3.25 3.2760 0.0000 0.0016 0.0032 0.0452 1.2471
8.50 -0.525 -3.00 2.1578 0.0032 0.0019 0.0070 0.0691 2.3328
8.50 -0.525 -2.75 1.5222 0.0060 0.0022 0.0125 0.0961 3.5555
8.50 -0.400 -3.25 3.2720 0.0012 0.0016 0.0030 0.0569 1.2160
8.50 -0.400 -3.00 2.1498 0.0038 0.0019 0.0066 0.0877 2.2864
8.50 -0.400 -2.75 1.5131 0.0064 0.0022 0.0120 0.1230 3.5003
8.50 -0.275 -3.25 3.2721 0.0015 0.0016 0.0027 0.0702 1.1749
8.50 -0.275 -3.00 2.1539 0.0042 0.0018 0.0061 0.1097 2.2275
8.50 -0.275 -2.75 1.5016 0.0069 0.0022 0.0113 0.1555 3.4291
8.50 -0.150 -3.25 3.2974 0.0019 0.0016 0.0024 0.0845 1.1242
8.50 -0.150 -3.00 2.1399 0.0047 0.0018 0.0056 0.1344 2.1519
8.50 -0.150 -2.75 1.4911 0.0073 0.0022 0.0105 0.1933 3.3379
8.50 -0.025 -3.25 3.2994 0.0023 0.0016 0.0021 0.0988 1.0614
8.50 -0.025 -3.00 2.1366 0.0051 0.0018 0.0050 0.1604 2.0561
8.50 -0.025 -2.75 1.4710 0.0077 0.0021 0.0095 0.2350 3.2211
8.50 0.100 -3.25 3.3330 0.0027 0.0016 0.0017 0.1109 0.9851
8.50 0.100 -3.00 2.1292 0.0055 0.0018 0.0042 0.1847 1.9374
8.50 0.100 -2.75 1.4555 0.0080 0.0021 0.0083 0.2775 3.0740
8.50 0.225 -3.25 3.3757 0.0030 0.0015 0.0013 0.1186 0.8954
8.50 0.225 -3.00 2.1329 0.0057 0.0018 0.0034 0.2035 1.7935
8.50 0.225 -2.75 1.4445 0.0083 0.0021 0.0070 0.3163 2.8938
8.50 0.350 -3.25 3.4644 0.0034 0.0015 0.0000 0.1192 0.7931
8.50 0.350 -3.00 2.1612 0.0060 0.0018 0.0026 0.2132 1.6259
8.50 0.350 -2.75 1.4291 0.0084 0.0020 0.0057 0.3443 2.6749
8.50 0.475 -3.25 3.5675 0.0037 0.0015 0.0000 0.1115 0.6811
8.50 0.475 -3.00 2.1778 0.0061 0.0017 0.0019 0.2085 1.4326
8.50 0.475 -2.75 1.4275 0.0084 0.0020 0.0043 0.3542 2.4166
8.50 0.600 -3.25 3.6998 0.0039 0.0014 0.0000 0.0956 0.5642
8.50 0.600 -3.00 2.2443 0.0061 0.0017 0.0012 0.1882 1.2210
8.50 0.600 -2.75 1.4440 0.0082 0.0019 0.0030 0.3393 2.1205
8.60 -1.400 -3.25 3.6353 0.0000 0.0000 0.0015 0.0041 0.9203
8.60 -1.400 -3.00 2.2504 0.0000 0.0000 0.0036 0.0065 1.8475
8.60 -1.400 -2.75 1.4837 0.0013 0.0010 0.0067 0.0090 2.9585
8.60 -1.275 -3.25 3.6339 0.0000 0.0000 0.0015 0.0055 0.9162
8.60 -1.275 -3.00 2.2488 0.0000 0.0000 0.0036 0.0086 1.8416
8.60 -1.275 -2.75 1.4815 0.0017 0.0010 0.0066 0.0119 2.9509
8.60 -1.150 -3.25 3.6718 0.0000 0.0000 0.0015 0.0072 0.9110
8.60 -1.150 -3.00 2.2481 0.0000 0.0000 0.0035 0.0113 1.8336
8.60 -1.150 -2.75 1.4802 0.0021 0.0010 0.0065 0.0157 2.9409
8.60 -1.025 -3.25 3.6730 0.0000 0.0000 0.0015 0.0094 0.9042
8.60 -1.025 -3.00 2.2468 0.0000 0.0000 0.0035 0.0149 1.8235
8.60 -1.025 -2.75 1.4934 0.0026 0.0010 0.0065 0.0207 2.9275
8.60 -0.900 -3.25 3.6762 0.0000 0.0000 0.0014 0.0122 0.8952
8.60 -0.900 -3.00 2.2456 0.0010 0.0000 0.0034 0.0194 1.8092
8.60 -0.900 -2.75 1.4817 0.0031 0.0010 0.0064 0.0271 2.9099
8.60 -0.775 -3.25 3.6778 0.0000 0.0000 0.0014 0.0158 0.8835
8.60 -0.775 -3.00 2.2440 0.0013 0.0000 0.0033 0.0252 1.7913
8.60 -0.775 -2.75 1.4766 0.0036 0.0010 0.0062 0.0353 2.8868
8.60 -0.650 -3.25 3.6846 0.0000 0.0000 0.0013 0.0203 0.8679
8.60 -0.650 -3.00 2.2697 0.0016 0.0000 0.0032 0.0324 1.7656
8.60 -0.650 -2.75 1.4887 0.0042 0.0010 0.0060 0.0457 2.8567
8.60 -0.525 -3.25 3.6928 0.0000 0.0000 0.0012 0.0256 0.8478
8.60 -0.525 -3.00 2.2641 0.0020 0.0000 0.0030 0.0413 1.7335
8.60 -0.525 -2.75 1.4842 0.0047 0.0010 0.0058 0.0587 2.8173
8.60 -0.400 -3.25 3.7368 0.0000 0.0000 0.0011 0.0317 0.8218
8.60 -0.400 -3.00 2.2690 0.0025 0.0000 0.0028 0.0519 1.6927
8.60 -0.400 -2.75 1.4792 0.0051 0.0010 0.0055 0.0744 2.7649
8.60 -0.275 -3.25 3.7612 0.0000 0.0000 0.0010 0.0385 0.7895
8.60 -0.275 -3.00 2.2680 0.0029 0.0000 0.0026 0.0638 1.6397
8.60 -0.275 -2.75 1.4809 0.0056 0.0010 0.0051 0.0928 2.6975
8.60 -0.150 -3.25 3.8075 0.0010 0.0000 0.0000 0.0453 0.7490
8.60 -0.150 -3.00 2.2902 0.0034 0.0000 0.0023 0.0767 1.5728
8.60 -0.150 -2.75 1.4855 0.0060 0.0010 0.0047 0.1134 2.6109
8.60 -0.025 -3.25 3.8722 0.0013 0.0000 0.0000 0.0514 0.6996
8.60 -0.025 -3.00 2.3225 0.0038 0.0000 0.0020 0.0891 1.4885
8.60 -0.025 -2.75 1.4813 0.0063 0.0010 0.0041 0.1348 2.5017
8.60 0.100 -3.25 3.9219 0.0016 0.0000 0.0000 0.0556 0.6403
8.60 0.100 -3.00 2.3356 0.0043 0.0000 0.0017 0.0994 1.3867
8.60 0.100 -2.75 1.4900 0.0066 0.0000 0.0035 0.1545 2.3633
8.60 0.225 -3.25 4.0621 0.0019 0.0000 0.0000 0.0568 0.5717
8.60 0.225 -3.00 2.3798 0.0046 0.0000 0.0013 0.1052 1.2635
8.60 0.225 -2.75 1.5044 0.0068 0.0000 0.0029 0.1693 2.1928
8.60 0.350 -3.25 4.1940 0.0022 0.0000 0.0000 0.0542 0.4955
8.60 0.350 -3.00 2.4602 0.0049 0.0000 0.0000 0.1041 1.1206
8.60 0.350 -2.75 1.5381 0.0070 0.0000 0.0022 0.1754 1.9902
8.60 0.475 -3.25 4.4018 0.0025 0.0000 0.0000 0.0477 0.4148
8.60 0.475 -3.00 2.5385 0.0051 0.0000 0.0000 0.0956 0.9623
8.60 0.475 -2.75 1.5674 0.0071 0.0000 0.0016 0.1695 1.7549
8.60 0.600 -3.25 4.6516 0.0028 0.0000 0.0000 0.0379 0.3336
8.60 0.600 -3.00 2.6624 0.0052 0.0000 0.0000 0.0797 0.7927
8.60 0.600 -2.75 1.6226 0.0071 0.0000 0.0010 0.1500 1.4895
8.70 -1.400 -3.50 8.3468 0.0000 0.0000 0.0000 0.0000 0.1936
8.70 -1.400 -3.25 4.5712 0.0000 0.0000 0.0000 0.0020 0.5839
8.70 -1.400 -3.00 2.6501 0.0000 0.0000 0.0014 0.0036 1.3097
8.70 -1.275 -3.50 8.3520 0.0000 0.0000 0.0000 0.0011 0.1924
8.70 -1.275 -3.25 4.5752 0.0000 0.0000 0.0000 0.0026 0.5810
8.70 -1.275 -3.00 2.6509 0.0000 0.0000 0.0014 0.0048 1.3046
8.70 -1.150 -3.50 8.3316 0.0000 0.0000 0.0000 0.0014 0.1909
8.70 -1.150 -3.25 4.5797 0.0000 0.0000 0.0000 0.0035 0.5771
8.70 -1.150 -3.00 2.6798 0.0000 0.0000 0.0014 0.0063 1.2971
8.70 -1.025 -3.50 8.4184 0.0000 0.0000 0.0000 0.0019 0.1889
8.70 -1.025 -3.25 4.5857 0.0000 0.0000 0.0000 0.0045 0.5719
8.70 -1.025 -3.00 2.6805 0.0000 0.0000 0.0014 0.0083 1.2882
8.70 -0.900 -3.50 8.4378 0.0000 0.0000 0.0000 0.0024 0.1862
8.70 -0.900 -3.25 4.5933 0.0000 0.0000 0.0000 0.0059 0.5653
8.70 -0.900 -3.00 2.6837 0.0000 0.0000 0.0013 0.0107 1.2765
8.70 -0.775 -3.50 8.4638 0.0000 0.0000 0.0000 0.0031 0.1829
8.70 -0.775 -3.25 4.6005 0.0000 0.0000 0.0000 0.0075 0.5565
8.70 -0.775 -3.00 2.6832 0.0000 0.0000 0.0013 0.0138 1.2611
8.70 -0.650 -3.50 8.5155 0.0000 0.0000 0.0000 0.0039 0.1786
8.70 -0.650 -3.25 4.6199 0.0000 0.0000 0.0000 0.0096 0.5452
8.70 -0.650 -3.00 2.6841 0.0000 0.0000 0.0012 0.0177 1.2412
8.70 -0.525 -3.50 8.5472 0.0000 0.0000 0.0000 0.0049 0.1728
8.70 -0.525 -3.25 4.6771 0.0000 0.0000 0.0000 0.0120 0.5310
8.70 -0.525 -3.00 2.6870 0.0011 0.0000 0.0012 0.0222 1.2143
8.70 -0.400 -3.50 8.6816 0.0000 0.0000 0.0000 0.0059 0.1657
8.70 -0.400 -3.25 4.7197 0.0000 0.0000 0.0000 0.0146 0.5116
8.70 -0.400 -3.00 2.7045 0.0014 0.0000 0.0011 0.0275 1.1796
8.70 -0.275 -3.50 8.7720 0.0000 0.0000 0.0000 0.0070 0.1569
8.70 -0.275 -3.25 4.7527 0.0000 0.0000 0.0000 0.0174 0.4881
8.70 -0.275 -3.00 2.7423 0.0018 0.0000 0.0000 0.0333 1.1358
8.70 -0.150 -3.50 8.9402 0.0000 0.0000 0.0000 0.0079 0.1463
8.70 -0.150 -3.25 4.8448 0.0000 0.0000 0.0000 0.0200 0.4586
8.70 -0.150 -3.00 2.7859 0.0022 0.0000 0.0000 0.0392 1.0809
8.70 -0.025 -3.50 9.0766 0.0000 0.0000 0.0000 0.0086 0.1336
8.70 -0.025 -3.25 4.9376 0.0000 0.0000 0.0000 0.0221 0.4232
8.70 -0.025 -3.00 2.8357 0.0026 0.0000 0.0000 0.0444 1.0125
8.70 0.100 -3.50 9.3114 0.0000 0.0000 0.0000 0.0089 0.1195
8.70 0.100 -3.25 5.0813 0.0000 0.0000 0.0000 0.0231 0.3816
8.70 0.100 -3.00 2.9039 0.0030 0.0000 0.0000 0.0478 0.9293
8.70 0.225 -3.50 9.6723 0.0000 0.0000 0.0000 0.0087 0.1040
8.70 0.225 -3.25 5.2468 0.0010 0.0000 0.0000 0.0227 0.3347
8.70 0.225 -3.00 2.9852 0.0034 0.0000 0.0000 0.0484 0.8314
8.70 0.350 -3.50 10.0380 0.0000 0.0000 0.0000 0.0078 0.0878
8.70 0.350 -3.25 5.5005 0.0012 0.0000 0.0000 0.0206 0.2841
8.70 0.350 -3.00 3.0711 0.0038 0.0000 0.0000 0.0453 0.7218
8.70 0.475 -3.50 10.5680 0.0000 0.0000 0.0000 0.0065 0.0717
8.70 0.475 -3.25 5.8057 0.0015 0.0000 0.0000 0.0171 0.2326
8.70 0.475 -3.00 3.2278 0.0041 0.0000 0.0000 0.0387 0.6012
8.70 0.600 -3.50 11.1432 0.0000 0.0000 0.0000 0.0050 0.0566
8.70 0.600 -3.25 6.2101 0.0017 0.0000 0.0000 0.0128 0.1828
8.70 0.600 -3.00 3.4474 0.0043 0.0000 0.0000 0.0299 0.4783
8.80 -1.400 -3.50 10.6464 0.0000 0.0000 0.0000 0.0000 0.1004
8.80 -1.400 -3.25 5.8414 0.0000 0.0000 0.0000 0.0000 0.3570
8.80 -1.400 -3.00 3.2826 0.0000 0.0000 0.0000 0.0019 0.9021
8.80 -1.275 -3.50 10.7323 0.0000 0.0000 0.0000 0.0000 0.0997
8.80 -1.275 -3.25 5.8460 0.0000 0.0000 0.0000 0.0012 0.3551
8.80 -1.275 -3.00 3.2993 0.0000 0.0000 0.0000 0.0026 0.8978
8.80 -1.150 -3.50 10.7533 0.0000 0.0000 0.0000 0.0000 0.0989
8.80 -1.150 -3.25 5.8537 0.0000 0.0000 0.0000 0.0015 0.3522
8.80 -1.150 -3.00 3.3027 0.0000 0.0000 0.0000 0.0034 0.8921
8.80 -1.025 -3.50 10.7599 0.0000 0.0000 0.0000 0.0000 0.0977
8.80 -1.025 -3.25 5.8652 0.0000 0.0000 0.0000 0.0020 0.3484
8.80 -1.025 -3.00 3.3089 0.0000 0.0000 0.0000 0.0044 0.8849
8.80 -0.900 -3.50 10.7538 0.0000 0.0000 0.0000 0.0000 0.0962
8.80 -0.900 -3.25 5.8777 0.0000 0.0000 0.0000 0.0026 0.3435
8.80 -0.900 -3.00 3.3121 0.0000 0.0000 0.0000 0.0057 0.8758
8.80 -0.775 -3.50 10.8426 0.0000 0.0000 0.0000 0.0011 0.0942
8.80 -0.775 -3.25 5.9489 0.0000 0.0000 0.0000 0.0033 0.3373
8.80 -0.775 -3.00 3.3175 0.0000 0.0000 0.0000 0.0072 0.8631
8.80 -0.650 -3.50 10.8732 0.0000 0.0000 0.0000 0.0013 0.0918
8.80 -0.650 -3.25 5.9704 0.0000 0.0000 0.0000 0.0041 0.3291
8.80 -0.650 -3.00 3.3220 0.0000 0.0000 0.0000 0.0091 0.8463
8.80 -0.525 -3.50 10.9166 0.0000 0.0000 0.0000 0.0016 0.0885
8.80 -0.525 -3.25 5.9981 0.0000 0.0000 0.0000 0.0051 0.3187
8.80 -0.525 -3.00 3.3666 0.0000 0.0000 0.0000 0.0114 0.8251
8.80 -0.400 -3.50 11.0590 0.0000 0.0000 0.0000 0.0020 0.0846
8.80 -0.400 -3.25 6.0589 0.0000 0.0000 0.0000 0.0061 0.3055
8.80 -0.400 -3.00 3.3799 0.0000 0.0000 0.0000 0.0139 0.7967
8.80 -0.275 -3.50 11.1329 0.0000 0.0000 0.0000 0.0023 0.0798
8.80 -0.275 -3.25 6.1640 0.0000 0.0000 0.0000 0.0072 0.2890
8.80 -0.275 -3.00 3.4192 0.0000 0.0000 0.0000 0.0165 0.7616
8.80 -0.150 -3.50 11.3645 0.0000 0.0000 0.0000 0.0026 0.0740
8.80 -0.150 -3.25 6.2507 0.0000 0.0000 0.0000 0.0081 0.2690
8.80 -0.150 -3.00 3.4808 0.0012 0.0000 0.0000 0.0190 0.7178
8.80 -0.025 -3.50 11.4946 0.0000 0.0000 0.0000 0.0027 0.0673
8.80 -0.025 -3.25 6.3929 0.0000 0.0000 0.0000 0.0087 0.2452
8.80 -0.025 -3.00 3.5687 0.0015 0.0000 0.0000 0.0207 0.6633
8.80 0.100 -3.50 11.8233 0.0000 0.0000 0.0000 0.0028 0.0597
8.80 0.100 -3.25 6.5795 0.0000 0.0000 0.0000 0.0088 0.2181
8.80 0.100 -3.00 3.6430 0.0019 0.0000 0.0000 0.0215 0.5992
8.80 0.225 -3.50 12.1367 0.0000 0.0000 0.0000 0.0027 0.0517
8.80 0.225 -3.25 6.8704 0.0000 0.0000 0.0000 0.0083 0.1880
8.80 0.225 -3.00 3.7885 0.0022 0.0000 0.0000 0.0207 0.5260
8.80 0.350 -3.50 12.5340 0.0000 0.0000 0.0000 0.0024 0.0434
8.80 0.350 -3.25 7.2129 0.0000 0.0000 0.0000 0.0072 0.1567
8.80 0.350 -3.00 3.9721 0.0025 0.0000 0.0000 0.0183 0.4446
8.80 0.475 -3.50 13.0255 0.0000 0.0000 0.0000 0.0020 0.0353
8.80 0.475 -3.25 7.5806 0.0000 0.0000 0.0000 0.0057 0.1259
8.80 0.475 -3.00 4.1923 0.0029 0.0000 0.0000 0.0146 0.3591
8.80 0.600 -3.50 13.5917 0.0000 0.0000 0.0000 0.0015 0.0278
8.80 0.600 -3.25 8.1054 0.0000 0.0000 0.0000 0.0041 0.0965
8.80 0.600 -3.00 4.5620 0.0031 0.0000 0.0000 0.0105 0.2746
8.90 -1.400 -3.75 19.1678 0.0000 0.0000 0.0000 0.0000 0.0065
8.90 -1.400 -3.50 13.8687 0.0000 0.0000 0.0000 0.0000 0.0307
8.90 -1.400 -3.25 8.0221 0.0000 0.0000 0.0000 0.0000 0.1427
8.90 -1.275 -3.75 19.1512 0.0000 0.0000 0.0000 0.0000 0.0065
8.90 -1.275 -3.50 13.8800 0.0000 0.0000 0.0000 0.0000 0.0305
8.90 -1.275 -3.25 8.0429 0.0000 0.0000 0.0000 0.0000 0.1417
8.90 -1.150 -3.75 19.2001 0.0000 0.0000 0.0000 0.0000 0.0064
8.90 -1.150 -3.50 13.8857 0.0000 0.0000 0.0000 0.0000 0.0302
8.90 -1.150 -3.25 8.0601 0.0000 0.0000 0.0000 0.0000 0.1404
8.90 -1.025 -3.75 19.2078 0.0000 0.0000 0.0000 0.0000 0.0064
8.90 -1.025 -3.50 13.9064 0.0000 0.0000 0.0000 0.0000 0.0299
8.90 -1.025 -3.25 8.0707 0.0000 0.0000 0.0000 0.0000 0.1387
8.90 -0.900 -3.75 19.2103 0.0000 0.0000 0.0000 0.0000 0.0063
8.90 -0.900 -3.50 13.9169 0.0000 0.0000 0.0000 0.0000 0.0294
8.90 -0.900 -3.25 8.0762 0.0000 0.0000 0.0000 0.0000 0.1365
8.90 -0.775 -3.75 19.2224 0.0000 0.0000 0.0000 0.0000 0.0062
8.90 -0.775 -3.50 13.9760 0.0000 0.0000 0.0000 0.0000 0.0288
8.90 -0.775 -3.25 8.0999 0.0000 0.0000 0.0000 0.0000 0.1336
8.90 -0.650 -3.75 19.2792 0.0000 0.0000 0.0000 0.0000 0.0061
8.90 -0.650 -3.50 13.9901 0.0000 0.0000 0.0000 0.0000 0.0282
8.90 -0.650 -3.25 8.1332 0.0000 0.0000 0.0000 0.0000 0.1298
8.90 -0.525 -3.75 19.2901 0.0000 0.0000 0.0000 0.0000 0.0060
8.90 -0.525 -3.50 14.1296 0.0000 0.0000 0.0000 0.0000 0.0272
8.90 -0.525 -3.25 8.2355 0.0000 0.0000 0.0000 0.0000 0.1251
8.90 -0.400 -3.75 19.3526 0.0000 0.0000 0.0000 0.0000 0.0058
8.90 -0.400 -3.50 14.1564 0.0000 0.0000 0.0000 0.0000 0.0261
8.90 -0.400 -3.25 8.3188 0.0000 0.0000 0.0000 0.0012 0.1191
8.90 -0.275 -3.75 19.3730 0.0000 0.0000 0.0000 0.0000 0.0055
8.90 -0.275 -3.50 14.3198 0.0000 0.0000 0.0000 0.0000 0.0247
8.90 -0.275 -3.25 8.4474 0.0000 0.0000 0.0000 0.0013 0.1119
8.90 -0.150 -3.75 19.4967 0.0000 0.0000 0.0000 0.0000 0.0052
8.90 -0.150 -3.50 14.4065 0.0000 0.0000 0.0000 0.0000 0.0230
8.90 -0.150 -3.25 8.5562 0.0000 0.0000 0.0000 0.0015 0.1031
8.90 -0.025 -3.75 19.5492 0.0000 0.0000 0.0000 0.0000 0.0049
8.90 -0.025 -3.50 14.6166 0.0000 0.0000 0.0000 0.0000 0.0210
8.90 -0.025 -3.25 8.8121 0.0000 0.0000 0.0000 0.0016 0.0931
8.90 0.100 -3.75 19.7143 0.0000 0.0000 0.0000 0.0000 0.0045
8.90 0.100 -3.50 14.8873 0.0000 0.0000 0.0000 0.0000 0.0188
8.90 0.100 -3.25 9.0549 0.0000 0.0000 0.0000 0.0015 0.0818
8.90 0.225 -3.75 19.8228 0.0000 0.0000 0.0000 0.0000 0.0040
8.90 0.225 -3.50 15.1774 0.0000 0.0000 0.0000 0.0000 0.0165
8.90 0.225 -3.25 9.3918 0.0000 0.0000 0.0000 0.0014 0.0697
8.90 0.350 -3.75 20.0397 0.0000 0.0000 0.0000 0.0000 0.0035
8.90 0.350 -3.50 15.5436 0.0000 0.0000 0.0000 0.0000 0.0140
8.90 0.350 -3.25 9.8323 0.0000 0.0000 0.0000 0.0012 0.0573
8.90 0.475 -3.75 20.2487 0.0000 0.0000 0.0000 0.0000 0.0030
8.90 0.475 -3.50 15.9823 0.0000 0.0000 0.0000 0.0000 0.0115
8.90 0.475 -3.25 10.3928 0.0000 0.0000 0.0000 0.0000 0.0452
8.90 0.600 -3.75 20.5279 0.0000 0.0000 0.0000 0.0000 0.0025
8.90 0.600 -3.50 16.4589 0.0000 0.0000 0.0000 0.0000 0.0091
8.90 0.600 -3.25 11.1229 0.0000 0.0000 0.0000 0.0000 0.0340
9.00 -1.400 -3.75 23.0498 0.0000 0.0000 0.0000 0.0000 0.0027
9.00 -1.400 -3.50 22.8504 0.0000 0.0000 0.0000 0.0000 0.0098
9.00 -1.400 -3.25 11.5884 0.0000 0.0000 0.0000 0.0000 0.0291
9.00 -1.275 -3.75 23.0507 0.0000 0.0000 0.0000 0.0000 0.0027
9.00 -1.275 -3.50 22.8497 0.0000 0.0000 0.0000 0.0000 0.0098
9.00 -1.275 -3.25 11.5865 0.0000 0.0000 0.0000 0.0000 0.0289
9.00 -1.150 -3.75 23.0519 0.0000 0.0000 0.0000 0.0000 0.0027
9.00 -1.150 -3.50 22.8493 0.0000 0.0000 0.0000 0.0000 0.0097
9.00 -1.150 -3.25 11.5971 0.0000 0.0000 0.0000 0.0000 0.0287
9.00 -1.025 -3.75 23.0534 0.0000 0.0000 0.0000 0.0000 0.0027
9.00 -1.025 -3.50 22.8500 0.0000 0.0000 0.0000 0.0000 0.0097
9.00 -1.025 -3.25 11.6032 0.0000 0.0000 0.0000 0.0000 0.0283
9.00 -0.900 -3.75 23.0556 0.0000 0.0000 0.0000 0.0000 0.0026
9.00 -0.900 -3.50 22.8476 0.0000 0.0000 0.0000 0.0000 0.0096
9.00 -0.900 -3.25 11.6471 0.0000 0.0000 0.0000 0.0000 0.0278
9.00 -0.775 -3.75 23.0587 0.0000 0.0000 0.0000 0.0000 0.0026
9.00 -0.775 -3.50 22.8555 0.0000 0.0000 0.0000 0.0000 0.0094
9.00 -0.775 -3.25 11.6622 0.0000 0.0000 0.0000 0.0000 0.0272
9.00 -0.650 -3.75 23.0629 0.0000 0.0000 0.0000 0.0000 0.0026
9.00 -0.650 -3.50 23.1144 0.0000 0.0000 0.0000 0.0000 0.0092
9.00 -0.650 -3.25 11.7653 0.0000 0.0000 0.0000 0.0000 0.0265
9.00 -0.525 -3.75 23.1401 0.0000 0.0000 0.0000 0.0000 0.0025
9.00 -0.525 -3.50 23.1592 0.0000 0.0000 0.0000 0.0000 0.0097
9.00 -0.525 -3.25 11.7805 0.0000 0.0000 0.0000 0.0000 0.0255
9.00 -0.400 -3.75 22.9278 0.0000 0.0000 0.0000 0.0000 0.0026
9.00 -0.400 -3.50 23.3370 0.0000 0.0000 0.0000 0.0000 0.0095
9.00 -0.400 -3.25 11.8957 0.0000 0.0000 0.0000 0.0000 0.0243
9.00 -0.275 -3.75 22.9690 0.0000 0.0000 0.0000 0.0000 0.0025
9.00 -0.275 -3.50 23.4986 0.0000 0.0000 0.0000 0.0000 0.0091
9.00 -0.275 -3.25 12.0535 0.0000 0.0000 0.0000 0.0000 0.0228
9.00 -0.150 -3.75 23.0358 0.0000 0.0000 0.0000 0.0000 0.0024
9.00 -0.150 -3.50 23.0993 0.0000 0.0000 0.0000 0.0000 0.0090
9.00 -0.150 -3.25 12.2773 0.0000 0.0000 0.0000 0.0000 0.0210
9.00 -0.025 -3.75 23.2185 0.0000 0.0000 0.0000 0.0000 0.0023
9.00 -0.025 -3.50 23.0380 0.0000 0.0000 0.0000 0.0000 0.0089
9.00 -0.025 -3.25 12.4672 0.0000 0.0000 0.0000 0.0000 0.0189
9.00 0.100 -3.75 24.5907 0.0000 0.0000 0.0000 0.0000 0.0023
9.00 0.100 -3.50 23.0705 0.0000 0.0000 0.0000 0.0000 0.0087
9.00 0.100 -3.25 12.8489 0.0000 0.0000 0.0000 0.0000 0.0166
9.00 0.225 -3.75 22.4468 0.0000 0.0000 0.0000 0.0000 0.0021
9.00 0.225 -3.50 22.9788 0.0000 0.0000 0.0000 0.0000 0.0080
9.00 0.225 -3.25 13.1446 0.0000 0.0000 0.0000 0.0000 0.0142
9.00 0.350 -3.75 47.2879 0.0000 0.0000 0.0000 0.0000 0.0014
9.00 0.350 -3.50 22.9608 0.0000 0.0000 0.0000 0.0000 0.0071
9.00 0.350 -3.25 21.2096 0.0000 0.0000 0.0000 0.0000 0.0216
9.00 0.475 -3.75 47.0216 0.0000 0.0000 0.0000 0.0000 0.0012
9.00 0.475 -3.50 22.7744 0.0000 0.0000 0.0000 0.0000 0.0065
9.00 0.475 -3.25 22.0569 0.0000 0.0000 0.0000 0.0000 0.0211
9.00 0.600 -3.75 46.7305 0.0000 0.0000 0.0000 0.0000 0.0010
9.00 0.600 -3.50 22.5976 0.0000 0.0000 0.0000 0.0000 0.0053
9.00 0.600 -3.25 22.8237 0.0000 0.0000 0.0000 0.0000 0.0194
9.10 -1.400 -3.75 45.7519 0.0000 0.0000 0.0000 0.0000 0.0000
9.10 -1.400 -3.50 47.0031 0.0000 0.0000 0.0000 0.0000 0.0015
9.10 -1.400 -3.25 22.1582 0.0000 0.0000 0.0000 0.0000 0.0132
9.10 -1.275 -3.75 45.7476 0.0000 0.0000 0.0000 0.0000 0.0000
9.10 -1.275 -3.50 46.9967 0.0000 0.0000 0.0000 0.0000 0.0015
9.10 -1.275 -3.25 22.1645 0.0000 0.0000 0.0000 0.0000 0.0131
9.10 -1.150 -3.75 45.7418 0.0000 0.0000 0.0000 0.0000 0.0000
9.10 -1.150 -3.50 46.9882 0.0000 0.0000 0.0000 0.0000 0.0015
9.10 -1.150 -3.25 22.1741 0.0000 0.0000 0.0000 0.0000 0.0130
9.10 -1.025 -3.75 45.7342 0.0000 0.0000 0.0000 0.0000 0.0000
9.10 -1.025 -3.50 46.9770 0.0000 0.0000 0.0000 0.0000 0.0015
9.10 -1.025 -3.25 22.1883 0.0000 0.0000 0.0000 0.0000 0.0128
9.10 -0.900 -3.75 45.7241 0.0000 0.0000 0.0000 0.0000 0.0000
9.10 -0.900 -3.50 46.9620 0.0000 0.0000 0.0000 0.0000 0.0015
9.10 -0.900 -3.25 22.5973 0.0000 0.0000 0.0000 0.0000 0.0123
9.10 -0.775 -3.75 45.7107 0.0000 0.0000 0.0000 0.0000 0.0000
9.10 -0.775 -3.50 46.9423 0.0000 0.0000 0.0000 0.0000 0.0015
9.10 -0.775 -3.25 22.2551 0.0000 0.0000 0.0000 0.0000 0.0127
9.10 -0.650 -3.75 45.6930 0.0000 0.0000 0.0000 0.0000 0.0000
9.10 -0.650 -3.50 46.9164 0.0000 0.0000 0.0000 0.0000 0.0014
9.10 -0.650 -3.25 22.3328 0.0000 0.0000 0.0000 0.0000 0.0124
9.10 -0.525 -3.75 45.6695 0.0000 0.0000 0.0000 0.0000 0.0000
9.10 -0.525 -3.50 46.8822 0.0000 0.0000 0.0000 0.0000 0.0014
9.10 -0.525 -3.25 22.5442 0.0000 0.0000 0.0000 0.0000 0.0119
9.10 -0.400 -3.75 45.6845 0.0000 0.0000 0.0000 0.0000 0.0000
9.10 -0.400 -3.50 46.8375 0.0000 0.0000 0.0000 0.0000 0.0014
9.10 -0.400 -3.25 22.2247 0.0000 0.0000 0.0000 0.0000 0.0118
9.10 -0.275 -3.75 45.5982 0.0000 0.0000 0.0000 0.0000 0.0000
9.10 -0.275 -3.50 46.7794 0.0000 0.0000 0.0000 0.0000 0.0013
9.10 -0.275 -3.25 22.2592 0.0000 0.0000 0.0000 0.0000 0.0112
9.10 -0.150 -3.75 45.5449 0.0000 0.0000 0.0000 0.0000 0.0000
9.10 -0.150 -3.50 46.7045 0.0000 0.0000 0.0000 0.0000 0.0013
9.10 -0.150 -3.25 22.3127 0.0000 0.0000 0.0000 0.0000 0.0104
9.10 -0.025 -3.75 45.4767 0.0000 0.0000 0.0000 0.0000 0.0000
9.10 -0.025 -3.50 46.6085 0.0000 0.0000 0.0000 0.0000 0.0012
9.10 -0.025 -3.25 21.7012 0.0000 0.0000 0.0000 0.0000 0.0097
9.10 0.100 -3.75 45.3885 0.0000 0.0000 0.0000 0.0000 0.0000
9.10 0.100 -3.50 46.4871 0.0000 0.0000 0.0000 0.0000 0.0011
9.10 0.100 -3.25 22.1229 0.0000 0.0000 0.0000 0.0000 0.0092
9.10 0.225 -3.75 45.2757 0.0000 0.0000 0.0000 0.0000 0.0000
9.10 0.225 -3.50 46.3348 0.0000 0.0000 0.0000 0.0000 0.0000
9.10 0.225 -3.25 48.4606 0.0000 0.0000 0.0000 0.0000 0.0060
9.10 0.350 -3.75 45.1332 0.0000 0.0000 0.0000 0.0000 0.0000
9.10 0.350 -3.50 46.1467 0.0000 0.0000 0.0000 0.0000 0.0000
9.10 0.350 -3.25 48.2276 0.0000 0.0000 0.0000 0.0000 0.0050
9.10 0.475 -3.75 44.9559 0.0000 0.0000 0.0000 0.0000 0.0000
9.10 0.475 -3.50 45.9174 0.0000 0.0000 0.0000 0.0000 0.0000
9.10 0.475 -3.25 48.0188 0.0000 0.0000 0.0000 0.0000 0.0041
9.10 0.600 -3.75 44.7371 0.0000 0.0000 0.0000 0.0000 0.0000
9.10 0.600 -3.50 45.6987 0.0000 0.0000 0.0000 0.0000 0.0000
9.10 0.600 -3.25 47.8548 0.0000 0.0000 0.0000 0.0000 0.0031
