#Cloudy 17.00 models results grids
# O/H: 7.1 - 8.9, log U: -4.0 - -1.5, f_abs: 0.01 - 1.0
# SED: Black-body, T = 1e5 K
# Spherical geometry
#
12+log(O/H) f_abs log(Usp) OII_3727 OIII_5007 SII_6717,31 SIII_9069 HeI_4471 HeI_5876 HeI_6678 HeII_4686 ArIV_4740 ArIII_7135 NII_6584	CIV_1549	CIII_1909
7.1 1.000 -4.01 0.5410 0.0310 0.1791 0.0109 0.0245 0.0627 0.0177 0.0410 0.0000 0.0096 0.0282 0.0000 0.0277
7.1 0.797 -4.00 0.5908 0.0364 0.1322 0.0121 0.0206 0.0524 0.0147 0.0388 0.0000 0.0095 0.0280 0.0000 0.0319
7.1 0.496 -3.99 0.6417 0.0506 0.1183 0.0139 0.0193 0.0491 0.0138 0.0401 0.0000 0.0097 0.0279 0.0000 0.0383
7.1 0.207 -3.97 0.6750 0.0649 0.1138 0.0152 0.0189 0.0480 0.0135 0.0424 0.0000 0.0100 0.0281 0.0000 0.0444
7.1 0.101 -3.97 0.6798 0.0666 0.1117 0.0155 0.0186 0.0470 0.0132 0.0435 0.0000 0.0100 0.0281 0.0000 0.0464
7.1 0.066 -3.97 0.6818 0.0651 0.1110 0.0156 0.0184 0.0465 0.0130 0.0439 0.0000 0.0101 0.0281 0.0000 0.0469
7.1 0.021 -3.97 0.6605 0.0607 0.1061 0.0151 0.0176 0.0445 0.0125 0.0457 0.0000 0.0097 0.0272 0.0000 0.0463
7.1 0.026 -3.97 0.6735 0.0612 0.1082 0.0154 0.0178 0.0447 0.0125 0.0451 0.0000 0.0099 0.0278 0.0000 0.0471
7.1 1.000 -3.76 0.5907 0.1089 0.1440 0.0155 0.0220 0.0561 0.0158 0.0547 0.0000 0.0106 0.0272 0.0000 0.0537
7.1 0.757 -3.74 0.6516 0.1346 0.1030 0.0180 0.0184 0.0469 0.0132 0.0585 0.0000 0.0108 0.0266 0.0000 0.0645
7.1 0.487 -3.71 0.6774 0.1801 0.0921 0.0204 0.0176 0.0447 0.0125 0.0663 0.0000 0.0112 0.0258 0.0000 0.0770
7.1 0.213 -3.69 0.6799 0.2240 0.0863 0.0220 0.0170 0.0432 0.0121 0.0740 0.0000 0.0116 0.0248 0.0000 0.0882
7.1 0.113 -3.68 0.6861 0.2288 0.0844 0.0223 0.0167 0.0423 0.0118 0.0760 0.0000 0.0117 0.0247 0.0000 0.0920
7.1 0.064 -3.68 0.6937 0.2232 0.0835 0.0224 0.0165 0.0417 0.0116 0.0767 0.0000 0.0116 0.0248 0.0000 0.0933
7.1 0.021 -3.68 0.6756 0.2092 0.0793 0.0217 0.0157 0.0397 0.0111 0.0787 0.0000 0.0112 0.0241 0.0000 0.0916
7.1 0.027 -3.68 0.6907 0.2108 0.0809 0.0221 0.0159 0.0400 0.0111 0.0780 0.0000 0.0114 0.0246 0.0000 0.0930
7.1 1.000 -3.52 0.5422 0.2857 0.1116 0.0207 0.0199 0.0508 0.0143 0.0679 0.0000 0.0116 0.0228 0.0018 0.0970
7.1 0.747 -3.48 0.5750 0.3613 0.0757 0.0244 0.0167 0.0425 0.0119 0.0808 0.0000 0.0121 0.0209 0.0023 0.1188
7.1 0.474 -3.45 0.5330 0.4786 0.0644 0.0273 0.0155 0.0395 0.0110 0.1008 0.0000 0.0128 0.0178 0.0033 0.1430
7.1 0.187 -3.41 0.4868 0.5692 0.0577 0.0291 0.0143 0.0363 0.0101 0.1230 0.0000 0.0132 0.0153 0.0048 0.1649
7.1 0.115 -3.39 0.4913 0.5742 0.0565 0.0294 0.0140 0.0353 0.0098 0.1269 0.0000 0.0133 0.0152 0.0051 0.1699
7.1 0.058 -3.38 0.4999 0.5659 0.0550 0.0294 0.0136 0.0345 0.0096 0.1294 0.0000 0.0133 0.0153 0.0052 0.1727
7.1 0.020 -3.38 0.5076 0.5432 0.0533 0.0290 0.0131 0.0331 0.0091 0.1305 0.0000 0.0130 0.0154 0.0051 0.1719
7.1 0.027 -3.38 0.5076 0.5432 0.0533 0.0290 0.0131 0.0331 0.0091 0.1305 0.0000 0.0130 0.0154 0.0051 0.1719
7.1 1.000 -3.28 0.4171 0.5382 0.0817 0.0256 0.0182 0.0466 0.0131 0.0778 0.0000 0.0125 0.0166 0.0113 0.1706
7.1 0.729 -3.22 0.3780 0.7043 0.0483 0.0305 0.0152 0.0387 0.0108 0.1017 0.0000 0.0133 0.0123 0.0149 0.2138
7.1 0.469 -3.17 0.2732 0.8750 0.0380 0.0332 0.0133 0.0338 0.0094 0.1396 0.0000 0.0140 0.0079 0.0215 0.2569
7.1 0.201 -3.09 0.2059 0.9713 0.0316 0.0347 0.0107 0.0272 0.0076 0.1904 0.0000 0.0144 0.0056 0.0334 0.2988
7.1 0.097 -3.05 0.1976 0.9751 0.0294 0.0349 0.0097 0.0247 0.0068 0.2067 0.0000 0.0145 0.0053 0.0393 0.3140
7.1 0.054 -3.04 0.2066 0.9774 0.0290 0.0354 0.0096 0.0242 0.0067 0.2106 0.0000 0.0147 0.0054 0.0409 0.3223
7.1 0.020 -3.02 0.2043 0.9376 0.0273 0.0341 0.0090 0.0227 0.0062 0.2116 0.0000 0.0142 0.0053 0.0403 0.3169
7.1 0.027 -3.02 0.2043 0.9376 0.0273 0.0341 0.0090 0.0227 0.0062 0.2116 0.0000 0.0142 0.0053 0.0403 0.3169
7.1 1.000 -3.04 0.3092 0.7466 0.0592 0.0280 0.0171 0.0438 0.0123 0.0836 0.0012 0.0123 0.0119 0.0574 0.2720
7.1 0.713 -2.97 0.2091 0.9812 0.0279 0.0328 0.0141 0.0360 0.0100 0.1156 0.0015 0.0130 0.0060 0.0788 0.3488
7.1 0.445 -2.88 0.1080 1.1320 0.0186 0.0341 0.0112 0.0285 0.0079 0.1752 0.0022 0.0130 0.0027 0.1186 0.4266
7.1 0.191 -2.75 0.0583 1.1077 0.0130 0.0334 0.0066 0.0168 0.0046 0.2664 0.0030 0.0125 0.0015 0.1976 0.4984
7.1 0.096 -2.68 0.0470 1.0316 0.0109 0.0325 0.0052 0.0133 0.0036 0.2911 0.0033 0.0122 0.0012 0.2485 0.5243
7.1 0.048 -2.64 0.0430 0.9772 0.0100 0.0319 0.0047 0.0119 0.0033 0.2980 0.0033 0.0121 0.0011 0.2775 0.5351
7.1 0.029 -2.62 0.0429 0.9636 0.0097 0.0320 0.0046 0.0117 0.0032 0.3022 0.0032 0.0123 0.0011 0.2898 0.5436
7.1 0.024 -2.60 0.0412 0.9245 0.0093 0.0310 0.0044 0.0111 0.0030 0.2993 0.0032 0.0119 0.0011 0.2895 0.5332
7.1 1.000 -2.81 0.2370 0.8656 0.0447 0.0275 0.0161 0.0413 0.0115 0.0904 0.0023 0.0114 0.0089 0.1967 0.3702
7.1 0.706 -2.72 0.1170 1.1093 0.0163 0.0310 0.0132 0.0336 0.0093 0.1275 0.0032 0.0115 0.0030 0.2758 0.4794
7.1 0.451 -2.62 0.0509 1.1785 0.0092 0.0299 0.0099 0.0251 0.0069 0.1957 0.0046 0.0103 0.0011 0.4133 0.5821
7.1 0.178 -2.42 0.0147 0.8708 0.0044 0.0251 0.0033 0.0084 0.0023 0.3271 0.0068 0.0076 0.0000 0.7812 0.6722
7.1 0.093 -2.31 0.0083 0.6732 0.0030 0.0225 0.0022 0.0055 0.0015 0.3465 0.0075 0.0065 0.0000 1.0206 0.6828
7.1 0.052 -2.23 0.0060 0.5696 0.0024 0.0208 0.0018 0.0045 0.0012 0.3514 0.0077 0.0058 0.0000 1.1775 0.6800
7.1 0.020 -2.14 0.0047 0.4888 0.0011 0.0192 0.0015 0.0039 0.0010 0.3559 0.0077 0.0053 0.0000 1.3169 0.6701
7.1 0.019 -2.12 0.0042 0.4583 0.0010 0.0183 0.0014 0.0037 0.0000 0.3517 0.0075 0.0050 0.0000 1.3251 0.6511
7.1 1.000 -2.57 0.1889 0.9276 0.0358 0.0260 0.0151 0.0388 0.0108 0.1005 0.0032 0.0106 0.0070 0.3854 0.4261
7.1 0.735 -2.49 0.0807 1.1352 0.0116 0.0279 0.0124 0.0316 0.0087 0.1365 0.0043 0.0102 0.0019 0.5216 0.5352
7.1 0.460 -2.38 0.0299 1.1443 0.0053 0.0251 0.0086 0.0220 0.0060 0.2158 0.0063 0.0082 0.0000 0.8013 0.6475
7.1 0.186 -2.16 0.0054 0.6131 0.0010 0.0178 0.0018 0.0046 0.0012 0.3517 0.0086 0.0045 0.0000 1.5008 0.6704
7.1 0.096 -2.01 0.0012 0.3858 0.0000 0.0140 0.0000 0.0025 0.0000 0.3676 0.0090 0.0030 0.0000 1.9850 0.6157
7.1 0.047 -1.87 0.0000 0.2697 0.0000 0.0111 0.0000 0.0017 0.0000 0.3712 0.0087 0.0020 0.0000 2.3337 0.5409
7.1 0.020 -1.72 0.0000 0.2009 0.0000 0.0090 0.0000 0.0013 0.0000 0.3777 0.0081 0.0014 0.0000 2.5500 0.4595
7.1 0.017 -1.67 0.0000 0.1820 0.0000 0.0083 0.0000 0.0012 0.0000 0.3814 0.0078 0.0012 0.0000 2.5895 0.4284
7.1 1.000 -2.33 0.1535 0.9525 0.0295 0.0240 0.0140 0.0359 0.0100 0.1140 0.0039 0.0097 0.0057 0.5435 0.4488
7.1 0.735 -2.25 0.0530 1.1293 0.0079 0.0245 0.0112 0.0285 0.0079 0.1550 0.0052 0.0089 0.0011 0.7362 0.5571
7.1 0.467 -2.15 0.0183 1.0476 0.0032 0.0204 0.0070 0.0177 0.0048 0.2419 0.0072 0.0063 0.0000 1.1083 0.6439
7.1 0.185 -1.92 0.0013 0.4027 0.0000 0.0125 0.0000 0.0025 0.0000 0.3641 0.0087 0.0027 0.0000 1.9830 0.5665
7.1 0.097 -1.76 0.0000 0.2356 0.0000 0.0090 0.0000 0.0013 0.0000 0.3733 0.0082 0.0015 0.0000 2.4204 0.4539
7.1 0.049 -1.60 0.0000 0.1517 0.0000 0.0065 0.0000 0.0000 0.0000 0.3788 0.0071 0.0000 0.0000 2.6218 0.3356
7.1 0.021 -1.42 0.0000 0.1024 0.0000 0.0046 0.0000 0.0000 0.0000 0.3908 0.0058 0.0000 0.0000 2.6268 0.2284
7.1 0.013 -1.28 0.0000 0.0793 0.0000 0.0036 0.0000 0.0000 0.0000 0.4061 0.0049 0.0000 0.0000 2.5306 0.1680
7.1 1.000 -2.14 0.1321 0.9457 0.0257 0.0222 0.0131 0.0334 0.0093 0.1267 0.0043 0.0089 0.0049 0.6453 0.4503
7.1 0.662 -2.04 0.0288 1.0834 0.0044 0.0207 0.0091 0.0233 0.0064 0.1911 0.0062 0.0072 0.0000 0.9646 0.5741
7.1 0.425 -1.93 0.0097 0.8574 0.0010 0.0162 0.0042 0.0108 0.0029 0.2921 0.0080 0.0045 0.0000 1.4036 0.6150
7.1 0.165 -1.71 0.0000 0.2565 0.0000 0.0089 0.0000 0.0014 0.0000 0.3672 0.0080 0.0016 0.0000 2.2410 0.4403
7.1 0.085 -1.55 0.0000 0.1491 0.0000 0.0061 0.0000 0.0000 0.0000 0.3755 0.0068 0.0000 0.0000 2.4914 0.3128
7.1 0.043 -1.38 0.0000 0.0969 0.0000 0.0042 0.0000 0.0000 0.0000 0.3874 0.0055 0.0000 0.0000 2.4899 0.2076
7.1 0.017 -1.18 0.0000 0.0597 0.0000 0.0026 0.0000 0.0000 0.0000 0.4070 0.0039 0.0000 0.0000 2.2417 0.1140
7.1 0.013 -1.03 0.0000 0.0439 0.0000 0.0019 0.0000 0.0000 0.0000 0.4330 0.0030 0.0000 0.0000 2.0751 0.0740
7.1 1.000 -1.84 0.1064 0.8940 0.0213 0.0194 0.0115 0.0293 0.0082 0.1488 0.0046 0.0078 0.0040 0.7620 0.4274
7.1 0.692 -1.76 0.0202 0.9634 0.0032 0.0169 0.0075 0.0191 0.0053 0.2149 0.0064 0.0058 0.0000 1.0925 0.5189
7.1 0.437 -1.65 0.0050 0.6248 0.0000 0.0120 0.0022 0.0057 0.0015 0.3272 0.0079 0.0031 0.0000 1.5862 0.5150
7.1 0.182 -1.44 0.0000 0.1664 0.0000 0.0061 0.0000 0.0000 0.0000 0.3651 0.0067 0.0000 0.0000 2.2079 0.3072
7.1 0.092 -1.28 0.0000 0.0950 0.0000 0.0040 0.0000 0.0000 0.0000 0.3788 0.0052 0.0000 0.0000 2.2963 0.1948
7.1 0.044 -1.11 0.0000 0.0574 0.0000 0.0025 0.0000 0.0000 0.0000 0.3941 0.0037 0.0000 0.0000 2.0802 0.1090
7.1 0.017 -0.89 0.0000 0.0311 0.0000 0.0013 0.0000 0.0000 0.0000 0.4288 0.0022 0.0000 0.0000 1.6922 0.0478
7.1 0.014 -0.75 0.0000 0.0215 0.0000 0.0000 0.0000 0.0000 0.0000 0.4641 0.0016 0.0000 0.0000 1.5245 0.0288
7.1 1.000 -1.60 0.0907 0.8243 0.0184 0.0173 0.0101 0.0259 0.0072 0.1679 0.0047 0.0069 0.0034 0.8114 0.3926
7.1 0.673 -1.51 0.0125 0.8117 0.0012 0.0134 0.0055 0.0140 0.0038 0.2489 0.0066 0.0044 0.0000 1.1905 0.4593
7.1 0.420 -1.41 0.0011 0.3608 0.0000 0.0085 0.0000 0.0022 0.0000 0.3449 0.0071 0.0019 0.0000 1.6655 0.3880
7.1 0.166 -1.19 0.0000 0.1010 0.0000 0.0040 0.0000 0.0000 0.0000 0.3653 0.0052 0.0000 0.0000 2.0772 0.1952
7.1 0.089 -1.05 0.0000 0.0609 0.0000 0.0026 0.0000 0.0000 0.0000 0.3779 0.0038 0.0000 0.0000 1.9866 0.1173
7.1 0.043 -0.88 0.0000 0.0361 0.0000 0.0015 0.0000 0.0000 0.0000 0.4014 0.0025 0.0000 0.0000 1.6988 0.0601
7.1 0.018 -0.68 0.0000 0.0196 0.0000 0.0000 0.0000 0.0000 0.0000 0.4482 0.0014 0.0000 0.0000 1.3816 0.0262
7.1 0.013 -0.50 0.0000 0.0108 0.0000 0.0000 0.0000 0.0000 0.0000 0.4981 0.0000 0.0000 0.0000 1.1823 0.0122
7.4 1.000 -4.01 1.0562 0.0606 0.3546 0.0216 0.0247 0.0631 0.0178 0.0412 0.0000 0.0151 0.0557 0.0000 0.0528
7.4 0.787 -4.00 1.1563 0.0720 0.2596 0.0241 0.0206 0.0524 0.0148 0.0388 0.0000 0.0149 0.0552 0.0000 0.0609
7.4 0.493 -3.99 1.2474 0.0992 0.2330 0.0273 0.0194 0.0494 0.0139 0.0402 0.0000 0.0151 0.0548 0.0000 0.0725
7.4 0.207 -3.97 1.3054 0.1262 0.2238 0.0298 0.0190 0.0482 0.0135 0.0424 0.0000 0.0156 0.0552 0.0000 0.0833
7.4 0.099 -3.97 1.3225 0.1291 0.2208 0.0305 0.0188 0.0478 0.0134 0.0437 0.0000 0.0157 0.0554 0.0000 0.0876
7.4 0.066 -3.97 1.3264 0.1272 0.2194 0.0306 0.0185 0.0468 0.0131 0.0439 0.0000 0.0157 0.0554 0.0000 0.0889
7.4 0.021 -3.97 1.2866 0.1188 0.2097 0.0298 0.0177 0.0448 0.0126 0.0457 0.0000 0.0152 0.0537 0.0000 0.0879
7.4 0.026 -3.97 1.3119 0.1198 0.2139 0.0304 0.0179 0.0450 0.0125 0.0451 0.0000 0.0155 0.0548 0.0000 0.0894
7.4 1.000 -3.76 1.1536 0.2121 0.2852 0.0306 0.0221 0.0565 0.0159 0.0548 0.0000 0.0166 0.0538 0.0000 0.1017
7.4 0.765 -3.74 1.2670 0.2605 0.2048 0.0353 0.0186 0.0473 0.0133 0.0585 0.0000 0.0168 0.0526 0.0000 0.1214
7.4 0.478 -3.71 1.3131 0.3540 0.1810 0.0401 0.0177 0.0449 0.0126 0.0665 0.0000 0.0175 0.0507 0.0000 0.1455
7.4 0.189 -3.69 1.3189 0.4405 0.1693 0.0434 0.0171 0.0435 0.0122 0.0746 0.0000 0.0181 0.0487 0.0013 0.1673
7.4 0.114 -3.68 1.3304 0.4454 0.1667 0.0439 0.0169 0.0427 0.0119 0.0760 0.0000 0.0182 0.0486 0.0014 0.1727
7.4 0.064 -3.68 1.3475 0.4354 0.1649 0.0442 0.0166 0.0420 0.0117 0.0768 0.0000 0.0182 0.0489 0.0014 0.1759
7.4 0.021 -3.68 1.3153 0.4089 0.1566 0.0427 0.0158 0.0401 0.0112 0.0788 0.0000 0.0176 0.0475 0.0013 0.1735
7.4 0.026 -3.68 1.3446 0.4120 0.1598 0.0435 0.0160 0.0403 0.0112 0.0781 0.0000 0.0179 0.0486 0.0014 0.1762
7.4 1.000 -3.52 1.0601 0.5554 0.2213 0.0408 0.0200 0.0512 0.0144 0.0682 0.0000 0.0182 0.0452 0.0033 0.1827
7.4 0.743 -3.48 1.1193 0.7062 0.1492 0.0481 0.0168 0.0428 0.0120 0.0815 0.0000 0.0190 0.0413 0.0042 0.2237
7.4 0.502 -3.45 1.0463 0.9051 0.1287 0.0532 0.0158 0.0401 0.0112 0.0990 0.0000 0.0199 0.0358 0.0058 0.2624
7.4 0.192 -3.41 0.9411 1.1019 0.1140 0.0572 0.0145 0.0368 0.0103 0.1229 0.0000 0.0206 0.0302 0.0088 0.3059
7.4 0.115 -3.39 0.9505 1.1149 0.1114 0.0579 0.0141 0.0358 0.0099 0.1271 0.0000 0.0208 0.0299 0.0094 0.3167
7.4 0.064 -3.39 0.9732 1.1023 0.1094 0.0581 0.0139 0.0350 0.0097 0.1291 0.0000 0.0208 0.0303 0.0096 0.3232
7.4 0.020 -3.38 0.9582 1.0476 0.1031 0.0560 0.0131 0.0332 0.0092 0.1316 0.0000 0.0200 0.0296 0.0093 0.3184
7.4 0.027 -3.38 0.9868 1.0599 0.1053 0.0571 0.0133 0.0335 0.0093 0.1309 0.0000 0.0204 0.0304 0.0094 0.3236
7.4 1.000 -3.28 0.8160 1.0447 0.1619 0.0505 0.0184 0.0470 0.0132 0.0784 0.0000 0.0196 0.0328 0.0201 0.3175
7.4 0.743 -3.22 0.7463 1.3475 0.0970 0.0596 0.0154 0.0393 0.0110 0.1009 0.0000 0.0208 0.0248 0.0261 0.3928
7.4 0.475 -3.17 0.5317 1.6876 0.0751 0.0651 0.0135 0.0344 0.0096 0.1395 0.0000 0.0218 0.0158 0.0380 0.4714
7.4 0.201 -3.09 0.3958 1.8753 0.0621 0.0679 0.0109 0.0277 0.0077 0.1915 0.0011 0.0223 0.0111 0.0596 0.5472
7.4 0.097 -3.05 0.3817 1.8890 0.0580 0.0686 0.0099 0.0251 0.0069 0.2080 0.0011 0.0225 0.0104 0.0706 0.5778
7.4 0.055 -3.04 0.3993 1.8959 0.0573 0.0695 0.0097 0.0246 0.0068 0.2120 0.0011 0.0229 0.0107 0.0741 0.5957
7.4 0.020 -3.02 0.3966 1.8258 0.0540 0.0673 0.0092 0.0231 0.0063 0.2132 0.0000 0.0222 0.0105 0.0739 0.5902
7.4 0.027 -3.02 0.3966 1.8258 0.0540 0.0673 0.0092 0.0231 0.0063 0.2132 0.0000 0.0222 0.0105 0.0739 0.5902
7.4 1.000 -3.04 0.6054 1.4468 0.1173 0.0551 0.0173 0.0443 0.0124 0.0845 0.0018 0.0193 0.0235 0.1009 0.4986
7.4 0.727 -2.97 0.4192 1.8794 0.0564 0.0642 0.0144 0.0368 0.0102 0.1147 0.0023 0.0203 0.0124 0.1361 0.6302
7.4 0.465 -2.89 0.2181 2.1692 0.0376 0.0668 0.0117 0.0298 0.0083 0.1708 0.0032 0.0203 0.0056 0.2006 0.7597
7.4 0.199 -2.76 0.1136 2.1425 0.0257 0.0655 0.0069 0.0176 0.0048 0.2668 0.0045 0.0194 0.0029 0.3410 0.8915
7.4 0.097 -2.68 0.0909 1.9997 0.0216 0.0639 0.0054 0.0137 0.0038 0.2952 0.0049 0.0190 0.0024 0.4395 0.9486
7.4 0.048 -2.64 0.0833 1.8983 0.0197 0.0627 0.0049 0.0123 0.0034 0.3024 0.0050 0.0189 0.0022 0.4942 0.9733
7.4 0.029 -2.62 0.0840 1.8866 0.0194 0.0633 0.0048 0.0121 0.0033 0.3077 0.0050 0.0193 0.0022 0.5215 0.9984
7.4 0.023 -2.60 0.0802 1.8015 0.0183 0.0610 0.0045 0.0115 0.0031 0.3037 0.0048 0.0187 0.0021 0.5227 0.9783
7.4 1.000 -2.80 0.4641 1.6782 0.0887 0.0541 0.0164 0.0419 0.0117 0.0918 0.0035 0.0179 0.0176 0.3319 0.6679
7.4 0.727 -2.72 0.2421 2.1213 0.0338 0.0606 0.0136 0.0347 0.0096 0.1258 0.0048 0.0180 0.0064 0.4524 0.8451
7.4 0.459 -2.62 0.0991 2.2675 0.0181 0.0583 0.0103 0.0262 0.0072 0.1956 0.0069 0.0161 0.0022 0.6876 1.0229
7.4 0.189 -2.43 0.0298 1.7177 0.0086 0.0491 0.0036 0.0092 0.0025 0.3298 0.0101 0.0119 0.0000 1.2840 1.1676
7.4 0.098 -2.31 0.0166 1.3265 0.0060 0.0439 0.0023 0.0059 0.0016 0.3546 0.0112 0.0101 0.0000 1.7187 1.1898
7.4 0.052 -2.23 0.0116 1.1103 0.0046 0.0403 0.0019 0.0047 0.0013 0.3610 0.0117 0.0090 0.0000 2.0404 1.1901
7.4 0.021 -2.15 0.0092 0.9688 0.0039 0.0378 0.0016 0.0042 0.0011 0.3677 0.0119 0.0084 0.0000 2.3177 1.1911
7.4 0.019 -2.12 0.0082 0.8970 0.0035 0.0357 0.0015 0.0039 0.0010 0.3611 0.0115 0.0078 0.0000 2.3223 1.1491
7.4 1.000 -2.56 0.3703 1.8019 0.0710 0.0509 0.0154 0.0394 0.0110 0.1024 0.0049 0.0165 0.0139 0.6122 0.7607
7.4 0.708 -2.48 0.1405 2.2192 0.0207 0.0542 0.0124 0.0317 0.0088 0.1443 0.0068 0.0157 0.0033 0.8592 0.9670
7.4 0.449 -2.37 0.0533 2.1727 0.0097 0.0477 0.0086 0.0219 0.0060 0.2251 0.0096 0.0123 0.0010 1.3020 1.1279
7.4 0.177 -2.14 0.0092 1.1237 0.0032 0.0330 0.0018 0.0045 0.0012 0.3647 0.0130 0.0066 0.0000 2.5019 1.1290
7.4 0.095 -2.01 0.0038 0.7310 0.0010 0.0261 0.0010 0.0026 0.0000 0.3793 0.0134 0.0045 0.0000 3.2750 1.0283
7.4 0.047 -1.86 0.0011 0.5195 0.0000 0.0209 0.0000 0.0018 0.0000 0.3865 0.0132 0.0032 0.0000 3.9526 0.9135
7.4 0.020 -1.73 0.0000 0.3915 0.0000 0.0169 0.0000 0.0014 0.0000 0.3905 0.0122 0.0022 0.0000 4.3208 0.7841
7.4 0.017 -1.67 0.0000 0.3472 0.0000 0.0153 0.0000 0.0012 0.0000 0.3941 0.0117 0.0019 0.0000 4.4142 0.7244
7.4 1.000 -2.32 0.3015 1.8572 0.0586 0.0469 0.0143 0.0366 0.0102 0.1165 0.0059 0.0151 0.0113 0.8286 0.8013
7.4 0.740 -2.25 0.1041 2.1926 0.0157 0.0478 0.0115 0.0293 0.0081 0.1574 0.0078 0.0139 0.0023 1.1155 0.9829
7.4 0.467 -2.14 0.0346 2.0229 0.0060 0.0392 0.0072 0.0185 0.0051 0.2475 0.0109 0.0098 0.0000 1.6990 1.1152
7.4 0.189 -1.92 0.0042 0.7900 0.0000 0.0236 0.0011 0.0027 0.0000 0.3768 0.0130 0.0041 0.0000 3.0932 0.9557
7.4 0.096 -1.75 0.0000 0.4330 0.0000 0.0161 0.0000 0.0013 0.0000 0.3864 0.0121 0.0022 0.0000 3.9235 0.7358
7.4 0.047 -1.59 0.0000 0.2737 0.0000 0.0111 0.0000 0.0000 0.0000 0.3939 0.0105 0.0012 0.0000 4.3557 0.5398
7.4 0.020 -1.41 0.0000 0.1823 0.0000 0.0077 0.0000 0.0000 0.0000 0.4040 0.0086 0.0000 0.0000 4.3781 0.3705
7.4 0.013 -1.27 0.0000 0.1389 0.0000 0.0059 0.0000 0.0000 0.0000 0.4192 0.0072 0.0000 0.0000 4.2346 0.2743
7.4 1.000 -2.13 0.2595 1.8508 0.0512 0.0435 0.0133 0.0341 0.0095 0.1297 0.0065 0.0140 0.0098 0.9639 0.8073
7.4 0.681 -2.04 0.0598 2.1202 0.0093 0.0408 0.0097 0.0247 0.0068 0.1902 0.0092 0.0115 0.0011 1.4059 1.0069
7.4 0.426 -1.93 0.0187 1.6766 0.0035 0.0310 0.0046 0.0116 0.0032 0.2995 0.0121 0.0070 0.0000 2.1212 1.0656
7.4 0.167 -1.70 0.0000 0.4912 0.0000 0.0164 0.0000 0.0015 0.0000 0.3834 0.0120 0.0024 0.0000 3.5374 0.7371
7.4 0.090 -1.55 0.0000 0.2854 0.0000 0.0109 0.0000 0.0000 0.0000 0.3906 0.0103 0.0012 0.0000 4.0451 0.5263
7.4 0.046 -1.39 0.0000 0.1788 0.0000 0.0072 0.0000 0.0000 0.0000 0.4001 0.0082 0.0000 0.0000 4.1157 0.3492
7.4 0.019 -1.18 0.0000 0.1059 0.0000 0.0043 0.0000 0.0000 0.0000 0.4180 0.0058 0.0000 0.0000 3.7491 0.1943
7.4 0.013 -1.03 0.0000 0.0740 0.0000 0.0029 0.0000 0.0000 0.0000 0.4407 0.0044 0.0000 0.0000 3.4169 0.1237
7.4 1.000 -1.83 0.2095 1.7592 0.0422 0.0381 0.0117 0.0300 0.0083 0.1528 0.0071 0.0122 0.0079 1.1176 0.7743
7.4 0.697 -1.75 0.0400 1.8953 0.0064 0.0329 0.0079 0.0201 0.0055 0.2191 0.0098 0.0091 0.0000 1.5947 0.9257
7.4 0.442 -1.65 0.0097 1.2261 0.0012 0.0227 0.0024 0.0061 0.0017 0.3340 0.0119 0.0047 0.0000 2.3560 0.8968
7.4 0.184 -1.44 0.0000 0.3137 0.0000 0.0110 0.0000 0.0000 0.0000 0.3806 0.0101 0.0014 0.0000 3.5285 0.5166
7.4 0.091 -1.27 0.0000 0.1653 0.0000 0.0065 0.0000 0.0000 0.0000 0.3915 0.0076 0.0000 0.0000 3.7273 0.3093
7.4 0.047 -1.11 0.0000 0.1008 0.0000 0.0040 0.0000 0.0000 0.0000 0.4078 0.0055 0.0000 0.0000 3.4547 0.1824
7.4 0.019 -0.89 0.0000 0.0515 0.0000 0.0019 0.0000 0.0000 0.0000 0.4383 0.0032 0.0000 0.0000 2.7837 0.0800
7.4 0.013 -0.73 0.0000 0.0315 0.0000 0.0010 0.0000 0.0000 0.0000 0.4736 0.0021 0.0000 0.0000 2.3848 0.0431
7.4 1.000 -1.60 0.1790 1.6288 0.0367 0.0339 0.0104 0.0266 0.0074 0.1726 0.0073 0.0109 0.0068 1.1807 0.7182
7.4 0.679 -1.51 0.0251 1.6115 0.0042 0.0262 0.0058 0.0149 0.0041 0.2538 0.0101 0.0070 0.0000 1.7303 0.8282
7.4 0.430 -1.41 0.0040 0.7471 0.0000 0.0165 0.0000 0.0025 0.0000 0.3559 0.0110 0.0030 0.0000 2.4925 0.6968
7.4 0.174 -1.19 0.0000 0.1906 0.0000 0.0071 0.0000 0.0000 0.0000 0.3779 0.0078 0.0000 0.0000 3.3662 0.3346
7.4 0.090 -1.04 0.0000 0.1059 0.0000 0.0042 0.0000 0.0000 0.0000 0.3917 0.0055 0.0000 0.0000 3.2722 0.1916
7.4 0.045 -0.87 0.0000 0.0602 0.0000 0.0023 0.0000 0.0000 0.0000 0.4153 0.0036 0.0000 0.0000 2.8122 0.0990
7.4 0.017 -0.64 0.0000 0.0268 0.0000 0.0000 0.0000 0.0000 0.0000 0.4564 0.0018 0.0000 0.0000 2.0983 0.0366
7.4 0.013 -0.49 0.0000 0.0159 0.0000 0.0000 0.0000 0.0000 0.0000 0.5031 0.0011 0.0000 0.0000 1.8341 0.0194
7.7 1.000 -4.01 2.0098 0.1151 0.6947 0.0421 0.0250 0.0638 0.0180 0.0414 0.0000 0.0371 0.1087 0.0000 0.0948
7.7 0.795 -4.00 2.1879 0.1358 0.5100 0.0466 0.0209 0.0532 0.0150 0.0389 0.0000 0.0365 0.1075 0.0000 0.1087
7.7 0.517 -3.99 2.3376 0.1833 0.4559 0.0525 0.0197 0.0501 0.0141 0.0400 0.0000 0.0368 0.1061 0.0000 0.1266
7.7 0.214 -3.97 2.4370 0.2376 0.4332 0.0574 0.0192 0.0487 0.0137 0.0423 0.0000 0.0379 0.1061 0.0000 0.1457
7.7 0.100 -3.97 2.4858 0.2449 0.4290 0.0590 0.0190 0.0483 0.0136 0.0436 0.0000 0.0384 0.1070 0.0000 0.1550
7.7 0.066 -3.97 2.4994 0.2419 0.4269 0.0594 0.0187 0.0474 0.0132 0.0438 0.0000 0.0385 0.1073 0.0000 0.1578
7.7 0.021 -3.97 2.4388 0.2274 0.4094 0.0580 0.0179 0.0453 0.0127 0.0457 0.0000 0.0373 0.1043 0.0000 0.1580
7.7 0.026 -3.97 2.4864 0.2291 0.4175 0.0591 0.0181 0.0455 0.0127 0.0451 0.0000 0.0380 0.1064 0.0000 0.1605
7.7 1.000 -3.76 2.1971 0.4019 0.5595 0.0596 0.0224 0.0572 0.0161 0.0552 0.0000 0.0408 0.1051 0.0000 0.1818
7.7 0.767 -3.74 2.4014 0.4928 0.4009 0.0686 0.0188 0.0479 0.0135 0.0586 0.0000 0.0413 0.1024 0.0011 0.2160
7.7 0.511 -3.72 2.4691 0.6469 0.3561 0.0769 0.0180 0.0457 0.0128 0.0657 0.0000 0.0426 0.0987 0.0015 0.2517
7.7 0.192 -3.69 2.4739 0.8327 0.3300 0.0841 0.0174 0.0442 0.0124 0.0747 0.0000 0.0442 0.0943 0.0022 0.2925
7.7 0.100 -3.68 2.4925 0.8414 0.3221 0.0849 0.0171 0.0434 0.0122 0.0765 0.0000 0.0443 0.0938 0.0024 0.3047
7.7 0.065 -3.68 2.5357 0.8270 0.3214 0.0856 0.0169 0.0427 0.0119 0.0768 0.0000 0.0445 0.0949 0.0024 0.3109
7.7 0.021 -3.68 2.4883 0.7806 0.3061 0.0831 0.0161 0.0407 0.0114 0.0789 0.0000 0.0430 0.0924 0.0023 0.3098
7.7 0.026 -3.68 2.5444 0.7868 0.3124 0.0847 0.0163 0.0409 0.0114 0.0782 0.0000 0.0439 0.0945 0.0023 0.3147
7.7 1.000 -3.52 2.0216 1.0483 0.4343 0.0793 0.0203 0.0519 0.0146 0.0688 0.0000 0.0448 0.0885 0.0054 0.3223
7.7 0.754 -3.48 2.1300 1.3204 0.2957 0.0930 0.0172 0.0437 0.0123 0.0814 0.0000 0.0466 0.0812 0.0069 0.3910
7.7 0.484 -3.45 1.9404 1.7342 0.2478 0.1034 0.0160 0.0406 0.0114 0.1009 0.0000 0.0484 0.0685 0.0098 0.4599
7.7 0.200 -3.41 1.7525 2.0603 0.2215 0.1099 0.0148 0.0376 0.0105 0.1226 0.0000 0.0499 0.0585 0.0143 0.5234
7.7 0.118 -3.39 1.7727 2.0957 0.2165 0.1116 0.0144 0.0365 0.0102 0.1273 0.0000 0.0504 0.0581 0.0156 0.5461
7.7 0.064 -3.39 1.8237 2.0827 0.2132 0.1124 0.0141 0.0357 0.0099 0.1295 0.0000 0.0506 0.0589 0.0161 0.5631
7.7 0.020 -3.38 1.8063 1.9909 0.2014 0.1088 0.0134 0.0338 0.0094 0.1322 0.0000 0.0488 0.0576 0.0158 0.5614
7.7 0.026 -3.38 1.8595 2.0140 0.2058 0.1109 0.0136 0.0341 0.0095 0.1314 0.0000 0.0498 0.0592 0.0160 0.5705
7.7 1.000 -3.27 1.5601 1.9657 0.3176 0.0981 0.0187 0.0478 0.0134 0.0795 0.0011 0.0480 0.0644 0.0320 0.5487
7.7 0.754 -3.22 1.4264 2.5050 0.1918 0.1147 0.0158 0.0402 0.0112 0.1010 0.0014 0.0505 0.0492 0.0411 0.6690
7.7 0.471 -3.16 0.9778 3.1605 0.1446 0.1252 0.0138 0.0351 0.0098 0.1418 0.0019 0.0526 0.0303 0.0610 0.7973
7.7 0.185 -3.08 0.7190 3.4942 0.1184 0.1302 0.0111 0.0281 0.0078 0.1961 0.0025 0.0538 0.0210 0.0974 0.9205
7.7 0.099 -3.05 0.7075 3.5284 0.1126 0.1317 0.0103 0.0260 0.0072 0.2097 0.0025 0.0545 0.0202 0.1130 0.9703
7.7 0.055 -3.04 0.7435 3.5595 0.1114 0.1340 0.0100 0.0254 0.0070 0.2141 0.0024 0.0556 0.0208 0.1209 1.0124
7.7 0.020 -3.02 0.7153 3.3933 0.1028 0.1276 0.0093 0.0235 0.0065 0.2159 0.0024 0.0529 0.0198 0.1214 1.0003
7.7 0.026 -3.02 0.7442 3.4514 0.1054 0.1305 0.0095 0.0238 0.0066 0.2155 0.0023 0.0542 0.0205 0.1231 1.0171
7.7 1.000 -3.04 1.1577 2.7124 0.2300 0.1066 0.0176 0.0451 0.0126 0.0861 0.0040 0.0471 0.0461 0.1557 0.8372
7.7 0.752 -2.97 0.8318 3.4434 0.1144 0.1227 0.0150 0.0381 0.0106 0.1132 0.0051 0.0492 0.0259 0.2032 1.0289
7.7 0.475 -2.88 0.4074 4.0055 0.0728 0.1276 0.0122 0.0311 0.0086 0.1710 0.0072 0.0488 0.0110 0.3033 1.2283
7.7 0.198 -2.75 0.2063 3.9540 0.0489 0.1248 0.0073 0.0184 0.0051 0.2730 0.0103 0.0464 0.0055 0.5291 1.4352
7.7 0.098 -2.68 0.1685 3.7280 0.0417 0.1226 0.0057 0.0145 0.0040 0.3015 0.0113 0.0458 0.0046 0.6862 1.5393
7.7 0.049 -2.64 0.1555 3.5607 0.0382 0.1207 0.0051 0.0130 0.0036 0.3091 0.0115 0.0458 0.0043 0.7840 1.5980
7.7 0.030 -2.62 0.1597 3.5874 0.0380 0.1234 0.0051 0.0129 0.0035 0.3166 0.0116 0.0475 0.0044 0.8432 1.6683
7.7 0.023 -2.60 0.1507 3.4034 0.0355 0.1180 0.0048 0.0121 0.0033 0.3107 0.0112 0.0455 0.0041 0.8484 1.6325
7.7 1.000 -2.80 0.8870 3.1444 0.1736 0.1043 0.0167 0.0429 0.0120 0.0939 0.0081 0.0436 0.0345 0.4704 1.0911
7.7 0.748 -2.72 0.4811 3.9125 0.0686 0.1159 0.0142 0.0362 0.0101 0.1251 0.0106 0.0437 0.0134 0.6241 1.3444
7.7 0.463 -2.61 0.1781 4.1590 0.0341 0.1099 0.0107 0.0273 0.0076 0.1989 0.0157 0.0381 0.0041 0.9682 1.5935
7.7 0.192 -2.42 0.0540 3.1645 0.0160 0.0918 0.0039 0.0099 0.0027 0.3379 0.0227 0.0282 0.0014 1.8348 1.7832
7.7 0.101 -2.31 0.0312 2.5134 0.0113 0.0835 0.0026 0.0065 0.0018 0.3697 0.0257 0.0245 0.0000 2.5365 1.8462
7.7 0.054 -2.23 0.0218 2.0935 0.0087 0.0762 0.0020 0.0051 0.0014 0.3750 0.0267 0.0219 0.0000 3.0826 1.8451
7.7 0.022 -2.15 0.0178 1.8783 0.0074 0.0732 0.0018 0.0046 0.0012 0.3869 0.0277 0.0209 0.0000 3.6492 1.9003
7.7 0.019 -2.12 0.0156 1.7063 0.0065 0.0676 0.0016 0.0042 0.0011 0.3745 0.0265 0.0191 0.0000 3.6255 1.8097
7.7 1.000 -2.56 0.7085 3.3881 0.1389 0.0978 0.0158 0.0404 0.0113 0.1052 0.0111 0.0403 0.0273 0.7806 1.2268
7.7 0.721 -2.47 0.2705 4.1252 0.0410 0.1033 0.0130 0.0331 0.0092 0.1456 0.0152 0.0381 0.0066 1.0766 1.5190
7.7 0.449 -2.36 0.0934 3.9796 0.0176 0.0885 0.0090 0.0229 0.0063 0.2317 0.0219 0.0289 0.0019 1.6689 1.7171
7.7 0.185 -2.14 0.0175 2.1333 0.0060 0.0610 0.0020 0.0051 0.0014 0.3770 0.0290 0.0158 0.0000 3.2289 1.6678
7.7 0.098 -2.00 0.0071 1.3632 0.0032 0.0474 0.0011 0.0028 0.0000 0.3970 0.0303 0.0107 0.0000 4.4942 1.5046
7.7 0.048 -1.86 0.0035 0.9675 0.0010 0.0375 0.0000 0.0019 0.0000 0.4067 0.0298 0.0075 0.0000 5.6731 1.3364
7.7 0.022 -1.73 0.0012 0.7356 0.0000 0.0302 0.0000 0.0015 0.0000 0.4080 0.0279 0.0055 0.0000 6.4163 1.1642
7.7 0.013 -1.64 0.0000 0.5934 0.0000 0.0250 0.0000 0.0012 0.0000 0.4070 0.0253 0.0042 0.0000 6.5113 1.0080
7.7 1.000 -2.32 0.5780 3.5152 0.1148 0.0901 0.0147 0.0376 0.0105 0.1202 0.0135 0.0370 0.0222 0.9952 1.2959
7.7 0.757 -2.25 0.2061 4.1078 0.0320 0.0914 0.0121 0.0309 0.0086 0.1586 0.0176 0.0339 0.0048 1.3104 1.5480
7.7 0.472 -2.13 0.0624 3.7491 0.0111 0.0726 0.0078 0.0198 0.0054 0.2528 0.0247 0.0231 0.0011 2.0339 1.6902
7.7 0.190 -1.90 0.0072 1.4271 0.0028 0.0415 0.0011 0.0028 0.0000 0.3929 0.0292 0.0095 0.0000 3.9145 1.3688
7.7 0.095 -1.74 0.0013 0.7692 0.0000 0.0272 0.0000 0.0014 0.0000 0.4039 0.0269 0.0051 0.0000 5.3030 1.0313
7.7 0.048 -1.58 0.0000 0.4920 0.0000 0.0186 0.0000 0.0000 0.0000 0.4138 0.0236 0.0028 0.0000 6.2038 0.7709
7.7 0.022 -1.41 0.0000 0.3217 0.0000 0.0123 0.0000 0.0000 0.0000 0.4210 0.0193 0.0015 0.0000 6.4505 0.5397
7.7 0.014 -1.28 0.0000 0.2453 0.0000 0.0093 0.0000 0.0000 0.0000 0.4329 0.0165 0.0000 0.0000 6.4118 0.4140
7.7 1.000 -2.12 0.4987 3.5260 0.1003 0.0836 0.0138 0.0352 0.0098 0.1342 0.0150 0.0343 0.0191 1.1299 1.3162
7.7 0.691 -2.03 0.1137 4.0043 0.0182 0.0774 0.0103 0.0262 0.0072 0.1940 0.0211 0.0279 0.0022 1.6281 1.5914
7.7 0.432 -1.92 0.0340 3.1375 0.0063 0.0566 0.0050 0.0128 0.0035 0.3063 0.0273 0.0166 0.0000 2.4889 1.6097
7.7 0.181 -1.71 0.0033 0.9638 0.0000 0.0297 0.0000 0.0017 0.0000 0.4017 0.0274 0.0060 0.0000 4.3931 1.0989
7.7 0.089 -1.53 0.0000 0.4919 0.0000 0.0176 0.0000 0.0000 0.0000 0.4092 0.0226 0.0027 0.0000 5.5028 0.7247
7.7 0.046 -1.37 0.0000 0.3007 0.0000 0.0110 0.0000 0.0000 0.0000 0.4171 0.0180 0.0013 0.0000 5.8495 0.4814
7.7 0.018 -1.16 0.0000 0.1657 0.0000 0.0058 0.0000 0.0000 0.0000 0.4344 0.0123 0.0000 0.0000 5.4629 0.2630
7.7 0.012 -1.00 0.0000 0.1112 0.0000 0.0037 0.0000 0.0000 0.0000 0.4558 0.0093 0.0000 0.0000 5.0066 0.1681
7.7 1.000 -1.83 0.4043 3.3872 0.0830 0.0733 0.0121 0.0311 0.0086 0.1587 0.0166 0.0301 0.0156 1.2947 1.2858
7.7 0.714 -1.75 0.0798 3.6482 0.0130 0.0633 0.0086 0.0218 0.0060 0.2220 0.0225 0.0228 0.0014 1.8096 1.4932
7.7 0.452 -1.64 0.0188 2.4049 0.0037 0.0421 0.0029 0.0074 0.0020 0.3431 0.0274 0.0116 0.0000 2.7476 1.4013
7.7 0.188 -1.43 0.0000 0.5729 0.0000 0.0186 0.0000 0.0000 0.0000 0.4015 0.0228 0.0032 0.0000 4.5967 0.7588
7.7 0.090 -1.25 0.0000 0.2721 0.0000 0.0096 0.0000 0.0000 0.0000 0.4101 0.0163 0.0012 0.0000 5.1763 0.4227
7.7 0.047 -1.09 0.0000 0.1587 0.0000 0.0055 0.0000 0.0000 0.0000 0.4255 0.0116 0.0000 0.0000 4.9413 0.2476
7.7 0.019 -0.87 0.0000 0.0754 0.0000 0.0023 0.0000 0.0000 0.0000 0.4495 0.0066 0.0000 0.0000 4.0080 0.1086
7.7 0.012 -0.69 0.0000 0.0407 0.0000 0.0011 0.0000 0.0000 0.0000 0.4802 0.0040 0.0000 0.0000 3.3069 0.0539
7.7 1.000 -1.59 0.3469 3.1611 0.0722 0.0654 0.0108 0.0276 0.0077 0.1798 0.0172 0.0269 0.0135 1.3692 1.2126
7.7 0.692 -1.51 0.0497 3.1443 0.0083 0.0503 0.0065 0.0164 0.0045 0.2595 0.0235 0.0174 0.0000 1.9864 1.3585
7.7 0.436 -1.40 0.0078 1.4678 0.0012 0.0302 0.0011 0.0029 0.0000 0.3735 0.0256 0.0074 0.0000 3.0073 1.1112
7.7 0.176 -1.18 0.0000 0.3366 0.0000 0.0115 0.0000 0.0000 0.0000 0.3984 0.0176 0.0016 0.0000 4.5984 0.4922
7.7 0.088 -1.01 0.0000 0.1672 0.0000 0.0059 0.0000 0.0000 0.0000 0.4133 0.0118 0.0000 0.0000 4.6716 0.2610
7.7 0.043 -0.84 0.0000 0.0849 0.0000 0.0028 0.0000 0.0000 0.0000 0.4319 0.0071 0.0000 0.0000 3.9644 0.1259
7.7 0.017 -0.61 0.0000 0.0354 0.0000 0.0000 0.0000 0.0000 0.0000 0.4661 0.0035 0.0000 0.0000 2.9442 0.0470
7.7 0.013 -0.45 0.0000 0.0197 0.0000 0.0000 0.0000 0.0000 0.0000 0.5085 0.0021 0.0000 0.0000 2.5224 0.0246
8.0 1.000 -4.01 3.6423 0.2082 1.3238 0.0800 0.0255 0.0651 0.0184 0.0416 0.0000 0.0564 0.2066 0.0000 0.0352
8.0 0.817 -4.00 3.9215 0.2435 0.9845 0.0876 0.0214 0.0545 0.0154 0.0390 0.0000 0.0552 0.2035 0.0000 0.0397
8.0 0.518 -3.99 4.1469 0.3305 0.8606 0.0986 0.0200 0.0509 0.0143 0.0398 0.0000 0.0550 0.1984 0.0000 0.0457
8.0 0.277 -3.98 4.2513 0.4099 0.8212 0.1056 0.0197 0.0499 0.0141 0.0416 0.0000 0.0559 0.1972 0.0000 0.0503
8.0 0.101 -3.97 4.3947 0.4414 0.8091 0.1106 0.0194 0.0492 0.0138 0.0433 0.0000 0.0572 0.1997 0.0000 0.0556
8.0 0.067 -3.97 4.4422 0.4384 0.8076 0.1117 0.0191 0.0482 0.0135 0.0436 0.0000 0.0575 0.2009 0.0000 0.0573
8.0 0.021 -3.97 4.3803 0.4161 0.7791 0.1097 0.0182 0.0462 0.0130 0.0455 0.0000 0.0561 0.1966 0.0000 0.0584
8.0 0.025 -3.97 4.4646 0.4193 0.7943 0.1117 0.0184 0.0464 0.0129 0.0449 0.0000 0.0572 0.2004 0.0000 0.0593
8.0 1.000 -3.75 3.9953 0.7236 1.0707 0.1133 0.0228 0.0584 0.0165 0.0556 0.0000 0.0619 0.2005 0.0000 0.0672
8.0 0.794 -3.74 4.3080 0.8630 0.7800 0.1281 0.0193 0.0492 0.0138 0.0582 0.0000 0.0621 0.1949 0.0000 0.0778
8.0 0.514 -3.71 4.3742 1.1573 0.6738 0.1441 0.0184 0.0467 0.0131 0.0654 0.0000 0.0634 0.1850 0.0000 0.0901
8.0 0.199 -3.69 4.3373 1.4808 0.6224 0.1567 0.0179 0.0453 0.0127 0.0738 0.0000 0.0655 0.1761 0.0000 0.1027
8.0 0.100 -3.68 4.3973 1.5122 0.6086 0.1591 0.0175 0.0444 0.0125 0.0761 0.0000 0.0659 0.1755 0.0000 0.1087
8.0 0.065 -3.68 4.5013 1.4951 0.6094 0.1610 0.0173 0.0436 0.0122 0.0764 0.0000 0.0665 0.1782 0.0000 0.1122
8.0 0.021 -3.68 4.4671 1.4263 0.5843 0.1573 0.0164 0.0416 0.0116 0.0787 0.0000 0.0647 0.1748 0.0000 0.1142
8.0 0.026 -3.68 4.5661 1.4379 0.5962 0.1603 0.0166 0.0418 0.0116 0.0780 0.0000 0.0659 0.1786 0.0000 0.1160
8.0 1.000 -3.51 3.6905 1.8789 0.8326 0.1503 0.0207 0.0529 0.0149 0.0696 0.0000 0.0677 0.1697 0.0018 0.1169
8.0 0.777 -3.48 3.8388 2.3077 0.5726 0.1731 0.0176 0.0448 0.0126 0.0806 0.0000 0.0694 0.1555 0.0022 0.1383
8.0 0.503 -3.45 3.4410 3.0329 0.4710 0.1919 0.0165 0.0418 0.0117 0.0996 0.0000 0.0716 0.1301 0.0031 0.1590
8.0 0.197 -3.41 3.0349 3.6394 0.4145 0.2039 0.0152 0.0387 0.0108 0.1225 0.0000 0.0734 0.1090 0.0046 0.1792
8.0 0.112 -3.39 3.0937 3.7245 0.4066 0.2079 0.0148 0.0376 0.0105 0.1274 0.0000 0.0745 0.1086 0.0051 0.1897
8.0 0.065 -3.39 3.2117 3.7306 0.4036 0.2104 0.0146 0.0368 0.0103 0.1293 0.0000 0.0752 0.1108 0.0053 0.1986
8.0 0.021 -3.38 3.2219 3.6091 0.3844 0.2053 0.0138 0.0349 0.0097 0.1323 0.0000 0.0731 0.1093 0.0054 0.2029
8.0 0.026 -3.38 3.3150 3.6509 0.3926 0.2093 0.0140 0.0352 0.0098 0.1315 0.0000 0.0746 0.1121 0.0055 0.2062
8.0 1.000 -3.27 2.8820 3.4649 0.6138 0.1843 0.0191 0.0489 0.0138 0.0807 0.0015 0.0721 0.1249 0.0098 0.1908
8.0 0.758 -3.22 2.5977 4.3960 0.3694 0.2140 0.0162 0.0413 0.0116 0.1018 0.0018 0.0751 0.0950 0.0125 0.2294
8.0 0.471 -3.16 1.7160 5.4866 0.2736 0.2306 0.0143 0.0363 0.0101 0.1423 0.0025 0.0770 0.0576 0.0184 0.2631
8.0 0.211 -3.10 1.2873 5.9981 0.2284 0.2383 0.0119 0.0302 0.0084 0.1902 0.0031 0.0783 0.0413 0.0277 0.2938
8.0 0.103 -3.06 1.2596 6.1366 0.2156 0.2427 0.0109 0.0276 0.0077 0.2077 0.0033 0.0797 0.0391 0.0339 0.3186
8.0 0.053 -3.04 1.3656 6.3722 0.2181 0.2531 0.0108 0.0273 0.0076 0.2137 0.0033 0.0835 0.0412 0.0381 0.3474
8.0 0.020 -3.03 1.3107 6.0591 0.2001 0.2394 0.0099 0.0249 0.0069 0.2154 0.0031 0.0788 0.0390 0.0386 0.3465
8.0 0.026 -3.03 1.3616 6.1569 0.2049 0.2445 0.0100 0.0252 0.0070 0.2149 0.0031 0.0807 0.0403 0.0390 0.3518
8.0 1.000 -3.03 2.1381 4.8138 0.4430 0.2003 0.0181 0.0462 0.0130 0.0879 0.0054 0.0707 0.0890 0.0483 0.2854
8.0 0.760 -2.97 1.5149 6.0509 0.2198 0.2283 0.0154 0.0393 0.0110 0.1143 0.0068 0.0728 0.0502 0.0623 0.3437
8.0 0.486 -2.88 0.7108 6.9175 0.1370 0.2337 0.0128 0.0325 0.0090 0.1708 0.0095 0.0711 0.0210 0.0913 0.3928
8.0 0.197 -2.75 0.3547 6.8226 0.0910 0.2277 0.0077 0.0194 0.0054 0.2749 0.0135 0.0675 0.0103 0.1611 0.4562
8.0 0.101 -2.69 0.3025 6.5895 0.0796 0.2269 0.0062 0.0157 0.0043 0.3036 0.0150 0.0675 0.0088 0.2119 0.5026
8.0 0.051 -2.64 0.2883 6.4372 0.0743 0.2272 0.0056 0.0141 0.0039 0.3127 0.0155 0.0685 0.0084 0.2503 0.5392
8.0 0.031 -2.63 0.3072 6.6901 0.0762 0.2390 0.0057 0.0143 0.0039 0.3263 0.0159 0.0732 0.0088 0.2806 0.5850
8.0 0.023 -2.61 0.2844 6.2458 0.0695 0.2243 0.0052 0.0131 0.0036 0.3150 0.0153 0.0688 0.0082 0.2828 0.5692
8.0 1.000 -2.79 1.6393 5.6283 0.3337 0.1959 0.0172 0.0440 0.0123 0.0958 0.0112 0.0653 0.0665 0.1688 0.3739
8.0 0.745 -2.71 0.8333 6.9567 0.1264 0.2152 0.0146 0.0372 0.0104 0.1281 0.0147 0.0644 0.0245 0.2246 0.4530
8.0 0.472 -2.61 0.3048 7.2349 0.0630 0.2010 0.0113 0.0288 0.0080 0.1990 0.0212 0.0555 0.0077 0.3383 0.5131
8.0 0.194 -2.42 0.0960 5.6853 0.0299 0.1702 0.0043 0.0108 0.0030 0.3449 0.0315 0.0416 0.0026 0.6481 0.5947
8.0 0.093 -2.30 0.0541 4.4853 0.0204 0.1538 0.0026 0.0066 0.0018 0.3777 0.0364 0.0360 0.0017 0.9392 0.6431
8.0 0.054 -2.23 0.0416 3.9265 0.0167 0.1444 0.0022 0.0055 0.0015 0.3799 0.0379 0.0334 0.0014 1.1160 0.6625
8.0 0.021 -2.15 0.0324 3.4139 0.0135 0.1334 0.0018 0.0047 0.0013 0.3830 0.0387 0.0304 0.0011 1.3122 0.6775
8.0 0.019 -2.13 0.0305 3.2713 0.0128 0.1298 0.0018 0.0045 0.0012 0.3808 0.0383 0.0296 0.0011 1.3541 0.6758
8.0 1.000 -2.54 1.3050 6.1431 0.2653 0.1839 0.0162 0.0415 0.0116 0.1077 0.0159 0.0604 0.0521 0.3323 0.4297
8.0 0.746 -2.47 0.5107 7.3397 0.0811 0.1922 0.0136 0.0347 0.0097 0.1443 0.0211 0.0566 0.0135 0.4436 0.5138
8.0 0.471 -2.35 0.1646 7.0293 0.0327 0.1622 0.0098 0.0249 0.0069 0.2267 0.0301 0.0425 0.0035 0.6756 0.5619
8.0 0.184 -2.13 0.0294 3.8035 0.0103 0.1102 0.0020 0.0052 0.0014 0.3863 0.0417 0.0226 0.0000 1.3579 0.5785
8.0 0.096 -1.98 0.0120 2.4540 0.0054 0.0853 0.0011 0.0028 0.0000 0.4046 0.0438 0.0155 0.0000 1.8599 0.5368
8.0 0.052 -1.86 0.0064 1.7949 0.0032 0.0682 0.0000 0.0020 0.0000 0.4088 0.0430 0.0111 0.0000 2.2241 0.4842
8.0 0.022 -1.72 0.0037 1.3665 0.0011 0.0548 0.0000 0.0015 0.0000 0.4175 0.0410 0.0081 0.0000 2.5470 0.4284
8.0 0.016 -1.65 0.0029 1.1941 0.0000 0.0487 0.0000 0.0013 0.0000 0.4200 0.0390 0.0068 0.0000 2.6271 0.3946
8.0 1.000 -2.31 1.0801 6.4424 0.2217 0.1708 0.0152 0.0388 0.0109 0.1226 0.0193 0.0559 0.0428 0.4558 0.4624
8.0 0.726 -2.23 0.3134 7.4702 0.0519 0.1677 0.0123 0.0313 0.0087 0.1688 0.0262 0.0490 0.0073 0.6249 0.5485
8.0 0.463 -2.12 0.1006 6.6054 0.0190 0.1309 0.0079 0.0201 0.0056 0.2630 0.0356 0.0329 0.0019 0.9379 0.5733
8.0 0.185 -1.89 0.0119 2.5243 0.0046 0.0739 0.0011 0.0028 0.0000 0.4014 0.0421 0.0134 0.0000 1.7465 0.4817
8.0 0.094 -1.72 0.0038 1.3961 0.0011 0.0483 0.0000 0.0014 0.0000 0.4133 0.0389 0.0073 0.0000 2.2095 0.3679
8.0 0.046 -1.56 0.0000 0.8605 0.0000 0.0312 0.0000 0.0000 0.0000 0.4216 0.0332 0.0039 0.0000 2.4271 0.2640
8.0 0.019 -1.37 0.0000 0.5401 0.0000 0.0192 0.0000 0.0000 0.0000 0.4330 0.0264 0.0019 0.0000 2.4136 0.1751
8.0 0.014 -1.26 0.0000 0.4261 0.0000 0.0148 0.0000 0.0000 0.0000 0.4441 0.0230 0.0013 0.0000 2.3590 0.1385
8.0 1.000 -2.07 0.8999 6.5366 0.1873 0.1557 0.0139 0.0356 0.0099 0.1416 0.0224 0.0510 0.0356 0.5731 0.4828
8.0 0.743 -1.99 0.2319 7.3224 0.0392 0.1456 0.0110 0.0280 0.0078 0.1903 0.0296 0.0427 0.0050 0.7679 0.5591
8.0 0.490 -1.89 0.0725 6.1350 0.0129 0.1078 0.0065 0.0165 0.0045 0.2869 0.0383 0.0267 0.0012 1.1175 0.5643
8.0 0.188 -1.65 0.0050 1.6267 0.0013 0.0491 0.0000 0.0016 0.0000 0.4086 0.0386 0.0079 0.0000 1.9568 0.3731
8.0 0.097 -1.49 0.0000 0.8432 0.0000 0.0285 0.0000 0.0000 0.0000 0.4181 0.0314 0.0037 0.0000 2.1932 0.2411
8.0 0.049 -1.32 0.0000 0.4916 0.0000 0.0165 0.0000 0.0000 0.0000 0.4318 0.0241 0.0017 0.0000 2.1623 0.1500
8.0 0.019 -1.09 0.0000 0.2367 0.0000 0.0071 0.0000 0.0000 0.0000 0.4469 0.0150 0.0000 0.0000 1.8311 0.0707
8.0 0.013 -0.94 0.0000 0.1520 0.0000 0.0041 0.0000 0.0000 0.0000 0.4619 0.0109 0.0000 0.0000 1.6402 0.0438
8.0 1.000 -1.83 0.7643 6.3876 0.1613 0.1405 0.0126 0.0322 0.0090 0.1624 0.0245 0.0461 0.0303 0.6742 0.4840
8.0 0.713 -1.75 0.1412 6.8017 0.0241 0.1187 0.0090 0.0228 0.0063 0.2276 0.0333 0.0341 0.0026 0.9403 0.5500
8.0 0.451 -1.63 0.0329 4.4439 0.0067 0.0770 0.0031 0.0077 0.0021 0.3524 0.0403 0.0170 0.0000 1.3951 0.5114
8.0 0.187 -1.42 0.0013 1.0237 0.0000 0.0320 0.0000 0.0000 0.0000 0.4113 0.0327 0.0045 0.0000 2.0255 0.2688
8.0 0.095 -1.25 0.0000 0.4982 0.0000 0.0163 0.0000 0.0000 0.0000 0.4203 0.0235 0.0017 0.0000 2.0171 0.1483
8.0 0.046 -1.07 0.0000 0.2512 0.0000 0.0077 0.0000 0.0000 0.0000 0.4353 0.0152 0.0000 0.0000 1.7394 0.0746
8.0 0.019 -0.84 0.0000 0.1116 0.0000 0.0028 0.0000 0.0000 0.0000 0.4589 0.0083 0.0000 0.0000 1.3656 0.0312
8.0 0.014 -0.68 0.0000 0.0626 0.0000 0.0013 0.0000 0.0000 0.0000 0.4860 0.0053 0.0000 0.0000 1.1989 0.0169
8.0 1.000 -1.59 0.6582 6.0280 0.1405 0.1258 0.0112 0.0287 0.0080 0.1845 0.0257 0.0414 0.0263 0.7490 0.4662
8.0 0.697 -1.50 0.0912 5.9621 0.0157 0.0951 0.0069 0.0175 0.0048 0.2644 0.0349 0.0265 0.0015 1.0694 0.5114
8.0 0.432 -1.39 0.0131 2.6748 0.0037 0.0544 0.0011 0.0028 0.0000 0.3866 0.0380 0.0107 0.0000 1.5686 0.4152
8.0 0.181 -1.18 0.0000 0.6214 0.0000 0.0199 0.0000 0.0000 0.0000 0.4110 0.0257 0.0024 0.0000 1.9486 0.1778
8.0 0.088 -1.00 0.0000 0.2762 0.0000 0.0086 0.0000 0.0000 0.0000 0.4263 0.0160 0.0000 0.0000 1.7261 0.0829
8.0 0.048 -0.84 0.0000 0.1440 0.0000 0.0040 0.0000 0.0000 0.0000 0.4422 0.0100 0.0000 0.0000 1.4128 0.0416
8.0 0.018 -0.59 0.0000 0.0503 0.0000 0.0010 0.0000 0.0000 0.0000 0.4732 0.0043 0.0000 0.0000 1.0235 0.0136
8.0 0.013 -0.42 0.0000 0.0243 0.0000 0.0000 0.0000 0.0000 0.0000 0.5066 0.0023 0.0000 0.0000 0.9138 0.0064
8.3 1.000 -4.01 5.3676 0.3063 2.2589 0.1356 0.0264 0.0676 0.0191 0.0415 0.0000 0.1223 1.1083 0.0000 0.1643
8.3 0.833 -4.00 5.6792 0.3531 1.7154 0.1465 0.0222 0.0566 0.0160 0.0383 0.0000 0.1183 1.0811 0.0000 0.1811
8.3 0.550 -3.99 5.6927 0.4671 1.4375 0.1600 0.0207 0.0526 0.0149 0.0385 0.0000 0.1133 1.0136 0.0000 0.1902
8.3 0.215 -3.97 5.6829 0.6030 1.3222 0.1714 0.0201 0.0511 0.0144 0.0402 0.0000 0.1133 0.9830 0.0000 0.2051
8.3 0.130 -3.97 5.8683 0.6315 1.3268 0.1770 0.0199 0.0505 0.0142 0.0410 0.0000 0.1157 1.0001 0.0000 0.2213
8.3 0.069 -3.97 6.1385 0.6447 1.3444 0.1830 0.0196 0.0497 0.0140 0.0420 0.0000 0.1188 1.0274 0.0000 0.2437
8.3 0.022 -3.97 6.2649 0.6310 1.3231 0.1835 0.0189 0.0478 0.0135 0.0442 0.0000 0.1183 1.0271 0.0000 0.2648
8.3 0.025 -3.97 6.3797 0.6358 1.3481 0.1867 0.0190 0.0480 0.0134 0.0435 0.0000 0.1205 1.0465 0.0000 0.2684
8.3 1.000 -3.75 6.0003 1.0608 1.8613 0.1929 0.0237 0.0605 0.0171 0.0555 0.0000 0.1346 1.0913 0.0011 0.3151
8.3 0.806 -3.73 6.3171 1.2536 1.3614 0.2148 0.0201 0.0511 0.0144 0.0572 0.0000 0.1323 1.0430 0.0013 0.3553
8.3 0.503 -3.71 5.9970 1.6945 1.1136 0.2364 0.0190 0.0483 0.0136 0.0641 0.0000 0.1303 0.9437 0.0018 0.3778
8.3 0.219 -3.69 5.8028 2.0492 1.0253 0.2503 0.0185 0.0470 0.0132 0.0699 0.0000 0.1318 0.8922 0.0024 0.4060
8.3 0.103 -3.68 6.0152 2.1726 1.0147 0.2594 0.0181 0.0459 0.0129 0.0730 0.0000 0.1349 0.9007 0.0028 0.4503
8.3 0.067 -3.68 6.2480 2.1910 1.0240 0.2648 0.0179 0.0454 0.0127 0.0739 0.0000 0.1374 0.9215 0.0030 0.4804
8.3 0.021 -3.68 6.4115 2.1555 1.0010 0.2641 0.0171 0.0434 0.0122 0.0766 0.0000 0.1365 0.9226 0.0032 0.5198
8.3 0.026 -3.68 6.5470 2.1729 1.0207 0.2689 0.0173 0.0436 0.0122 0.0758 0.0000 0.1391 0.9418 0.0032 0.5274
8.3 1.000 -3.51 5.6303 2.7390 1.4581 0.2550 0.0214 0.0549 0.0155 0.0701 0.0000 0.1459 0.9358 0.0058 0.5339
8.3 0.797 -3.48 5.6791 3.2961 1.0057 0.2875 0.0184 0.0468 0.0132 0.0792 0.0000 0.1461 0.8446 0.0070 0.6080
8.3 0.508 -3.44 4.6728 4.2984 0.7797 0.3108 0.0171 0.0436 0.0123 0.0976 0.0000 0.1449 0.6700 0.0098 0.6377
8.3 0.231 -3.41 4.0300 4.9597 0.6846 0.3224 0.0161 0.0409 0.0115 0.1156 0.0010 0.1454 0.5635 0.0137 0.6720
8.3 0.099 -3.39 4.1864 5.2748 0.6708 0.3361 0.0156 0.0394 0.0111 0.1240 0.0011 0.1503 0.5620 0.0172 0.7617
8.3 0.067 -3.38 4.3860 5.3640 0.6757 0.3428 0.0154 0.0388 0.0109 0.1254 0.0011 0.1532 0.5774 0.0185 0.8125
8.3 0.021 -3.38 4.5577 5.3633 0.6570 0.3418 0.0146 0.0369 0.0103 0.1293 0.0011 0.1524 0.5811 0.0204 0.8866
8.3 0.026 -3.38 4.6789 5.4200 0.6704 0.3481 0.0147 0.0371 0.0103 0.1284 0.0011 0.1553 0.5954 0.0206 0.8985
8.3 1.000 -3.25 4.4244 5.0664 1.0657 0.3107 0.0198 0.0505 0.0143 0.0823 0.0025 0.1534 0.6867 0.0285 0.8298
8.3 0.786 -3.21 3.8512 6.2359 0.6412 0.3510 0.0170 0.0432 0.0122 0.1005 0.0030 0.1550 0.5192 0.0354 0.9476
8.3 0.512 -3.15 2.3108 7.4810 0.4484 0.3646 0.0152 0.0385 0.0108 0.1364 0.0039 0.1518 0.3023 0.0493 0.9637
8.3 0.203 -3.08 1.5736 8.0837 0.3554 0.3705 0.0125 0.0318 0.0089 0.1886 0.0052 0.1511 0.2000 0.0783 1.0356
8.3 0.100 -3.05 1.6038 8.4472 0.3432 0.3830 0.0116 0.0294 0.0082 0.2051 0.0055 0.1564 0.1951 0.1005 1.1730
8.3 0.060 -3.04 1.6819 8.6815 0.3418 0.3915 0.0113 0.0284 0.0079 0.2101 0.0056 0.1603 0.1990 0.1148 1.2739
8.3 0.021 -3.02 1.7471 8.7782 0.3305 0.3909 0.0106 0.0267 0.0074 0.2152 0.0056 0.1604 0.1995 0.1352 1.4024
8.3 0.026 -3.02 1.8114 8.9077 0.3380 0.3988 0.0107 0.0270 0.0075 0.2145 0.0055 0.1640 0.2058 0.1366 1.4201
8.3 1.000 -3.01 3.3015 6.9397 0.7656 0.3320 0.0187 0.0479 0.0135 0.0899 0.0089 0.1483 0.4870 0.1141 1.1545
8.3 0.775 -2.94 2.1528 8.5110 0.3645 0.3672 0.0161 0.0411 0.0115 0.1147 0.0111 0.1469 0.2625 0.1447 1.3075
8.3 0.488 -2.85 0.8181 9.1303 0.2044 0.3551 0.0133 0.0338 0.0095 0.1732 0.0154 0.1344 0.0955 0.2111 1.2916
8.3 0.214 -2.74 0.4268 8.8842 0.1402 0.3432 0.0088 0.0221 0.0062 0.2721 0.0210 0.1271 0.0501 0.3645 1.4135
8.3 0.103 -2.67 0.3682 8.6813 0.1219 0.3429 0.0069 0.0173 0.0048 0.3049 0.0239 0.1279 0.0424 0.5356 1.6282
8.3 0.052 -2.63 0.3638 8.7065 0.1159 0.3492 0.0062 0.0156 0.0043 0.3159 0.0252 0.1322 0.0410 0.6843 1.8306
8.3 0.030 -2.61 0.3742 8.8506 0.1147 0.3565 0.0060 0.0151 0.0042 0.3210 0.0259 0.1364 0.0413 0.7928 1.9964
8.3 0.023 -2.60 0.3749 8.7748 0.1118 0.3543 0.0058 0.0145 0.0040 0.3203 0.0258 0.1364 0.0409 0.8558 2.0703
8.3 1.000 -2.76 2.5323 8.1113 0.5736 0.3198 0.0179 0.0458 0.0129 0.0980 0.0182 0.1357 0.3607 0.2738 1.4326
8.3 0.764 -2.68 1.1423 9.6470 0.2046 0.3370 0.0154 0.0392 0.0110 0.1278 0.0234 0.1273 0.1248 0.3549 1.5907
8.3 0.485 -2.57 0.3348 9.2413 0.0889 0.2910 0.0120 0.0306 0.0086 0.1985 0.0331 0.1006 0.0333 0.5397 1.5160
8.3 0.200 -2.39 0.1058 7.1096 0.0408 0.2379 0.0048 0.0120 0.0033 0.3477 0.0479 0.0729 0.0113 1.1536 1.6545
8.3 0.100 -2.28 0.0657 5.8482 0.0290 0.2193 0.0030 0.0076 0.0021 0.3826 0.0551 0.0651 0.0075 1.9166 1.8239
8.3 0.048 -2.19 0.0508 5.1985 0.0234 0.2090 0.0024 0.0061 0.0017 0.3942 0.0599 0.0612 0.0060 2.7782 1.9962
8.3 0.025 -2.14 0.0456 4.9280 0.0211 0.2051 0.0022 0.0056 0.0015 0.4005 0.0625 0.0600 0.0055 3.5103 2.1336
8.3 0.020 -2.12 0.0423 4.6923 0.0195 0.1983 0.0021 0.0053 0.0015 0.3975 0.0623 0.0578 0.0051 3.7927 2.1562
8.3 1.000 -2.52 2.0365 8.9314 0.4586 0.2991 0.0170 0.0435 0.0122 0.1099 0.0256 0.1256 0.2835 0.3846 1.6185
8.3 0.746 -2.44 0.6274 10.1942 0.1206 0.2941 0.0144 0.0366 0.0102 0.1472 0.0339 0.1096 0.0605 0.5136 1.7405
8.3 0.471 -2.31 0.1704 8.8810 0.0428 0.2253 0.0104 0.0264 0.0074 0.2312 0.0466 0.0741 0.0141 0.7989 1.5611
8.3 0.195 -2.10 0.0345 4.9436 0.0136 0.1500 0.0025 0.0062 0.0017 0.3950 0.0619 0.0392 0.0034 1.8123 1.4916
8.3 0.101 -1.96 0.0147 3.2560 0.0071 0.1160 0.0013 0.0033 0.0000 0.4183 0.0655 0.0272 0.0017 2.9976 1.3841
8.3 0.052 -1.83 0.0082 2.4522 0.0042 0.0934 0.0000 0.0023 0.0000 0.4273 0.0657 0.0201 0.0010 4.4054 1.2828
8.3 0.023 -1.71 0.0052 1.9719 0.0027 0.0769 0.0000 0.0018 0.0000 0.4340 0.0641 0.0154 0.0000 5.9568 1.1915
8.3 0.014 -1.63 0.0040 1.6879 0.0011 0.0662 0.0000 0.0016 0.0000 0.4332 0.0606 0.0127 0.0000 6.8615 1.1011
8.3 1.000 -2.28 1.6810 9.5749 0.3807 0.2772 0.0160 0.0409 0.0115 0.1263 0.0320 0.1164 0.2310 0.4681 1.7751
8.3 0.737 -2.19 0.3867 10.4739 0.0769 0.2528 0.0131 0.0334 0.0093 0.1713 0.0425 0.0943 0.0328 0.6354 1.8469
8.3 0.459 -2.07 0.0987 8.3169 0.0225 0.1732 0.0083 0.0210 0.0059 0.2733 0.0559 0.0546 0.0069 1.0061 1.5595
8.3 0.183 -1.83 0.0123 3.1248 0.0051 0.0927 0.0012 0.0030 0.0000 0.4228 0.0632 0.0214 0.0013 2.1982 1.1831
8.3 0.091 -1.67 0.0040 1.7375 0.0011 0.0578 0.0000 0.0015 0.0000 0.4350 0.0579 0.0114 0.0000 3.4400 0.8810
8.3 0.048 -1.52 0.0010 1.1543 0.0000 0.0378 0.0000 0.0000 0.0000 0.4397 0.0508 0.0066 0.0000 4.6594 0.6762
8.3 0.019 -1.33 0.0000 0.7231 0.0000 0.0217 0.0000 0.0000 0.0000 0.4496 0.0413 0.0033 0.0000 6.3990 0.4776
8.3 0.013 -1.22 0.0000 0.5743 0.0000 0.0162 0.0000 0.0000 0.0000 0.4577 0.0365 0.0023 0.0000 7.1098 0.3978
8.3 1.000 -2.09 1.4664 9.9037 0.3346 0.2595 0.0151 0.0385 0.0108 0.1419 0.0367 0.1093 0.2003 0.5505 1.8788
8.3 0.666 -1.98 0.1974 10.0658 0.0396 0.2025 0.0111 0.0281 0.0078 0.2129 0.0519 0.0732 0.0139 0.8216 1.8264
8.3 0.409 -1.85 0.0508 6.8118 0.0116 0.1284 0.0050 0.0125 0.0035 0.3414 0.0626 0.0369 0.0032 1.2915 1.4928
8.3 0.171 -1.63 0.0052 2.0220 0.0023 0.0602 0.0000 0.0017 0.0000 0.4300 0.0580 0.0126 0.0000 2.4969 0.9101
8.3 0.086 -1.46 0.0000 1.0750 0.0000 0.0329 0.0000 0.0000 0.0000 0.4379 0.0474 0.0058 0.0000 3.6036 0.5940
8.3 0.047 -1.31 0.0000 0.6773 0.0000 0.0192 0.0000 0.0000 0.0000 0.4450 0.0383 0.0030 0.0000 4.7930 0.4141
8.3 0.018 -1.08 0.0000 0.3483 0.0000 0.0082 0.0000 0.0000 0.0000 0.4587 0.0260 0.0011 0.0000 5.7862 0.2345
8.3 0.014 -0.96 0.0000 0.2435 0.0000 0.0051 0.0000 0.0000 0.0000 0.4705 0.0206 0.0000 0.0000 5.9256 0.1713
8.3 1.000 -1.80 1.2108 9.9984 0.2796 0.2313 0.0135 0.0345 0.0096 0.1697 0.0430 0.0979 0.1648 0.6923 1.9717
8.3 0.678 -1.69 0.1369 9.5869 0.0264 0.1636 0.0092 0.0232 0.0065 0.2499 0.0588 0.0590 0.0083 1.0164 1.8519
8.3 0.427 -1.57 0.0289 5.4066 0.0067 0.0952 0.0027 0.0069 0.0019 0.3853 0.0654 0.0260 0.0017 1.5651 1.4253
8.3 0.169 -1.34 0.0011 1.1481 0.0000 0.0327 0.0000 0.0000 0.0000 0.4356 0.0477 0.0060 0.0000 2.7717 0.6163
8.3 0.090 -1.18 0.0000 0.5845 0.0000 0.0156 0.0000 0.0000 0.0000 0.4389 0.0342 0.0025 0.0000 3.8144 0.3538
8.3 0.045 -1.00 0.0000 0.2985 0.0000 0.0067 0.0000 0.0000 0.0000 0.4501 0.0226 0.0000 0.0000 4.4671 0.1947
8.3 0.017 -0.76 0.0000 0.1182 0.0000 0.0019 0.0000 0.0000 0.0000 0.4681 0.0117 0.0000 0.0000 4.3225 0.0836
8.3 0.013 -0.60 0.0000 0.0670 0.0000 0.0000 0.0000 0.0000 0.0000 0.4920 0.0076 0.0000 0.0000 4.0418 0.0501
8.3 1.000 -1.56 1.0550 9.6990 0.2455 0.2093 0.0121 0.0310 0.0087 0.1942 0.0465 0.0889 0.1437 0.8089 1.9761
8.3 0.693 -1.47 0.1061 8.8447 0.0204 0.1378 0.0076 0.0193 0.0053 0.2800 0.0617 0.0495 0.0059 1.1718 1.8045
8.3 0.440 -1.35 0.0163 3.9392 0.0044 0.0734 0.0014 0.0035 0.0000 0.4117 0.0642 0.0190 0.0010 1.7659 1.2930
8.3 0.172 -1.12 0.0000 0.7592 0.0000 0.0206 0.0000 0.0000 0.0000 0.4398 0.0393 0.0035 0.0000 3.1001 0.4552
8.3 0.087 -0.94 0.0000 0.3316 0.0000 0.0078 0.0000 0.0000 0.0000 0.4442 0.0240 0.0011 0.0000 3.9004 0.2188
8.3 0.044 -0.77 0.0000 0.1550 0.0000 0.0029 0.0000 0.0000 0.0000 0.4546 0.0141 0.0000 0.0000 3.9781 0.1076
8.3 0.018 -0.53 0.0000 0.0557 0.0000 0.0000 0.0000 0.0000 0.0000 0.4787 0.0064 0.0000 0.0000 3.4372 0.0419
8.3 0.013 -0.37 0.0000 0.0287 0.0000 0.0000 0.0000 0.0000 0.0000 0.5086 0.0037 0.0000 0.0000 3.1010 0.0231
8.6 1.000 -4.00 4.7871 0.2791 2.9259 0.1744 0.0273 0.0704 0.0200 0.0396 0.0000 0.1272 2.4792 0.0000 0.0700
8.6 0.845 -4.00 4.9237 0.3182 2.2801 0.1851 0.0231 0.0593 0.0168 0.0359 0.0000 0.1207 2.3812 0.0000 0.0735
8.6 0.547 -3.98 4.2645 0.4100 1.7141 0.1898 0.0214 0.0548 0.0155 0.0348 0.0000 0.1054 2.0211 0.0000 0.0587
8.6 0.230 -3.97 4.0059 0.5087 1.5305 0.1964 0.0208 0.0532 0.0151 0.0357 0.0000 0.1016 1.8917 0.0000 0.0567
8.6 0.107 -3.97 4.4627 0.5718 1.6013 0.2133 0.0208 0.0530 0.0150 0.0372 0.0000 0.1088 2.0216 0.0000 0.0702
8.6 0.062 -3.97 4.8000 0.5939 1.6454 0.2217 0.0203 0.0516 0.0146 0.0378 0.0000 0.1129 2.1035 0.0000 0.0815
8.6 0.022 -3.97 5.2176 0.6147 1.6864 0.2302 0.0196 0.0499 0.0141 0.0399 0.0000 0.1169 2.1906 0.0000 0.0982
8.6 0.026 -3.97 5.3013 0.6190 1.7156 0.2340 0.0197 0.0499 0.0140 0.0393 0.0000 0.1188 2.2281 0.0000 0.0993
8.6 1.000 -3.74 5.9071 1.0289 2.5736 0.2586 0.0245 0.0631 0.0179 0.0535 0.0000 0.1455 2.6013 0.0000 0.1521
8.6 0.828 -3.73 5.9640 1.1917 1.9022 0.2805 0.0210 0.0536 0.0152 0.0536 0.0000 0.1389 2.4252 0.0000 0.1614
8.6 0.536 -3.71 4.9767 1.5386 1.4299 0.2924 0.0198 0.0506 0.0143 0.0580 0.0000 0.1268 2.0300 0.0000 0.1366
8.6 0.217 -3.69 4.5936 1.8852 1.2714 0.3056 0.0192 0.0490 0.0139 0.0631 0.0000 0.1252 1.8609 0.0000 0.1394
8.6 0.109 -3.68 4.9204 2.0516 1.2885 0.3221 0.0189 0.0481 0.0136 0.0657 0.0000 0.1306 1.9210 0.0000 0.1631
8.6 0.061 -3.68 5.3526 2.1529 1.3294 0.3369 0.0186 0.0474 0.0134 0.0673 0.0000 0.1364 2.0172 0.0011 0.1902
8.6 0.022 -3.68 5.8112 2.2254 1.3501 0.3471 0.0179 0.0456 0.0129 0.0699 0.0000 0.1405 2.0950 0.0012 0.2261
8.6 0.026 -3.68 5.9207 2.2424 1.3746 0.3530 0.0181 0.0457 0.0128 0.0691 0.0000 0.1429 2.1348 0.0012 0.2289
8.6 1.000 -3.49 6.0037 2.8032 2.0947 0.3516 0.0222 0.0570 0.0162 0.0684 0.0000 0.1607 2.3468 0.0018 0.2783
8.6 0.812 -3.47 5.7105 3.3264 1.4244 0.3865 0.0191 0.0489 0.0138 0.0755 0.0000 0.1548 2.0458 0.0022 0.2958
8.6 0.504 -3.43 3.9776 4.1970 1.0046 0.3964 0.0179 0.0456 0.0129 0.0915 0.0000 0.1427 1.4778 0.0029 0.2473
8.6 0.206 -3.40 3.3777 4.7968 0.8761 0.4089 0.0169 0.0430 0.0122 0.1074 0.0000 0.1418 1.2417 0.0044 0.2558
8.6 0.108 -3.39 3.6502 5.1833 0.8890 0.4311 0.0166 0.0422 0.0119 0.1130 0.0000 0.1490 1.2814 0.0058 0.3035
8.6 0.062 -3.38 3.9398 5.4318 0.9052 0.4471 0.0162 0.0411 0.0116 0.1157 0.0000 0.1546 1.3329 0.0069 0.3462
8.6 0.022 -3.38 4.2962 5.6635 0.9113 0.4585 0.0155 0.0393 0.0111 0.1194 0.0000 0.1587 1.3848 0.0082 0.4093
8.6 0.026 -3.38 4.4012 5.7217 0.9287 0.4665 0.0156 0.0395 0.0111 0.1185 0.0000 0.1615 1.4163 0.0083 0.4144
8.6 1.000 -3.23 5.0164 5.4009 1.5589 0.4348 0.0204 0.0523 0.0148 0.0815 0.0018 0.1697 1.7755 0.0078 0.4462
8.6 0.784 -3.19 3.8633 6.6039 0.8773 0.4774 0.0175 0.0448 0.0127 0.0990 0.0022 0.1629 1.2388 0.0097 0.4632
8.6 0.505 -3.13 1.9321 7.3597 0.5733 0.4676 0.0157 0.0402 0.0113 0.1321 0.0028 0.1489 0.6636 0.0126 0.3744
8.6 0.219 -3.07 1.3474 7.7157 0.4638 0.4679 0.0136 0.0346 0.0098 0.1740 0.0036 0.1460 0.4607 0.0194 0.3827
8.6 0.103 -3.04 1.3964 8.2919 0.4537 0.4909 0.0126 0.0321 0.0091 0.1921 0.0040 0.1535 0.4512 0.0280 0.4604
8.6 0.058 -3.03 1.5400 8.8018 0.4625 0.5121 0.0122 0.0309 0.0087 0.1974 0.0041 0.1611 0.4740 0.0360 0.5382
8.6 0.021 -3.02 1.7282 9.3662 0.4718 0.5341 0.0117 0.0295 0.0082 0.2016 0.0042 0.1691 0.5037 0.0504 0.6427
8.6 0.027 -3.02 1.7282 9.3662 0.4718 0.5341 0.0117 0.0295 0.0082 0.2016 0.0042 0.1691 0.5037 0.0504 0.6427
8.6 1.000 -2.98 3.8623 7.6224 1.1243 0.4667 0.0193 0.0495 0.0140 0.0892 0.0068 0.1645 1.2657 0.0276 0.6284
8.6 0.779 -2.91 2.1039 9.0856 0.4897 0.4958 0.0167 0.0426 0.0120 0.1131 0.0083 0.1535 0.6081 0.0346 0.6287
8.6 0.494 -2.82 0.6617 8.8490 0.2546 0.4484 0.0139 0.0354 0.0100 0.1684 0.0112 0.1303 0.2044 0.0478 0.4893
8.6 0.196 -2.70 0.3405 8.3297 0.1697 0.4216 0.0091 0.0232 0.0065 0.2657 0.0153 0.1202 0.1067 0.0897 0.5247
8.6 0.113 -2.66 0.3319 8.5186 0.1605 0.4331 0.0078 0.0199 0.0056 0.2898 0.0168 0.1255 0.1002 0.1294 0.6204
8.6 0.053 -2.62 0.3505 9.0007 0.1578 0.4546 0.0071 0.0179 0.0050 0.3038 0.0186 0.1342 0.1005 0.1924 0.7788
8.6 0.032 -2.61 0.4251 10.6092 0.1832 0.5365 0.0079 0.0200 0.0056 0.3456 0.0217 0.1607 0.1186 0.2576 0.9755
8.6 0.024 -2.60 0.3761 9.4242 0.1569 0.4722 0.0066 0.0166 0.0046 0.3104 0.0199 0.1419 0.1028 0.2743 0.9437
8.6 1.000 -2.73 3.0140 9.1894 0.8433 0.4496 0.0185 0.0475 0.0134 0.0963 0.0145 0.1511 0.9354 0.0766 0.8088
8.6 0.760 -2.64 0.9813 10.3341 0.2518 0.4426 0.0159 0.0406 0.0114 0.1265 0.0187 0.1294 0.2540 0.0993 0.7579
8.6 0.475 -2.52 0.2416 8.9052 0.0989 0.3507 0.0124 0.0315 0.0089 0.1986 0.0257 0.0929 0.0630 0.1527 0.5876
8.6 0.195 -2.35 0.0855 6.8884 0.0473 0.2858 0.0052 0.0132 0.0037 0.3457 0.0362 0.0685 0.0239 0.3444 0.6584
8.6 0.104 -2.25 0.0623 6.0997 0.0368 0.2729 0.0035 0.0089 0.0025 0.3780 0.0420 0.0647 0.0179 0.5858 0.7803
8.6 0.048 -2.17 0.0525 5.7439 0.0310 0.2691 0.0028 0.0071 0.0020 0.3931 0.0479 0.0632 0.0150 0.9733 0.9552
8.6 0.026 -2.14 0.0528 5.8955 0.0305 0.2814 0.0027 0.0068 0.0019 0.4083 0.0525 0.0670 0.0148 1.3250 1.1138
8.6 0.020 -2.11 0.0489 5.5902 0.0280 0.2688 0.0025 0.0062 0.0017 0.3973 0.0523 0.0637 0.0136 1.5101 1.1494
8.6 1.000 -2.49 2.4604 10.4379 0.6779 0.4223 0.0177 0.0454 0.0128 0.1075 0.0213 0.1410 0.7362 0.1313 0.9619
8.6 0.737 -2.39 0.4983 10.9605 0.1386 0.3755 0.0149 0.0380 0.0107 0.1456 0.0282 0.1089 0.1132 0.1769 0.8374
8.6 0.462 -2.26 0.1223 8.6853 0.0446 0.2620 0.0108 0.0274 0.0077 0.2306 0.0373 0.0664 0.0258 0.2785 0.6306
8.6 0.187 -2.04 0.0275 4.8980 0.0144 0.1727 0.0026 0.0066 0.0018 0.3989 0.0491 0.0353 0.0069 0.6727 0.6401
8.6 0.098 -1.91 0.0137 3.5082 0.0081 0.1396 0.0015 0.0036 0.0010 0.4219 0.0533 0.0260 0.0038 1.2023 0.6533
8.6 0.048 -1.79 0.0087 2.8843 0.0053 0.1196 0.0011 0.0026 0.0000 0.4396 0.0565 0.0206 0.0025 1.9757 0.6745
8.6 0.019 -1.67 0.0061 2.4395 0.0035 0.1019 0.0000 0.0021 0.0000 0.4464 0.0570 0.0164 0.0017 3.0114 0.6718
8.6 0.017 -1.63 0.0053 2.2596 0.0030 0.0942 0.0000 0.0019 0.0000 0.4385 0.0553 0.0149 0.0015 3.4433 0.6566
8.6 1.000 -2.25 2.0613 11.5620 0.5666 0.3947 0.0167 0.0428 0.0121 0.1234 0.0276 0.1323 0.6016 0.1758 1.1112
8.6 0.721 -2.14 0.2944 11.4384 0.0826 0.3148 0.0136 0.0346 0.0097 0.1710 0.0368 0.0918 0.0575 0.2422 0.9123
8.6 0.447 -2.01 0.0730 8.3998 0.0227 0.1976 0.0086 0.0219 0.0061 0.2747 0.0460 0.0484 0.0125 0.3890 0.6649
8.6 0.190 -1.79 0.0115 3.4315 0.0058 0.1087 0.0014 0.0035 0.0000 0.4238 0.0514 0.0201 0.0027 0.8387 0.5428
8.6 0.089 -1.61 0.0038 1.9349 0.0012 0.0670 0.0000 0.0016 0.0000 0.4382 0.0482 0.0105 0.0010 1.4442 0.4277
8.6 0.045 -1.46 0.0011 1.3651 0.0000 0.0449 0.0000 0.0011 0.0000 0.4477 0.0440 0.0063 0.0000 2.1918 0.3529
8.6 0.019 -1.30 0.0000 0.9645 0.0000 0.0284 0.0000 0.0000 0.0000 0.4550 0.0382 0.0036 0.0000 3.2075 0.2816
8.6 0.013 -1.19 0.0000 0.7654 0.0000 0.0206 0.0000 0.0000 0.0000 0.4575 0.0337 0.0025 0.0000 3.8062 0.2381
8.6 1.000 -2.06 1.8188 12.2899 0.5008 0.3726 0.0158 0.0406 0.0114 0.1388 0.0327 0.1254 0.5235 0.2248 1.2250
8.6 0.637 -1.92 0.1393 10.7994 0.0377 0.2365 0.0113 0.0286 0.0080 0.2176 0.0459 0.0664 0.0223 0.3499 0.8706
8.6 0.407 -1.80 0.0420 7.3013 0.0120 0.1485 0.0055 0.0140 0.0039 0.3372 0.0522 0.0339 0.0063 0.5364 0.6800
8.6 0.162 -1.57 0.0045 2.1368 0.0013 0.0663 0.0000 0.0017 0.0000 0.4369 0.0480 0.0110 0.0011 1.0655 0.4240
8.6 0.083 -1.40 0.0000 1.2357 0.0000 0.0375 0.0000 0.0000 0.0000 0.4444 0.0403 0.0053 0.0000 1.5655 0.2962
8.6 0.041 -1.23 0.0000 0.7653 0.0000 0.0201 0.0000 0.0000 0.0000 0.4515 0.0323 0.0026 0.0000 2.2457 0.2077
8.6 0.017 -1.03 0.0000 0.4472 0.0000 0.0092 0.0000 0.0000 0.0000 0.4627 0.0238 0.0011 0.0000 3.1712 0.1363
8.6 0.014 -0.92 0.0000 0.3267 0.0000 0.0057 0.0000 0.0000 0.0000 0.4721 0.0196 0.0000 0.0000 3.7105 0.1062
8.6 1.000 -1.77 1.5257 12.9607 0.4220 0.3369 0.0143 0.0366 0.0103 0.1665 0.0404 0.1142 0.4332 0.3335 1.3655
8.6 0.651 -1.64 0.1020 10.8252 0.0248 0.1917 0.0094 0.0237 0.0067 0.2554 0.0541 0.0539 0.0135 0.5103 0.9632
8.6 0.413 -1.52 0.0233 5.8737 0.0065 0.1078 0.0028 0.0070 0.0019 0.3927 0.0573 0.0232 0.0031 0.7705 0.7070
8.6 0.167 -1.29 0.0010 1.3334 0.0000 0.0371 0.0000 0.0000 0.0000 0.4419 0.0412 0.0056 0.0000 1.2420 0.3120
8.6 0.083 -1.11 0.0000 0.6717 0.0000 0.0163 0.0000 0.0000 0.0000 0.4491 0.0292 0.0021 0.0000 1.6447 0.1781
8.6 0.043 -0.94 0.0000 0.3630 0.0000 0.0069 0.0000 0.0000 0.0000 0.4549 0.0199 0.0000 0.0000 2.1392 0.1053
8.6 0.017 -0.72 0.0000 0.1606 0.0000 0.0020 0.0000 0.0000 0.0000 0.4706 0.0114 0.0000 0.0000 2.7174 0.0534
8.6 0.014 -0.57 0.0000 0.0913 0.0000 0.0000 0.0000 0.0000 0.0000 0.4898 0.0075 0.0000 0.0000 2.9163 0.0339
8.6 1.000 -1.53 1.3459 13.0093 0.3730 0.3084 0.0130 0.0332 0.0093 0.1911 0.0454 0.1051 0.3796 0.4389 1.4311
8.6 0.635 -1.41 0.0685 9.8039 0.0155 0.1501 0.0071 0.0180 0.0050 0.3006 0.0593 0.0408 0.0077 0.6818 0.9561
8.6 0.391 -1.28 0.0095 3.5981 0.0035 0.0752 0.0000 0.0024 0.0000 0.4300 0.0568 0.0146 0.0015 1.0091 0.6371
8.6 0.161 -1.05 0.0000 0.8538 0.0000 0.0212 0.0000 0.0000 0.0000 0.4461 0.0336 0.0029 0.0000 1.3565 0.2280
8.6 0.084 -0.89 0.0000 0.4052 0.0000 0.0080 0.0000 0.0000 0.0000 0.4509 0.0214 0.0010 0.0000 1.7376 0.1182
8.6 0.041 -0.70 0.0000 0.1841 0.0000 0.0026 0.0000 0.0000 0.0000 0.4598 0.0123 0.0000 0.0000 2.1629 0.0590
8.6 0.017 -0.48 0.0000 0.0686 0.0000 0.0000 0.0000 0.0000 0.0000 0.4802 0.0059 0.0000 0.0000 2.3733 0.0259
8.6 0.013 -0.31 0.0000 0.0345 0.0000 0.0000 0.0000 0.0000 0.0000 0.5098 0.0034 0.0000 0.0000 2.4328 0.0151
8.9 1.000 -3.99 1.5375 0.1112 2.0936 0.1357 0.0280 0.0730 0.0208 0.0350 0.0000 0.1189 1.6834 0.0000 0.0050
8.9 0.850 -3.99 1.5690 0.1266 1.7231 0.1427 0.0242 0.0629 0.0179 0.0313 0.0000 0.1124 1.6198 0.0000 0.0052
8.9 0.559 -3.98 1.1129 0.1514 1.1604 0.1347 0.0223 0.0580 0.0165 0.0291 0.0000 0.0879 1.2283 0.0000 0.0027
8.9 0.216 -3.97 0.9500 0.1830 0.9757 0.1343 0.0216 0.0561 0.0159 0.0293 0.0000 0.0801 1.0844 0.0000 0.0013
8.9 0.117 -3.97 1.1105 0.2114 1.0491 0.1472 0.0214 0.0554 0.0157 0.0304 0.0000 0.0875 1.1875 0.0000 0.0030
8.9 0.062 -3.97 1.3431 0.2422 1.1596 0.1633 0.0211 0.0544 0.0154 0.0314 0.0000 0.0976 1.3340 0.0000 0.0040
8.9 0.023 -3.97 1.6265 0.2744 1.2795 0.1804 0.0206 0.0528 0.0149 0.0328 0.0000 0.1085 1.4965 0.0000 0.0057
8.9 0.027 -3.97 1.6265 0.2744 1.2795 0.1804 0.0206 0.0528 0.0149 0.0328 0.0000 0.1085 1.4965 0.0000 0.0057
8.9 1.000 -3.73 2.4208 0.4803 2.1403 0.2230 0.0253 0.0658 0.0187 0.0484 0.0000 0.1529 2.0483 0.0000 0.0157
8.9 0.821 -3.72 2.3185 0.5599 1.5842 0.2376 0.0218 0.0566 0.0161 0.0474 0.0000 0.1410 1.8482 0.0000 0.0152
8.9 0.533 -3.70 1.5822 0.6743 1.0827 0.2294 0.0207 0.0537 0.0152 0.0494 0.0000 0.1163 1.3939 0.0000 0.0087
8.9 0.218 -3.69 1.4262 0.8215 0.9538 0.2374 0.0201 0.0521 0.0148 0.0531 0.0000 0.1130 1.2662 0.0000 0.0089
8.9 0.112 -3.68 1.6797 0.9535 1.0229 0.2613 0.0198 0.0511 0.0145 0.0552 0.0000 0.1241 1.3864 0.0000 0.0120
8.9 0.061 -3.68 1.9940 1.0779 1.1117 0.2860 0.0195 0.0503 0.0142 0.0568 0.0000 0.1365 1.5360 0.0000 0.0161
8.9 0.023 -3.68 2.3908 1.2104 1.2088 0.3130 0.0190 0.0486 0.0137 0.0588 0.0000 0.1502 1.7082 0.0000 0.0220
8.9 0.027 -3.68 2.3908 1.2104 1.2088 0.3130 0.0190 0.0486 0.0137 0.0588 0.0000 0.1502 1.7082 0.0000 0.0220
8.9 1.000 -3.47 3.0442 1.5913 1.9488 0.3375 0.0229 0.0594 0.0169 0.0633 0.0000 0.1860 2.1078 0.0000 0.0392
8.9 0.170 -3.39 1.4445 2.6802 0.7822 0.3758 0.0178 0.0460 0.0130 0.0950 0.0000 0.1511 1.0476 0.0015 0.0286
8.9 0.170 -3.39 1.4445 2.6802 0.7822 0.3758 0.0178 0.0460 0.0130 0.0950 0.0000 0.1511 1.0476 0.0015 0.0286
8.9 0.213 -3.39 1.4002 2.5825 0.7769 0.3674 0.0180 0.0464 0.0132 0.0930 0.0000 0.1479 1.0372 0.0013 0.0264
8.9 0.099 -3.38 1.6468 2.9839 0.8234 0.4035 0.0175 0.0450 0.0128 0.0986 0.0000 0.1627 1.1220 0.0021 0.0364
8.9 0.063 -3.38 1.8630 3.2477 0.8682 0.4286 0.0173 0.0442 0.0125 0.1005 0.0000 0.1737 1.2060 0.0027 0.0444
8.9 0.022 -3.38 2.2304 3.6486 0.9316 0.4647 0.0167 0.0426 0.0120 0.1036 0.0000 0.1897 1.3359 0.0035 0.0599
8.9 0.104 -3.38 2.2304 3.6486 0.9316 0.4647 0.0167 0.0426 0.0120 0.1036 0.0000 0.1897 1.3359 0.0035 0.0599
8.9 1.000 -3.20 2.9854 3.4798 1.5568 0.4481 0.0210 0.0544 0.0154 0.0771 0.0012 0.2088 1.7428 0.0000 0.0796
8.9 0.786 -3.16 2.0830 4.1849 0.8654 0.4789 0.0183 0.0471 0.0134 0.0926 0.0015 0.1915 1.1673 0.0010 0.0729
8.9 0.495 -3.11 0.8545 4.2734 0.5233 0.4434 0.0166 0.0428 0.0121 0.1224 0.0019 0.1620 0.5752 0.0014 0.0432
8.9 0.205 -3.06 0.5943 4.3683 0.4240 0.4390 0.0147 0.0378 0.0107 0.1584 0.0023 0.1565 0.4061 0.0028 0.0432
8.9 0.106 -3.04 0.6703 4.8818 0.4359 0.4714 0.0139 0.0357 0.0101 0.1712 0.0026 0.1694 0.4225 0.0049 0.0573
8.9 0.056 -3.03 0.7927 5.5246 0.4640 0.5105 0.0135 0.0344 0.0097 0.1774 0.0029 0.1857 0.4630 0.0081 0.0764
8.9 0.022 -3.02 0.9393 6.1881 0.4924 0.5487 0.0130 0.0329 0.0093 0.1817 0.0032 0.2019 0.5091 0.0158 0.1004
8.9 0.028 -3.02 0.9393 6.1881 0.4924 0.5487 0.0130 0.0329 0.0093 0.1817 0.0032 0.2019 0.5091 0.0158 0.1004
8.9 1.000 -2.94 2.5161 5.2699 1.1624 0.4976 0.0199 0.0514 0.0146 0.0849 0.0047 0.2095 1.2882 0.0018 0.1282
8.9 0.761 -2.86 1.0427 6.0101 0.4521 0.5027 0.0172 0.0443 0.0126 0.1098 0.0058 0.1804 0.5169 0.0022 0.1027
8.9 0.490 -2.78 0.2853 5.0497 0.2261 0.4224 0.0147 0.0378 0.0107 0.1596 0.0073 0.1405 0.1716 0.0028 0.0541
8.9 0.199 -2.68 0.1415 4.3889 0.1487 0.3793 0.0104 0.0267 0.0076 0.2446 0.0092 0.1232 0.0913 0.0056 0.0500
8.9 0.096 -2.64 0.1469 4.6892 0.1445 0.3996 0.0089 0.0228 0.0064 0.2740 0.0107 0.1331 0.0889 0.0104 0.0675
8.9 0.048 -2.61 0.1701 5.2608 0.1508 0.4321 0.0082 0.0210 0.0059 0.2850 0.0123 0.1476 0.0951 0.0184 0.0945
8.9 0.020 -2.60 0.1908 5.7909 0.1546 0.4544 0.0077 0.0196 0.0055 0.2912 0.0139 0.1577 0.0997 0.0350 0.1287
8.9 0.025 -2.60 0.1981 5.8647 0.1586 0.4645 0.0078 0.0198 0.0056 0.2905 0.0137 0.1625 0.1030 0.0360 0.1276
8.9 1.000 -2.68 2.0561 6.7340 0.8879 0.4861 0.0191 0.0494 0.0140 0.0912 0.0101 0.1972 0.9616 0.0034 0.1815
8.9 0.737 -2.58 0.4359 6.8070 0.2139 0.4347 0.0165 0.0423 0.0120 0.1232 0.0132 0.1488 0.1907 0.0044 0.1209
8.9 0.470 -2.47 0.0977 4.9526 0.0789 0.3107 0.0131 0.0338 0.0096 0.1901 0.0164 0.0955 0.0482 0.0061 0.0598
8.9 0.186 -2.29 0.0278 3.0718 0.0331 0.2199 0.0060 0.0153 0.0043 0.3362 0.0198 0.0610 0.0172 0.0125 0.0487
8.9 0.101 -2.22 0.0227 2.8563 0.0282 0.2177 0.0046 0.0116 0.0033 0.3788 0.0229 0.0608 0.0145 0.0218 0.0616
8.9 0.055 -2.16 0.0221 2.8648 0.0262 0.2210 0.0038 0.0096 0.0027 0.3809 0.0261 0.0635 0.0136 0.0381 0.0815
8.9 0.020 -2.11 0.0230 3.0796 0.0249 0.2280 0.0032 0.0080 0.0023 0.3884 0.0314 0.0658 0.0132 0.0793 0.1272
8.9 0.019 -2.10 0.0247 3.2244 0.0258 0.2374 0.0031 0.0079 0.0022 0.3886 0.0331 0.0698 0.0136 0.1025 0.1433
8.9 1.000 -2.43 1.7274 8.1172 0.7240 0.4627 0.0184 0.0475 0.0134 0.1012 0.0159 0.1882 0.7607 0.0070 0.2403
8.9 0.706 -2.32 0.2013 7.2819 0.1046 0.3502 0.0154 0.0396 0.0112 0.1433 0.0211 0.1204 0.0752 0.0096 0.1354
8.9 0.439 -2.18 0.0453 4.8435 0.0299 0.2116 0.0112 0.0287 0.0081 0.2290 0.0245 0.0630 0.0173 0.0142 0.0664
8.9 0.179 -1.96 0.0075 2.0164 0.0080 0.1147 0.0030 0.0076 0.0021 0.3972 0.0261 0.0277 0.0044 0.0302 0.0490
8.9 0.090 -1.83 0.0044 1.5433 0.0048 0.0953 0.0017 0.0044 0.0012 0.4230 0.0293 0.0217 0.0027 0.0575 0.0612
8.9 0.047 -1.74 0.0037 1.5127 0.0039 0.0908 0.0013 0.0033 0.0000 0.4373 0.0340 0.0199 0.0022 0.1117 0.0821
8.9 0.019 -1.64 0.0035 1.5724 0.0032 0.0900 0.0011 0.0028 0.0000 0.4534 0.0400 0.0191 0.0019 0.2371 0.1138
8.9 0.016 -1.61 0.0033 1.5086 0.0028 0.0841 0.0000 0.0025 0.0000 0.4363 0.0398 0.0175 0.0017 0.3192 0.1226
8.9 1.000 -2.20 1.4824 9.5035 0.6139 0.4388 0.0175 0.0450 0.0127 0.1162 0.0227 0.1803 0.6256 0.0117 0.3056
8.9 0.674 -2.06 0.1117 7.7907 0.0540 0.2762 0.0139 0.0357 0.0101 0.1721 0.0298 0.0962 0.0341 0.0168 0.1545
8.9 0.437 -1.94 0.0305 5.0958 0.0152 0.1572 0.0094 0.0240 0.0068 0.2646 0.0316 0.0471 0.0088 0.0237 0.0815
8.9 0.168 -1.68 0.0028 1.3621 0.0026 0.0641 0.0014 0.0035 0.0000 0.4283 0.0289 0.0143 0.0015 0.0534 0.0485
8.9 0.085 -1.53 0.0000 0.9898 0.0000 0.0451 0.0000 0.0019 0.0000 0.4429 0.0302 0.0090 0.0000 0.1093 0.0557
8.9 0.045 -1.40 0.0000 0.8724 0.0000 0.0352 0.0000 0.0013 0.0000 0.4524 0.0317 0.0064 0.0000 0.2127 0.0647
8.9 0.018 -1.25 0.0000 0.7452 0.0000 0.0254 0.0000 0.0000 0.0000 0.4554 0.0317 0.0042 0.0000 0.4479 0.0706
8.9 0.014 -1.16 0.0000 0.6833 0.0000 0.0212 0.0000 0.0000 0.0000 0.4624 0.0313 0.0034 0.0000 0.6828 0.0707
8.9 1.000 -1.96 1.2940 10.7867 0.5330 0.4132 0.0164 0.0423 0.0119 0.1345 0.0306 0.1716 0.5295 0.0205 0.3745
8.9 0.633 -1.81 0.0663 8.0791 0.0272 0.2087 0.0119 0.0304 0.0086 0.2124 0.0394 0.0725 0.0160 0.0305 0.1724
8.9 0.397 -1.68 0.0170 4.5711 0.0069 0.1073 0.0059 0.0149 0.0042 0.3368 0.0386 0.0306 0.0040 0.0425 0.0943
8.9 0.162 -1.44 0.0000 1.0468 0.0000 0.0405 0.0000 0.0018 0.0000 0.4446 0.0306 0.0084 0.0000 0.0850 0.0511
8.9 0.079 -1.27 0.0000 0.6769 0.0000 0.0225 0.0000 0.0000 0.0000 0.4492 0.0276 0.0041 0.0000 0.1653 0.0487
8.9 0.004 -0.70 0.0000 0.2124 0.0000 0.0027 0.0000 0.0000 0.0000 0.4869 0.0155 0.0000 0.0000 1.2325 0.0273
8.9 0.002 -0.63 0.0000 0.1877 0.0000 0.0021 0.0000 0.0000 0.0000 0.5190 0.0145 0.0000 0.0000 1.8791 0.0258
8.9 0.002 -0.60 0.0000 0.1803 0.0000 0.0019 0.0000 0.0000 0.0000 0.5337 0.0142 0.0000 0.0000 2.1965 0.0253
8.9 1.000 -1.72 1.1427 11.8379 0.4690 0.3850 0.0152 0.0392 0.0111 0.1562 0.0393 0.1614 0.4569 0.0392 0.4414
8.9 0.600 -1.56 0.0431 8.0403 0.0145 0.1559 0.0095 0.0241 0.0068 0.2600 0.0489 0.0534 0.0082 0.0604 0.1925
8.9 0.377 -1.43 0.0087 3.5197 0.0035 0.0757 0.0026 0.0065 0.0018 0.4032 0.0443 0.0201 0.0020 0.0822 0.1092
8.9 0.149 -1.19 0.0000 0.7753 0.0000 0.0239 0.0000 0.0000 0.0000 0.4478 0.0299 0.0046 0.0000 0.1473 0.0520
8.9 0.081 -1.04 0.0000 0.4938 0.0000 0.0123 0.0000 0.0000 0.0000 0.4545 0.0242 0.0022 0.0000 0.2294 0.0415
8.9 0.038 -0.86 0.0000 0.2847 0.0000 0.0050 0.0000 0.0000 0.0000 0.4588 0.0175 0.0000 0.0000 0.3810 0.0292
8.9 0.015 -0.64 0.0000 0.1419 0.0000 0.0015 0.0000 0.0000 0.0000 0.4690 0.0111 0.0000 0.0000 0.6871 0.0179
8.9 0.013 -0.49 0.0000 0.0886 0.0000 0.0000 0.0000 0.0000 0.0000 0.4856 0.0080 0.0000 0.0000 1.0370 0.0132
8.9 1.000 -1.49 1.0267 12.4817 0.4195 0.3572 0.0140 0.0359 0.0101 0.1793 0.0474 0.1509 0.4035 0.0706 0.4972
8.9 0.586 -1.33 0.0310 7.6844 0.0090 0.1216 0.0072 0.0183 0.0051 0.3057 0.0568 0.0407 0.0048 0.1110 0.2158
8.9 0.360 -1.20 0.0038 2.2547 0.0011 0.0534 0.0000 0.0023 0.0000 0.4357 0.0471 0.0129 0.0010 0.1526 0.1176
8.9 0.143 -0.96 0.0000 0.5828 0.0000 0.0142 0.0000 0.0000 0.0000 0.4488 0.0274 0.0026 0.0000 0.2305 0.0489
8.9 0.072 -0.79 0.0000 0.3053 0.0000 0.0054 0.0000 0.0000 0.0000 0.4548 0.0185 0.0000 0.0000 0.3186 0.0306
8.9 0.039 -0.63 0.0000 0.1658 0.0000 0.0020 0.0000 0.0000 0.0000 0.4620 0.0121 0.0000 0.0000 0.4521 0.0192
8.9 0.014 -0.39 0.0000 0.0616 0.0000 0.0000 0.0000 0.0000 0.0000 0.4778 0.0059 0.0000 0.0000 0.8052 0.0096
8.9 0.014 -0.39 0.0000 0.0616 0.0000 0.0000 0.0000 0.0000 0.0000 0.4778 0.0059 0.0000 0.0000 0.8052 0.0096
