#Cloudy 17.00 models results grids
# O/H: 6.9 - 9.1, log N/O: -2.0 - 0.0, log U: -2.5 - -0.5 (O/H vs N/O empirically constrained)
# SED: double composite AGN power law, a(UV) = -1.5, a(ox) = -1.2
# Plane-parallel geometry
#
#12+log(O/H) log(N/O) log(U) OII_3727 NeIII_3868 OIII_4363 OIII_5007 NII_6584 SII_6717,31
6.90 -1.750 -2.50 0.1040 0.0578 0.0148 0.4846 0.0042 0.0513
6.90 -1.750 -2.25 0.0798 0.0522 0.0157 0.4567 0.0039 0.0453
6.90 -1.750 -2.00 0.0649 0.0441 0.0138 0.3710 0.0038 0.0463
6.90 -1.750 -1.75 0.0581 0.0365 0.0097 0.2541 0.0040 0.0462
6.90 -1.750 -1.50 0.0583 0.0320 0.0055 0.1465 0.0044 0.0514
6.90 -1.750 -1.25 0.0647 0.0315 0.0025 0.0729 0.0050 0.0660
6.90 -1.750 -1.00 0.0739 0.0328 0.0011 0.0335 0.0054 0.1143
6.90 -1.750 -0.75 0.0808 0.0315 0.0000 0.0172 0.0055 0.1967
6.90 -1.750 -0.50 0.0846 0.0290 0.0000 0.0119 0.0054 0.2600
6.90 -1.625 -2.50 0.1040 0.0578 0.0148 0.4845 0.0056 0.0513
6.90 -1.625 -2.25 0.0798 0.0522 0.0157 0.4567 0.0051 0.0453
6.90 -1.625 -2.00 0.0649 0.0441 0.0138 0.3710 0.0051 0.0462
6.90 -1.625 -1.75 0.0581 0.0365 0.0097 0.2541 0.0054 0.0462
6.90 -1.625 -1.50 0.0583 0.0320 0.0055 0.1465 0.0059 0.0514
6.90 -1.625 -1.25 0.0647 0.0315 0.0025 0.0729 0.0066 0.0659
6.90 -1.625 -1.00 0.0739 0.0328 0.0011 0.0335 0.0072 0.1123
6.90 -1.625 -0.75 0.0808 0.0315 0.0000 0.0172 0.0073 0.1967
6.90 -1.625 -0.50 0.0846 0.0290 0.0000 0.0119 0.0072 0.2600
6.90 -1.500 -2.50 0.1040 0.0577 0.0148 0.4844 0.0074 0.0513
6.90 -1.500 -2.25 0.0798 0.0522 0.0157 0.4566 0.0069 0.0453
6.90 -1.500 -2.00 0.0649 0.0441 0.0138 0.3710 0.0068 0.0463
6.90 -1.500 -1.75 0.0581 0.0365 0.0097 0.2540 0.0072 0.0466
6.90 -1.500 -1.50 0.0583 0.0320 0.0055 0.1466 0.0079 0.0513
6.90 -1.500 -1.25 0.0647 0.0315 0.0025 0.0730 0.0089 0.0659
6.90 -1.500 -1.00 0.0740 0.0328 0.0011 0.0336 0.0096 0.1117
6.90 -1.500 -0.75 0.0808 0.0315 0.0000 0.0172 0.0098 0.1966
6.90 -1.500 -0.50 0.0846 0.0290 0.0000 0.0119 0.0097 0.2600
7.00 -1.750 -2.50 0.1308 0.0457 0.0186 0.6085 0.0053 0.0646
7.00 -1.750 -2.25 0.1004 0.0414 0.0197 0.5739 0.0049 0.0573
7.00 -1.750 -2.00 0.0817 0.0349 0.0173 0.4667 0.0048 0.0581
7.00 -1.750 -1.75 0.0731 0.0290 0.0122 0.3196 0.0051 0.0589
7.00 -1.750 -1.50 0.0734 0.0254 0.0069 0.1844 0.0056 0.0655
7.00 -1.750 -1.25 0.0816 0.0250 0.0032 0.0918 0.0063 0.0843
7.00 -1.750 -1.00 0.0930 0.0259 0.0013 0.0421 0.0068 0.1463
7.00 -1.750 -0.75 0.1015 0.0248 0.0000 0.0216 0.0069 0.2511
7.00 -1.750 -0.50 0.1066 0.0230 0.0000 0.0150 0.0068 0.3254
7.00 -1.675 -2.50 0.1308 0.0455 0.0182 0.6038 0.0063 0.0652
7.00 -1.675 -2.25 0.1005 0.0413 0.0192 0.5697 0.0058 0.0587
7.00 -1.675 -2.00 0.0821 0.0350 0.0170 0.4647 0.0057 0.0593
7.00 -1.675 -1.75 0.0735 0.0291 0.0121 0.3193 0.0060 0.0597
7.00 -1.675 -1.50 0.0737 0.0255 0.0068 0.1846 0.0067 0.0662
7.00 -1.675 -1.25 0.0816 0.0250 0.0032 0.0918 0.0074 0.0843
7.00 -1.675 -1.00 0.0931 0.0259 0.0013 0.0423 0.0081 0.1423
7.00 -1.675 -0.75 0.1015 0.0248 0.0000 0.0216 0.0082 0.2511
7.00 -1.675 -0.50 0.1066 0.0230 0.0000 0.0150 0.0081 0.3254
7.00 -1.500 -2.50 0.1307 0.0457 0.0185 0.6081 0.0094 0.0648
7.00 -1.500 -2.25 0.1004 0.0414 0.0196 0.5735 0.0086 0.0573
7.00 -1.500 -2.00 0.0818 0.0350 0.0173 0.4665 0.0085 0.0584
7.00 -1.500 -1.75 0.0732 0.0290 0.0122 0.3196 0.0090 0.0588
7.00 -1.500 -1.50 0.0734 0.0254 0.0069 0.1845 0.0099 0.0654
7.00 -1.500 -1.25 0.0816 0.0250 0.0032 0.0918 0.0111 0.0843
7.00 -1.500 -1.00 0.0931 0.0259 0.0013 0.0422 0.0121 0.1427
7.00 -1.500 -0.75 0.1016 0.0249 0.0000 0.0216 0.0122 0.2502
7.00 -1.500 -0.50 0.1066 0.0230 0.0000 0.0150 0.0121 0.3254
7.10 -1.750 -2.50 0.1643 0.0571 0.0228 0.7585 0.0066 0.0822
7.10 -1.750 -2.25 0.1264 0.0518 0.0242 0.7166 0.0061 0.0732
7.10 -1.750 -2.00 0.1032 0.0439 0.0214 0.5844 0.0061 0.0749
7.10 -1.750 -1.75 0.0925 0.0366 0.0152 0.4013 0.0064 0.0763
7.10 -1.750 -1.50 0.0928 0.0321 0.0086 0.2322 0.0070 0.0845
7.10 -1.750 -1.50 0.0928 0.0321 0.0086 0.2322 0.0070 0.0845
7.10 -1.750 -1.50 0.0928 0.0321 0.0086 0.2322 0.0070 0.0845
7.10 -1.750 -1.50 0.0928 0.0321 0.0086 0.2322 0.0070 0.0845
7.10 -1.750 -1.50 0.0928 0.0321 0.0086 0.2322 0.0070 0.0845
7.10 -1.625 -2.50 0.1643 0.0571 0.0228 0.7585 0.0089 0.0822
7.10 -1.625 -2.25 0.1264 0.0518 0.0242 0.7162 0.0082 0.0738
7.10 -1.625 -2.00 0.1032 0.0439 0.0214 0.5844 0.0081 0.0749
7.10 -1.625 -1.75 0.0925 0.0366 0.0152 0.4013 0.0085 0.0763
7.10 -1.625 -1.50 0.0928 0.0321 0.0086 0.2321 0.0094 0.0849
7.10 -1.625 -1.25 0.1027 0.0314 0.0040 0.1155 0.0105 0.1079
7.10 -1.625 -1.00 0.1171 0.0324 0.0017 0.0530 0.0114 0.1836
7.10 -1.625 -0.75 0.1280 0.0312 0.0000 0.0273 0.0115 0.3110
7.10 -1.625 -0.50 0.1340 0.0288 0.0000 0.0188 0.0114 0.4080
7.10 -1.500 -2.50 0.1643 0.0571 0.0228 0.7585 0.0118 0.0822
7.10 -1.500 -2.25 0.1264 0.0518 0.0242 0.7166 0.0109 0.0734
7.10 -1.500 -2.00 0.1032 0.0439 0.0214 0.5845 0.0108 0.0748
7.10 -1.500 -1.75 0.0925 0.0366 0.0152 0.4014 0.0114 0.0764
7.10 -1.500 -1.50 0.0928 0.0321 0.0086 0.2321 0.0125 0.0849
7.10 -1.500 -1.50 0.0928 0.0321 0.0086 0.2321 0.0125 0.0849
7.10 -1.500 -1.50 0.0928 0.0321 0.0086 0.2321 0.0125 0.0849
7.10 -1.500 -1.50 0.0928 0.0321 0.0086 0.2321 0.0125 0.0849
7.10 -1.500 -1.50 0.0928 0.0321 0.0086 0.2321 0.0125 0.0849
7.20 -1.750 -2.50 0.2064 0.0718 0.0287 0.9551 0.0083 0.1035
7.20 -1.750 -2.25 0.1587 0.0652 0.0306 0.9026 0.0077 0.0930
7.20 -1.750 -2.00 0.1295 0.0552 0.0271 0.7355 0.0076 0.0951
7.20 -1.750 -1.75 0.1160 0.0459 0.0192 0.5044 0.0080 0.0976
7.20 -1.750 -1.50 0.1165 0.0403 0.0108 0.2916 0.0089 0.1085
7.20 -1.750 -1.25 0.1293 0.0394 0.0050 0.1450 0.0099 0.1414
7.20 -1.750 -1.00 0.1474 0.0405 0.0021 0.0666 0.0107 0.2339
7.20 -1.750 -0.75 0.1610 0.0389 0.0000 0.0343 0.0109 0.3913
7.20 -1.750 -0.50 0.1687 0.0359 0.0000 0.0236 0.0108 0.5091
7.20 -1.625 -2.50 0.2063 0.0718 0.0287 0.9540 0.0111 0.1050
7.20 -1.625 -2.25 0.1587 0.0652 0.0305 0.9024 0.0103 0.0929
7.20 -1.625 -2.00 0.1295 0.0552 0.0270 0.7351 0.0102 0.0959
7.20 -1.625 -1.75 0.1160 0.0459 0.0192 0.5045 0.0107 0.0975
7.20 -1.625 -1.50 0.1165 0.0403 0.0108 0.2916 0.0118 0.1089
7.20 -1.625 -1.25 0.1294 0.0394 0.0050 0.1450 0.0132 0.1413
7.20 -1.625 -1.00 0.1473 0.0405 0.0021 0.0665 0.0142 0.2377
7.20 -1.625 -0.75 0.1610 0.0389 0.0000 0.0343 0.0145 0.3910
7.20 -1.625 -0.50 0.1687 0.0359 0.0000 0.0236 0.0143 0.5091
7.20 -1.500 -2.50 0.2064 0.0717 0.0287 0.9542 0.0148 0.1038
7.20 -1.500 -2.25 0.1587 0.0652 0.0305 0.9019 0.0137 0.0931
7.20 -1.500 -2.00 0.1296 0.0552 0.0270 0.7352 0.0135 0.0951
7.20 -1.500 -1.75 0.1161 0.0459 0.0191 0.5045 0.0143 0.0975
7.20 -1.500 -1.50 0.1166 0.0403 0.0108 0.2916 0.0157 0.1089
7.20 -1.500 -1.25 0.1293 0.0394 0.0050 0.1450 0.0176 0.1411
7.20 -1.500 -1.00 0.1474 0.0405 0.0021 0.0666 0.0190 0.2349
7.20 -1.500 -0.75 0.1608 0.0388 0.0000 0.0342 0.0193 0.3939
7.20 -1.500 -0.50 0.1687 0.0359 0.0000 0.0236 0.0191 0.5091
7.30 -1.750 -2.50 0.2589 0.0897 0.0355 1.1929 0.0105 0.1331
7.30 -1.750 -2.25 0.1994 0.0817 0.0379 1.1296 0.0097 0.1195
7.30 -1.750 -2.00 0.1629 0.0693 0.0337 0.9218 0.0096 0.1230
7.30 -1.750 -1.75 0.1462 0.0577 0.0239 0.6335 0.0101 0.1254
7.30 -1.750 -1.50 0.1468 0.0506 0.0136 0.3662 0.0111 0.1409
7.30 -1.750 -1.25 0.1630 0.0493 0.0063 0.1820 0.0124 0.1836
7.30 -1.750 -1.00 0.1853 0.0503 0.0026 0.0834 0.0134 0.3066
7.30 -1.750 -0.75 0.2024 0.0484 0.0012 0.0431 0.0136 0.4908
7.30 -1.750 -0.50 0.2122 0.0448 0.0000 0.0297 0.0135 0.6330
7.30 -1.625 -2.50 0.2589 0.0897 0.0355 1.1924 0.0140 0.1331
7.30 -1.625 -2.25 0.1994 0.0817 0.0379 1.1290 0.0129 0.1197
7.30 -1.625 -2.00 0.1630 0.0693 0.0336 0.9217 0.0128 0.1231
7.30 -1.625 -1.75 0.1462 0.0577 0.0239 0.6335 0.0135 0.1255
7.30 -1.625 -1.50 0.1468 0.0506 0.0136 0.3663 0.0148 0.1413
7.30 -1.625 -1.25 0.1630 0.0494 0.0063 0.1817 0.0166 0.1864
7.30 -1.625 -1.00 0.1852 0.0503 0.0026 0.0833 0.0178 0.3075
7.30 -1.625 -0.75 0.2019 0.0482 0.0012 0.0429 0.0181 0.4984
7.30 -1.625 -0.50 0.2122 0.0448 0.0000 0.0297 0.0180 0.6330
7.30 -1.500 -2.50 0.2590 0.0896 0.0355 1.1921 0.0187 0.1325
7.30 -1.500 -2.25 0.1995 0.0816 0.0378 1.1288 0.0172 0.1193
7.30 -1.500 -2.00 0.1630 0.0693 0.0336 0.9214 0.0170 0.1231
7.30 -1.500 -1.75 0.1462 0.0577 0.0239 0.6333 0.0180 0.1261
7.30 -1.500 -1.50 0.1469 0.0506 0.0136 0.3663 0.0198 0.1412
7.30 -1.500 -1.25 0.1630 0.0493 0.0063 0.1820 0.0221 0.1836
7.30 -1.500 -1.00 0.1852 0.0503 0.0026 0.0833 0.0238 0.3078
7.30 -1.500 -0.75 0.2024 0.0484 0.0012 0.0431 0.0242 0.4907
7.30 -1.500 -0.50 0.2122 0.0448 0.0000 0.0297 0.0240 0.6329
7.40 -1.750 -2.50 0.3244 0.1108 0.0426 1.4713 0.0132 0.1703
7.40 -1.750 -2.25 0.2510 0.1014 0.0455 1.3990 0.0122 0.1534
7.40 -1.750 -2.00 0.2059 0.0869 0.0407 1.1478 0.0121 0.1598
7.40 -1.750 -1.75 0.1852 0.0726 0.0293 0.7934 0.0128 0.1649
7.40 -1.750 -1.50 0.1860 0.0637 0.0168 0.4596 0.0140 0.1868
7.40 -1.750 -1.25 0.2054 0.0617 0.0079 0.2279 0.0156 0.2431
7.40 -1.750 -1.00 0.2332 0.0625 0.0033 0.1047 0.0167 0.3908
7.40 -1.750 -0.75 0.2542 0.0600 0.0015 0.0540 0.0170 0.6182
7.40 -1.750 -0.50 0.2668 0.0558 0.0000 0.0374 0.0169 0.7832
7.40 -1.625 -2.50 0.3243 0.1108 0.0426 1.4712 0.0176 0.1703
7.40 -1.625 -2.25 0.2510 0.1014 0.0455 1.3990 0.0163 0.1534
7.40 -1.625 -2.00 0.2059 0.0868 0.0407 1.1477 0.0162 0.1597
7.40 -1.625 -1.75 0.1852 0.0727 0.0293 0.7931 0.0170 0.1659
7.40 -1.625 -1.50 0.1861 0.0637 0.0168 0.4595 0.0187 0.1873
7.40 -1.625 -1.25 0.2055 0.0616 0.0079 0.2283 0.0208 0.2391
7.40 -1.625 -1.00 0.2333 0.0626 0.0033 0.1048 0.0223 0.3881
7.40 -1.625 -0.75 0.2539 0.0599 0.0015 0.0539 0.0227 0.6215
7.40 -1.625 -0.50 0.2668 0.0558 0.0000 0.0374 0.0225 0.7830
7.40 -1.500 -2.50 0.3244 0.1107 0.0426 1.4718 0.0235 0.1693
7.40 -1.500 -2.25 0.2510 0.1014 0.0455 1.3989 0.0217 0.1534
7.40 -1.500 -2.00 0.2059 0.0869 0.0407 1.1475 0.0215 0.1606
7.40 -1.500 -1.75 0.1852 0.0727 0.0293 0.7932 0.0227 0.1659
7.40 -1.500 -1.50 0.1860 0.0637 0.0168 0.4596 0.0249 0.1872
7.40 -1.500 -1.25 0.2054 0.0616 0.0079 0.2283 0.0277 0.2399
7.40 -1.500 -1.00 0.2332 0.0625 0.0033 0.1047 0.0298 0.3908
7.40 -1.500 -0.75 0.2540 0.0599 0.0015 0.0540 0.0302 0.6204
7.40 -1.500 -0.50 0.2668 0.0558 0.0000 0.0374 0.0300 0.7829
7.50 -1.750 -2.50 0.4065 0.1390 0.0537 1.8528 0.0166 0.2126
7.50 -1.750 -2.25 0.3141 0.1275 0.0577 1.7611 0.0153 0.1978
7.50 -1.750 -2.00 0.2575 0.1088 0.0517 1.4439 0.0152 0.2047
7.50 -1.750 -1.75 0.2316 0.0908 0.0371 0.9955 0.0160 0.2127
7.50 -1.750 -1.50 0.2330 0.0795 0.0211 0.5761 0.0176 0.2406
7.50 -1.750 -1.25 0.2585 0.0768 0.0098 0.2852 0.0195 0.3221
7.50 -1.750 -1.00 0.2930 0.0772 0.0041 0.1311 0.0209 0.5017
7.50 -1.750 -0.75 0.3185 0.0739 0.0019 0.0676 0.0212 0.7770
7.50 -1.750 -0.50 0.3344 0.0691 0.0012 0.0468 0.0211 0.9653
7.50 -1.625 -2.50 0.4065 0.1389 0.0536 1.8516 0.0221 0.2125
7.50 -1.625 -2.25 0.3141 0.1274 0.0576 1.7598 0.0204 0.1981
7.50 -1.625 -2.00 0.2576 0.1088 0.0516 1.4436 0.0202 0.2039
7.50 -1.625 -1.75 0.2317 0.0908 0.0370 0.9954 0.0213 0.2127
7.50 -1.625 -1.50 0.2330 0.0796 0.0211 0.5760 0.0234 0.2422
7.50 -1.625 -1.25 0.2586 0.0768 0.0098 0.2855 0.0260 0.3195
7.50 -1.625 -1.00 0.2931 0.0772 0.0041 0.1312 0.0279 0.4996
7.50 -1.625 -0.75 0.3193 0.0742 0.0019 0.0679 0.0283 0.7665
7.50 -1.625 -0.50 0.3345 0.0691 0.0012 0.0469 0.0281 0.9644
7.50 -1.500 -2.50 0.4064 0.1387 0.0535 1.8495 0.0295 0.2129
7.50 -1.500 -2.25 0.3142 0.1272 0.0575 1.7600 0.0273 0.1951
7.50 -1.500 -2.00 0.2577 0.1088 0.0515 1.4427 0.0270 0.2051
7.50 -1.500 -1.75 0.2319 0.0909 0.0370 0.9951 0.0284 0.2134
7.50 -1.500 -1.50 0.2332 0.0796 0.0211 0.5759 0.0312 0.2424
7.50 -1.500 -1.25 0.2586 0.0768 0.0098 0.2856 0.0347 0.3185
7.50 -1.500 -1.00 0.2929 0.0772 0.0041 0.1309 0.0372 0.5060
7.50 -1.500 -0.75 0.3186 0.0739 0.0019 0.0677 0.0377 0.7754
7.50 -1.500 -0.50 0.3345 0.0691 0.0012 0.0468 0.0374 0.9648
7.60 -1.750 -2.50 0.5078 0.1721 0.0653 2.2974 0.0208 0.2703
7.60 -1.750 -2.25 0.3935 0.1584 0.0707 2.1935 0.0193 0.2502
7.60 -1.750 -2.00 0.3234 0.1358 0.0637 1.8033 0.0191 0.2629
7.60 -1.750 -1.75 0.2914 0.1136 0.0460 1.2460 0.0201 0.2776
7.60 -1.750 -1.50 0.2932 0.0994 0.0263 0.7211 0.0220 0.3179
7.60 -1.750 -1.25 0.3252 0.0952 0.0122 0.3569 0.0244 0.4255
7.60 -1.750 -1.00 0.3675 0.0950 0.0052 0.1640 0.0261 0.6485
7.60 -1.750 -0.75 0.3994 0.0911 0.0024 0.0851 0.0264 0.9553
7.60 -1.750 -0.50 0.4214 0.0862 0.0015 0.0594 0.0264 1.1465
7.60 -1.625 -2.50 0.5078 0.1719 0.0652 2.2958 0.0277 0.2697
7.60 -1.625 -2.25 0.3936 0.1584 0.0705 2.1911 0.0257 0.2512
7.60 -1.625 -2.00 0.3235 0.1358 0.0635 1.8019 0.0254 0.2639
7.60 -1.625 -1.75 0.2916 0.1136 0.0459 1.2458 0.0268 0.2773
7.60 -1.625 -1.50 0.2934 0.0993 0.0263 0.7214 0.0294 0.3169
7.60 -1.625 -1.25 0.3253 0.0952 0.0122 0.3574 0.0325 0.4215
7.60 -1.625 -1.00 0.3673 0.0949 0.0051 0.1639 0.0347 0.6521
7.60 -1.625 -0.75 0.3990 0.0910 0.0024 0.0850 0.0352 0.9588
7.60 -1.625 -0.50 0.4214 0.0861 0.0015 0.0594 0.0352 1.1473
7.60 -1.500 -2.50 0.5075 0.1717 0.0649 2.2916 0.0370 0.2717
7.60 -1.500 -2.25 0.3936 0.1582 0.0702 2.1883 0.0343 0.2514
7.60 -1.500 -2.00 0.3236 0.1358 0.0634 1.8010 0.0339 0.2639
7.60 -1.500 -1.75 0.2917 0.1136 0.0458 1.2459 0.0357 0.2772
7.60 -1.500 -1.50 0.2935 0.0994 0.0262 0.7210 0.0392 0.3201
7.60 -1.500 -1.25 0.3254 0.0952 0.0122 0.3576 0.0433 0.4199
7.60 -1.500 -1.00 0.3674 0.0949 0.0052 0.1640 0.0463 0.6494
7.60 -1.500 -0.75 0.3990 0.0910 0.0024 0.0850 0.0469 0.9587
7.60 -1.500 -0.50 0.4215 0.0861 0.0015 0.0594 0.0469 1.1470
7.70 -1.750 -2.50 0.6324 0.2116 0.0786 2.8357 0.0260 0.3394
7.70 -1.750 -2.25 0.4916 0.1959 0.0858 2.7199 0.0241 0.3188
7.70 -1.750 -2.00 0.4051 0.1688 0.0779 2.2442 0.0239 0.3415
7.70 -1.750 -1.75 0.3659 0.1414 0.0567 1.5559 0.0252 0.3632
7.70 -1.750 -1.50 0.3684 0.1235 0.0325 0.9002 0.0276 0.4240
7.70 -1.750 -1.25 0.4083 0.1170 0.0151 0.4461 0.0303 0.5561
7.70 -1.750 -1.00 0.4593 0.1156 0.0064 0.2049 0.0323 0.8306
7.70 -1.750 -0.75 0.5007 0.1119 0.0030 0.1075 0.0329 1.1357
7.70 -1.750 -0.50 0.5328 0.1073 0.0020 0.0756 0.0331 1.3465
7.70 -1.625 -2.50 0.6321 0.2113 0.0784 2.8309 0.0347 0.3408
7.70 -1.625 -2.25 0.4916 0.1957 0.0855 2.7173 0.0322 0.3189
7.70 -1.625 -2.00 0.4052 0.1687 0.0777 2.2430 0.0319 0.3414
7.70 -1.625 -1.75 0.3660 0.1414 0.0566 1.5560 0.0336 0.3633
7.70 -1.625 -1.50 0.3686 0.1234 0.0325 0.9008 0.0367 0.4219
7.70 -1.625 -1.25 0.4084 0.1170 0.0152 0.4464 0.0405 0.5538
7.70 -1.625 -1.00 0.4591 0.1156 0.0064 0.2048 0.0430 0.8329
7.70 -1.625 -0.75 0.5010 0.1120 0.0030 0.1076 0.0439 1.1357
7.70 -1.625 -0.50 0.5329 0.1073 0.0020 0.0756 0.0441 1.3453
7.70 -1.500 -2.50 0.6320 0.2110 0.0781 2.8274 0.0463 0.3397
7.70 -1.500 -2.25 0.4914 0.1955 0.0851 2.7122 0.0429 0.3207
7.70 -1.500 -2.00 0.4054 0.1686 0.0774 2.2409 0.0426 0.3413
7.70 -1.500 -1.75 0.3663 0.1414 0.0564 1.5555 0.0448 0.3630
7.70 -1.500 -1.50 0.3689 0.1234 0.0325 0.9012 0.0490 0.4216
7.70 -1.500 -1.25 0.4083 0.1170 0.0151 0.4464 0.0539 0.5551
7.70 -1.500 -1.00 0.4590 0.1155 0.0064 0.2047 0.0574 0.8341
7.70 -1.500 -0.75 0.5011 0.1120 0.0031 0.1077 0.0585 1.1301
7.70 -1.500 -0.50 0.5329 0.1073 0.0020 0.0756 0.0588 1.3454
7.80 -1.750 -2.50 0.7844 0.2581 0.0935 3.4798 0.0325 0.4209
7.80 -1.750 -2.25 0.6121 0.2406 0.1031 3.3575 0.0302 0.4029
7.80 -1.750 -2.00 0.5062 0.2085 0.0946 2.7861 0.0299 0.4360
7.80 -1.750 -1.75 0.4584 0.1750 0.0696 1.9403 0.0315 0.4694
7.80 -1.750 -1.50 0.4618 0.1523 0.0402 1.1242 0.0344 0.5539
7.80 -1.750 -1.25 0.5105 0.1427 0.0188 0.5570 0.0376 0.7249
7.80 -1.750 -1.00 0.5716 0.1399 0.0080 0.2567 0.0399 1.0260
7.80 -1.750 -0.75 0.6303 0.1378 0.0039 0.1372 0.0410 1.3187
7.80 -1.750 -0.50 0.6686 0.1322 0.0025 0.0956 0.0411 1.5906
7.80 -1.625 -2.50 0.7839 0.2577 0.0932 3.4742 0.0433 0.4213
7.80 -1.625 -2.25 0.6118 0.2403 0.1027 3.3518 0.0402 0.4046
7.80 -1.625 -2.00 0.5063 0.2084 0.0944 2.7844 0.0399 0.4354
7.80 -1.625 -1.75 0.4585 0.1750 0.0694 1.9396 0.0420 0.4707
7.80 -1.625 -1.50 0.4620 0.1523 0.0402 1.1244 0.0458 0.5543
7.80 -1.625 -1.25 0.5105 0.1427 0.0188 0.5572 0.0502 0.7237
7.80 -1.625 -1.00 0.5716 0.1399 0.0080 0.2567 0.0532 1.0267
7.80 -1.625 -0.75 0.6298 0.1376 0.0039 0.1371 0.0547 1.3270
7.80 -1.625 -0.50 0.6718 0.1330 0.0025 0.0963 0.0551 1.5638
7.80 -1.500 -2.50 0.7837 0.2571 0.0928 3.4676 0.0577 0.4204
7.80 -1.500 -2.25 0.6118 0.2399 0.1021 3.3457 0.0536 0.4036
7.80 -1.500 -2.00 0.5064 0.2082 0.0939 2.7810 0.0532 0.4354
7.80 -1.500 -1.75 0.4588 0.1749 0.0692 1.9389 0.0560 0.4700
7.80 -1.500 -1.50 0.4624 0.1522 0.0401 1.1252 0.0611 0.5523
7.80 -1.500 -1.25 0.5104 0.1426 0.0188 0.5572 0.0669 0.7251
7.80 -1.500 -1.00 0.5716 0.1399 0.0081 0.2568 0.0709 1.0261
7.80 -1.500 -0.75 0.6308 0.1379 0.0039 0.1374 0.0730 1.3198
7.80 -1.500 -0.50 0.6715 0.1328 0.0025 0.0961 0.0734 1.5750
7.90 -1.750 -2.50 0.9699 0.3114 0.1098 4.2548 0.0403 0.4846
7.90 -1.750 -2.25 0.7582 0.2920 0.1223 4.1264 0.0375 0.4791
7.90 -1.750 -2.00 0.6286 0.2544 0.1138 3.4450 0.0372 0.5335
7.90 -1.750 -1.75 0.5709 0.2138 0.0847 2.4105 0.0391 0.5931
7.90 -1.750 -1.50 0.5757 0.1853 0.0495 1.4004 0.0426 0.7058
7.90 -1.750 -1.25 0.6370 0.1717 0.0233 0.6996 0.0465 0.8670
7.90 -1.750 -1.00 0.7194 0.1701 0.0103 0.3290 0.0497 1.1406
7.90 -1.750 -0.75 0.7926 0.1684 0.0051 0.1762 0.0511 1.4833
7.90 -1.750 -0.50 0.8423 0.1626 0.0032 0.1222 0.0512 1.8076
7.90 -1.625 -2.50 0.9695 0.3108 0.1093 4.2466 0.0537 0.4841
7.90 -1.625 -2.25 0.7580 0.2915 0.1218 4.1201 0.0500 0.4785
7.90 -1.625 -2.00 0.6286 0.2541 0.1134 3.4415 0.0496 0.5328
7.90 -1.625 -1.75 0.5711 0.2137 0.0844 2.4093 0.0521 0.5932
7.90 -1.625 -1.50 0.5759 0.1852 0.0494 1.4006 0.0568 0.7060
7.90 -1.625 -1.25 0.6370 0.1717 0.0233 0.6999 0.0620 0.8664
7.90 -1.625 -1.00 0.7192 0.1700 0.0103 0.3289 0.0663 1.1406
7.90 -1.625 -0.75 0.7931 0.1685 0.0051 0.1765 0.0682 1.4795
7.90 -1.625 -0.50 0.8423 0.1626 0.0033 0.1222 0.0683 1.8066
7.90 -1.500 -2.50 0.9689 0.3100 0.1087 4.2362 0.0716 0.4830
7.90 -1.500 -2.25 0.7578 0.2908 0.1210 4.1107 0.0666 0.4775
7.90 -1.500 -2.00 0.6286 0.2538 0.1128 3.4373 0.0661 0.5316
7.90 -1.500 -1.75 0.5713 0.2136 0.0841 2.4090 0.0695 0.5921
7.90 -1.500 -1.50 0.5762 0.1850 0.0493 1.4009 0.0757 0.7054
7.90 -1.500 -1.25 0.6368 0.1716 0.0233 0.7000 0.0827 0.8662
7.90 -1.500 -1.00 0.7189 0.1699 0.0103 0.3289 0.0883 1.1418
7.90 -1.500 -0.75 0.7926 0.1683 0.0051 0.1764 0.0908 1.4824
7.90 -1.500 -0.50 0.8441 0.1629 0.0033 0.1225 0.0912 1.7990
8.00 -1.750 -2.50 1.1951 0.3731 0.1267 5.1651 0.0498 0.5458
8.00 -1.750 -2.25 0.9389 0.3526 0.1437 5.0641 0.0465 0.5357
8.00 -1.750 -2.00 0.7818 0.3090 0.1366 4.2778 0.0462 0.5888
8.00 -1.750 -1.75 0.7120 0.2597 0.1034 3.0174 0.0486 0.6715
8.00 -1.750 -1.50 0.7196 0.2240 0.0614 1.7648 0.0530 0.8023
8.00 -1.750 -1.25 0.7981 0.2067 0.0294 0.8913 0.0577 0.9648
8.00 -1.750 -1.00 0.9027 0.2054 0.0132 0.4231 0.0617 1.2526
8.00 -1.750 -0.75 0.9960 0.2050 0.0066 0.2281 0.0635 1.6291
8.00 -1.750 -0.50 1.0569 0.1989 0.0042 0.1565 0.0635 2.0221
8.00 -1.625 -2.50 1.1943 0.3722 0.1260 5.1527 0.0664 0.5451
8.00 -1.625 -2.25 0.9385 0.3519 0.1428 5.0528 0.0620 0.5350
8.00 -1.625 -2.00 0.7818 0.3086 0.1358 4.2709 0.0616 0.5883
8.00 -1.625 -1.75 0.7122 0.2596 0.1031 3.0163 0.0648 0.6701
8.00 -1.625 -1.50 0.7199 0.2239 0.0613 1.7657 0.0706 0.8007
8.00 -1.625 -1.25 0.7981 0.2067 0.0294 0.8916 0.0770 0.9648
8.00 -1.625 -1.00 0.9025 0.2053 0.0132 0.4233 0.0823 1.2528
8.00 -1.625 -0.75 0.9947 0.2047 0.0066 0.2279 0.0845 1.6305
8.00 -1.625 -0.50 1.0573 0.1990 0.0042 0.1566 0.0846 2.0195
8.00 -1.500 -2.50 1.1931 0.3711 0.1251 5.1369 0.0885 0.5443
8.00 -1.500 -2.25 0.9379 0.3509 0.1418 5.0386 0.0825 0.5339
8.00 -1.500 -2.00 0.7815 0.3080 0.1350 4.2637 0.0821 0.5867
8.00 -1.500 -1.75 0.7125 0.2593 0.1026 3.0152 0.0863 0.6684
8.00 -1.500 -1.50 0.7202 0.2237 0.0612 1.7668 0.0941 0.7984
8.00 -1.500 -1.25 0.7979 0.2066 0.0294 0.8919 0.1026 0.9640
8.00 -1.500 -1.00 0.9022 0.2052 0.0132 0.4234 0.1096 1.2528
8.00 -1.500 -0.75 0.9959 0.2049 0.0066 0.2283 0.1128 1.6259
8.00 -1.500 -0.50 1.0563 0.1987 0.0042 0.1565 0.1127 2.0212
8.00 -1.375 -2.50 1.1913 0.3697 0.1240 5.1176 0.1178 0.5433
8.00 -1.375 -2.25 0.9370 0.3496 0.1403 5.0193 0.1099 0.5325
8.00 -1.375 -2.00 0.7812 0.3073 0.1338 4.2532 0.1093 0.5855
8.00 -1.375 -1.75 0.7127 0.2590 0.1020 3.0131 0.1150 0.6668
8.00 -1.375 -1.50 0.7208 0.2234 0.0609 1.7667 0.1253 0.7960
8.00 -1.375 -1.25 0.7979 0.2065 0.0294 0.8923 0.1367 0.9639
8.00 -1.375 -1.00 0.9022 0.2051 0.0132 0.4236 0.1461 1.2522
8.00 -1.375 -0.75 0.9957 0.2047 0.0066 0.2282 0.1503 1.6259
8.00 -1.375 -0.50 1.0571 0.1988 0.0042 0.1567 0.1504 2.0170
8.00 -1.250 -2.50 1.1890 0.3677 0.1225 5.0898 0.1569 0.5421
8.00 -1.250 -2.25 0.9358 0.3479 0.1385 4.9945 0.1464 0.5311
8.00 -1.250 -2.00 0.7808 0.3063 0.1323 4.2399 0.1456 0.5831
8.00 -1.250 -1.75 0.7128 0.2586 0.1013 3.0110 0.1531 0.6643
8.00 -1.250 -1.50 0.7214 0.2231 0.0607 1.7689 0.1669 0.7919
8.00 -1.250 -1.25 0.7976 0.2063 0.0294 0.8929 0.1822 0.9633
8.00 -1.250 -1.00 0.9021 0.2050 0.0132 0.4241 0.1948 1.2488
8.00 -1.250 -0.75 0.9944 0.2043 0.0066 0.2281 0.2001 1.6252
8.00 -1.250 -0.50 1.0552 0.1983 0.0042 0.1565 0.2002 2.0206
8.10 -1.750 -2.50 1.4570 0.4399 0.1418 6.1783 0.0610 0.6002
8.10 -1.750 -2.25 1.1518 0.4205 0.1647 6.1462 0.0571 0.5868
8.10 -1.750 -2.00 0.9646 0.3718 0.1610 5.2751 0.0569 0.6362
8.10 -1.750 -1.75 0.8820 0.3124 0.1250 3.7640 0.0599 0.7358
8.10 -1.750 -1.50 0.8945 0.2678 0.0757 2.2229 0.0654 0.8836
8.10 -1.750 -1.25 0.9941 0.2453 0.0369 1.1354 0.0710 1.0521
8.10 -1.750 -1.00 1.1257 0.2440 0.0170 0.5456 0.0759 1.3455
8.10 -1.750 -0.75 1.2410 0.2449 0.0086 0.2956 0.0780 1.7474
8.10 -1.750 -0.50 1.3130 0.2388 0.0055 0.2002 0.0777 2.2062
8.10 -1.625 -2.50 1.4552 0.4387 0.1409 6.1613 0.0812 0.5997
8.10 -1.625 -2.25 1.1508 0.4194 0.1635 6.1297 0.0761 0.5860
8.10 -1.625 -2.00 0.9642 0.3711 0.1600 5.2643 0.0758 0.6355
8.10 -1.625 -1.75 0.8820 0.3122 0.1245 3.7630 0.0798 0.7344
8.10 -1.625 -1.50 0.8947 0.2676 0.0755 2.2232 0.0871 0.8831
8.10 -1.625 -1.25 0.9937 0.2451 0.0369 1.1354 0.0946 1.0526
8.10 -1.625 -1.00 1.1253 0.2438 0.0170 0.5458 0.1012 1.3445
8.10 -1.625 -0.75 1.2408 0.2448 0.0086 0.2957 0.1039 1.7454
8.10 -1.625 -0.50 1.3115 0.2385 0.0055 0.2001 0.1034 2.2073
8.10 -1.500 -2.50 1.4532 0.4372 0.1398 6.1392 0.1082 0.5991
8.10 -1.500 -2.25 1.1497 0.4181 0.1621 6.1087 0.1013 0.5852
8.10 -1.500 -2.00 0.9637 0.3703 0.1588 5.2527 0.1010 0.6339
8.10 -1.500 -1.75 0.8819 0.3118 0.1239 3.7612 0.1063 0.7330
8.10 -1.500 -1.50 0.8950 0.2673 0.0754 2.2254 0.1160 0.8800
8.10 -1.500 -1.25 0.9937 0.2451 0.0369 1.1360 0.1262 1.0521
8.10 -1.500 -1.00 1.1253 0.2437 0.0170 0.5461 0.1349 1.3450
8.10 -1.500 -0.75 1.2405 0.2447 0.0086 0.2958 0.1385 1.7458
8.10 -1.500 -0.50 1.3124 0.2386 0.0055 0.2003 0.1380 2.2035
8.10 -1.375 -2.50 1.4507 0.4352 0.1383 6.1104 0.1441 0.5982
8.10 -1.375 -2.25 1.1479 0.4162 0.1602 6.0807 0.1348 0.5838
8.10 -1.375 -2.00 0.9628 0.3691 0.1571 5.2355 0.1344 0.6323
8.10 -1.375 -1.75 0.8817 0.3113 0.1230 3.7570 0.1415 0.7310
8.10 -1.375 -1.50 0.8954 0.2670 0.0751 2.2269 0.1544 0.8781
8.10 -1.375 -1.25 0.9932 0.2449 0.0369 1.1366 0.1681 1.0518
8.10 -1.375 -1.00 1.1247 0.2435 0.0170 0.5464 0.1798 1.3439
8.10 -1.375 -0.75 1.2404 0.2446 0.0086 0.2961 0.1846 1.7429
8.10 -1.375 -0.50 1.3103 0.2381 0.0055 0.2001 0.1837 2.2050
8.10 -1.250 -2.50 1.4470 0.4326 0.1365 6.0745 0.1917 0.5971
8.10 -1.250 -2.25 1.1455 0.4138 0.1579 6.0445 0.1794 0.5825
8.10 -1.250 -2.00 0.9617 0.3676 0.1550 5.2134 0.1788 0.6295
8.10 -1.250 -1.75 0.8816 0.3105 0.1219 3.7521 0.1883 0.7280
8.10 -1.250 -1.50 0.8955 0.2663 0.0748 2.2271 0.2054 0.8739
8.10 -1.250 -1.25 0.9926 0.2446 0.0369 1.1374 0.2239 1.0513
8.10 -1.250 -1.00 1.1244 0.2433 0.0170 0.5469 0.2395 1.3429
8.10 -1.250 -0.75 1.2393 0.2441 0.0086 0.2961 0.2458 1.7455
8.10 -1.250 -0.50 1.3133 0.2385 0.0056 0.2008 0.2454 2.1961
8.20 -1.500 -2.50 1.7509 0.5070 0.1509 7.2108 0.1312 0.6582
8.20 -1.500 -2.25 1.3960 0.4923 0.1802 7.3034 0.1233 0.6430
8.20 -1.500 -2.00 1.1800 0.4425 0.1830 6.4113 0.1234 0.6884
8.20 -1.500 -1.75 1.0860 0.3741 0.1477 4.6684 0.1301 0.7995
8.20 -1.500 -1.50 1.1050 0.3187 0.0924 2.7977 0.1419 0.9705
8.20 -1.500 -1.25 1.2285 0.2893 0.0461 1.4457 0.1538 1.1563
8.20 -1.500 -1.00 1.3930 0.2873 0.0219 0.7054 0.1646 1.4534
8.20 -1.500 -0.75 1.5324 0.2893 0.0114 0.3846 0.1685 1.8713
8.20 -1.500 -0.50 1.6163 0.2835 0.0073 0.2565 0.1673 2.3778
8.20 -1.375 -2.50 1.7468 0.5043 0.1492 7.1714 0.1747 0.6577
8.20 -1.375 -2.25 1.3932 0.4897 0.1778 7.2632 0.1641 0.6420
8.20 -1.375 -2.00 1.1784 0.4407 0.1808 6.3861 0.1641 0.6864
8.20 -1.375 -1.75 1.0851 0.3733 0.1464 4.6619 0.1730 0.7973
8.20 -1.375 -1.50 1.1048 0.3180 0.0919 2.7970 0.1888 0.9673
8.20 -1.375 -1.25 1.2279 0.2891 0.0462 1.4473 0.2049 1.1556
8.20 -1.375 -1.00 1.3924 0.2870 0.0219 0.7062 0.2193 1.4515
8.20 -1.375 -0.75 1.5314 0.2889 0.0114 0.3846 0.2244 1.8697
8.20 -1.375 -0.50 1.6183 0.2837 0.0073 0.2571 0.2233 2.3744
8.20 -1.250 -2.50 1.7413 0.5010 0.1470 7.1234 0.2323 0.6568
8.20 -1.250 -2.25 1.3891 0.4863 0.1748 7.2119 0.2181 0.6404
8.20 -1.250 -2.00 1.1755 0.4383 0.1779 6.3503 0.2180 0.6843
8.20 -1.250 -1.75 1.0840 0.3721 0.1449 4.6531 0.2299 0.7944
8.20 -1.250 -1.50 1.1047 0.3172 0.0914 2.7996 0.2509 0.9632
8.20 -1.250 -1.25 1.2271 0.2888 0.0462 1.4487 0.2728 1.1547
8.20 -1.250 -1.00 1.3916 0.2867 0.0219 0.7070 0.2921 1.4507
8.20 -1.250 -0.75 1.5313 0.2887 0.0114 0.3851 0.2992 1.8659
8.20 -1.250 -0.50 1.6187 0.2837 0.0073 0.2577 0.2978 2.3674
8.20 -1.125 -2.50 1.7337 0.4964 0.1442 7.0583 0.3088 0.6558
8.20 -1.125 -2.25 1.3838 0.4820 0.1711 7.1457 0.2896 0.6388
8.20 -1.125 -2.00 1.1721 0.4352 0.1743 6.3052 0.2893 0.6813
8.20 -1.125 -1.75 1.0823 0.3705 0.1428 4.6407 0.3051 0.7900
8.20 -1.125 -1.50 1.1046 0.3162 0.0908 2.8019 0.3331 0.9579
8.20 -1.125 -1.25 1.2260 0.2884 0.0462 1.4499 0.3632 1.1537
8.20 -1.125 -1.00 1.3901 0.2862 0.0220 0.7080 0.3888 1.4506
8.20 -1.125 -0.75 1.5296 0.2882 0.0114 0.3855 0.3984 1.8658
8.20 -1.125 -0.50 1.6134 0.2825 0.0073 0.2572 0.3958 2.3686
8.20 -1.000 -2.50 1.7238 0.4907 0.1407 6.9766 0.4101 0.6545
8.20 -1.000 -2.25 1.3768 0.4765 0.1664 7.0623 0.3841 0.6362
8.20 -1.000 -2.00 1.1674 0.4312 0.1698 6.2479 0.3834 0.6775
8.20 -1.000 -1.75 1.0792 0.3683 0.1402 4.6232 0.4040 0.7846
8.20 -1.000 -1.50 1.1032 0.3146 0.0900 2.8048 0.4414 0.9507
8.20 -1.000 -1.25 1.2242 0.2879 0.0463 1.4530 0.4832 1.1521
8.20 -1.000 -1.00 1.3888 0.2856 0.0220 0.7094 0.5175 1.4483
8.20 -1.000 -0.75 1.5277 0.2874 0.0114 0.3860 0.5302 1.8633
8.20 -1.000 -0.50 1.6141 0.2823 0.0073 0.2577 0.5280 2.3630
8.30 -1.500 -2.50 2.0677 0.5717 0.1550 8.2507 0.1560 0.7045
8.30 -1.500 -2.25 1.6643 0.5662 0.1918 8.5415 0.1473 0.6881
8.30 -1.500 -2.00 1.4214 0.5198 0.2043 7.7078 0.1482 0.7330
8.30 -1.500 -1.75 1.3199 0.4436 0.1726 5.7461 0.1569 0.8499
8.30 -1.500 -1.50 1.3479 0.3751 0.1118 3.4980 0.1712 1.0400
8.30 -1.500 -1.25 1.4995 0.3364 0.0573 1.8378 0.1845 1.2503
8.30 -1.500 -1.00 1.7032 0.3325 0.0281 0.9137 0.1977 1.5528
8.30 -1.500 -0.75 1.8694 0.3350 0.0150 0.5023 0.2020 1.9625
8.30 -1.500 -0.50 1.9608 0.3291 0.0097 0.3292 0.1995 2.4995
8.30 -1.375 -2.50 2.0615 0.5685 0.1531 8.2027 0.2076 0.7041
8.30 -1.375 -2.25 1.6590 0.5629 0.1892 8.4914 0.1957 0.6873
8.30 -1.375 -2.00 1.4184 0.5173 0.2015 7.6695 0.1969 0.7314
8.30 -1.375 -1.75 1.3182 0.4423 0.1708 5.7341 0.2084 0.8478
8.30 -1.375 -1.50 1.3476 0.3743 0.1111 3.4986 0.2275 1.0373
8.30 -1.375 -1.25 1.4981 0.3361 0.0574 1.8394 0.2457 1.2497
8.30 -1.375 -1.00 1.7019 0.3321 0.0282 0.9147 0.2633 1.5519
8.30 -1.375 -0.75 1.8668 0.3344 0.0150 0.5023 0.2689 1.9630
8.30 -1.375 -0.50 1.9602 0.3288 0.0097 0.3298 0.2659 2.4977
8.30 -1.250 -2.50 2.0533 0.5643 0.1508 8.1427 0.2760 0.7037
8.30 -1.250 -2.25 1.6534 0.5584 0.1856 8.4215 0.2600 0.6862
8.30 -1.250 -2.00 1.4138 0.5139 0.1978 7.6188 0.2612 0.7295
8.30 -1.250 -1.75 1.3151 0.4405 0.1686 5.7183 0.2764 0.8448
8.30 -1.250 -1.50 1.3465 0.3733 0.1104 3.5021 0.3020 1.0332
8.30 -1.250 -1.25 1.4967 0.3357 0.0574 1.8410 0.3271 1.2491
8.30 -1.250 -1.00 1.7011 0.3318 0.0282 0.9162 0.3508 1.5509
8.30 -1.250 -0.75 1.8661 0.3340 0.0151 0.5030 0.3582 1.9607
8.30 -1.250 -0.50 1.9569 0.3281 0.0097 0.3296 0.3540 2.4924
8.30 -1.125 -2.50 2.0422 0.5590 0.1479 8.0658 0.3666 0.7033
8.30 -1.125 -2.25 1.6448 0.5530 0.1815 8.3392 0.3449 0.6851
8.30 -1.125 -2.00 1.4073 0.5096 0.1934 7.5561 0.3461 0.7270
8.30 -1.125 -1.75 1.3109 0.4380 0.1658 5.6964 0.3660 0.8414
8.30 -1.125 -1.50 1.3447 0.3718 0.1095 3.5045 0.4002 1.0282
8.30 -1.125 -1.25 1.4936 0.3350 0.0575 1.8447 0.4350 1.2484
8.30 -1.125 -1.00 1.6985 0.3310 0.0282 0.9171 0.4667 1.5493
8.30 -1.125 -0.75 1.8639 0.3333 0.0151 0.5038 0.4769 1.9596
8.30 -1.125 -0.50 1.9574 0.3280 0.0097 0.3302 0.4722 2.4902
8.30 -1.000 -2.50 2.0283 0.5522 0.1442 7.9683 0.4864 0.7027
8.30 -1.000 -2.25 1.6349 0.5461 0.1763 8.2334 0.4571 0.6835
8.30 -1.000 -2.00 1.3992 0.5040 0.1879 7.4746 0.4575 0.7235
8.30 -1.000 -1.75 1.3050 0.4347 0.1624 5.6682 0.4834 0.8359
8.30 -1.000 -1.50 1.3413 0.3696 0.1083 3.5058 0.5290 1.0208
8.30 -1.000 -1.25 1.4921 0.3344 0.0576 1.8477 0.5788 1.2471
8.30 -1.000 -1.00 1.6963 0.3303 0.0283 0.9197 0.6210 1.5479
8.30 -1.000 -0.75 1.8609 0.3324 0.0151 0.5047 0.6347 1.9576
8.30 -1.000 -0.50 1.9506 0.3265 0.0097 0.3302 0.6275 2.4871
8.40 -1.500 -2.50 2.4017 0.6295 0.1515 9.1910 0.1834 0.7553
8.40 -1.500 -2.25 1.9549 0.6385 0.1954 9.7733 0.1739 0.7343
8.40 -1.500 -2.00 1.6915 0.6027 0.2203 9.1132 0.1761 0.7833
8.40 -1.500 -1.75 1.5877 0.5234 0.1972 7.0047 0.1872 0.9063
8.40 -1.500 -1.50 1.6297 0.4411 0.1333 4.3474 0.2045 1.1146
8.40 -1.500 -1.25 1.8092 0.3899 0.0706 2.3285 0.2186 1.3570
8.40 -1.500 -1.00 2.0620 0.3835 0.0362 1.1861 0.2350 1.6797
8.40 -1.500 -0.75 2.2558 0.3851 0.0199 0.6580 0.2395 2.0891
8.40 -1.500 -0.50 2.3531 0.3786 0.0129 0.4244 0.2356 2.6383
8.40 -1.375 -2.50 2.3935 0.6260 0.1498 9.1405 0.2440 0.7555
8.40 -1.375 -2.25 1.9487 0.6346 0.1927 9.7132 0.2311 0.7338
8.40 -1.375 -2.00 1.6856 0.5993 0.2170 9.0623 0.2336 0.7821
8.40 -1.375 -1.75 1.5844 0.5215 0.1949 6.9855 0.2484 0.9042
8.40 -1.375 -1.50 1.6277 0.4399 0.1324 4.3476 0.2713 1.1116
8.40 -1.375 -1.25 1.8066 0.3895 0.0707 2.3325 0.2909 1.3562
8.40 -1.375 -1.00 2.0600 0.3830 0.0362 1.1874 0.3130 1.6782
8.40 -1.375 -0.75 2.2534 0.3845 0.0199 0.6586 0.3189 2.0881
8.40 -1.375 -0.50 2.3503 0.3779 0.0129 0.4245 0.3137 2.6341
8.40 -1.250 -2.50 2.3829 0.6217 0.1477 9.0779 0.3243 0.7555
8.40 -1.250 -2.25 1.9399 0.6296 0.1894 9.6377 0.3067 0.7333
8.40 -1.250 -2.00 1.6786 0.5950 0.2129 8.9984 0.3096 0.7804
8.40 -1.250 -1.75 1.5786 0.5189 0.1921 6.9602 0.3288 0.9018
8.40 -1.250 -1.50 1.6244 0.4383 0.1314 4.3504 0.3594 1.1081
8.40 -1.250 -1.25 1.8044 0.3890 0.0708 2.3346 0.3872 1.3557
8.40 -1.250 -1.00 2.0573 0.3823 0.0363 1.1893 0.4166 1.6779
8.40 -1.250 -0.75 2.2506 0.3838 0.0200 0.6595 0.4246 2.0867
8.40 -1.250 -0.50 2.3480 0.3774 0.0130 0.4253 0.4180 2.6335
8.40 -1.125 -2.50 2.3677 0.6158 0.1449 8.9951 0.4305 0.7556
8.40 -1.125 -2.25 1.9285 0.6233 0.1852 9.5426 0.4065 0.7327
8.40 -1.125 -2.00 1.6694 0.5894 0.2079 8.9162 0.4096 0.7785
8.40 -1.125 -1.75 1.5718 0.5154 0.1884 6.9274 0.4346 0.8981
8.40 -1.125 -1.50 1.6201 0.4361 0.1301 4.3521 0.4752 1.1028
8.40 -1.125 -1.25 1.8015 0.3882 0.0708 2.3373 0.5150 1.3547
8.40 -1.125 -1.00 2.0526 0.3813 0.0363 1.1912 0.5540 1.6761
8.40 -1.125 -0.75 2.2469 0.3828 0.0200 0.6605 0.5650 2.0851
8.40 -1.125 -0.50 2.3443 0.3765 0.0130 0.4257 0.5566 2.6299
8.40 -1.000 -2.50 2.3488 0.6083 0.1415 8.8889 0.5709 0.7556
8.40 -1.000 -2.25 1.9143 0.6154 0.1801 9.4247 0.5381 0.7318
8.40 -1.000 -2.00 1.6581 0.5827 0.2019 8.8197 0.5408 0.7757
8.40 -1.000 -1.75 1.5617 0.5108 0.1840 6.8865 0.5725 0.8928
8.40 -1.000 -1.50 1.6131 0.4332 0.1284 4.3547 0.6263 1.0958
8.40 -1.000 -1.25 1.7970 0.3872 0.0709 2.3424 0.6843 1.3531
8.40 -1.000 -1.00 2.0483 0.3801 0.0365 1.1948 0.7364 1.6750
8.40 -1.000 -0.75 2.2432 0.3817 0.0201 0.6624 0.7517 2.0828
8.40 -1.000 -0.50 2.3361 0.3748 0.0131 0.4262 0.7397 2.6282
8.50 -1.500 -2.50 2.7153 0.6692 0.1392 9.9206 0.2103 0.7859
8.50 -1.500 -2.25 2.2370 0.6964 0.1872 10.8394 0.2001 0.7568
8.50 -1.500 -2.00 1.9633 0.6808 0.2257 10.5263 0.2040 0.8117
8.50 -1.500 -1.75 1.8753 0.6086 0.2183 8.4382 0.2190 0.9407
8.50 -1.500 -1.50 1.9398 0.5131 0.1560 5.3710 0.2400 1.1599
8.50 -1.500 -1.25 2.1361 0.4445 0.0857 2.9360 0.2530 1.4378
8.50 -1.500 -1.00 2.4294 0.4310 0.0459 1.5303 0.2717 1.7884
8.50 -1.500 -0.75 2.6550 0.4308 0.0262 0.8604 0.2768 2.2004
8.50 -1.500 -0.50 2.7514 0.4220 0.0173 0.5465 0.2709 2.7411
8.50 -1.375 -2.50 2.7043 0.6659 0.1380 9.8760 0.2796 0.7865
8.50 -1.375 -2.25 2.2276 0.6924 0.1850 10.7819 0.2657 0.7570
8.50 -1.375 -2.00 1.9558 0.6768 0.2224 10.4669 0.2705 0.8110
8.50 -1.375 -1.75 1.8685 0.6058 0.2156 8.4106 0.2901 0.9391
8.50 -1.375 -1.50 1.9358 0.5116 0.1549 5.3739 0.3180 1.1580
8.50 -1.375 -1.25 2.1327 0.4438 0.0857 2.9372 0.3366 1.4371
8.50 -1.375 -1.00 2.4265 0.4304 0.0460 1.5326 0.3618 1.7882
8.50 -1.375 -0.75 2.6490 0.4298 0.0263 0.8615 0.3682 2.1985
8.50 -1.375 -0.50 2.7454 0.4210 0.0173 0.5468 0.3605 2.7399
8.50 -1.250 -2.50 2.6911 0.6618 0.1363 9.8187 0.3715 0.7874
8.50 -1.250 -2.25 2.2169 0.6873 0.1821 10.7045 0.3525 0.7575
8.50 -1.250 -2.00 1.9460 0.6719 0.2185 10.3975 0.3582 0.8101
8.50 -1.250 -1.75 1.8596 0.6022 0.2121 8.3774 0.3834 0.9367
8.50 -1.250 -1.50 1.9298 0.5094 0.1535 5.3740 0.4204 1.1552
8.50 -1.250 -1.25 2.1287 0.4430 0.0858 2.9402 0.4476 1.4361
8.50 -1.250 -1.00 2.4232 0.4297 0.0461 1.5359 0.4815 1.7879
8.50 -1.250 -0.75 2.6446 0.4289 0.0264 0.8627 0.4901 2.1982
8.50 -1.250 -0.50 2.7384 0.4197 0.0173 0.5471 0.4797 2.7382
8.50 -1.125 -2.50 2.6726 0.6563 0.1343 9.7472 0.4932 0.7882
8.50 -1.125 -2.25 2.2024 0.6811 0.1788 10.6163 0.4670 0.7576
8.50 -1.125 -2.00 1.9329 0.6654 0.2135 10.3050 0.4731 0.8091
8.50 -1.125 -1.75 1.8484 0.5976 0.2079 8.3340 0.5055 0.9338
8.50 -1.125 -1.50 1.9219 0.5066 0.1517 5.3775 0.5546 1.1509
8.50 -1.125 -1.25 2.1228 0.4419 0.0859 2.9453 0.5947 1.4350
8.50 -1.125 -1.00 2.4174 0.4285 0.0462 1.5390 0.6401 1.7860
8.50 -1.125 -0.75 2.6400 0.4278 0.0264 0.8649 0.6522 2.1963
8.50 -1.125 -0.50 2.7317 0.4183 0.0174 0.5477 0.6381 2.7333
8.50 -1.000 -2.50 2.6474 0.6491 0.1316 9.6518 0.6535 0.7893
8.50 -1.000 -2.25 2.1845 0.6733 0.1746 10.5051 0.6177 0.7577
8.50 -1.000 -2.00 1.9160 0.6574 0.2077 10.1966 0.6233 0.8077
8.50 -1.000 -1.75 1.8332 0.5917 0.2027 8.2808 0.6641 0.9294
8.50 -1.000 -1.50 1.9088 0.5026 0.1495 5.3809 0.7281 1.1447
8.50 -1.000 -1.25 2.1159 0.4408 0.0861 2.9546 0.7896 1.4331
8.50 -1.000 -1.00 2.4091 0.4269 0.0464 1.5436 0.8501 1.7845
8.50 -1.000 -0.75 2.6319 0.4261 0.0266 0.8674 0.8667 2.1940
8.50 -1.000 -0.50 2.7250 0.4170 0.0175 0.5493 0.8492 2.7321
8.60 -1.250 -2.50 2.9853 0.6892 0.1205 10.3713 0.4214 0.8271
8.60 -1.250 -2.25 2.4822 0.7320 0.1669 11.5828 0.3993 0.7845
8.60 -1.250 -2.00 2.2108 0.7423 0.2136 11.7230 0.4077 0.8402
8.60 -1.250 -1.75 2.1553 0.6913 0.2262 9.9350 0.4409 0.9766
8.60 -1.250 -1.50 2.2716 0.5935 0.1763 6.6256 0.4879 1.2100
8.60 -1.250 -1.25 2.4972 0.5092 0.1037 3.7320 0.5151 1.5296
8.60 -1.250 -1.00 2.8252 0.4848 0.0584 1.9946 0.5522 1.9239
8.60 -1.250 -0.75 3.0742 0.4789 0.0346 1.1314 0.5615 2.3546
8.60 -1.250 -0.50 3.1673 0.4651 0.0230 0.7078 0.5469 2.8917
8.60 -1.125 -2.50 2.9623 0.6845 0.1192 10.3163 0.5591 0.8290
8.60 -1.125 -2.25 2.4651 0.7267 0.1647 11.5185 0.5288 0.7857
8.60 -1.125 -2.00 2.1940 0.7356 0.2095 11.6377 0.5379 0.8402
8.60 -1.125 -1.75 2.1381 0.6856 0.2216 9.8849 0.5799 0.9747
8.60 -1.125 -1.50 2.2563 0.5894 0.1741 6.6290 0.6411 1.2065
8.60 -1.125 -1.25 2.4892 0.5080 0.1039 3.7413 0.6841 1.5279
8.60 -1.125 -1.00 2.8180 0.4833 0.0585 1.9978 0.7339 1.9232
8.60 -1.125 -0.75 3.0703 0.4779 0.0347 1.1356 0.7474 2.3544
8.60 -1.125 -0.50 3.1565 0.4634 0.0231 0.7097 0.7271 2.8890
8.60 -1.000 -2.50 2.9317 0.6780 0.1173 10.2387 0.7407 0.8313
8.60 -1.000 -2.25 2.4415 0.7194 0.1617 11.4274 0.6986 0.7874
8.60 -1.000 -2.00 2.1729 0.7275 0.2047 11.5366 0.7080 0.8403
8.60 -1.000 -1.75 2.1158 0.6780 0.2161 9.8186 0.7596 0.9718
8.60 -1.000 -1.50 2.2361 0.5844 0.1713 6.6366 0.8391 1.2009
8.60 -1.000 -1.25 2.4769 0.5061 0.1041 3.7500 0.9067 1.5253
8.60 -1.000 -1.00 2.8075 0.4816 0.0588 2.0066 0.9744 1.9209
8.60 -1.000 -0.75 3.0560 0.4756 0.0349 1.1398 0.9921 2.3522
8.60 -1.000 -0.50 3.1445 0.4613 0.0232 0.7113 0.9665 2.8864
8.60 -0.875 -2.50 2.8894 0.6694 0.1150 10.1399 0.9787 0.8337
8.60 -0.875 -2.25 2.4099 0.7104 0.1582 11.3218 0.9206 0.7887
8.60 -0.875 -2.00 2.1438 0.7174 0.1989 11.4164 0.9277 0.8395
8.60 -0.875 -1.75 2.0843 0.6684 0.2096 9.7415 0.9891 0.9675
8.60 -0.875 -1.50 2.2054 0.5769 0.1678 6.6368 1.0902 1.1928
8.60 -0.875 -1.25 2.4613 0.5039 0.1044 3.7646 1.2000 1.5226
8.60 -0.875 -1.00 2.7930 0.4793 0.0591 2.0176 1.2916 1.9191
8.60 -0.875 -0.75 3.0399 0.4728 0.0351 1.1455 1.3157 2.3492
8.60 -0.875 -0.50 3.1276 0.4585 0.0233 0.7149 1.2827 2.8842
8.60 -0.750 -2.50 2.8364 0.6589 0.1121 10.0222 1.2895 0.8361
8.60 -0.750 -2.25 2.3682 0.6989 0.1539 11.1889 1.2081 0.7898
8.60 -0.750 -2.00 2.1073 0.7053 0.1923 11.2811 1.2098 0.8382
8.60 -0.750 -1.75 2.0457 0.6572 0.2024 9.6616 1.2806 0.9611
8.60 -0.750 -1.50 2.1660 0.5680 0.1639 6.6481 1.4068 1.1795
8.60 -0.750 -1.25 2.4424 0.5013 0.1049 3.7858 1.5853 1.5187
8.60 -0.750 -1.00 2.7703 0.4755 0.0594 2.0286 1.7063 1.9148
8.60 -0.750 -0.75 3.0166 0.4688 0.0353 1.1511 1.7408 2.3451
8.60 -0.750 -0.50 3.1033 0.4545 0.0235 0.7182 1.6985 2.8776
8.70 -1.250 -2.50 3.1837 0.6880 0.1001 10.5768 0.4613 0.8460
8.70 -1.250 -2.25 2.6693 0.7475 0.1434 12.0914 0.4356 0.7863
8.70 -1.250 -2.00 2.4084 0.7873 0.1948 12.7550 0.4461 0.8376
8.70 -1.250 -1.75 2.4014 0.7675 0.2273 11.4572 0.4882 0.9845
8.70 -1.250 -1.50 2.5857 0.6766 0.1948 8.0482 0.5479 1.2299
8.70 -1.250 -1.25 2.8455 0.5758 0.1226 4.7168 0.5766 1.5876
8.70 -1.250 -1.00 3.2071 0.5373 0.0728 2.5897 0.6182 2.0381
8.70 -1.250 -0.75 3.4967 0.5254 0.0449 1.4900 0.6314 2.5155
8.70 -1.250 -0.50 3.6082 0.5070 0.0301 0.9202 0.6153 3.0659
8.70 -1.125 -2.50 3.1510 0.6838 0.0993 10.5428 0.6112 0.8485
8.70 -1.125 -2.25 2.6469 0.7436 0.1424 12.0645 0.5766 0.7889
8.70 -1.125 -2.00 2.3875 0.7819 0.1925 12.7073 0.5880 0.8389
8.70 -1.125 -1.75 2.3765 0.7609 0.2232 11.4092 0.6404 0.9839
8.70 -1.125 -1.50 2.5621 0.6716 0.1923 8.0577 0.7175 1.2279
8.70 -1.125 -1.25 2.8329 0.5744 0.1228 4.7290 0.7649 1.5854
8.70 -1.125 -1.00 3.2003 0.5367 0.0732 2.6042 0.8222 2.0376
8.70 -1.125 -0.75 3.4906 0.5244 0.0451 1.4968 0.8405 2.5159
8.70 -1.125 -0.50 3.5953 0.5050 0.0302 0.9232 0.8183 3.0646
8.70 -1.000 -2.50 3.1113 0.6782 0.0983 10.4930 0.8091 0.8519
8.70 -1.000 -2.25 2.6185 0.7385 0.1410 12.0267 0.7615 0.7917
8.70 -1.000 -2.00 2.3619 0.7754 0.1896 12.6529 0.7728 0.8401
8.70 -1.000 -1.75 2.3458 0.7529 0.2184 11.3543 0.8364 0.9830
8.70 -1.000 -1.50 2.5301 0.6651 0.1891 8.0713 0.9347 1.2239
8.70 -1.000 -1.25 2.8152 0.5720 0.1230 4.7419 1.0125 1.5824
8.70 -1.000 -1.00 3.1815 0.5339 0.0734 2.6113 1.0894 2.0349
8.70 -1.000 -0.75 3.4660 0.5208 0.0451 1.4990 1.1130 2.5129
8.70 -1.000 -0.50 3.5746 0.5021 0.0303 0.9257 1.0861 3.0619
8.70 -0.875 -2.50 3.0573 0.6708 0.0969 10.4291 1.0674 0.8553
8.70 -0.875 -2.25 2.5796 0.7316 0.1392 11.9749 1.0020 0.7947
8.70 -0.875 -2.00 2.3244 0.7665 0.1860 12.5810 1.0103 0.8410
8.70 -0.875 -1.75 2.3053 0.7432 0.2130 11.2994 1.0860 0.9808
8.70 -0.875 -1.50 2.4817 0.6555 0.1851 8.0753 1.2069 1.2168
8.70 -0.875 -1.25 2.7893 0.5687 0.1232 4.7566 1.3364 1.5778
8.70 -0.875 -1.00 3.1572 0.5305 0.0738 2.6247 1.4410 2.0311
8.70 -0.875 -0.75 3.4387 0.5168 0.0454 1.5076 1.4728 2.5090
8.70 -0.875 -0.50 3.5497 0.4983 0.0305 0.9295 1.4392 3.0566
8.70 -0.750 -2.50 2.9877 0.6612 0.0952 10.3512 1.4031 0.8586
8.70 -0.750 -2.25 2.5274 0.7224 0.1369 11.9080 1.3125 0.7976
8.70 -0.750 -2.00 2.2758 0.7556 0.1817 12.5003 1.3128 0.8412
8.70 -0.750 -1.75 2.2511 0.7307 0.2064 11.2306 1.3983 0.9766
8.70 -0.750 -1.50 2.4209 0.6445 0.1806 8.0965 1.5457 1.2053
8.70 -0.750 -1.25 2.7589 0.5650 0.1237 4.7829 1.7604 1.5722
8.70 -0.750 -1.00 3.1245 0.5261 0.0743 2.6441 1.9006 2.0262
8.70 -0.750 -0.75 3.4116 0.5126 0.0457 1.5171 1.9485 2.5060
8.70 -0.750 -0.50 3.5060 0.4921 0.0306 0.9328 1.8981 3.0475
8.80 -1.000 -2.50 3.1991 0.6581 0.0791 10.4688 0.8663 0.8784
8.80 -1.000 -2.25 2.7280 0.7372 0.1178 12.3266 0.8138 0.8028
8.80 -1.000 -2.00 2.4877 0.8033 0.1675 13.5058 0.8251 0.8422
8.80 -1.000 -1.75 2.5134 0.8148 0.2094 12.7833 0.8971 0.9912
8.80 -1.000 -1.50 2.7719 0.7434 0.1990 9.5965 1.0151 1.2496
8.80 -1.000 -1.25 3.1046 0.6408 0.1403 5.9228 1.1030 1.6424
8.80 -1.000 -1.00 3.5347 0.5917 0.0896 3.3943 1.2010 2.1681
8.80 -1.000 -0.75 3.9008 0.5742 0.0574 1.9832 1.2463 2.7346
8.80 -1.000 -0.50 4.0779 0.5526 0.0387 1.2099 1.2290 3.3310
8.80 -0.875 -2.50 3.1317 0.6518 0.0784 10.4484 1.1409 0.8821
8.80 -0.875 -2.25 2.6800 0.7329 0.1174 12.3516 1.0693 0.8069
8.80 -0.875 -2.00 2.4416 0.7972 0.1663 13.5178 1.0757 0.8441
8.80 -0.875 -1.75 2.4597 0.8057 0.2058 12.7785 1.1598 0.9900
8.80 -0.875 -1.50 2.7039 0.7328 0.1953 9.6317 1.3024 1.2432
8.80 -0.875 -1.25 3.0709 0.6371 0.1406 5.9478 1.4538 1.6367
8.80 -0.875 -1.00 3.5006 0.5873 0.0898 3.4083 1.5860 2.1631
8.80 -0.875 -0.75 3.8660 0.5695 0.0577 1.9923 1.6480 2.7302
8.80 -0.875 -0.50 4.0530 0.5492 0.0390 1.2181 1.6303 3.3303
8.80 -0.750 -2.50 3.0452 0.6437 0.0775 10.4222 1.4963 0.8860
8.80 -0.750 -2.25 2.6139 0.7262 0.1167 12.3627 1.3961 0.8108
8.80 -0.750 -2.00 2.3811 0.7896 0.1647 13.5367 1.3933 0.8449
8.80 -0.750 -1.75 2.3843 0.7935 0.2013 12.7653 1.4833 0.9866
8.80 -0.750 -1.50 2.6153 0.7195 0.1908 9.6705 1.6535 1.2333
8.80 -0.750 -1.25 3.0250 0.6327 0.1412 5.9882 1.9085 1.6286
8.80 -0.750 -1.00 3.4530 0.5816 0.0903 3.4326 2.0857 2.1560
8.80 -0.750 -0.75 3.8207 0.5636 0.0580 2.0063 2.1737 2.7258
8.80 -0.750 -0.50 4.0102 0.5434 0.0392 1.2266 2.1544 3.3258
8.80 -0.625 -2.50 2.9322 0.6323 0.0764 10.3753 1.9484 0.8886
8.80 -0.625 -2.25 2.5264 0.7176 0.1158 12.3852 1.8093 0.8125
8.80 -0.625 -2.00 2.2992 0.7793 0.1626 13.5548 1.7861 0.8427
8.80 -0.625 -1.75 2.2910 0.7800 0.1965 12.7789 1.8777 0.9792
8.80 -0.625 -1.50 2.4973 0.7029 0.1855 9.7228 2.0695 1.2146
8.80 -0.625 -1.25 2.9639 0.6255 0.1413 6.0168 2.4914 1.6166
8.80 -0.625 -1.00 3.3896 0.5737 0.0908 3.4593 2.7302 2.1450
8.80 -0.625 -0.75 3.7589 0.5557 0.0585 2.0239 2.8552 2.7187
8.80 -0.625 -0.50 3.9378 0.5339 0.0394 1.2323 2.8278 3.3151
8.80 -0.500 -2.50 2.7899 0.6180 0.0750 10.3206 2.5162 0.8887
8.80 -0.500 -2.25 2.4130 0.7058 0.1146 12.3963 2.3200 0.8110
8.80 -0.500 -2.00 2.1881 0.7655 0.1597 13.5672 2.2580 0.8358
8.80 -0.500 -1.75 2.1630 0.7627 0.1907 12.7984 2.3369 0.9655
8.80 -0.500 -1.50 2.3465 0.6837 0.1798 9.8076 2.5486 1.1861
8.80 -0.500 -1.25 2.8881 0.6184 0.1423 6.0857 3.2346 1.6021
8.80 -0.500 -1.00 3.3084 0.5644 0.0917 3.5057 3.5548 2.1315
8.80 -0.500 -0.75 3.6751 0.5446 0.0589 2.0444 3.7274 2.7065
8.80 -0.500 -0.50 3.8766 0.5259 0.0400 1.2517 3.7209 3.3117
8.90 -1.000 -2.50 3.0781 0.6028 0.0599 10.0350 0.8806 0.8729
8.90 -1.000 -2.25 2.6607 0.6960 0.0924 12.1434 0.8211 0.7828
8.90 -1.000 -2.00 2.4503 0.7898 0.1380 13.8439 0.8304 0.8103
8.90 -1.000 -1.75 2.5076 0.8398 0.1865 13.8763 0.9040 0.9515
8.90 -1.000 -1.50 2.8289 0.7938 0.1944 11.0221 1.0362 1.2221
8.90 -1.000 -1.25 3.2053 0.6892 0.1493 7.1792 1.1342 1.6423
8.90 -1.000 -1.00 3.6991 0.6301 0.1026 4.3026 1.2575 2.2369
8.90 -1.000 -0.75 4.1749 0.6090 0.0690 2.5737 1.3381 2.9191
8.90 -1.000 -0.50 4.5207 0.5924 0.0471 1.5662 1.3592 3.6124
8.90 -0.875 -2.50 2.9985 0.5975 0.0596 10.0526 1.1564 0.8762
8.90 -0.875 -2.25 2.5986 0.6935 0.0927 12.2309 1.0753 0.7881
8.90 -0.875 -2.00 2.3937 0.7875 0.1386 13.9633 1.0789 0.8132
8.90 -0.875 -1.75 2.4370 0.8328 0.1853 13.9514 1.1614 0.9505
8.90 -0.875 -1.50 2.7386 0.7830 0.1916 11.0981 1.3200 1.2168
8.90 -0.875 -1.25 3.1607 0.6856 0.1498 7.2206 1.4916 1.6331
8.90 -0.875 -1.00 3.6497 0.6250 0.1030 4.3300 1.6556 2.2290
8.90 -0.875 -0.75 4.1142 0.6016 0.0691 2.5816 1.7607 2.9084
8.90 -0.875 -0.50 4.4660 0.5856 0.0472 1.5700 1.7940 3.6037
8.90 -0.750 -2.50 2.8936 0.5901 0.0592 10.0652 1.5104 0.8796
8.90 -0.750 -2.25 2.5187 0.6904 0.0932 12.3484 1.3988 0.7920
8.90 -0.750 -2.00 2.3179 0.7844 0.1394 14.1183 1.3894 0.8138
8.90 -0.750 -1.75 2.3446 0.8240 0.1837 14.0487 1.4753 0.9461
8.90 -0.750 -1.50 2.6145 0.7686 0.1880 11.1876 1.6566 1.2060
8.90 -0.750 -1.25 3.0930 0.6785 0.1498 7.2455 1.9473 1.6211
8.90 -0.750 -1.00 3.5824 0.6178 0.1034 4.3607 2.1691 2.2177
8.90 -0.750 -0.75 4.0626 0.5961 0.0696 2.6073 2.3226 2.9050
8.90 -0.750 -0.50 4.4079 0.5788 0.0474 1.5813 2.3673 3.5979
8.90 -0.625 -2.50 2.7603 0.5812 0.0589 10.0970 1.9573 0.8807
8.90 -0.625 -2.25 2.4125 0.6850 0.0936 12.4761 1.8021 0.7940
8.90 -0.625 -2.00 2.2145 0.7787 0.1399 14.2839 1.7660 0.8106
8.90 -0.625 -1.75 2.2215 0.8127 0.1816 14.1691 1.8461 0.9374
8.90 -0.625 -1.50 2.4593 0.7519 0.1840 11.3093 2.0475 1.1872
8.90 -0.625 -1.25 3.0108 0.6715 0.1503 7.3100 2.5302 1.6047
8.90 -0.625 -1.00 3.4942 0.6081 0.1037 4.3934 2.8253 2.2025
8.90 -0.625 -0.75 3.9710 0.5851 0.0698 2.6233 3.0351 2.8912
8.90 -0.625 -0.50 4.3328 0.5700 0.0478 1.5970 3.1135 3.5929
8.90 -0.500 -2.50 2.5960 0.5689 0.0583 10.1149 2.5102 0.8794
8.90 -0.500 -2.25 2.2802 0.6784 0.0942 12.6386 2.2939 0.7912
8.90 -0.500 -2.00 2.0804 0.7701 0.1400 14.4606 2.2088 0.8016
8.90 -0.500 -1.75 2.0616 0.7976 0.1786 14.2945 2.2649 0.9200
8.90 -0.500 -1.50 2.2640 0.7325 0.1793 11.4717 2.4812 1.1567
8.90 -0.500 -1.25 2.9017 0.6614 0.1506 7.3753 3.2567 1.5834
8.90 -0.500 -1.00 3.3782 0.5960 0.1042 4.4448 3.6514 2.1809
8.90 -0.500 -0.75 3.8611 0.5727 0.0703 2.6581 3.9486 2.8751
8.90 -0.500 -0.50 4.2214 0.5567 0.0480 1.6127 4.0631 3.5764
9.00 -0.750 -2.50 2.6300 0.5208 0.0442 9.4490 1.4880 0.8707
9.00 -0.750 -2.25 2.3220 0.6341 0.0722 12.0035 1.3622 0.7754
9.00 -0.750 -2.00 2.1443 0.7529 0.1133 14.3373 1.3366 0.7856
9.00 -0.750 -1.75 2.1724 0.8286 0.1593 15.0209 1.4060 0.9025
9.00 -0.750 -1.50 2.4458 0.7963 0.1744 12.5720 1.5798 1.1603
9.00 -0.750 -1.25 2.9747 0.7097 0.1485 8.5384 1.8984 1.5984
9.00 -0.750 -1.00 3.5187 0.6407 0.1097 5.3789 2.1604 2.2606
9.00 -0.750 -0.75 4.1520 0.6185 0.0779 3.3106 2.4085 3.0918
9.00 -0.750 -0.50 4.7699 0.6149 0.0549 2.0358 2.5819 3.9514
9.00 -0.625 -2.50 2.4891 0.5138 0.0440 9.5388 1.9200 0.8705
9.00 -0.625 -2.25 2.2015 0.6327 0.0733 12.2501 1.7426 0.7759
9.00 -0.625 -2.00 2.0234 0.7525 0.1154 14.6664 1.6814 0.7805
9.00 -0.625 -1.75 2.0258 0.8220 0.1600 15.2950 1.7346 0.8889
9.00 -0.625 -1.50 2.2532 0.7808 0.1721 12.7873 1.9196 1.1363
9.00 -0.625 -1.25 2.8644 0.7006 0.1486 8.6023 2.4472 1.5762
9.00 -0.625 -1.00 3.4065 0.6302 0.1100 5.4308 2.8002 2.2381
9.00 -0.625 -0.75 4.0345 0.6060 0.0780 3.3384 3.1349 3.0721
9.00 -0.625 -0.50 4.6497 0.6017 0.0549 2.0471 3.3738 3.9329
9.00 -0.500 -2.50 2.3108 0.5039 0.0439 9.6306 2.4439 0.8667
9.00 -0.500 -2.25 2.0548 0.6305 0.0747 12.5449 2.1979 0.7713
9.00 -0.500 -2.00 1.8706 0.7511 0.1178 15.0518 2.0725 0.7662
9.00 -0.500 -1.75 1.8374 0.8113 0.1597 15.5758 2.0867 0.8641
9.00 -0.500 -1.50 2.0163 0.7623 0.1690 13.0400 2.2750 1.1003
9.00 -0.500 -1.25 2.7302 0.6909 0.1491 8.7075 3.1278 1.5485
9.00 -0.500 -1.00 3.2583 0.6159 0.1100 5.4848 3.5909 2.2094
9.00 -0.500 -0.75 3.8821 0.5899 0.0780 3.3712 4.0476 3.0451
9.00 -0.500 -0.50 4.4993 0.5851 0.0549 2.0638 4.3811 3.9077
9.00 -0.375 -2.50 2.1062 0.4929 0.0440 9.7557 3.0673 0.8567
9.00 -0.375 -2.25 1.8722 0.6260 0.0763 12.8709 2.7137 0.7573
9.00 -0.375 -2.00 1.6822 0.7454 0.1197 15.4201 2.4916 0.7415
9.00 -0.375 -1.75 1.6122 0.7966 0.1583 15.8536 2.4367 0.8268
9.00 -0.375 -1.50 1.7435 0.7413 0.1647 13.3250 2.6223 1.0486
9.00 -0.375 -1.25 2.5480 0.6756 0.1489 8.7970 3.9259 1.5122
9.00 -0.375 -1.00 3.0712 0.5986 0.1103 5.5676 4.5513 2.1704
9.00 -0.375 -0.75 3.6847 0.5694 0.0782 3.4193 5.1696 3.0062
9.00 -0.375 -0.50 4.3115 0.5645 0.0549 2.0867 5.6470 3.8745
9.00 -0.250 -2.50 1.8718 0.4791 0.0442 9.8794 3.7745 0.8377
9.00 -0.250 -2.25 1.6565 0.6183 0.0779 13.1891 3.2677 0.7315
9.00 -0.250 -2.00 1.4575 0.7339 0.1204 15.7279 2.8966 0.7033
9.00 -0.250 -1.75 1.3599 0.7773 0.1551 16.0895 2.7485 0.7748
9.00 -0.250 -1.50 1.4426 0.7172 0.1589 13.6106 2.9222 0.9816
9.00 -0.250 -1.25 2.3286 0.6592 0.1490 8.9436 4.8494 1.4656
9.00 -0.250 -1.00 2.8374 0.5779 0.1107 5.6820 5.6781 2.1181
9.00 -0.250 -0.75 3.4535 0.5463 0.0785 3.4915 6.5407 2.9595
9.00 -0.250 -0.50 4.0715 0.5384 0.0549 2.1193 7.1960 3.8284
9.10 -0.750 -2.50 2.1740 0.4225 0.0315 8.3830 1.3722 0.8163
9.10 -0.750 -2.25 1.9414 0.5403 0.0531 11.0886 1.2264 0.7186
9.10 -0.750 -2.00 1.7819 0.6757 0.0863 13.8839 1.1712 0.7157
9.10 -0.750 -1.75 1.7783 0.7804 0.1273 15.3259 1.2048 0.8084
9.10 -0.750 -1.50 1.9958 0.7744 0.1478 13.4714 1.3465 1.0342
9.10 -0.750 -1.25 2.4980 0.6924 0.1321 9.5550 1.6612 1.4723
9.10 -0.750 -1.00 3.0767 0.6204 0.1034 6.3031 1.9601 2.1765
9.10 -0.750 -0.75 3.8481 0.5992 0.0779 4.0342 2.3062 3.1467
9.10 -0.750 -0.50 4.7715 0.6114 0.0576 2.5331 2.6429 4.2153
9.10 -0.625 -2.50 2.0318 0.4169 0.0313 8.5061 1.7583 0.8139
9.10 -0.625 -2.25 1.8229 0.5432 0.0541 11.4379 1.5586 0.7173
9.10 -0.625 -2.00 1.6577 0.6820 0.0888 14.3770 1.4552 0.7073
9.10 -0.625 -1.75 1.6241 0.7808 0.1298 15.7693 1.4581 0.7874
9.10 -0.625 -1.50 1.7869 0.7630 0.1472 13.7872 1.5987 1.0031
9.10 -0.625 -1.25 2.3723 0.6832 0.1320 9.6302 2.1211 1.4444
9.10 -0.625 -1.00 2.9427 0.6091 0.1033 6.3613 2.5199 2.1467
9.10 -0.625 -0.75 3.6946 0.5842 0.0776 4.0580 2.9775 3.1159
9.10 -0.625 -0.50 4.6203 0.5959 0.0573 2.5443 3.4385 4.1884
9.10 -0.500 -2.50 1.8656 0.4104 0.0313 8.6608 2.2245 0.8078
9.10 -0.500 -2.25 1.6745 0.5453 0.0554 11.8390 1.9450 0.7110
9.10 -0.500 -2.00 1.5023 0.6871 0.0918 14.9167 1.7641 0.6899
9.10 -0.500 -1.75 1.4372 0.7779 0.1316 16.2135 1.7139 0.7562
9.10 -0.500 -1.50 1.5447 0.7485 0.1456 14.1186 1.8400 0.9586
9.10 -0.500 -1.25 2.2160 0.6725 0.1321 9.7345 2.6744 1.4090
9.10 -0.500 -1.00 2.7631 0.5933 0.1030 6.4221 3.1927 2.1054
9.10 -0.500 -0.75 3.5074 0.5660 0.0772 4.0939 3.8110 3.0740
9.10 -0.500 -0.50 4.4336 0.5775 0.0572 2.5705 4.4446 4.1533
9.10 -0.375 -2.50 1.6742 0.4034 0.0315 8.8577 2.7667 0.7956
9.10 -0.375 -2.25 1.5011 0.5480 0.0573 12.3190 2.3751 0.6938
9.10 -0.375 -2.00 1.3222 0.6908 0.0951 15.4887 2.0801 0.6597
9.10 -0.375 -1.75 1.2251 0.7714 0.1325 16.6396 1.9470 0.7102
9.10 -0.375 -1.50 1.2820 0.7316 0.1427 14.4673 2.0478 0.8986
9.10 -0.375 -1.25 2.0220 0.6590 0.1319 9.8580 3.3102 1.3648
9.10 -0.375 -1.00 2.5505 0.5757 0.1028 6.5146 3.9936 2.0549
9.10 -0.375 -0.75 3.2782 0.5445 0.0770 4.1525 4.8230 3.0219
9.10 -0.375 -0.50 4.1950 0.5533 0.0567 2.5925 5.6826 4.1012
9.10 -0.250 -2.50 1.4620 0.3962 0.0320 9.0912 3.3694 0.7734
9.10 -0.250 -2.25 1.3013 0.5483 0.0596 12.7908 2.8173 0.6646
9.10 -0.250 -2.00 1.1199 0.6896 0.0977 15.9823 2.3714 0.6152
9.10 -0.250 -1.75 1.0038 0.7594 0.1314 16.9650 2.1345 0.6503
9.10 -0.250 -1.50 1.0239 0.7130 0.1382 14.7795 2.2102 0.8289
9.10 -0.250 -1.25 1.7900 0.6435 0.1315 10.0187 3.9993 1.3095
9.10 -0.250 -1.00 2.2836 0.5531 0.1022 6.6189 4.8807 1.9913
9.10 -0.250 -0.75 2.9964 0.5181 0.0765 4.2240 6.0036 2.9525
9.10 -0.250 -0.50 3.9084 0.5248 0.0563 2.6348 7.1889 4.0347
