6.9000 -1.7500 -2.5000 0.1474 0.0179 0.7221 0.0025 0.0204
6.9000 -1.7500 -2.4500 0.1384 0.0193 0.7550 0.0023 0.0193
6.9000 -1.7500 -2.4000 0.1294 0.0207 0.7879 0.0022 0.0182
6.9000 -1.7500 -2.3500 0.1204 0.0220 0.8209 0.0020 0.0170
6.9000 -1.7500 -2.3000 0.1114 0.0234 0.8538 0.0019 0.0159
6.9000 -1.7500 -2.2500 0.1024 0.0248 0.8867 0.0017 0.0148
6.9000 -1.7500 -2.2000 0.0966 0.0264 0.9185 0.0016 0.0140
6.9000 -1.7500 -2.1500 0.0908 0.0280 0.9503 0.0015 0.0133
6.9000 -1.7500 -2.1000 0.0851 0.0296 0.9821 0.0014 0.0125
6.9000 -1.7500 -2.0500 0.0793 0.0312 1.0139 0.0013 0.0118
6.9000 -1.7500 -2.0000 0.0735 0.0328 1.0457 0.0012 0.0110
7.0000 -1.7500 -2.5000 0.1846 0.0220 0.8976 0.0031 0.0256
7.0000 -1.7500 -2.4500 0.1733 0.0237 0.9381 0.0029 0.0242
7.0000 -1.7500 -2.4000 0.1620 0.0253 0.9787 0.0027 0.0228
7.0000 -1.7500 -2.3500 0.1508 0.0270 1.0192 0.0026 0.0214
7.0000 -1.7500 -2.3000 0.1395 0.0286 1.0598 0.0024 0.0200
7.0000 -1.7500 -2.2500 0.1282 0.0303 1.1003 0.0022 0.0186
7.0000 -1.7500 -2.2000 0.1209 0.0322 1.1391 0.0021 0.0176
7.0000 -1.7500 -2.1500 0.1137 0.0341 1.1779 0.0019 0.0167
7.0000 -1.7500 -2.1000 0.1064 0.0360 1.2167 0.0018 0.0157
7.0000 -1.7500 -2.0500 0.0992 0.0379 1.2555 0.0016 0.0148
7.0000 -1.7500 -2.0000 0.0919 0.0398 1.2943 0.0015 0.0138
7.1000 -1.7500 -2.5000 0.2314 0.0271 1.1179 0.0040 0.0322
7.1000 -1.7500 -2.4500 0.2173 0.0292 1.1685 0.0037 0.0304
7.1000 -1.7500 -2.4000 0.2031 0.0312 1.2190 0.0035 0.0286
7.1000 -1.7500 -2.3500 0.1890 0.0333 1.2696 0.0032 0.0269
7.1000 -1.7500 -2.3000 0.1748 0.0353 1.3201 0.0030 0.0251
7.1000 -1.7500 -2.2500 0.1607 0.0374 1.3707 0.0027 0.0233
7.1000 -1.7500 -2.2000 0.1516 0.0397 1.4192 0.0025 0.0221
7.1000 -1.7500 -2.1500 0.1425 0.0421 1.4677 0.0024 0.0209
7.1000 -1.7500 -2.1000 0.1334 0.0444 1.5162 0.0022 0.0197
7.1000 -1.7500 -2.0500 0.1243 0.0468 1.5647 0.0021 0.0185
7.1000 -1.7500 -2.0000 0.1152 0.0491 1.6132 0.0019 0.0173
7.2000 -1.7500 -2.5000 0.2887 0.0327 1.3786 0.0050 0.0402
7.2000 -1.7500 -2.4500 0.2710 0.0351 1.4402 0.0047 0.0380
7.2000 -1.7500 -2.4000 0.2534 0.0375 1.5017 0.0044 0.0358
7.2000 -1.7500 -2.3500 0.2357 0.0400 1.5633 0.0040 0.0335
7.2000 -1.7500 -2.3000 0.2181 0.0424 1.6248 0.0037 0.0313
7.2000 -1.7500 -2.2500 0.2004 0.0448 1.6864 0.0034 0.0291
7.2000 -1.7500 -2.2000 0.1890 0.0476 1.7450 0.0032 0.0276
7.2000 -1.7500 -2.1500 0.1777 0.0503 1.8036 0.0030 0.0261
7.2000 -1.7500 -2.1000 0.1663 0.0531 1.8621 0.0028 0.0246
7.2000 -1.7500 -2.0500 0.1550 0.0558 1.9207 0.0026 0.0231
7.2000 -1.7500 -2.0000 0.1436 0.0586 1.9793 0.0024 0.0216
7.3000 -1.7500 -2.5000 0.3594 0.0388 1.6875 0.0063 0.0502
7.3000 -1.7500 -2.4500 0.3374 0.0416 1.7617 0.0059 0.0474
7.3000 -1.7500 -2.4000 0.3154 0.0445 1.8359 0.0055 0.0446
7.3000 -1.7500 -2.3500 0.2933 0.0473 1.9101 0.0051 0.0419
7.3000 -1.7500 -2.3000 0.2713 0.0502 1.9843 0.0047 0.0391
7.3000 -1.7500 -2.2500 0.2493 0.0530 2.0585 0.0043 0.0363
7.3000 -1.7500 -2.2000 0.2351 0.0561 2.1283 0.0041 0.0344
7.3000 -1.7500 -2.1500 0.2209 0.0593 2.1981 0.0038 0.0325
7.3000 -1.7500 -2.1000 0.2067 0.0624 2.2680 0.0036 0.0307
7.3000 -1.7500 -2.0500 0.1925 0.0656 2.3378 0.0033 0.0288
7.3000 -1.7500 -2.0000 0.1783 0.0687 2.4076 0.0031 0.0269
7.4000 -1.7500 -2.5000 0.4453 0.0455 2.0505 0.0079 0.0624
7.4000 -1.7500 -2.4500 0.4180 0.0487 2.1390 0.0074 0.0589
7.4000 -1.7500 -2.4000 0.3907 0.0519 2.2276 0.0069 0.0555
7.4000 -1.7500 -2.3500 0.3633 0.0552 2.3161 0.0064 0.0520
7.4000 -1.7500 -2.3000 0.3360 0.0584 2.4047 0.0059 0.0486
7.4000 -1.7500 -2.2500 0.3087 0.0616 2.4932 0.0054 0.0451
7.4000 -1.7500 -2.2000 0.2911 0.0651 2.5755 0.0051 0.0427
7.4000 -1.7500 -2.1500 0.2734 0.0687 2.6579 0.0048 0.0404
7.4000 -1.7500 -2.1000 0.2558 0.0722 2.7402 0.0044 0.0380
7.4000 -1.7500 -2.0500 0.2381 0.0758 2.8226 0.0041 0.0357
7.4000 -1.7500 -2.0000 0.2205 0.0793 2.9049 0.0038 0.0333
7.5000 -1.7500 -2.5000 0.5481 0.0523 2.4664 0.0098 0.0774
7.5000 -1.7500 -2.4500 0.5144 0.0559 2.5705 0.0092 0.0731
7.5000 -1.7500 -2.4000 0.4808 0.0595 2.6746 0.0086 0.0688
7.5000 -1.7500 -2.3500 0.4471 0.0630 2.7788 0.0079 0.0644
7.5000 -1.7500 -2.3000 0.4135 0.0666 2.8829 0.0073 0.0601
7.5000 -1.7500 -2.2500 0.3798 0.0702 2.9870 0.0067 0.0558
7.5000 -1.7500 -2.2000 0.3580 0.0741 3.0830 0.0063 0.0529
7.5000 -1.7500 -2.1500 0.3362 0.0780 3.1790 0.0059 0.0500
7.5000 -1.7500 -2.1000 0.3145 0.0818 3.2751 0.0056 0.0470
7.5000 -1.7500 -2.0500 0.2927 0.0857 3.3711 0.0052 0.0441
7.5000 -1.7500 -2.0000 0.2709 0.0896 3.4671 0.0048 0.0412
7.6000 -1.7500 -2.5000 0.6698 0.0588 2.9327 0.0123 0.0956
7.6000 -1.7500 -2.4500 0.6286 0.0627 3.0534 0.0115 0.0903
7.6000 -1.7500 -2.4000 0.5875 0.0666 3.1742 0.0107 0.0849
7.6000 -1.7500 -2.3500 0.5463 0.0705 3.2949 0.0100 0.0796
7.6000 -1.7500 -2.3000 0.5052 0.0744 3.4157 0.0092 0.0742
7.6000 -1.7500 -2.2500 0.4640 0.0783 3.5364 0.0084 0.0689
7.6000 -1.7500 -2.2000 0.4373 0.0824 3.6467 0.0079 0.0653
7.6000 -1.7500 -2.1500 0.4106 0.0866 3.7570 0.0074 0.0617
7.6000 -1.7500 -2.1000 0.3839 0.0907 3.8674 0.0069 0.0580
7.6000 -1.7500 -2.0500 0.3572 0.0949 3.9777 0.0064 0.0544
7.6000 -1.7500 -2.0000 0.3305 0.0990 4.0880 0.0059 0.0508
7.7000 -1.7500 -2.5000 0.8095 0.0641 3.4296 0.0152 0.1175
7.7000 -1.7500 -2.4500 0.7597 0.0682 3.5677 0.0142 0.1109
7.7000 -1.7500 -2.4000 0.7100 0.0723 3.7057 0.0133 0.1043
7.7000 -1.7500 -2.3500 0.6602 0.0764 3.8438 0.0123 0.0977
7.7000 -1.7500 -2.3000 0.6105 0.0805 3.9818 0.0114 0.0911
7.7000 -1.7500 -2.2500 0.5607 0.0846 4.1199 0.0104 0.0845
7.7000 -1.7500 -2.2000 0.5284 0.0889 4.2448 0.0098 0.0800
7.7000 -1.7500 -2.1500 0.4961 0.0933 4.3697 0.0092 0.0756
7.7000 -1.7500 -2.1000 0.4637 0.0976 4.4946 0.0085 0.0711
7.7000 -1.7500 -2.0500 0.4314 0.1020 4.6195 0.0079 0.0667
7.7000 -1.7500 -2.0000 0.3991 0.1063 4.7444 0.0073 0.0622
7.8000 -1.7500 -2.5000 0.9666 0.0677 3.9408 0.0188 0.1434
7.8000 -1.7500 -2.4500 0.9074 0.0719 4.0967 0.0176 0.1353
7.8000 -1.7500 -2.4000 0.8481 0.0761 4.2526 0.0164 0.1272
7.8000 -1.7500 -2.3500 0.7889 0.0803 4.4084 0.0151 0.1192
7.8000 -1.7500 -2.3000 0.7296 0.0845 4.5643 0.0139 0.1111
7.8000 -1.7500 -2.2500 0.6704 0.0887 4.7202 0.0127 0.1030
7.8000 -1.7500 -2.2000 0.6318 0.0931 4.8603 0.0119 0.0975
7.8000 -1.7500 -2.1500 0.5932 0.0975 5.0004 0.0112 0.0921
7.8000 -1.7500 -2.1000 0.5545 0.1020 5.1405 0.0104 0.0866
7.8000 -1.7500 -2.0500 0.5159 0.1064 5.2806 0.0097 0.0812
7.8000 -1.7500 -2.0000 0.4773 0.1108 5.4207 0.0089 0.0757
7.9000 -1.7500 -2.7500 1.6312 0.0489 3.4565 0.0341 0.2434
7.9000 -1.7500 -2.7000 1.5319 0.0528 3.6500 0.0319 0.2294
7.9000 -1.7500 -2.6500 1.4326 0.0567 3.8435 0.0296 0.2155
7.9000 -1.7500 -2.6000 1.3332 0.0606 4.0370 0.0274 0.2015
7.9000 -1.7500 -2.5500 1.2339 0.0645 4.2305 0.0251 0.1876
7.9000 -1.7500 -2.5000 1.1346 0.0684 4.4240 0.0229 0.1736
7.9000 -1.7500 -2.4500 1.0654 0.0725 4.5959 0.0214 0.1638
7.9000 -1.7500 -2.4000 0.9963 0.0767 4.7677 0.0199 0.1540
7.9000 -1.7500 -2.3500 0.9271 0.0808 4.9396 0.0185 0.1441
7.9000 -1.7500 -2.3000 0.8580 0.0850 5.1114 0.0170 0.1343
7.9000 -1.7500 -2.2500 0.7888 0.0891 5.2833 0.0155 0.1245
8.0000 -1.7500 -2.7500 1.8732 0.0477 3.8026 0.0412 0.2922
8.0000 -1.7500 -2.7000 1.7606 0.0515 4.0139 0.0385 0.2754
8.0000 -1.7500 -2.6500 1.6480 0.0552 4.2251 0.0358 0.2586
8.0000 -1.7500 -2.6000 1.5355 0.0590 4.4364 0.0331 0.2418
8.0000 -1.7500 -2.5500 1.4229 0.0627 4.6476 0.0304 0.2250
8.0000 -1.7500 -2.5000 1.3103 0.0665 4.8589 0.0277 0.2082
8.0000 -1.7500 -2.4500 1.2311 0.0705 5.0460 0.0259 0.1964
8.0000 -1.7500 -2.4000 1.1519 0.0744 5.2331 0.0241 0.1846
8.0000 -1.7500 -2.3500 1.0727 0.0784 5.4202 0.0224 0.1729
8.0000 -1.7500 -2.3000 0.9935 0.0823 5.6073 0.0206 0.1611
8.0000 -1.7500 -2.2500 0.9143 0.0863 5.7944 0.0188 0.1493
8.1000 -1.7500 -3.0000 2.8440 0.0281 2.8153 0.0704 0.4800
8.1000 -1.7500 -2.9500 2.6939 0.0313 3.0621 0.0661 0.4531
8.1000 -1.7500 -2.9000 2.5437 0.0344 3.3088 0.0619 0.4262
8.1000 -1.7500 -2.8500 2.3936 0.0376 3.5556 0.0576 0.3994
8.1000 -1.7500 -2.8000 2.2434 0.0407 3.8023 0.0534 0.3725
8.1000 -1.7500 -2.7500 2.0933 0.0439 4.0491 0.0491 0.3456
8.1000 -1.7500 -2.7000 1.9699 0.0473 4.2746 0.0459 0.3258
8.1000 -1.7500 -2.6500 1.8465 0.0508 4.5000 0.0427 0.3059
8.1000 -1.7500 -2.6000 1.7231 0.0542 4.7255 0.0395 0.2861
8.1000 -1.7500 -2.5500 1.5997 0.0577 4.9509 0.0363 0.2662
8.1000 -1.7500 -2.5000 1.4763 0.0611 5.1764 0.0331 0.2464
8.1000 -1.7500 -2.4500 1.3885 0.0648 5.3775 0.0310 0.2325
8.1000 -1.7500 -2.4000 1.3007 0.0685 5.5786 0.0289 0.2186
8.1000 -1.7500 -2.3500 1.2129 0.0721 5.7797 0.0267 0.2046
8.1000 -1.7500 -2.3000 1.1251 0.0758 5.9808 0.0246 0.1907
8.1000 -1.7500 -2.2500 1.0373 0.0795 6.1819 0.0225 0.1768
7.0000 -1.6750 -2.5000 0.1846 0.0220 0.8976 0.0037 0.0256
7.0000 -1.6750 -2.4500 0.1733 0.0237 0.9381 0.0035 0.0242
7.0000 -1.6750 -2.4000 0.1620 0.0253 0.9786 0.0033 0.0228
7.0000 -1.6750 -2.3500 0.1508 0.0270 1.0192 0.0030 0.0214
7.0000 -1.6750 -2.3000 0.1395 0.0286 1.0597 0.0028 0.0200
7.0000 -1.6750 -2.2500 0.1282 0.0303 1.1002 0.0026 0.0186
7.0000 -1.6750 -2.2000 0.1209 0.0322 1.1390 0.0024 0.0176
7.0000 -1.6750 -2.1500 0.1137 0.0341 1.1778 0.0023 0.0167
7.0000 -1.6750 -2.1000 0.1064 0.0360 1.2166 0.0021 0.0157
7.0000 -1.6750 -2.0500 0.0992 0.0379 1.2554 0.0020 0.0148
7.0000 -1.6750 -2.0000 0.0919 0.0398 1.2942 0.0018 0.0138
6.9000 -1.6250 -2.5000 0.1474 0.0179 0.7220 0.0033 0.0204
6.9000 -1.6250 -2.4500 0.1384 0.0193 0.7549 0.0031 0.0193
6.9000 -1.6250 -2.4000 0.1294 0.0207 0.7878 0.0029 0.0182
6.9000 -1.6250 -2.3500 0.1204 0.0220 0.8208 0.0027 0.0170
6.9000 -1.6250 -2.3000 0.1114 0.0234 0.8537 0.0025 0.0159
6.9000 -1.6250 -2.2500 0.1024 0.0248 0.8866 0.0023 0.0148
6.9000 -1.6250 -2.2000 0.0966 0.0264 0.9184 0.0022 0.0140
6.9000 -1.6250 -2.1500 0.0908 0.0280 0.9502 0.0020 0.0133
6.9000 -1.6250 -2.1000 0.0851 0.0296 0.9821 0.0019 0.0125
6.9000 -1.6250 -2.0500 0.0793 0.0312 1.0139 0.0017 0.0118
6.9000 -1.6250 -2.0000 0.0735 0.0328 1.0457 0.0016 0.0110
7.1000 -1.6250 -2.5000 0.2314 0.0271 1.1179 0.0053 0.0322
7.1000 -1.6250 -2.4500 0.2173 0.0292 1.1684 0.0050 0.0304
7.1000 -1.6250 -2.4000 0.2031 0.0312 1.2190 0.0046 0.0286
7.1000 -1.6250 -2.3500 0.1890 0.0333 1.2695 0.0043 0.0269
7.1000 -1.6250 -2.3000 0.1748 0.0353 1.3201 0.0039 0.0251
7.1000 -1.6250 -2.2500 0.1607 0.0374 1.3706 0.0036 0.0233
7.1000 -1.6250 -2.2000 0.1516 0.0397 1.4191 0.0034 0.0221
7.1000 -1.6250 -2.1500 0.1425 0.0421 1.4676 0.0032 0.0209
7.1000 -1.6250 -2.1000 0.1334 0.0444 1.5161 0.0030 0.0197
7.1000 -1.6250 -2.0500 0.1243 0.0468 1.5646 0.0028 0.0185
7.1000 -1.6250 -2.0000 0.1152 0.0491 1.6131 0.0026 0.0173
7.2000 -1.6250 -2.5000 0.2887 0.0326 1.3785 0.0066 0.0402
7.2000 -1.6250 -2.4500 0.2710 0.0350 1.4401 0.0062 0.0380
7.2000 -1.6250 -2.4000 0.2534 0.0375 1.5016 0.0058 0.0358
7.2000 -1.6250 -2.3500 0.2357 0.0399 1.5632 0.0054 0.0335
7.2000 -1.6250 -2.3000 0.2181 0.0424 1.6247 0.0050 0.0313
7.2000 -1.6250 -2.2500 0.2004 0.0448 1.6863 0.0046 0.0291
7.2000 -1.6250 -2.2000 0.1890 0.0476 1.7449 0.0043 0.0276
7.2000 -1.6250 -2.1500 0.1777 0.0503 1.8034 0.0040 0.0261
7.2000 -1.6250 -2.1000 0.1663 0.0531 1.8620 0.0038 0.0246
7.2000 -1.6250 -2.0500 0.1550 0.0558 1.9205 0.0035 0.0231
7.2000 -1.6250 -2.0000 0.1436 0.0586 1.9791 0.0032 0.0216
7.3000 -1.6250 -2.5000 0.3593 0.0388 1.6873 0.0083 0.0502
7.3000 -1.6250 -2.4500 0.3373 0.0416 1.7615 0.0078 0.0474
7.3000 -1.6250 -2.4000 0.3153 0.0445 1.8357 0.0073 0.0446
7.3000 -1.6250 -2.3500 0.2933 0.0473 1.9098 0.0067 0.0419
7.3000 -1.6250 -2.3000 0.2713 0.0502 1.9840 0.0062 0.0391
7.3000 -1.6250 -2.2500 0.2493 0.0530 2.0582 0.0057 0.0363
7.3000 -1.6250 -2.2000 0.2351 0.0561 2.1280 0.0054 0.0344
7.3000 -1.6250 -2.1500 0.2209 0.0593 2.1978 0.0051 0.0325
7.3000 -1.6250 -2.1000 0.2067 0.0624 2.2676 0.0047 0.0307
7.3000 -1.6250 -2.0500 0.1925 0.0656 2.3374 0.0044 0.0288
7.3000 -1.6250 -2.0000 0.1783 0.0687 2.4072 0.0041 0.0269
7.4000 -1.6250 -2.5000 0.4452 0.0455 2.0502 0.0105 0.0624
7.4000 -1.6250 -2.4500 0.4179 0.0487 2.1387 0.0098 0.0589
7.4000 -1.6250 -2.4000 0.3906 0.0519 2.2272 0.0092 0.0555
7.4000 -1.6250 -2.3500 0.3633 0.0552 2.3158 0.0085 0.0520
7.4000 -1.6250 -2.3000 0.3360 0.0584 2.4043 0.0079 0.0486
7.4000 -1.6250 -2.2500 0.3087 0.0616 2.4928 0.0072 0.0451
7.4000 -1.6250 -2.2000 0.2910 0.0651 2.5751 0.0068 0.0427
7.4000 -1.6250 -2.1500 0.2734 0.0687 2.6574 0.0064 0.0404
7.4000 -1.6250 -2.1000 0.2557 0.0722 2.7398 0.0059 0.0380
7.4000 -1.6250 -2.0500 0.2381 0.0758 2.8221 0.0055 0.0357
7.4000 -1.6250 -2.0000 0.2204 0.0793 2.9044 0.0051 0.0333
7.5000 -1.6250 -2.5000 0.5480 0.0523 2.4659 0.0131 0.0774
7.5000 -1.6250 -2.4500 0.5144 0.0559 2.5700 0.0123 0.0731
7.5000 -1.6250 -2.4000 0.4807 0.0595 2.6741 0.0115 0.0688
7.5000 -1.6250 -2.3500 0.4471 0.0630 2.7782 0.0106 0.0644
7.5000 -1.6250 -2.3000 0.4134 0.0666 2.8823 0.0098 0.0601
7.5000 -1.6250 -2.2500 0.3798 0.0702 2.9864 0.0090 0.0558
7.5000 -1.6250 -2.2000 0.3580 0.0741 3.0824 0.0085 0.0529
7.5000 -1.6250 -2.1500 0.3362 0.0780 3.1784 0.0079 0.0500
7.5000 -1.6250 -2.1000 0.3144 0.0818 3.2743 0.0074 0.0470
7.5000 -1.6250 -2.0500 0.2926 0.0857 3.3703 0.0068 0.0441
7.5000 -1.6250 -2.0000 0.2708 0.0896 3.4663 0.0063 0.0412
7.6000 -1.6250 -2.5000 0.6696 0.0588 2.9320 0.0164 0.0956
7.6000 -1.6250 -2.4500 0.6285 0.0627 3.0527 0.0154 0.0903
7.6000 -1.6250 -2.4000 0.5873 0.0666 3.1734 0.0143 0.0849
7.6000 -1.6250 -2.3500 0.5462 0.0704 3.2941 0.0133 0.0796
7.6000 -1.6250 -2.3000 0.5050 0.0743 3.4148 0.0122 0.0742
7.6000 -1.6250 -2.2500 0.4639 0.0782 3.5355 0.0112 0.0689
7.6000 -1.6250 -2.2000 0.4372 0.0824 3.6458 0.0105 0.0653
7.6000 -1.6250 -2.1500 0.4105 0.0865 3.7561 0.0099 0.0617
7.6000 -1.6250 -2.1000 0.3838 0.0907 3.8665 0.0092 0.0580
7.6000 -1.6250 -2.0500 0.3571 0.0948 3.9768 0.0086 0.0544
7.6000 -1.6250 -2.0000 0.3304 0.0990 4.0871 0.0079 0.0508
7.7000 -1.6250 -2.5000 0.8092 0.0641 3.4286 0.0203 0.1175
7.7000 -1.6250 -2.4500 0.7595 0.0682 3.5666 0.0190 0.1109
7.7000 -1.6250 -2.4000 0.7098 0.0723 3.7046 0.0177 0.1043
7.7000 -1.6250 -2.3500 0.6600 0.0763 3.8426 0.0164 0.0977
7.7000 -1.6250 -2.3000 0.6103 0.0804 3.9806 0.0151 0.0911
7.7000 -1.6250 -2.2500 0.5606 0.0845 4.1186 0.0138 0.0845
7.7000 -1.6250 -2.2000 0.5283 0.0888 4.2436 0.0130 0.0800
7.7000 -1.6250 -2.1500 0.4960 0.0932 4.3686 0.0122 0.0756
7.7000 -1.6250 -2.1000 0.4637 0.0975 4.4936 0.0113 0.0711
7.7000 -1.6250 -2.0500 0.4314 0.1019 4.6186 0.0105 0.0667
7.7000 -1.6250 -2.0000 0.3991 0.1062 4.7436 0.0097 0.0622
7.8000 -1.6250 -2.5000 0.9662 0.0676 3.9392 0.0250 0.1434
7.8000 -1.6250 -2.4500 0.9070 0.0718 4.0949 0.0234 0.1353
7.8000 -1.6250 -2.4000 0.8478 0.0760 4.2506 0.0218 0.1272
7.8000 -1.6250 -2.3500 0.7885 0.0802 4.4062 0.0202 0.1192
7.8000 -1.6250 -2.3000 0.7293 0.0844 4.5619 0.0186 0.1111
7.8000 -1.6250 -2.2500 0.6701 0.0886 4.7176 0.0170 0.1030
7.8000 -1.6250 -2.2000 0.6315 0.0930 4.8578 0.0160 0.0975
7.8000 -1.6250 -2.1500 0.5929 0.0974 4.9980 0.0150 0.0921
7.8000 -1.6250 -2.1000 0.5543 0.1019 5.1383 0.0139 0.0866
7.8000 -1.6250 -2.0500 0.5157 0.1063 5.2785 0.0129 0.0812
7.8000 -1.6250 -2.0000 0.4771 0.1107 5.4187 0.0119 0.0757
7.9000 -1.6250 -2.7500 1.6304 0.0488 3.4546 0.0455 0.2434
7.9000 -1.6250 -2.7000 1.5311 0.0527 3.6480 0.0425 0.2294
7.9000 -1.6250 -2.6500 1.4318 0.0566 3.8414 0.0395 0.2154
7.9000 -1.6250 -2.6000 1.3326 0.0605 4.0348 0.0365 0.2015
7.9000 -1.6250 -2.5500 1.2333 0.0644 4.2282 0.0335 0.1875
7.9000 -1.6250 -2.5000 1.1340 0.0683 4.4216 0.0305 0.1735
7.9000 -1.6250 -2.4500 1.0649 0.0724 4.5935 0.0285 0.1637
7.9000 -1.6250 -2.4000 0.9958 0.0766 4.7654 0.0266 0.1539
7.9000 -1.6250 -2.3500 0.9266 0.0807 4.9372 0.0246 0.1441
7.9000 -1.6250 -2.3000 0.8575 0.0849 5.1091 0.0227 0.1343
7.9000 -1.6250 -2.2500 0.7884 0.0890 5.2810 0.0207 0.1245
8.0000 -1.6250 -2.7500 1.8719 0.0476 3.7996 0.0550 0.2921
8.0000 -1.6250 -2.7000 1.7593 0.0514 4.0108 0.0514 0.2753
8.0000 -1.6250 -2.6500 1.6468 0.0551 4.2220 0.0478 0.2585
8.0000 -1.6250 -2.6000 1.5342 0.0589 4.4331 0.0442 0.2417
8.0000 -1.6250 -2.5500 1.4217 0.0626 4.6443 0.0406 0.2249
8.0000 -1.6250 -2.5000 1.3091 0.0664 4.8555 0.0370 0.2081
8.0000 -1.6250 -2.4500 1.2301 0.0704 5.0426 0.0346 0.1963
8.0000 -1.6250 -2.4000 1.1510 0.0743 5.2297 0.0322 0.1846
8.0000 -1.6250 -2.3500 1.0720 0.0783 5.4169 0.0299 0.1728
8.0000 -1.6250 -2.3000 0.9929 0.0822 5.6040 0.0275 0.1611
8.0000 -1.6250 -2.2500 0.9139 0.0862 5.7911 0.0251 0.1493
8.1000 -1.6250 -3.0000 2.8395 0.0280 2.8109 0.0938 0.4797
8.1000 -1.6250 -2.9500 2.6898 0.0312 3.0576 0.0881 0.4528
8.1000 -1.6250 -2.9000 2.5400 0.0343 3.3043 0.0824 0.4260
8.1000 -1.6250 -2.8500 2.3903 0.0375 3.5511 0.0768 0.3991
8.1000 -1.6250 -2.8000 2.2405 0.0406 3.7978 0.0711 0.3723
8.1000 -1.6250 -2.7500 2.0908 0.0438 4.0445 0.0654 0.3454
8.1000 -1.6250 -2.7000 1.9676 0.0472 4.2700 0.0612 0.3256
8.1000 -1.6250 -2.6500 1.8445 0.0507 4.4955 0.0569 0.3058
8.1000 -1.6250 -2.6000 1.7213 0.0541 4.7211 0.0527 0.2859
8.1000 -1.6250 -2.5500 1.5982 0.0576 4.9466 0.0484 0.2661
8.1000 -1.6250 -2.5000 1.4750 0.0610 5.1721 0.0442 0.2463
8.1000 -1.6250 -2.4500 1.3873 0.0647 5.3731 0.0414 0.2324
8.1000 -1.6250 -2.4000 1.2996 0.0684 5.5741 0.0385 0.2185
8.1000 -1.6250 -2.3500 1.2119 0.0720 5.7752 0.0357 0.2045
8.1000 -1.6250 -2.3000 1.1242 0.0757 5.9762 0.0328 0.1906
8.1000 -1.6250 -2.2500 1.0365 0.0794 6.1772 0.0300 0.1767
6.9000 -1.6000 -2.5000 0.1506 0.0180 0.7202 0.0399 0.0208
6.9000 -1.6000 -2.4500 0.1407 0.0194 0.7533 0.0370 0.0196
6.9000 -1.6000 -2.4000 0.1309 0.0207 0.7865 0.0340 0.0183
6.9000 -1.6000 -2.3500 0.1210 0.0221 0.8196 0.0311 0.0171
6.9000 -1.6000 -2.3000 0.1112 0.0234 0.8528 0.0281 0.0159
6.9000 -1.6000 -2.2500 0.1048 0.0249 0.8848 0.0263 0.0151
6.9000 -1.6000 -2.2000 0.0984 0.0265 0.9167 0.0246 0.0142
6.9000 -1.6000 -2.1500 0.0920 0.0280 0.9487 0.0228 0.0134
6.9000 -1.6000 -2.1000 0.0856 0.0296 0.9806 0.0211 0.0125
6.9000 -1.6000 -2.0500 0.0792 0.0311 1.0126 0.0193 0.0117
6.9000 -1.6000 -2.0000 0.0751 0.0328 1.0433 0.0182 0.0112
7.0000 -1.6000 -2.5000 0.1886 0.0221 0.8947 0.0504 0.0261
7.0000 -1.6000 -2.4500 0.1762 0.0237 0.9356 0.0468 0.0246
7.0000 -1.6000 -2.4000 0.1639 0.0254 0.9764 0.0433 0.0230
7.0000 -1.6000 -2.3500 0.1515 0.0270 1.0173 0.0397 0.0215
7.0000 -1.6000 -2.3000 0.1392 0.0286 1.0582 0.0362 0.0200
7.0000 -1.6000 -2.2500 0.1312 0.0305 1.0973 0.0338 0.0189
7.0000 -1.6000 -2.2000 0.1231 0.0323 1.1363 0.0314 0.0179
7.0000 -1.6000 -2.1500 0.1151 0.0342 1.1754 0.0290 0.0168
7.0000 -1.6000 -2.1000 0.1070 0.0360 1.2144 0.0266 0.0158
7.0000 -1.6000 -2.0500 0.0990 0.0379 1.2535 0.0242 0.0147
7.0000 -1.6000 -2.0000 0.0938 0.0399 1.2907 0.0228 0.0140
7.1000 -1.6000 -2.5000 0.2361 0.0272 1.1139 0.0632 0.0328
7.1000 -1.6000 -2.4500 0.2207 0.0292 1.1649 0.0588 0.0308
7.1000 -1.6000 -2.4000 0.2052 0.0312 1.2158 0.0543 0.0289
7.1000 -1.6000 -2.3500 0.1898 0.0332 1.2668 0.0499 0.0269
7.1000 -1.6000 -2.3000 0.1744 0.0352 1.3177 0.0455 0.0250
7.1000 -1.6000 -2.2500 0.1643 0.0375 1.3665 0.0427 0.0237
7.1000 -1.6000 -2.2000 0.1542 0.0398 1.4152 0.0398 0.0224
7.1000 -1.6000 -2.1500 0.1442 0.0420 1.4640 0.0370 0.0211
7.1000 -1.6000 -2.1000 0.1341 0.0443 1.5127 0.0341 0.0198
7.1000 -1.6000 -2.0500 0.1240 0.0466 1.5615 0.0313 0.0185
7.1000 -1.6000 -2.0000 0.1175 0.0491 1.6082 0.0294 0.0176
7.2000 -1.6000 -2.5000 0.2944 0.0328 1.3727 0.0793 0.0409
7.2000 -1.6000 -2.4500 0.2752 0.0352 1.4348 0.0738 0.0385
7.2000 -1.6000 -2.4000 0.2559 0.0375 1.4969 0.0682 0.0361
7.2000 -1.6000 -2.3500 0.2367 0.0399 1.5590 0.0627 0.0337
7.2000 -1.6000 -2.3000 0.2175 0.0423 1.6211 0.0571 0.0313
7.2000 -1.6000 -2.2500 0.2049 0.0450 1.6800 0.0535 0.0297
7.2000 -1.6000 -2.2000 0.1923 0.0476 1.7390 0.0500 0.0280
7.2000 -1.6000 -2.1500 0.1797 0.0503 1.7979 0.0464 0.0264
7.2000 -1.6000 -2.1000 0.1671 0.0529 1.8569 0.0429 0.0247
7.2000 -1.6000 -2.0500 0.1545 0.0556 1.9158 0.0393 0.0231
7.2000 -1.6000 -2.0000 0.1464 0.0585 1.9718 0.0370 0.0220
7.3000 -1.6000 -2.5000 0.3659 0.0389 1.6785 0.0996 0.0510
7.3000 -1.6000 -2.4500 0.3420 0.0416 1.7534 0.0927 0.0480
7.3000 -1.6000 -2.4000 0.3180 0.0444 1.8284 0.0857 0.0450
7.3000 -1.6000 -2.3500 0.2941 0.0471 1.9033 0.0788 0.0420
7.3000 -1.6000 -2.3000 0.2702 0.0499 1.9783 0.0718 0.0390
7.3000 -1.6000 -2.2500 0.2545 0.0529 2.0487 0.0673 0.0369
7.3000 -1.6000 -2.2000 0.2388 0.0560 2.1191 0.0628 0.0349
7.3000 -1.6000 -2.1500 0.2231 0.0590 2.1894 0.0582 0.0328
7.3000 -1.6000 -2.1000 0.2074 0.0621 2.2598 0.0537 0.0308
7.3000 -1.6000 -2.0500 0.1917 0.0651 2.3302 0.0492 0.0287
7.3000 -1.6000 -2.0000 0.1816 0.0685 2.3965 0.0464 0.0273
7.4000 -1.6000 -2.5000 0.4525 0.0454 2.0370 0.1249 0.0634
7.4000 -1.6000 -2.4500 0.4229 0.0486 2.1266 0.1161 0.0596
7.4000 -1.6000 -2.4000 0.3934 0.0517 2.2161 0.1074 0.0559
7.4000 -1.6000 -2.3500 0.3638 0.0549 2.3057 0.0986 0.0521
7.4000 -1.6000 -2.3000 0.3342 0.0580 2.3953 0.0899 0.0484
7.4000 -1.6000 -2.2500 0.3147 0.0614 2.4784 0.0842 0.0458
7.4000 -1.6000 -2.2000 0.2953 0.0649 2.5615 0.0785 0.0433
7.4000 -1.6000 -2.1500 0.2758 0.0683 2.6447 0.0729 0.0407
7.4000 -1.6000 -2.1000 0.2564 0.0718 2.7278 0.0672 0.0382
7.4000 -1.6000 -2.0500 0.2369 0.0752 2.8109 0.0615 0.0356
7.4000 -1.6000 -2.0000 0.2244 0.0789 2.8886 0.0579 0.0339
7.5000 -1.6000 -2.5000 0.5559 0.0521 2.4459 0.1557 0.0785
7.5000 -1.6000 -2.4500 0.5196 0.0556 2.5515 0.1448 0.0739
7.5000 -1.6000 -2.4000 0.4832 0.0591 2.6571 0.1340 0.0692
7.5000 -1.6000 -2.3500 0.4469 0.0626 2.7627 0.1231 0.0646
7.5000 -1.6000 -2.3000 0.4106 0.0661 2.8683 0.1122 0.0599
7.5000 -1.6000 -2.2500 0.3866 0.0699 2.9654 0.1051 0.0567
7.5000 -1.6000 -2.2000 0.3627 0.0737 3.0624 0.0980 0.0535
7.5000 -1.6000 -2.1500 0.3387 0.0774 3.1595 0.0909 0.0504
7.5000 -1.6000 -2.1000 0.3148 0.0812 3.2565 0.0838 0.0472
7.5000 -1.6000 -2.0500 0.2908 0.0850 3.3536 0.0767 0.0440
7.5000 -1.6000 -2.0000 0.2753 0.0890 3.4435 0.0722 0.0419
7.6000 -1.6000 -2.5000 0.6773 0.0584 2.9019 0.1933 0.0969
7.6000 -1.6000 -2.4500 0.6331 0.0622 3.0247 0.1798 0.0912
7.6000 -1.6000 -2.4000 0.5888 0.0659 3.1476 0.1663 0.0854
7.6000 -1.6000 -2.3500 0.5446 0.0697 3.2704 0.1528 0.0797
7.6000 -1.6000 -2.3000 0.5004 0.0735 3.3932 0.1393 0.0739
7.6000 -1.6000 -2.2900 0.4925 0.0742 3.4167 0.1307 0.0729
7.6000 -1.6000 -2.2800 0.4846 0.0749 3.4402 0.1220 0.0718
7.6000 -1.6000 -2.2700 0.4768 0.0757 3.4636 0.1134 0.0708
7.6000 -1.6000 -2.2600 0.4689 0.0764 3.4871 0.1047 0.0697
7.6000 -1.6000 -2.2500 0.4610 0.0771 3.5106 0.0961 0.0687
7.6000 -1.6000 -2.1600 0.4208 0.0848 3.7022 0.0903 0.0631
7.6000 -1.6000 -2.0700 0.3805 0.0924 3.8937 0.0845 0.0576
7.7000 -1.6000 -2.5000 0.8151 0.0633 3.3848 0.2380 0.1189
7.7000 -1.6000 -2.4500 0.7621 0.0673 3.5255 0.2214 0.1118
7.7000 -1.6000 -2.4000 0.7090 0.0713 3.6663 0.2048 0.1047
7.7000 -1.6000 -2.3500 0.6560 0.0753 3.8070 0.1882 0.0976
7.7000 -1.6000 -2.3000 0.6030 0.0793 3.9477 0.1716 0.0905
7.7000 -1.6000 -2.2500 0.5678 0.0835 4.0746 0.1607 0.0857
7.7000 -1.6000 -2.2000 0.5326 0.0877 4.2014 0.1498 0.0808
7.7000 -1.6000 -2.1500 0.4973 0.0920 4.3283 0.1388 0.0760
7.7000 -1.6000 -2.1000 0.4621 0.0962 4.4551 0.1279 0.0711
7.7000 -1.6000 -2.0500 0.4269 0.1004 4.5820 0.1170 0.0663
7.7000 -1.6000 -2.0000 0.4041 0.1049 4.6995 0.1101 0.0631
7.8000 -1.6000 -2.5000 0.9682 0.0665 3.8774 0.2904 0.1448
7.8000 -1.6000 -2.4500 0.9056 0.0706 4.0364 0.2702 0.1362
7.8000 -1.6000 -2.4000 0.8429 0.0746 4.1954 0.2501 0.1275
7.8000 -1.6000 -2.3500 0.7803 0.0787 4.3544 0.2299 0.1189
7.8000 -1.6000 -2.3000 0.7177 0.0828 4.5134 0.2098 0.1102
7.8000 -1.6000 -2.2500 0.6759 0.0871 4.6562 0.1964 0.1043
7.8000 -1.6000 -2.2000 0.6341 0.0915 4.7990 0.1830 0.0983
7.8000 -1.6000 -2.1500 0.5924 0.0958 4.9417 0.1697 0.0924
7.8000 -1.6000 -2.1000 0.5506 0.1002 5.0845 0.1563 0.0864
7.8000 -1.6000 -2.0500 0.5088 0.1045 5.2273 0.1429 0.0805
7.8000 -1.6000 -2.0000 0.4817 0.1091 5.3592 0.1344 0.0766
7.9000 -1.6000 -2.7500 1.5943 0.0476 3.3737 0.4995 0.2434
7.9000 -1.6000 -2.7000 1.4958 0.0514 3.5700 0.4679 0.2288
7.9000 -1.6000 -2.6500 1.3973 0.0551 3.7664 0.4364 0.2143
7.9000 -1.6000 -2.6000 1.2988 0.0589 3.9627 0.4048 0.1997
7.9000 -1.6000 -2.5500 1.2003 0.0627 4.1590 0.3733 0.1851
7.9000 -1.6000 -2.5000 1.1282 0.0667 4.3350 0.3493 0.1747
7.9000 -1.6000 -2.4500 1.0561 0.0708 4.5110 0.3253 0.1642
7.9000 -1.6000 -2.4000 0.9839 0.0748 4.6870 0.3014 0.1538
7.9000 -1.6000 -2.3500 0.9118 0.0789 4.8630 0.2774 0.1433
7.9000 -1.6000 -2.3000 0.8397 0.0829 5.0390 0.2534 0.1329
7.9000 -1.6000 -2.2500 0.7912 0.0872 5.1979 0.2373 0.1257
8.0000 -1.6000 -2.7500 1.8094 0.0459 3.6883 0.5853 0.2905
8.0000 -1.6000 -2.7000 1.7000 0.0495 3.9023 0.5494 0.2731
8.0000 -1.6000 -2.6500 1.5905 0.0532 4.1163 0.5136 0.2558
8.0000 -1.6000 -2.6000 1.4811 0.0568 4.3303 0.4777 0.2384
8.0000 -1.6000 -2.5500 1.3716 0.0604 4.5443 0.4418 0.2210
8.0000 -1.6000 -2.5000 1.2904 0.0643 4.7363 0.4139 0.2085
8.0000 -1.6000 -2.4500 1.2092 0.0682 4.9282 0.3859 0.1961
8.0000 -1.6000 -2.4000 1.1280 0.0720 5.1202 0.3580 0.1836
8.0000 -1.6000 -2.3500 1.0468 0.0759 5.3121 0.3300 0.1712
8.0000 -1.6000 -2.3000 0.9656 0.0798 5.5041 0.3021 0.1587
8.0000 -1.6000 -2.2500 0.9105 0.0840 5.6789 0.2830 0.1501
8.1000 -1.6000 -3.0000 2.6377 0.0269 2.7190 0.8575 0.4684
8.1000 -1.6000 -2.9500 2.5054 0.0298 2.9570 0.8198 0.4416
8.1000 -1.6000 -2.9000 2.3730 0.0327 3.1951 0.7822 0.4149
8.1000 -1.6000 -2.8500 2.2407 0.0356 3.4331 0.7445 0.3881
8.1000 -1.6000 -2.8000 2.1083 0.0385 3.6712 0.7069 0.3614
8.1000 -1.6000 -2.7500 1.9913 0.0418 3.8986 0.6677 0.3411
8.1000 -1.6000 -2.7000 1.8744 0.0451 4.1261 0.6285 0.3208
8.1000 -1.6000 -2.6500 1.7574 0.0483 4.3535 0.5892 0.3005
8.1000 -1.6000 -2.6000 1.6405 0.0516 4.5810 0.5500 0.2802
8.1000 -1.6000 -2.5500 1.5235 0.0549 4.8084 0.5108 0.2599
8.1000 -1.6000 -2.5000 1.4355 0.0585 5.0146 0.4793 0.2453
8.1000 -1.6000 -2.4500 1.3474 0.0621 5.2208 0.4477 0.2307
8.1000 -1.6000 -2.4000 1.2594 0.0657 5.4270 0.4162 0.2162
8.1000 -1.6000 -2.3500 1.1713 0.0693 5.6332 0.3846 0.2016
8.1000 -1.6000 -2.3000 1.0833 0.0729 5.8394 0.3531 0.1870
8.1000 -1.6000 -2.2500 1.0226 0.0768 6.0288 0.3311 0.1770
6.9000 -1.5000 -2.5000 0.1474 0.0179 0.7220 0.0045 0.0204
6.9000 -1.5000 -2.4500 0.1384 0.0193 0.7549 0.0042 0.0193
6.9000 -1.5000 -2.4000 0.1294 0.0207 0.7878 0.0039 0.0182
6.9000 -1.5000 -2.3500 0.1204 0.0220 0.8208 0.0037 0.0170
6.9000 -1.5000 -2.3000 0.1114 0.0234 0.8537 0.0034 0.0159
6.9000 -1.5000 -2.2500 0.1024 0.0248 0.8866 0.0031 0.0148
6.9000 -1.5000 -2.2000 0.0966 0.0264 0.9184 0.0029 0.0140
6.9000 -1.5000 -2.1500 0.0908 0.0280 0.9502 0.0027 0.0133
6.9000 -1.5000 -2.1000 0.0851 0.0296 0.9820 0.0026 0.0125
6.9000 -1.5000 -2.0500 0.0793 0.0312 1.0138 0.0024 0.0118
6.9000 -1.5000 -2.0000 0.0735 0.0328 1.0456 0.0022 0.0110
7.0000 -1.5000 -2.5000 0.1846 0.0220 0.8975 0.0056 0.0256
7.0000 -1.5000 -2.4500 0.1733 0.0237 0.9380 0.0052 0.0242
7.0000 -1.5000 -2.4000 0.1620 0.0253 0.9785 0.0049 0.0228
7.0000 -1.5000 -2.3500 0.1508 0.0270 1.0191 0.0045 0.0214
7.0000 -1.5000 -2.3000 0.1395 0.0286 1.0596 0.0042 0.0200
7.0000 -1.5000 -2.2500 0.1282 0.0303 1.1001 0.0038 0.0186
7.0000 -1.5000 -2.2000 0.1209 0.0322 1.1389 0.0036 0.0176
7.0000 -1.5000 -2.1500 0.1137 0.0341 1.1777 0.0034 0.0167
7.0000 -1.5000 -2.1000 0.1064 0.0360 1.2165 0.0031 0.0157
7.0000 -1.5000 -2.0500 0.0992 0.0379 1.2553 0.0029 0.0148
7.0000 -1.5000 -2.0000 0.0919 0.0398 1.2941 0.0027 0.0138
7.1000 -1.5000 -2.5000 0.2314 0.0270 1.1178 0.0070 0.0322
7.1000 -1.5000 -2.4500 0.2173 0.0291 1.1683 0.0066 0.0304
7.1000 -1.5000 -2.4000 0.2031 0.0311 1.2188 0.0061 0.0286
7.1000 -1.5000 -2.3500 0.1890 0.0332 1.2694 0.0057 0.0269
7.1000 -1.5000 -2.3000 0.1748 0.0352 1.3199 0.0052 0.0251
7.1000 -1.5000 -2.2500 0.1607 0.0373 1.3704 0.0048 0.0233
7.1000 -1.5000 -2.2000 0.1516 0.0397 1.4189 0.0045 0.0221
7.1000 -1.5000 -2.1500 0.1425 0.0420 1.4674 0.0043 0.0209
7.1000 -1.5000 -2.1000 0.1334 0.0444 1.5159 0.0040 0.0197
7.1000 -1.5000 -2.0500 0.1243 0.0467 1.5644 0.0038 0.0185
7.1000 -1.5000 -2.0000 0.1152 0.0491 1.6129 0.0035 0.0173
7.2000 -1.5000 -2.5000 0.2887 0.0326 1.3783 0.0088 0.0402
7.2000 -1.5000 -2.4500 0.2710 0.0350 1.4398 0.0083 0.0380
7.2000 -1.5000 -2.4000 0.2534 0.0375 1.5014 0.0077 0.0358
7.2000 -1.5000 -2.3500 0.2357 0.0399 1.5629 0.0072 0.0335
7.2000 -1.5000 -2.3000 0.2181 0.0424 1.6245 0.0066 0.0313
7.2000 -1.5000 -2.2500 0.2004 0.0448 1.6860 0.0061 0.0291
7.2000 -1.5000 -2.2000 0.1890 0.0476 1.7446 0.0057 0.0276
7.2000 -1.5000 -2.1500 0.1776 0.0503 1.8031 0.0054 0.0261
7.2000 -1.5000 -2.1000 0.1663 0.0531 1.8617 0.0050 0.0246
7.2000 -1.5000 -2.0500 0.1549 0.0558 1.9202 0.0047 0.0231
7.2000 -1.5000 -2.0000 0.1435 0.0586 1.9788 0.0043 0.0216
7.3000 -1.5000 -2.5000 0.3593 0.0388 1.6870 0.0111 0.0502
7.3000 -1.5000 -2.4500 0.3373 0.0416 1.7612 0.0104 0.0474
7.3000 -1.5000 -2.4000 0.3153 0.0444 1.8354 0.0097 0.0446
7.3000 -1.5000 -2.3500 0.2932 0.0473 1.9095 0.0090 0.0419
7.3000 -1.5000 -2.3000 0.2712 0.0501 1.9837 0.0083 0.0391
7.3000 -1.5000 -2.2500 0.2492 0.0529 2.0579 0.0076 0.0363
7.3000 -1.5000 -2.2000 0.2350 0.0561 2.1277 0.0072 0.0344
7.3000 -1.5000 -2.1500 0.2208 0.0592 2.1975 0.0067 0.0325
7.3000 -1.5000 -2.1000 0.2067 0.0624 2.2672 0.0063 0.0307
7.3000 -1.5000 -2.0500 0.1925 0.0655 2.3370 0.0058 0.0288
7.3000 -1.5000 -2.0000 0.1783 0.0687 2.4068 0.0054 0.0269
7.4000 -1.5000 -2.5000 0.4451 0.0455 2.0498 0.0140 0.0624
7.4000 -1.5000 -2.4500 0.4178 0.0487 2.1383 0.0131 0.0589
7.4000 -1.5000 -2.4000 0.3905 0.0519 2.2268 0.0122 0.0555
7.4000 -1.5000 -2.3500 0.3632 0.0552 2.3153 0.0114 0.0520
7.4000 -1.5000 -2.3000 0.3359 0.0584 2.4038 0.0105 0.0486
7.4000 -1.5000 -2.2500 0.3086 0.0616 2.4923 0.0096 0.0451
7.4000 -1.5000 -2.2000 0.2910 0.0651 2.5746 0.0090 0.0427
7.4000 -1.5000 -2.1500 0.2733 0.0686 2.6569 0.0085 0.0404
7.4000 -1.5000 -2.1000 0.2557 0.0722 2.7392 0.0079 0.0380
7.4000 -1.5000 -2.0500 0.2380 0.0757 2.8215 0.0074 0.0357
7.4000 -1.5000 -2.0000 0.2204 0.0792 2.9038 0.0068 0.0333
7.5000 -1.5000 -2.5000 0.5479 0.0523 2.4654 0.0175 0.0774
7.5000 -1.5000 -2.4500 0.5143 0.0559 2.5695 0.0164 0.0731
7.5000 -1.5000 -2.4000 0.4806 0.0595 2.6735 0.0153 0.0688
7.5000 -1.5000 -2.3500 0.4470 0.0630 2.7776 0.0141 0.0644
7.5000 -1.5000 -2.3000 0.4133 0.0666 2.8816 0.0130 0.0601
7.5000 -1.5000 -2.2500 0.3797 0.0702 2.9857 0.0119 0.0558
7.5000 -1.5000 -2.2000 0.3579 0.0741 3.0817 0.0112 0.0529
7.5000 -1.5000 -2.1500 0.3361 0.0780 3.1777 0.0105 0.0500
7.5000 -1.5000 -2.1000 0.3144 0.0818 3.2736 0.0099 0.0470
7.5000 -1.5000 -2.0500 0.2926 0.0857 3.3696 0.0092 0.0441
7.5000 -1.5000 -2.0000 0.2708 0.0896 3.4656 0.0085 0.0412
7.6000 -1.5000 -2.5000 0.6694 0.0588 2.9310 0.0218 0.0956
7.6000 -1.5000 -2.4500 0.6283 0.0627 3.0517 0.0204 0.0903
7.6000 -1.5000 -2.4000 0.5871 0.0666 3.1724 0.0190 0.0849
7.6000 -1.5000 -2.3500 0.5460 0.0704 3.2930 0.0177 0.0796
7.6000 -1.5000 -2.3000 0.5048 0.0743 3.4137 0.0163 0.0742
7.6000 -1.5000 -2.2500 0.4637 0.0782 3.5344 0.0149 0.0689
7.6000 -1.5000 -2.2000 0.4370 0.0823 3.6447 0.0140 0.0653
7.6000 -1.5000 -2.1500 0.4103 0.0865 3.7549 0.0131 0.0617
7.6000 -1.5000 -2.1000 0.3837 0.0906 3.8652 0.0123 0.0580
7.6000 -1.5000 -2.0500 0.3570 0.0948 3.9754 0.0114 0.0544
7.6000 -1.5000 -2.0000 0.3303 0.0989 4.0857 0.0105 0.0508
7.7000 -1.5000 -2.5000 0.8089 0.0641 3.4275 0.0271 0.1174
7.7000 -1.5000 -2.4500 0.7592 0.0682 3.5654 0.0254 0.1108
7.7000 -1.5000 -2.4000 0.7095 0.0723 3.7033 0.0236 0.1042
7.7000 -1.5000 -2.3500 0.6598 0.0763 3.8411 0.0219 0.0977
7.7000 -1.5000 -2.3000 0.6101 0.0804 3.9790 0.0201 0.0911
7.7000 -1.5000 -2.2500 0.5604 0.0845 4.1169 0.0184 0.0845
7.7000 -1.5000 -2.2000 0.5281 0.0888 4.2418 0.0173 0.0800
7.7000 -1.5000 -2.1500 0.4958 0.0931 4.3666 0.0162 0.0755
7.7000 -1.5000 -2.1000 0.4636 0.0975 4.4915 0.0152 0.0711
7.7000 -1.5000 -2.0500 0.4313 0.1018 4.6163 0.0141 0.0666
7.7000 -1.5000 -2.0000 0.3990 0.1061 4.7412 0.0130 0.0621
7.8000 -1.5000 -2.5000 0.9657 0.0676 3.9371 0.0333 0.1434
7.8000 -1.5000 -2.4500 0.9065 0.0718 4.0927 0.0312 0.1353
7.8000 -1.5000 -2.4000 0.8473 0.0760 4.2484 0.0290 0.1272
7.8000 -1.5000 -2.3500 0.7882 0.0801 4.4040 0.0269 0.1192
7.8000 -1.5000 -2.3000 0.7290 0.0843 4.5597 0.0247 0.1111
7.8000 -1.5000 -2.2500 0.6698 0.0885 4.7153 0.0226 0.1030
7.8000 -1.5000 -2.2000 0.6312 0.0929 4.8556 0.0213 0.0975
7.8000 -1.5000 -2.1500 0.5927 0.0974 4.9960 0.0199 0.0921
7.8000 -1.5000 -2.1000 0.5541 0.1018 5.1363 0.0186 0.0866
7.8000 -1.5000 -2.0500 0.5156 0.1063 5.2767 0.0172 0.0812
7.8000 -1.5000 -2.0000 0.4770 0.1107 5.4170 0.0159 0.0757
7.9000 -1.5000 -2.7500 1.6293 0.0488 3.4526 0.0606 0.2433
7.9000 -1.5000 -2.7000 1.5301 0.0527 3.6458 0.0566 0.2293
7.9000 -1.5000 -2.6500 1.4309 0.0566 3.8390 0.0526 0.2154
7.9000 -1.5000 -2.6000 1.3317 0.0605 4.0323 0.0487 0.2014
7.9000 -1.5000 -2.5500 1.2325 0.0644 4.2255 0.0447 0.1875
7.9000 -1.5000 -2.5000 1.1333 0.0683 4.4187 0.0407 0.1735
7.9000 -1.5000 -2.4500 1.0642 0.0724 4.5905 0.0381 0.1637
7.9000 -1.5000 -2.4000 0.9952 0.0765 4.7624 0.0355 0.1539
7.9000 -1.5000 -2.3500 0.9261 0.0807 4.9342 0.0328 0.1441
7.9000 -1.5000 -2.3000 0.8571 0.0848 5.1061 0.0302 0.1343
7.9000 -1.5000 -2.2500 0.7880 0.0889 5.2779 0.0276 0.1245
8.0000 -1.5000 -2.7500 1.8698 0.0475 3.7953 0.0732 0.2919
8.0000 -1.5000 -2.7000 1.7575 0.0513 4.0066 0.0684 0.2751
8.0000 -1.5000 -2.6500 1.6452 0.0550 4.2179 0.0636 0.2583
8.0000 -1.5000 -2.6000 1.5329 0.0588 4.4292 0.0589 0.2416
8.0000 -1.5000 -2.5500 1.4206 0.0625 4.6405 0.0541 0.2248
8.0000 -1.5000 -2.5000 1.3083 0.0663 4.8518 0.0493 0.2080
8.0000 -1.5000 -2.4500 1.2293 0.0703 5.0388 0.0461 0.1962
8.0000 -1.5000 -2.4000 1.1503 0.0742 5.2258 0.0429 0.1845
8.0000 -1.5000 -2.3500 1.0712 0.0782 5.4128 0.0398 0.1727
8.0000 -1.5000 -2.3000 0.9922 0.0821 5.5998 0.0366 0.1610
8.0000 -1.5000 -2.2500 0.9132 0.0861 5.7868 0.0334 0.1492
8.1000 -1.5000 -3.0000 2.8337 0.0279 2.8050 0.1250 0.4792
8.1000 -1.5000 -2.9500 2.6845 0.0310 3.0517 0.1174 0.4524
8.1000 -1.5000 -2.9000 2.5353 0.0342 3.2983 0.1098 0.4256
8.1000 -1.5000 -2.8500 2.3860 0.0373 3.5450 0.1023 0.3988
8.1000 -1.5000 -2.8000 2.2368 0.0405 3.7916 0.0947 0.3720
8.1000 -1.5000 -2.7500 2.0876 0.0436 4.0383 0.0871 0.3452
8.1000 -1.5000 -2.7000 1.9647 0.0470 4.2638 0.0814 0.3254
8.1000 -1.5000 -2.6500 1.8418 0.0505 4.4893 0.0758 0.3056
8.1000 -1.5000 -2.6000 1.7190 0.0539 4.7148 0.0701 0.2858
8.1000 -1.5000 -2.5500 1.5961 0.0574 4.9403 0.0645 0.2660
8.1000 -1.5000 -2.5000 1.4732 0.0608 5.1658 0.0588 0.2462
8.1000 -1.5000 -2.4500 1.3857 0.0645 5.3669 0.0550 0.2323
8.1000 -1.5000 -2.4000 1.2981 0.0682 5.5681 0.0513 0.2184
8.1000 -1.5000 -2.3500 1.2106 0.0719 5.7692 0.0475 0.2044
8.1000 -1.5000 -2.3000 1.1230 0.0756 5.9704 0.0438 0.1905
8.1000 -1.5000 -2.2500 1.0355 0.0793 6.1715 0.0400 0.1766
8.2000 -1.5000 -3.0000 3.0431 0.0239 2.8678 0.1452 0.5573
8.2000 -1.5000 -2.9500 2.8885 0.0266 3.1214 0.1366 0.5262
8.2000 -1.5000 -2.9000 2.7338 0.0293 3.3750 0.1279 0.4951
8.2000 -1.5000 -2.8500 2.5792 0.0320 3.6287 0.1193 0.4639
8.2000 -1.5000 -2.8000 2.4245 0.0347 3.8823 0.1106 0.4328
8.2000 -1.5000 -2.7500 2.2699 0.0374 4.1359 0.1020 0.4017
8.2000 -1.5000 -2.7000 2.1400 0.0404 4.3699 0.0955 0.3787
8.2000 -1.5000 -2.6500 2.0100 0.0434 4.6039 0.0889 0.3557
8.2000 -1.5000 -2.6000 1.8801 0.0464 4.8380 0.0824 0.3327
8.2000 -1.5000 -2.5500 1.7501 0.0494 5.0720 0.0758 0.3097
8.2000 -1.5000 -2.5000 1.6202 0.0524 5.3060 0.0693 0.2867
8.2000 -1.5000 -2.4500 1.5260 0.0557 5.5172 0.0649 0.2706
8.2000 -1.5000 -2.4000 1.4318 0.0589 5.7284 0.0605 0.2544
8.2000 -1.5000 -2.3500 1.3377 0.0622 5.9397 0.0560 0.2383
8.2000 -1.5000 -2.3000 1.2435 0.0654 6.1509 0.0516 0.2221
8.2000 -1.5000 -2.2500 1.1493 0.0687 6.3621 0.0472 0.2060
8.3000 -1.5000 -3.0000 3.0922 0.0182 2.7367 0.1633 0.6282
8.3000 -1.5000 -2.9500 2.9439 0.0203 2.9854 0.1539 0.5934
8.3000 -1.5000 -2.9000 2.7956 0.0224 3.2341 0.1445 0.5586
8.3000 -1.5000 -2.8500 2.6473 0.0245 3.4828 0.1350 0.5237
8.3000 -1.5000 -2.8000 2.4990 0.0266 3.7315 0.1256 0.4889
8.3000 -1.5000 -2.7500 2.3507 0.0287 3.9802 0.1162 0.4541
8.3000 -1.5000 -2.7000 2.2222 0.0311 4.2136 0.1089 0.4282
8.3000 -1.5000 -2.6500 2.0937 0.0335 4.4470 0.1016 0.4024
8.3000 -1.5000 -2.6000 1.9651 0.0358 4.6804 0.0942 0.3765
8.3000 -1.5000 -2.5500 1.8366 0.0382 4.9138 0.0869 0.3507
8.3000 -1.5000 -2.5000 1.7081 0.0406 5.1472 0.0796 0.3248
8.4000 -1.5000 -3.0000 3.0180 0.0129 2.5167 0.1790 0.6929
8.4000 -1.5000 -2.9500 2.8842 0.0144 2.7534 0.1691 0.6550
8.4000 -1.5000 -2.9000 2.7504 0.0160 2.9902 0.1591 0.6171
8.4000 -1.5000 -2.8500 2.6166 0.0175 3.2269 0.1492 0.5791
8.4000 -1.5000 -2.8000 2.4828 0.0191 3.4637 0.1392 0.5412
8.4000 -1.5000 -2.7500 2.3490 0.0206 3.7004 0.1293 0.5033
8.4000 -1.5000 -2.7000 2.2276 0.0224 3.9271 0.1214 0.4749
8.4000 -1.5000 -2.6500 2.1062 0.0242 4.1538 0.1135 0.4465
8.4000 -1.5000 -2.6000 1.9849 0.0261 4.3804 0.1055 0.4181
8.4000 -1.5000 -2.5500 1.8635 0.0279 4.6071 0.0976 0.3897
8.4000 -1.5000 -2.5000 1.7421 0.0297 4.8338 0.0897 0.3613
8.5000 -1.5000 -3.2500 3.0943 0.0037 1.0929 0.2303 0.9389
8.5000 -1.5000 -3.2000 3.0343 0.0045 1.2821 0.2218 0.8944
8.5000 -1.5000 -3.1500 2.9743 0.0052 1.4713 0.2133 0.8499
8.5000 -1.5000 -3.1000 2.9143 0.0060 1.6604 0.2047 0.8055
8.5000 -1.5000 -3.0500 2.8543 0.0067 1.8496 0.1962 0.7610
8.5000 -1.5000 -3.0000 2.7943 0.0075 2.0388 0.1877 0.7165
8.5000 -1.5000 -2.9500 2.6886 0.0085 2.2509 0.1779 0.6781
8.5000 -1.5000 -2.9000 2.5829 0.0095 2.4630 0.1681 0.6396
8.5000 -1.5000 -2.8500 2.4772 0.0105 2.6751 0.1583 0.6012
8.5000 -1.5000 -2.8000 2.3715 0.0115 2.8872 0.1485 0.5627
8.5000 -1.5000 -2.7500 2.2658 0.0125 3.0993 0.1387 0.5243
8.0000 -1.3750 -2.7500 1.8670 0.0474 3.7894 0.0976 0.2917
8.0000 -1.3750 -2.7000 1.7549 0.0511 4.0005 0.0912 0.2749
8.0000 -1.3750 -2.6500 1.6428 0.0549 4.2116 0.0848 0.2582
8.0000 -1.3750 -2.6000 1.5306 0.0586 4.4226 0.0785 0.2414
8.0000 -1.3750 -2.5500 1.4185 0.0624 4.6337 0.0721 0.2247
8.0000 -1.3750 -2.5000 1.3064 0.0661 4.8448 0.0657 0.2079
8.0000 -1.3750 -2.4500 1.2276 0.0701 5.0320 0.0615 0.1961
8.0000 -1.3750 -2.4000 1.1488 0.0740 5.2193 0.0573 0.1844
8.0000 -1.3750 -2.3500 1.0700 0.0780 5.4065 0.0530 0.1726
8.0000 -1.3750 -2.3000 0.9912 0.0819 5.5938 0.0488 0.1609
8.0000 -1.3750 -2.2500 0.9124 0.0859 5.7810 0.0446 0.1491
8.1000 -1.3750 -3.0000 2.8260 0.0278 2.7972 0.1665 0.4787
8.1000 -1.3750 -2.9500 2.6775 0.0309 3.0437 0.1564 0.4519
8.1000 -1.3750 -2.9000 2.5289 0.0341 3.2903 0.1463 0.4252
8.1000 -1.3750 -2.8500 2.3804 0.0372 3.5368 0.1362 0.3984
8.1000 -1.3750 -2.8000 2.2318 0.0404 3.7834 0.1261 0.3717
8.1000 -1.3750 -2.7500 2.0833 0.0435 4.0299 0.1160 0.3449
8.1000 -1.3750 -2.7000 1.9608 0.0469 4.2554 0.1085 0.3251
8.1000 -1.3750 -2.6500 1.8383 0.0504 4.4808 0.1010 0.3053
8.1000 -1.3750 -2.6000 1.7159 0.0538 4.7063 0.0934 0.2855
8.1000 -1.3750 -2.5500 1.5934 0.0573 4.9317 0.0859 0.2657
8.1000 -1.3750 -2.5000 1.4709 0.0607 5.1572 0.0784 0.2459
8.1000 -1.3750 -2.4500 1.3836 0.0644 5.3585 0.0734 0.2320
8.1000 -1.3750 -2.4000 1.2962 0.0681 5.5598 0.0684 0.2181
8.1000 -1.3750 -2.3500 1.2089 0.0717 5.7611 0.0633 0.2043
8.1000 -1.3750 -2.3000 1.1215 0.0754 5.9624 0.0583 0.1904
8.1000 -1.3750 -2.2500 1.0342 0.0791 6.1637 0.0533 0.1765
8.2000 -1.3750 -3.0000 3.0319 0.0238 2.8572 0.1933 0.5563
8.2000 -1.3750 -2.9500 2.8782 0.0265 3.1107 0.1818 0.5253
8.2000 -1.3750 -2.9000 2.7246 0.0292 3.3642 0.1703 0.4942
8.2000 -1.3750 -2.8500 2.5709 0.0318 3.6177 0.1589 0.4632
8.2000 -1.3750 -2.8000 2.4173 0.0345 3.8712 0.1474 0.4321
8.2000 -1.3750 -2.7500 2.2636 0.0372 4.1247 0.1359 0.4011
8.2000 -1.3750 -2.7000 2.1342 0.0402 4.3588 0.1272 0.3782
8.2000 -1.3750 -2.6500 2.0048 0.0432 4.5929 0.1185 0.3552
8.2000 -1.3750 -2.6000 1.8755 0.0462 4.8269 0.1097 0.3323
8.2000 -1.3750 -2.5500 1.7461 0.0492 5.0610 0.1010 0.3093
8.2000 -1.3750 -2.5000 1.6167 0.0522 5.2951 0.0923 0.2864
8.2000 -1.3750 -2.4500 1.5229 0.0555 5.5065 0.0864 0.2703
8.2000 -1.3750 -2.4000 1.4290 0.0587 5.7179 0.0805 0.2542
8.2000 -1.3750 -2.3500 1.3352 0.0620 5.9292 0.0747 0.2380
8.2000 -1.3750 -2.3000 1.2413 0.0652 6.1406 0.0688 0.2219
8.2000 -1.3750 -2.2500 1.1475 0.0685 6.3520 0.0629 0.2058
8.3000 -1.3750 -3.0000 3.0763 0.0180 2.7231 0.2171 0.6267
8.3000 -1.3750 -2.9500 2.9294 0.0201 2.9716 0.2046 0.5920
8.3000 -1.3750 -2.9000 2.7824 0.0222 3.2201 0.1921 0.5573
8.3000 -1.3750 -2.8500 2.6355 0.0243 3.4685 0.1796 0.5227
8.3000 -1.3750 -2.8000 2.4885 0.0264 3.7170 0.1671 0.4880
8.3000 -1.3750 -2.7500 2.3416 0.0285 3.9655 0.1546 0.4533
8.3000 -1.3750 -2.7000 2.2139 0.0309 4.1989 0.1449 0.4275
8.3000 -1.3750 -2.6500 2.0862 0.0333 4.4324 0.1352 0.4017
8.3000 -1.3750 -2.6000 1.9584 0.0356 4.6658 0.1254 0.3759
8.3000 -1.3750 -2.5500 1.8307 0.0380 4.8993 0.1157 0.3501
8.3000 -1.3750 -2.5000 1.7030 0.0404 5.1327 0.1060 0.3243
8.4000 -1.3750 -3.0000 2.9980 0.0127 2.5005 0.2378 0.6907
8.4000 -1.3750 -2.9500 2.8658 0.0142 2.7370 0.2246 0.6529
8.4000 -1.3750 -2.9000 2.7335 0.0158 2.9734 0.2115 0.6152
8.4000 -1.3750 -2.8500 2.6013 0.0173 3.2099 0.1983 0.5774
8.4000 -1.3750 -2.8000 2.4690 0.0189 3.4463 0.1852 0.5397
8.4000 -1.3750 -2.7500 2.3368 0.0204 3.6828 0.1720 0.5019
8.4000 -1.3750 -2.7000 2.2162 0.0222 3.9091 0.1615 0.4736
8.4000 -1.3750 -2.6500 2.0956 0.0240 4.1355 0.1509 0.4453
8.4000 -1.3750 -2.6000 1.9751 0.0258 4.3618 0.1404 0.4171
8.4000 -1.3750 -2.5500 1.8545 0.0276 4.5882 0.1298 0.3888
8.4000 -1.3750 -2.5000 1.7339 0.0294 4.8145 0.1193 0.3605
8.5000 -1.3750 -3.2500 3.0578 0.0036 1.0811 0.3050 0.9336
8.5000 -1.3750 -3.2000 3.0000 0.0044 1.2693 0.2938 0.8896
8.5000 -1.3750 -3.1500 2.9422 0.0051 1.4574 0.2826 0.8455
8.5000 -1.3750 -3.1000 2.8843 0.0059 1.6456 0.2715 0.8015
8.5000 -1.3750 -3.0500 2.8265 0.0066 1.8337 0.2603 0.7574
8.5000 -1.3750 -3.0000 2.7687 0.0074 2.0219 0.2491 0.7134
8.5000 -1.3750 -2.9500 2.6647 0.0084 2.2332 0.2361 0.6752
8.5000 -1.3750 -2.9000 2.5607 0.0094 2.4446 0.2231 0.6370
8.5000 -1.3750 -2.8500 2.4568 0.0103 2.6559 0.2102 0.5988
8.5000 -1.3750 -2.8000 2.3528 0.0113 2.8673 0.1972 0.5606
8.5000 -1.3750 -2.7500 2.2488 0.0123 3.0786 0.1842 0.5224
8.0000 -1.2500 -2.7500 1.8633 0.0472 3.7817 0.1300 0.2914
8.0000 -1.2500 -2.7000 1.7515 0.0509 3.9927 0.1215 0.2747
8.0000 -1.2500 -2.6500 1.6397 0.0547 4.2038 0.1130 0.2579
8.0000 -1.2500 -2.6000 1.5280 0.0584 4.4148 0.1045 0.2412
8.0000 -1.2500 -2.5500 1.4162 0.0622 4.6259 0.0960 0.2244
8.0000 -1.2500 -2.5000 1.3044 0.0659 4.8369 0.0875 0.2077
8.0000 -1.2500 -2.4500 1.2258 0.0699 5.0241 0.0819 0.1960
8.0000 -1.2500 -2.4000 1.1471 0.0738 5.2114 0.0763 0.1842
8.0000 -1.2500 -2.3500 1.0685 0.0778 5.3986 0.0706 0.1725
8.0000 -1.2500 -2.3000 0.9898 0.0817 5.5859 0.0650 0.1607
8.0000 -1.2500 -2.2500 0.9112 0.0857 5.7731 0.0594 0.1490
8.1000 -1.2500 -3.0000 2.8156 0.0276 2.7867 0.2216 0.4779
8.1000 -1.2500 -2.9500 2.6680 0.0307 3.0331 0.2082 0.4512
8.1000 -1.2500 -2.9000 2.5204 0.0338 3.2796 0.1948 0.4245
8.1000 -1.2500 -2.8500 2.3729 0.0370 3.5260 0.1813 0.3978
8.1000 -1.2500 -2.8000 2.2253 0.0401 3.7725 0.1679 0.3711
8.1000 -1.2500 -2.7500 2.0777 0.0432 4.0189 0.1545 0.3444
8.1000 -1.2500 -2.7000 1.9557 0.0466 4.2444 0.1445 0.3247
8.1000 -1.2500 -2.6500 1.8337 0.0501 4.4698 0.1345 0.3049
8.1000 -1.2500 -2.6000 1.7118 0.0535 4.6953 0.1244 0.2852
8.1000 -1.2500 -2.5500 1.5898 0.0570 4.9207 0.1144 0.2654
8.1000 -1.2500 -2.5000 1.4678 0.0604 5.1462 0.1044 0.2457
8.1000 -1.2500 -2.4500 1.3807 0.0641 5.3476 0.0977 0.2318
8.1000 -1.2500 -2.4000 1.2936 0.0678 5.5491 0.0910 0.2179
8.1000 -1.2500 -2.3500 1.2066 0.0714 5.7505 0.0844 0.2041
8.1000 -1.2500 -2.3000 1.1195 0.0751 5.9520 0.0777 0.1902
8.1000 -1.2500 -2.2500 1.0324 0.0788 6.1534 0.0710 0.1763
8.2000 -1.2500 -3.0000 3.0170 0.0235 2.8430 0.2571 0.5550
8.2000 -1.2500 -2.9500 2.8646 0.0262 3.0963 0.2418 0.5241
8.2000 -1.2500 -2.9000 2.7123 0.0289 3.3497 0.2266 0.4932
8.2000 -1.2500 -2.8500 2.5599 0.0316 3.6030 0.2113 0.4622
8.2000 -1.2500 -2.8000 2.4076 0.0343 3.8564 0.1961 0.4313
8.2000 -1.2500 -2.7500 2.2552 0.0370 4.1097 0.1808 0.4004
8.2000 -1.2500 -2.7000 2.1266 0.0400 4.3440 0.1692 0.3775
8.2000 -1.2500 -2.6500 1.9980 0.0430 4.5783 0.1576 0.3546
8.2000 -1.2500 -2.6000 1.8695 0.0459 4.8127 0.1461 0.3318
8.2000 -1.2500 -2.5500 1.7409 0.0489 5.0470 0.1345 0.3089
8.2000 -1.2500 -2.5000 1.6123 0.0519 5.2813 0.1229 0.2860
8.2000 -1.2500 -2.4500 1.5188 0.0552 5.4927 0.1151 0.2699
8.2000 -1.2500 -2.4000 1.4253 0.0584 5.7042 0.1073 0.2538
8.2000 -1.2500 -2.3500 1.3319 0.0617 5.9156 0.0994 0.2377
8.2000 -1.2500 -2.3000 1.2384 0.0649 6.1271 0.0916 0.2216
8.2000 -1.2500 -2.2500 1.1449 0.0682 6.3385 0.0838 0.2055
8.3000 -1.2500 -3.0000 3.0552 0.0178 2.7045 0.2885 0.6247
8.3000 -1.2500 -2.9500 2.9101 0.0199 2.9528 0.2719 0.5902
8.3000 -1.2500 -2.9000 2.7649 0.0220 3.2011 0.2553 0.5557
8.3000 -1.2500 -2.8500 2.6198 0.0240 3.4495 0.2388 0.5211
8.3000 -1.2500 -2.8000 2.4746 0.0261 3.6978 0.2222 0.4866
8.3000 -1.2500 -2.7500 2.3295 0.0282 3.9461 0.2056 0.4521
8.3000 -1.2500 -2.7000 2.2029 0.0306 4.1797 0.1927 0.4264
8.3000 -1.2500 -2.6500 2.0763 0.0330 4.4133 0.1798 0.4007
8.3000 -1.2500 -2.6000 1.9497 0.0353 4.6468 0.1669 0.3751
8.3000 -1.2500 -2.5500 1.8231 0.0377 4.8804 0.1540 0.3494
8.3000 -1.2500 -2.5000 1.6965 0.0401 5.1140 0.1411 0.3237
8.4000 -1.2500 -3.0000 2.9695 0.0125 2.4791 0.3155 0.6877
8.4000 -1.2500 -2.9500 2.8396 0.0140 2.7150 0.2981 0.6502
8.4000 -1.2500 -2.9000 2.7098 0.0156 2.9509 0.2807 0.6127
8.4000 -1.2500 -2.8500 2.5799 0.0171 3.1869 0.2632 0.5752
8.4000 -1.2500 -2.8000 2.4501 0.0187 3.4228 0.2458 0.5377
8.4000 -1.2500 -2.7500 2.3202 0.0202 3.6587 0.2284 0.5002
8.4000 -1.2500 -2.7000 2.2010 0.0220 3.8850 0.2144 0.4720
8.4000 -1.2500 -2.6500 2.0818 0.0238 4.1113 0.2005 0.4439
8.4000 -1.2500 -2.6000 1.9626 0.0256 4.3376 0.1865 0.4157
8.4000 -1.2500 -2.5500 1.8434 0.0274 4.5639 0.1726 0.3876
8.4000 -1.2500 -2.5000 1.7242 0.0292 4.7902 0.1586 0.3594
8.5000 -1.2500 -3.2500 3.0101 0.0035 1.0654 0.4031 0.9266
8.5000 -1.2500 -3.2000 2.9549 0.0042 1.2521 0.3884 0.8831
8.5000 -1.2500 -3.1500 2.8997 0.0050 1.4388 0.3738 0.8396
8.5000 -1.2500 -3.1000 2.8446 0.0057 1.6254 0.3591 0.7960
8.5000 -1.2500 -3.0500 2.7894 0.0065 1.8121 0.3445 0.7525
8.5000 -1.2500 -3.0000 2.7342 0.0072 1.9988 0.3298 0.7090
8.5000 -1.2500 -2.9500 2.6326 0.0082 2.2093 0.3127 0.6712
8.5000 -1.2500 -2.9000 2.5310 0.0092 2.4197 0.2956 0.6333
8.5000 -1.2500 -2.8500 2.4294 0.0101 2.6302 0.2785 0.5955
8.5000 -1.2500 -2.8000 2.3278 0.0111 2.8406 0.2614 0.5576
8.5000 -1.2500 -2.7500 2.2262 0.0121 3.0511 0.2443 0.5198
8.6000 -1.2500 -3.2500 2.5191 0.0015 0.6806 0.3922 0.8874
8.6000 -1.2500 -3.2000 2.5146 0.0019 0.8260 0.3807 0.8487
8.6000 -1.2500 -3.1500 2.5101 0.0023 0.9714 0.3692 0.8100
8.6000 -1.2500 -3.1000 2.5057 0.0028 1.1168 0.3576 0.7714
8.6000 -1.2500 -3.0500 2.5012 0.0032 1.2622 0.3461 0.7327
8.6000 -1.2500 -3.0000 2.4967 0.0036 1.4076 0.3346 0.6940
8.6000 -1.2500 -2.9500 2.4308 0.0042 1.5841 0.3186 0.6578
8.6000 -1.2500 -2.9000 2.3649 0.0047 1.7606 0.3026 0.6217
8.6000 -1.2500 -2.8500 2.2991 0.0053 1.9372 0.2866 0.5855
8.6000 -1.2500 -2.8000 2.2332 0.0058 2.1137 0.2706 0.5494
8.6000 -1.2500 -2.7500 2.1673 0.0064 2.2902 0.2546 0.5132
8.7000 -1.2500 -3.5000 1.1985 0.0000 0.1107 0.3029 0.8231
8.7000 -1.2500 -3.4500 1.3061 0.0000 0.1645 0.3104 0.8138
8.7000 -1.2500 -3.4000 1.4137 0.0000 0.2184 0.3179 0.8046
8.7000 -1.2500 -3.3500 1.5214 0.0000 0.2722 0.3254 0.7953
8.7000 -1.2500 -3.3000 1.6290 0.0000 0.3261 0.3329 0.7861
8.7000 -1.2500 -3.2500 1.7366 0.0000 0.3799 0.3404 0.7768
8.7000 -1.2500 -3.2000 1.7897 0.0003 0.4854 0.3352 0.7503
8.7000 -1.2500 -3.1500 1.8427 0.0006 0.5909 0.3299 0.7238
8.7000 -1.2500 -3.1000 1.8958 0.0009 0.6964 0.3247 0.6974
8.7000 -1.2500 -3.0500 1.9488 0.0012 0.8019 0.3194 0.6709
8.7000 -1.2500 -3.0000 2.0019 0.0015 0.9074 0.3142 0.6444
8.2000 -1.2000 -3.0000 2.1118 0.0379 3.3802 0.2714 0.8115
8.2000 -1.2000 -2.9700 2.1319 0.0358 3.3635 0.5226 0.7352
8.2000 -1.2000 -2.9400 2.1521 0.0337 3.3467 0.7739 0.6588
8.2000 -1.2000 -2.9100 2.1722 0.0317 3.3300 1.0251 0.5825
8.2000 -1.2000 -2.8800 2.1924 0.0296 3.3132 1.2764 0.5061
8.2000 -1.2000 -2.8500 2.2125 0.0275 3.2965 1.5276 0.4298
8.2000 -1.2000 -2.8000 2.1029 0.0301 3.5306 1.4476 0.4064
8.2000 -1.2000 -2.7500 1.9933 0.0328 3.7647 1.3675 0.3830
8.2000 -1.2000 -2.7000 1.8838 0.0354 3.9987 1.2875 0.3597
8.2000 -1.2000 -2.6500 1.7742 0.0381 4.2328 1.2074 0.3363
8.2000 -1.2000 -2.6000 1.6646 0.0407 4.4669 1.1274 0.3129
8.2000 -1.2000 -2.5500 1.5750 0.0437 4.6873 1.0602 0.2956
8.2000 -1.2000 -2.5000 1.4854 0.0467 4.9076 0.9930 0.2784
8.2000 -1.2000 -2.4500 1.3959 0.0497 5.1280 0.9258 0.2611
8.2000 -1.2000 -2.4000 1.3063 0.0527 5.3483 0.8586 0.2439
8.2000 -1.2000 -2.3500 1.2167 0.0557 5.5687 0.7914 0.2266
8.2000 -1.2000 -2.3000 1.1512 0.0591 5.7737 0.7430 0.2145
8.2000 -1.2000 -2.2500 1.0856 0.0625 5.9787 0.6946 0.2023
8.3000 -1.2000 -3.0000 2.0555 0.0279 3.1824 0.3008 0.8890
8.3000 -1.2000 -2.9700 2.0787 0.0264 3.1632 0.5592 0.8056
8.3000 -1.2000 -2.9400 2.1020 0.0249 3.1440 0.8176 0.7223
8.3000 -1.2000 -2.9100 2.1252 0.0234 3.1249 1.0760 0.6389
8.3000 -1.2000 -2.8800 2.1485 0.0219 3.1057 1.3344 0.5556
8.3000 -1.2000 -2.8500 2.1717 0.0204 3.0865 1.5928 0.4722
8.3000 -1.2000 -2.8000 2.0714 0.0224 3.3127 1.5158 0.4469
8.3000 -1.2000 -2.7500 1.9710 0.0244 3.5389 1.4388 0.4217
8.3000 -1.2000 -2.7000 1.8707 0.0264 3.7652 1.3619 0.3964
8.3000 -1.2000 -2.6500 1.7703 0.0284 3.9914 1.2849 0.3712
8.3000 -1.2000 -2.6000 1.6700 0.0304 4.2176 1.2079 0.3459
8.3000 -1.2000 -2.5500 1.5854 0.0328 4.4360 1.1396 0.3271
8.3000 -1.2000 -2.5000 1.5008 0.0351 4.6544 1.0713 0.3083
8.4000 -1.2000 -3.0000 1.8364 0.0180 2.7779 0.3184 0.9255
8.4000 -1.2000 -2.9700 1.8791 0.0172 2.7801 0.5734 0.8415
8.4000 -1.2000 -2.9400 1.9218 0.0165 2.7823 0.8284 0.7575
8.4000 -1.2000 -2.9100 1.9644 0.0157 2.7844 1.0834 0.6736
8.4000 -1.2000 -2.8800 2.0071 0.0150 2.7866 1.3384 0.5896
8.4000 -1.2000 -2.8500 2.0498 0.0142 2.7888 1.5934 0.5056
8.4000 -1.2000 -2.8000 1.9612 0.0156 2.9984 1.5229 0.4790
8.4000 -1.2000 -2.7500 1.8726 0.0170 3.2081 1.4524 0.4524
8.4000 -1.2000 -2.7000 1.7841 0.0185 3.4177 1.3818 0.4258
8.4000 -1.2000 -2.6500 1.6955 0.0199 3.6274 1.3113 0.3992
8.4000 -1.2000 -2.6000 1.6069 0.0213 3.8370 1.2408 0.3726
8.4000 -1.2000 -2.5500 1.5308 0.0230 4.0450 1.1750 0.3528
8.4000 -1.2000 -2.5000 1.4546 0.0247 4.2531 1.1093 0.3329
8.5000 -1.2000 -3.2500 2.2454 0.0033 1.0082 1.6831 0.7690
8.5000 -1.2000 -3.2000 2.2188 0.0037 1.1448 1.6802 0.7342
8.5000 -1.2000 -3.1500 2.1923 0.0042 1.2815 1.6772 0.6994
8.5000 -1.2000 -3.1000 2.1657 0.0047 1.4181 1.6743 0.6646
8.5000 -1.2000 -3.0800 2.0201 0.0057 1.5719 1.4024 0.7070
8.5000 -1.2000 -3.0600 1.8745 0.0067 1.7257 1.1305 0.7495
8.5000 -1.2000 -3.0400 1.7289 0.0077 1.8794 0.8585 0.7919
8.5000 -1.2000 -3.0200 1.5833 0.0087 2.0332 0.5866 0.8344
8.5000 -1.2000 -3.0000 1.4377 0.0097 2.1870 0.3147 0.8768
8.5000 -1.2000 -2.9700 1.5197 0.0094 2.2003 0.5474 0.8022
8.5000 -1.2000 -2.9400 1.6017 0.0091 2.2136 0.7801 0.7275
8.5000 -1.2000 -2.9100 1.6838 0.0089 2.2270 1.0129 0.6529
8.5000 -1.2000 -2.8800 1.7658 0.0086 2.2403 1.2456 0.5782
8.5000 -1.2000 -2.8500 1.8478 0.0083 2.2536 1.4783 0.5036
8.5000 -1.2000 -2.8000 1.7757 0.0092 2.4346 1.4200 0.4775
8.5000 -1.2000 -2.7500 1.7036 0.0101 2.6157 1.3617 0.4515
8.6000 -1.2000 -3.2500 1.8733 0.0015 0.6699 1.3987 0.7116
8.6000 -1.2000 -3.2000 1.8783 0.0018 0.7724 1.4082 0.6821
8.6000 -1.2000 -3.1500 1.8834 0.0020 0.8748 1.4177 0.6525
8.6000 -1.2000 -3.1000 1.8884 0.0023 0.9773 1.4272 0.6230
8.6000 -1.2000 -3.0800 1.7049 0.0027 1.0931 1.1996 0.6473
8.6000 -1.2000 -3.0600 1.5213 0.0032 1.2089 0.9721 0.6715
8.6000 -1.2000 -3.0400 1.3378 0.0036 1.3248 0.7445 0.6958
8.6000 -1.2000 -3.0200 1.1542 0.0041 1.4406 0.5170 0.7200
8.6000 -1.2000 -3.0000 0.9707 0.0045 1.5564 0.2894 0.7443
8.6000 -1.2000 -2.9700 1.1154 0.0044 1.5723 0.4922 0.6904
8.6000 -1.2000 -2.9400 1.2601 0.0043 1.5882 0.6950 0.6366
8.6000 -1.2000 -2.9100 1.4049 0.0043 1.6042 0.8977 0.5827
8.6000 -1.2000 -2.8800 1.5496 0.0042 1.6201 1.1005 0.5289
8.6000 -1.2000 -2.8500 1.6943 0.0041 1.6360 1.3033 0.4750
8.6000 -1.2000 -2.8000 1.6380 0.0046 1.7832 1.2579 0.4504
8.6000 -1.2000 -2.7500 1.5816 0.0052 1.9304 1.2124 0.4259
8.7000 -1.2000 -3.5000 1.0373 0.0000 0.1496 0.9402 0.6746
8.7000 -1.2000 -3.4500 1.1142 0.0000 0.1862 0.9683 0.6675
8.7000 -1.2000 -3.4000 1.1911 0.0000 0.2229 0.9965 0.6605
8.7000 -1.2000 -3.3500 1.2680 0.0000 0.2596 1.0247 0.6535
8.7000 -1.2000 -3.3000 1.3076 0.0002 0.3320 1.0411 0.6336
8.7000 -1.2000 -3.2500 1.3472 0.0004 0.4044 1.0575 0.6137
8.7000 -1.2000 -3.2000 1.3867 0.0006 0.4769 1.0739 0.5938
8.7000 -1.2000 -3.1500 1.4263 0.0008 0.5493 1.0903 0.5739
8.7000 -1.2000 -3.1000 1.4659 0.0010 0.6217 1.1067 0.5540
8.7000 -1.2000 -3.0800 1.2864 0.0012 0.6959 0.9355 0.5555
8.7000 -1.2000 -3.0600 1.1068 0.0013 0.7701 0.7644 0.5570
8.7000 -1.2000 -3.0400 0.9273 0.0015 0.8444 0.5932 0.5585
8.7000 -1.2000 -3.0200 0.7477 0.0016 0.9186 0.4221 0.5600
8.7000 -1.2000 -3.0000 0.5682 0.0018 0.9928 0.2509 0.5615
8.2000 -1.1250 -3.0000 2.9974 0.0233 2.8245 0.3416 0.5534
8.2000 -1.1250 -2.9500 2.8468 0.0260 3.0776 0.3214 0.5226
8.2000 -1.1250 -2.9000 2.6961 0.0286 3.3307 0.3012 0.4918
8.2000 -1.1250 -2.8500 2.5455 0.0313 3.5837 0.2809 0.4611
8.2000 -1.1250 -2.8000 2.3948 0.0339 3.8368 0.2607 0.4303
8.2000 -1.1250 -2.7500 2.2442 0.0366 4.0899 0.2405 0.3995
8.2000 -1.1250 -2.7000 2.1166 0.0396 4.3243 0.2251 0.3767
8.2000 -1.1250 -2.6500 1.9890 0.0426 4.5588 0.2097 0.3539
8.2000 -1.1250 -2.6000 1.8614 0.0456 4.7932 0.1944 0.3310
8.2000 -1.1250 -2.5500 1.7338 0.0486 5.0277 0.1790 0.3082
8.2000 -1.1250 -2.5000 1.6062 0.0516 5.2621 0.1636 0.2854
8.2000 -1.1250 -2.4500 1.5132 0.0548 5.4736 0.1532 0.2694
8.2000 -1.1250 -2.4000 1.4202 0.0581 5.6851 0.1428 0.2533
8.2000 -1.1250 -2.3500 1.3272 0.0613 5.8967 0.1323 0.2373
8.2000 -1.1250 -2.3000 1.2342 0.0646 6.1082 0.1219 0.2212
8.2000 -1.1250 -2.2500 1.1412 0.0678 6.3197 0.1115 0.2052
8.3000 -1.1250 -3.0000 3.0262 0.0175 2.6804 0.3827 0.6220
8.3000 -1.1250 -2.9500 2.8837 0.0196 2.9284 0.3608 0.5877
8.3000 -1.1250 -2.9000 2.7412 0.0217 3.1764 0.3389 0.5534
8.3000 -1.1250 -2.8500 2.5986 0.0237 3.4244 0.3169 0.5192
8.3000 -1.1250 -2.8000 2.4561 0.0258 3.6724 0.2950 0.4849
8.3000 -1.1250 -2.7500 2.3136 0.0279 3.9204 0.2731 0.4506
8.3000 -1.1250 -2.7000 2.1884 0.0303 4.1540 0.2560 0.4250
8.3000 -1.1250 -2.6500 2.0632 0.0326 4.3877 0.2389 0.3995
8.3000 -1.1250 -2.6000 1.9380 0.0350 4.6213 0.2219 0.3739
8.3000 -1.1250 -2.5500 1.8128 0.0373 4.8550 0.2048 0.3484
8.3000 -1.1250 -2.5000 1.6876 0.0397 5.0886 0.1877 0.3228
8.4000 -1.1250 -3.0000 2.9344 0.0122 2.4509 0.4180 0.6837
8.4000 -1.1250 -2.9500 2.8073 0.0137 2.6861 0.3950 0.6465
8.4000 -1.1250 -2.9000 2.6802 0.0152 2.9214 0.3720 0.6093
8.4000 -1.1250 -2.8500 2.5532 0.0168 3.1566 0.3491 0.5722
8.4000 -1.1250 -2.8000 2.4261 0.0183 3.3919 0.3261 0.5350
8.4000 -1.1250 -2.7500 2.2990 0.0198 3.6271 0.3031 0.4978
8.4000 -1.1250 -2.7000 2.1814 0.0216 3.8531 0.2846 0.4699
8.4000 -1.1250 -2.6500 2.0638 0.0234 4.0791 0.2661 0.4419
8.4000 -1.1250 -2.6000 1.9462 0.0252 4.3052 0.2476 0.4140
8.4000 -1.1250 -2.5500 1.8286 0.0270 4.5312 0.2291 0.3860
8.4000 -1.1250 -2.5000 1.7110 0.0288 4.7572 0.2106 0.3581
8.5000 -1.1250 -3.2500 2.9483 0.0034 1.0451 0.5312 0.9176
8.5000 -1.1250 -3.2000 2.8963 0.0041 1.2299 0.5121 0.8747
8.5000 -1.1250 -3.1500 2.8443 0.0048 1.4147 0.4930 0.8319
8.5000 -1.1250 -3.1000 2.7924 0.0056 1.5996 0.4739 0.7890
8.5000 -1.1250 -3.0500 2.7404 0.0063 1.7844 0.4548 0.7462
8.5000 -1.1250 -3.0000 2.6884 0.0070 1.9692 0.4357 0.7033
8.5000 -1.1250 -2.9500 2.5900 0.0080 2.1784 0.4132 0.6659
8.5000 -1.1250 -2.9000 2.4916 0.0090 2.3875 0.3908 0.6285
8.5000 -1.1250 -2.8500 2.3933 0.0099 2.5967 0.3683 0.5911
8.5000 -1.1250 -2.8000 2.2949 0.0109 2.8058 0.3459 0.5537
8.5000 -1.1250 -2.7500 2.1965 0.0119 3.0150 0.3234 0.5163
8.6000 -1.1250 -3.2500 2.4495 0.0015 0.6636 0.5147 0.8754
8.6000 -1.1250 -3.2000 2.4475 0.0019 0.8067 0.4999 0.8375
8.6000 -1.1250 -3.1500 2.4455 0.0023 0.9498 0.4850 0.7997
8.6000 -1.1250 -3.1000 2.4436 0.0026 1.0929 0.4702 0.7618
8.6000 -1.1250 -3.0500 2.4416 0.0030 1.2360 0.4553 0.7240
8.6000 -1.1250 -3.0000 2.4396 0.0034 1.3791 0.4405 0.6861
8.6000 -1.1250 -2.9500 2.3770 0.0040 1.5539 0.4196 0.6506
8.6000 -1.1250 -2.9000 2.3145 0.0045 1.7287 0.3987 0.6150
8.6000 -1.1250 -2.8500 2.2519 0.0051 1.9035 0.3778 0.5795
8.6000 -1.1250 -2.8000 2.1894 0.0056 2.0783 0.3569 0.5439
8.6000 -1.1250 -2.7500 2.1268 0.0062 2.2531 0.3360 0.5084
8.7000 -1.1250 -3.5000 1.1560 0.0000 0.1069 0.3954 0.8084
8.7000 -1.1250 -3.4500 1.2600 0.0000 0.1591 0.4053 0.7993
8.7000 -1.1250 -3.4000 1.3640 0.0000 0.2113 0.4151 0.7903
8.7000 -1.1250 -3.3500 1.4681 0.0000 0.2635 0.4250 0.7812
8.7000 -1.1250 -3.3000 1.5721 0.0000 0.3157 0.4348 0.7722
8.7000 -1.1250 -3.2500 1.6761 0.0000 0.3679 0.4447 0.7631
8.7000 -1.1250 -3.2000 1.7292 0.0003 0.4711 0.4381 0.7374
8.7000 -1.1250 -3.1500 1.7823 0.0006 0.5742 0.4316 0.7117
8.7000 -1.1250 -3.1000 1.8355 0.0008 0.6774 0.4250 0.6861
8.7000 -1.1250 -3.0500 1.8886 0.0011 0.7805 0.4185 0.6604
8.7000 -1.1250 -3.0000 1.9417 0.0014 0.8837 0.4119 0.6347
8.2000 -1.0000 -3.0000 2.9710 0.0229 2.7997 0.4534 0.5511
8.2000 -1.0000 -2.9500 2.8226 0.0256 3.0524 0.4266 0.5205
8.2000 -1.0000 -2.9000 2.6742 0.0282 3.3051 0.3999 0.4899
8.2000 -1.0000 -2.8500 2.5258 0.0309 3.5577 0.3731 0.4594
8.2000 -1.0000 -2.8000 2.3774 0.0335 3.8104 0.3464 0.4288
8.2000 -1.0000 -2.7500 2.2290 0.0362 4.0631 0.3196 0.3982
8.2000 -1.0000 -2.7000 2.1028 0.0392 4.2976 0.2992 0.3755
8.2000 -1.0000 -2.6500 1.9766 0.0422 4.5321 0.2788 0.3528
8.2000 -1.0000 -2.6000 1.8504 0.0451 4.7667 0.2584 0.3301
8.2000 -1.0000 -2.5500 1.7242 0.0481 5.0012 0.2380 0.3074
8.2000 -1.0000 -2.5000 1.5980 0.0511 5.2357 0.2176 0.2847
8.2000 -1.0000 -2.4500 1.5057 0.0543 5.4475 0.2038 0.2687
8.2000 -1.0000 -2.4000 1.4134 0.0576 5.6593 0.1899 0.2527
8.2000 -1.0000 -2.3500 1.3212 0.0608 5.8711 0.1761 0.2367
8.2000 -1.0000 -2.3000 1.2289 0.0641 6.0829 0.1622 0.2207
8.2000 -1.0000 -2.2500 1.1366 0.0673 6.2947 0.1484 0.2047
8.3000 -1.0000 -3.0000 2.9903 0.0171 2.6490 0.5071 0.6185
8.3000 -1.0000 -2.9500 2.8508 0.0192 2.8965 0.4782 0.5845
8.3000 -1.0000 -2.9000 2.7114 0.0212 3.1440 0.4493 0.5505
8.3000 -1.0000 -2.8500 2.5719 0.0233 3.3915 0.4203 0.5165
8.3000 -1.0000 -2.8000 2.4325 0.0253 3.6390 0.3914 0.4825
8.3000 -1.0000 -2.7500 2.2930 0.0274 3.8865 0.3625 0.4485
8.3000 -1.0000 -2.7000 2.1694 0.0298 4.1200 0.3399 0.4231
8.3000 -1.0000 -2.6500 2.0459 0.0321 4.3535 0.3172 0.3977
8.3000 -1.0000 -2.6000 1.9223 0.0345 4.5871 0.2946 0.3724
8.3000 -1.0000 -2.5500 1.7988 0.0368 4.8206 0.2719 0.3470
8.3000 -1.0000 -2.5000 1.6752 0.0392 5.0541 0.2493 0.3216
8.4000 -1.0000 -3.0000 2.8860 0.0119 2.4133 0.5523 0.6784
8.4000 -1.0000 -2.9500 2.7627 0.0134 2.6476 0.5221 0.6417
8.4000 -1.0000 -2.9000 2.6394 0.0149 2.8819 0.4919 0.6050
8.4000 -1.0000 -2.8500 2.5162 0.0164 3.1162 0.4618 0.5682
8.4000 -1.0000 -2.8000 2.3929 0.0179 3.3505 0.4316 0.5315
8.4000 -1.0000 -2.7500 2.2696 0.0194 3.5848 0.4014 0.4948
8.4000 -1.0000 -2.7000 2.1545 0.0212 3.8108 0.3770 0.4671
8.4000 -1.0000 -2.6500 2.0395 0.0230 4.0368 0.3526 0.4394
8.4000 -1.0000 -2.6000 1.9244 0.0247 4.2627 0.3281 0.4116
8.4000 -1.0000 -2.5500 1.8094 0.0265 4.4887 0.3037 0.3839
8.4000 -1.0000 -2.5000 1.6943 0.0283 4.7147 0.2793 0.3562
8.5000 -1.0000 -3.2500 2.8675 0.0032 1.0186 0.6972 0.9053
8.5000 -1.0000 -3.2000 2.8194 0.0039 1.2006 0.6725 0.8633
8.5000 -1.0000 -3.1500 2.7714 0.0046 1.3826 0.6478 0.8214
8.5000 -1.0000 -3.1000 2.7233 0.0053 1.5645 0.6230 0.7794
8.5000 -1.0000 -3.0500 2.6753 0.0060 1.7465 0.5983 0.7375
8.5000 -1.0000 -3.0000 2.6272 0.0067 1.9285 0.5736 0.6955
8.5000 -1.0000 -2.9500 2.5332 0.0077 2.1363 0.5443 0.6587
8.5000 -1.0000 -2.9000 2.4393 0.0086 2.3441 0.5150 0.6220
8.5000 -1.0000 -2.8500 2.3453 0.0096 2.5519 0.4856 0.5852
8.5000 -1.0000 -2.8000 2.2514 0.0105 2.7597 0.4563 0.5485
8.5000 -1.0000 -2.7500 2.1574 0.0115 2.9675 0.4270 0.5117
8.6000 -1.0000 -3.2500 2.3620 0.0014 0.6419 0.6722 0.8599
8.6000 -1.0000 -3.2000 2.3627 0.0018 0.7820 0.6532 0.8231
8.6000 -1.0000 -3.1500 2.3634 0.0021 0.9220 0.6342 0.7862
8.6000 -1.0000 -3.1000 2.3641 0.0025 1.0621 0.6153 0.7494
8.6000 -1.0000 -3.0500 2.3648 0.0028 1.2021 0.5963 0.7125
8.6000 -1.0000 -3.0000 2.3655 0.0032 1.3422 0.5773 0.6757
8.6000 -1.0000 -2.9500 2.3072 0.0037 1.5146 0.5502 0.6409
8.6000 -1.0000 -2.9000 2.2489 0.0043 1.6870 0.5231 0.6062
8.6000 -1.0000 -2.8500 2.1905 0.0048 1.8595 0.4961 0.5714
8.6000 -1.0000 -2.8000 2.1322 0.0054 2.0319 0.4690 0.5367
8.6000 -1.0000 -2.7500 2.0739 0.0059 2.2043 0.4419 0.5019
8.7000 -1.0000 -3.5000 1.1025 0.0000 0.1022 0.5129 0.7892
8.7000 -1.0000 -3.4500 1.2019 0.0000 0.1523 0.5258 0.7805
8.7000 -1.0000 -3.4000 1.3013 0.0000 0.2024 0.5387 0.7718
8.7000 -1.0000 -3.3500 1.4007 0.0000 0.2524 0.5515 0.7630
8.7000 -1.0000 -3.3000 1.5001 0.0000 0.3025 0.5644 0.7543
8.7000 -1.0000 -3.2500 1.5995 0.0000 0.3526 0.5773 0.7456
8.7000 -1.0000 -3.2000 1.6526 0.0003 0.4527 0.5692 0.7209
8.7000 -1.0000 -3.1500 1.7057 0.0005 0.5528 0.5612 0.6962
8.7000 -1.0000 -3.1000 1.7588 0.0008 0.6528 0.5531 0.6714
8.7000 -1.0000 -3.0500 1.8119 0.0010 0.7529 0.5451 0.6467
8.7000 -1.0000 -3.0000 1.8650 0.0013 0.8530 0.5370 0.6220
8.8000 -1.0000 -3.5000 0.5421 0.0000 0.0405 0.3637 0.5851
8.8000 -1.0000 -3.4500 0.6213 0.0000 0.0670 0.3820 0.5892
8.8000 -1.0000 -3.4000 0.7005 0.0000 0.0935 0.4003 0.5933
8.8000 -1.0000 -3.3500 0.7796 0.0000 0.1199 0.4186 0.5975
8.8000 -1.0000 -3.3000 0.8588 0.0000 0.1464 0.4369 0.6016
8.8000 -1.0000 -3.2500 0.9380 0.0000 0.1729 0.4552 0.6057
8.8000 -1.0000 -3.2000 1.0149 0.0000 0.2386 0.4581 0.5946
8.8000 -1.0000 -3.1500 1.0918 0.0000 0.3042 0.4609 0.5836
8.8000 -1.0000 -3.1000 1.1688 0.0000 0.3699 0.4638 0.5725
8.8000 -1.0000 -3.0500 1.2457 0.0000 0.4355 0.4666 0.5615
8.8000 -1.0000 -3.0000 1.3226 0.0000 0.5012 0.4695 0.5504
8.9000 -1.0000 -3.7500 0.0777 0.0000 0.0042 0.1128 0.1849
8.9000 -1.0000 -3.7000 0.0932 0.0000 0.0051 0.1259 0.2102
8.9000 -1.0000 -3.6500 0.1087 0.0000 0.0059 0.1391 0.2356
8.9000 -1.0000 -3.6000 0.1243 0.0000 0.0068 0.1522 0.2609
8.9000 -1.0000 -3.5500 0.1398 0.0000 0.0076 0.1654 0.2863
8.9000 -1.0000 -3.5000 0.1553 0.0000 0.0085 0.1785 0.3116
8.9000 -1.0000 -3.4500 0.1861 0.0000 0.0161 0.1936 0.3220
8.9000 -1.0000 -3.4000 0.2169 0.0000 0.0236 0.2087 0.3323
8.9000 -1.0000 -3.3500 0.2476 0.0000 0.0312 0.2239 0.3427
8.9000 -1.0000 -3.3000 0.2784 0.0000 0.0387 0.2390 0.3530
8.9000 -1.0000 -3.2500 0.3092 0.0000 0.0463 0.2541 0.3634
8.6000 -0.8750 -3.2500 2.2494 0.0013 0.6141 0.8717 0.8395
8.6000 -0.8750 -3.2000 2.2535 0.0016 0.7503 0.8478 0.8040
8.6000 -0.8750 -3.1500 2.2576 0.0020 0.8865 0.8239 0.7685
8.6000 -0.8750 -3.1000 2.2616 0.0023 1.0226 0.8000 0.7330
8.6000 -0.8750 -3.0500 2.2657 0.0027 1.1588 0.7761 0.6975
8.6000 -0.8750 -3.0000 2.2698 0.0030 1.2950 0.7522 0.6620
8.6000 -0.8750 -2.9500 2.2167 0.0035 1.4641 0.7174 0.6283
8.6000 -0.8750 -2.9000 2.1636 0.0040 1.6332 0.6826 0.5945
8.6000 -0.8750 -2.8500 2.1105 0.0046 1.8023 0.6478 0.5608
8.6000 -0.8750 -2.8000 2.0574 0.0051 1.9714 0.6130 0.5270
8.6000 -0.8750 -2.7500 2.0043 0.0056 2.1405 0.5782 0.4933
8.7000 -0.8750 -3.5000 1.0351 0.0000 0.0963 0.6590 0.7644
8.7000 -0.8750 -3.4500 1.1290 0.0000 0.1438 0.6759 0.7562
8.7000 -0.8750 -3.4000 1.2229 0.0000 0.1912 0.6927 0.7479
8.7000 -0.8750 -3.3500 1.3169 0.0000 0.2387 0.7096 0.7397
8.7000 -0.8750 -3.3000 1.4108 0.0000 0.2861 0.7264 0.7314
8.7000 -0.8750 -3.2500 1.5047 0.0000 0.3336 0.7433 0.7232
8.7000 -0.8750 -3.2000 1.5575 0.0002 0.4297 0.7337 0.6997
8.7000 -0.8750 -3.1500 1.6103 0.0005 0.5258 0.7240 0.6762
8.7000 -0.8750 -3.1000 1.6631 0.0007 0.6220 0.7144 0.6527
8.7000 -0.8750 -3.0500 1.7159 0.0010 0.7181 0.7047 0.6292
8.7000 -0.8750 -3.0000 1.7687 0.0012 0.8142 0.6951 0.6057
8.8000 -0.8750 -3.5000 0.5092 0.0000 0.0381 0.4671 0.5661
8.8000 -0.8750 -3.4500 0.5820 0.0000 0.0628 0.4902 0.5697
8.8000 -0.8750 -3.4000 0.6549 0.0000 0.0875 0.5132 0.5733
8.8000 -0.8750 -3.3500 0.7277 0.0000 0.1122 0.5363 0.5770
8.8000 -0.8750 -3.3000 0.8006 0.0000 0.1369 0.5593 0.5806
8.8000 -0.8750 -3.2500 0.8734 0.0000 0.1616 0.5824 0.5842
8.8000 -0.8750 -3.2000 0.9458 0.0000 0.2236 0.5864 0.5737
8.8000 -0.8750 -3.1500 1.0182 0.0000 0.2856 0.5905 0.5633
8.8000 -0.8750 -3.1000 1.0907 0.0000 0.3475 0.5945 0.5528
8.8000 -0.8750 -3.0500 1.1631 0.0000 0.4095 0.5986 0.5424
8.8000 -0.8750 -3.0000 1.2355 0.0000 0.4715 0.6026 0.5319
8.9000 -0.8750 -3.7500 0.0792 0.0000 0.0043 0.1521 0.1866
8.9000 -0.8750 -3.7000 0.0929 0.0000 0.0051 0.1678 0.2098
8.9000 -0.8750 -3.6500 0.1067 0.0000 0.0058 0.1834 0.2330
8.9000 -0.8750 -3.6000 0.1204 0.0000 0.0066 0.1991 0.2561
8.9000 -0.8750 -3.5500 0.1342 0.0000 0.0073 0.2147 0.2793
8.9000 -0.8750 -3.5000 0.1479 0.0000 0.0081 0.2304 0.3025
8.9000 -0.8750 -3.4500 0.1759 0.0000 0.0151 0.2493 0.3119
8.9000 -0.8750 -3.4000 0.2040 0.0000 0.0220 0.2681 0.3214
8.9000 -0.8750 -3.3500 0.2320 0.0000 0.0290 0.2870 0.3308
8.9000 -0.8750 -3.3000 0.2601 0.0000 0.0359 0.3058 0.3403
8.9000 -0.8750 -3.2500 0.2881 0.0000 0.0429 0.3247 0.3497
8.6000 -0.8000 -3.2500 1.4849 0.0012 0.5698 2.0794 0.6254
8.6000 -0.8000 -3.2000 1.4979 0.0014 0.6480 2.0947 0.6015
8.6000 -0.8000 -3.1500 1.5109 0.0016 0.7261 2.1100 0.5776
8.6000 -0.8000 -3.1000 1.4900 0.0018 0.8334 2.0743 0.5521
8.6000 -0.8000 -3.0500 1.4692 0.0021 0.9407 2.0387 0.5265
8.6000 -0.8000 -3.0000 1.4483 0.0023 1.0480 2.0030 0.5010
8.6000 -0.8000 -2.9500 1.4275 0.0026 1.1553 1.9674 0.4754
8.6000 -0.8000 -2.9000 1.4066 0.0028 1.2626 1.9317 0.4499
8.6000 -0.8000 -2.8500 1.3687 0.0032 1.3896 1.8649 0.4277
8.6000 -0.8000 -2.8000 1.3308 0.0037 1.5167 1.7981 0.4056
8.6000 -0.8000 -2.7500 1.2928 0.0041 1.6437 1.7313 0.3834
8.7000 -0.8000 -3.5000 0.8386 0.0000 0.1318 1.4220 0.5851
8.7000 -0.8000 -3.4500 0.8959 0.0000 0.1577 1.4636 0.5797
8.7000 -0.8000 -3.4000 0.9531 0.0000 0.1837 1.5052 0.5743
8.7000 -0.8000 -3.3500 0.9866 0.0001 0.2366 1.5303 0.5588
8.7000 -0.8000 -3.3000 1.0200 0.0003 0.2895 1.5554 0.5432
8.7000 -0.8000 -3.2500 1.0535 0.0004 0.3424 1.5806 0.5277
8.7000 -0.8000 -3.2000 1.0869 0.0006 0.3953 1.6057 0.5121
8.7000 -0.8000 -3.1500 1.1204 0.0007 0.4482 1.6308 0.4966
8.7000 -0.8000 -3.1000 1.1202 0.0008 0.5236 1.6177 0.4764
8.7000 -0.8000 -3.0500 1.1200 0.0009 0.5990 1.6046 0.4562
8.7000 -0.8000 -3.0000 1.1199 0.0011 0.6745 1.5914 0.4359
8.8000 -0.8000 -3.5000 0.4663 0.0000 0.0632 0.9889 0.4437
8.8000 -0.8000 -3.4500 0.5121 0.0000 0.0772 1.0237 0.4463
8.8000 -0.8000 -3.4000 0.5579 0.0000 0.0911 1.0584 0.4490
8.8000 -0.8000 -3.3500 0.6013 0.0000 0.1253 1.0842 0.4419
8.8000 -0.8000 -3.3000 0.6447 0.0000 0.1594 1.1100 0.4348
8.8000 -0.8000 -3.2500 0.6882 0.0000 0.1936 1.1357 0.4278
8.8000 -0.8000 -3.2000 0.7316 0.0000 0.2277 1.1615 0.4207
8.8000 -0.8000 -3.1500 0.7750 0.0000 0.2619 1.1873 0.4136
8.8000 -0.8000 -3.1000 0.7909 0.0001 0.3133 1.1859 0.3987
8.8000 -0.8000 -3.0500 0.8069 0.0002 0.3647 1.1845 0.3839
8.8000 -0.8000 -3.0000 0.8228 0.0004 0.4160 1.1832 0.3690
8.9000 -0.8000 -3.7500 0.0727 0.0000 0.0037 0.2845 0.1614
8.9000 -0.8000 -3.7000 0.0813 0.0000 0.0043 0.2954 0.1734
8.9000 -0.8000 -3.6500 0.0899 0.0000 0.0049 0.3063 0.1854
8.9000 -0.8000 -3.6000 0.1084 0.0000 0.0094 0.3376 0.1934
8.9000 -0.8000 -3.5500 0.1270 0.0000 0.0139 0.3689 0.2014
8.9000 -0.8000 -3.5000 0.1455 0.0000 0.0183 0.4001 0.2095
8.9000 -0.8000 -3.4500 0.1641 0.0000 0.0228 0.4314 0.2175
8.9000 -0.8000 -3.4000 0.1826 0.0000 0.0273 0.4627 0.2255
8.9000 -0.8000 -3.3500 0.2121 0.0000 0.0431 0.4662 0.2265
8.9000 -0.8000 -3.3000 0.2417 0.0000 0.0590 0.4697 0.2275
8.9000 -0.8000 -3.2500 0.2712 0.0000 0.0748 0.4732 0.2285
8.6000 -0.7500 -3.2500 2.1091 0.0011 0.5791 1.1202 0.8134
8.6000 -0.7500 -3.2000 2.1170 0.0014 0.7100 1.0907 0.7796
8.6000 -0.7500 -3.1500 2.1248 0.0018 0.8410 1.0611 0.7457
8.6000 -0.7500 -3.1000 2.1327 0.0021 0.9719 1.0316 0.7119
8.6000 -0.7500 -3.0500 2.1405 0.0025 1.1029 1.0020 0.6780
8.6000 -0.7500 -3.0000 2.1484 0.0028 1.2338 0.9725 0.6442
8.6000 -0.7500 -2.9500 2.1017 0.0033 1.3986 0.9284 0.6118
8.6000 -0.7500 -2.9000 2.0549 0.0038 1.5633 0.8842 0.5793
8.6000 -0.7500 -2.8500 2.0082 0.0042 1.7281 0.8401 0.5469
8.6000 -0.7500 -2.8000 1.9614 0.0047 1.8928 0.7959 0.5144
8.6000 -0.7500 -2.7500 1.9147 0.0052 2.0576 0.7518 0.4820
8.7000 -0.7500 -3.5000 0.9558 0.0000 0.0892 0.8385 0.7341
8.7000 -0.7500 -3.4500 1.0426 0.0000 0.1334 0.8602 0.7263
8.7000 -0.7500 -3.4000 1.1293 0.0000 0.1776 0.8818 0.7185
8.7000 -0.7500 -3.3500 1.2161 0.0000 0.2218 0.9035 0.7106
8.7000 -0.7500 -3.3000 1.3028 0.0000 0.2660 0.9251 0.7028
8.7000 -0.7500 -3.2500 1.3896 0.0000 0.3102 0.9468 0.6950
8.7000 -0.7500 -3.2000 1.4412 0.0002 0.4011 0.9356 0.6729
8.7000 -0.7500 -3.1500 1.4928 0.0004 0.4919 0.9243 0.6508
8.7000 -0.7500 -3.1000 1.5444 0.0007 0.5828 0.9131 0.6288
8.7000 -0.7500 -3.0500 1.5960 0.0009 0.6736 0.9018 0.6067
8.7000 -0.7500 -3.0000 1.6476 0.0011 0.7645 0.8906 0.5846
8.8000 -0.7500 -3.5000 0.4706 0.0000 0.0353 0.5941 0.5430
8.8000 -0.7500 -3.4500 0.5358 0.0000 0.0579 0.6225 0.5459
8.8000 -0.7500 -3.4000 0.6010 0.0000 0.0804 0.6510 0.5488
8.8000 -0.7500 -3.3500 0.6663 0.0000 0.1030 0.6794 0.5517
8.8000 -0.7500 -3.3000 0.7315 0.0000 0.1255 0.7079 0.5546
8.8000 -0.7500 -3.2500 0.7967 0.0000 0.1481 0.7363 0.5575
8.8000 -0.7500 -3.2000 0.8632 0.0000 0.2054 0.7418 0.5477
8.8000 -0.7500 -3.1500 0.9297 0.0000 0.2627 0.7474 0.5379
8.8000 -0.7500 -3.1000 0.9963 0.0000 0.3200 0.7529 0.5280
8.8000 -0.7500 -3.0500 1.0628 0.0000 0.3773 0.7585 0.5182
8.8000 -0.7500 -3.0000 1.1293 0.0000 0.4346 0.7640 0.5084
8.9000 -0.7500 -3.7500 0.0746 0.0000 0.0041 0.1945 0.1793
8.9000 -0.7500 -3.7000 0.0785 0.0000 0.0058 0.1979 0.1766
8.9000 -0.7500 -3.6500 0.0824 0.0000 0.0075 0.2013 0.1738
8.9000 -0.7500 -3.6000 0.0864 0.0000 0.0093 0.2047 0.1711
8.9000 -0.7500 -3.5500 0.0903 0.0000 0.0110 0.2081 0.1683
8.9000 -0.7500 -3.5000 0.0942 0.0000 0.0127 0.2115 0.1656
8.9000 -0.7500 -3.4500 0.1280 0.0000 0.0179 0.2512 0.1991
8.9000 -0.7500 -3.4000 0.1618 0.0000 0.0232 0.2908 0.2326
8.9000 -0.7500 -3.3500 0.1955 0.0000 0.0284 0.3305 0.2660
8.9000 -0.7500 -3.3000 0.2293 0.0000 0.0337 0.3701 0.2995
8.9000 -0.7500 -3.2500 0.2631 0.0000 0.0389 0.4098 0.3330
9.0000 -0.7500 -3.7500 0.0174 0.0000 0.0000 0.0516 0.0527
9.0000 -0.7500 -3.7000 0.0194 0.0000 0.0004 0.0574 0.0557
9.0000 -0.7500 -3.6500 0.0214 0.0000 0.0009 0.0631 0.0588
9.0000 -0.7500 -3.6000 0.0235 0.0000 0.0013 0.0689 0.0618
9.0000 -0.7500 -3.5500 0.0255 0.0000 0.0018 0.0746 0.0649
9.0000 -0.7500 -3.5000 0.0275 0.0000 0.0022 0.0804 0.0679
9.0000 -0.7500 -3.4500 0.0372 0.0000 0.0049 0.0988 0.0788
9.0000 -0.7500 -3.4000 0.0469 0.0000 0.0076 0.1172 0.0896
9.0000 -0.7500 -3.3500 0.0565 0.0000 0.0104 0.1357 0.1005
9.0000 -0.7500 -3.3000 0.0662 0.0000 0.0131 0.1541 0.1113
9.0000 -0.7500 -3.2500 0.0759 0.0000 0.0158 0.1725 0.1222
9.1000 -0.7500 -3.7500 0.0109 0.0000 0.0000 0.0093 0.0106
9.1000 -0.7500 -3.7000 0.0110 0.0000 0.0000 0.0106 0.0115
9.1000 -0.7500 -3.6500 0.0111 0.0000 0.0000 0.0119 0.0124
9.1000 -0.7500 -3.6000 0.0113 0.0000 0.0000 0.0131 0.0134
9.1000 -0.7500 -3.5500 0.0114 0.0000 0.0000 0.0144 0.0143
9.1000 -0.7500 -3.5000 0.0115 0.0000 0.0000 0.0157 0.0152
9.1000 -0.7500 -3.4500 0.0121 0.0000 0.0000 0.0192 0.0175
9.1000 -0.7500 -3.4000 0.0127 0.0000 0.0000 0.0228 0.0198
9.1000 -0.7500 -3.3500 0.0132 0.0000 0.0000 0.0263 0.0220
9.1000 -0.7500 -3.3000 0.0138 0.0000 0.0000 0.0299 0.0243
9.1000 -0.7500 -3.2500 0.0144 0.0000 0.0000 0.0334 0.0266
8.8000 -0.6250 -3.5000 0.4253 0.0000 0.0320 0.7453 0.5143
8.8000 -0.6250 -3.4500 0.4819 0.0000 0.0521 0.7796 0.5165
8.8000 -0.6250 -3.4000 0.5386 0.0000 0.0721 0.8140 0.5187
8.8000 -0.6250 -3.3500 0.5952 0.0000 0.0922 0.8483 0.5208
8.8000 -0.6250 -3.3000 0.6519 0.0000 0.1122 0.8827 0.5230
8.8000 -0.6250 -3.2500 0.7085 0.0000 0.1323 0.9170 0.5252
8.8000 -0.6250 -3.2000 0.7677 0.0000 0.1839 0.9243 0.5160
8.8000 -0.6250 -3.1500 0.8269 0.0000 0.2355 0.9316 0.5068
8.8000 -0.6250 -3.1000 0.8860 0.0000 0.2871 0.9389 0.4975
8.8000 -0.6250 -3.0500 0.9452 0.0000 0.3387 0.9462 0.4883
8.8000 -0.6250 -3.0000 1.0044 0.0000 0.3903 0.9535 0.4791
8.9000 -0.6250 -3.7500 0.0692 0.0000 0.0038 0.2456 0.1704
8.9000 -0.6250 -3.7000 0.0743 0.0000 0.0056 0.2529 0.1693
8.9000 -0.6250 -3.6500 0.0793 0.0000 0.0075 0.2602 0.1682
8.9000 -0.6250 -3.6000 0.0844 0.0000 0.0093 0.2675 0.1670
8.9000 -0.6250 -3.5500 0.0894 0.0000 0.0112 0.2748 0.1659
8.9000 -0.6250 -3.5000 0.0945 0.0000 0.0130 0.2821 0.1648
8.9000 -0.6250 -3.4500 0.1225 0.0000 0.0173 0.3275 0.1944
8.9000 -0.6250 -3.4000 0.1506 0.0000 0.0216 0.3730 0.2240
8.9000 -0.6250 -3.3500 0.1786 0.0000 0.0258 0.4184 0.2536
8.9000 -0.6250 -3.3000 0.2067 0.0000 0.0301 0.4639 0.2832
8.9000 -0.6250 -3.2500 0.2347 0.0000 0.0344 0.5093 0.3128
9.0000 -0.6250 -3.7500 0.0168 0.0000 0.0000 0.0654 0.0502
9.0000 -0.6250 -3.7000 0.0186 0.0000 0.0004 0.0724 0.0529
9.0000 -0.6250 -3.6500 0.0203 0.0000 0.0008 0.0793 0.0556
9.0000 -0.6250 -3.6000 0.0221 0.0000 0.0012 0.0863 0.0583
9.0000 -0.6250 -3.5500 0.0238 0.0000 0.0016 0.0932 0.0610
9.0000 -0.6250 -3.5000 0.0256 0.0000 0.0020 0.1002 0.0637
9.0000 -0.6250 -3.4500 0.0346 0.0000 0.0046 0.1236 0.0741
9.0000 -0.6250 -3.4000 0.0436 0.0000 0.0071 0.1471 0.0845
9.0000 -0.6250 -3.3500 0.0527 0.0000 0.0097 0.1705 0.0948
9.0000 -0.6250 -3.3000 0.0617 0.0000 0.0122 0.1940 0.1052
9.0000 -0.6250 -3.2500 0.0707 0.0000 0.0148 0.2174 0.1156
9.1000 -0.6250 -3.7500 0.0109 0.0000 0.0000 0.0116 0.0100
9.1000 -0.6250 -3.7000 0.0110 0.0000 0.0000 0.0132 0.0108
9.1000 -0.6250 -3.6500 0.0111 0.0000 0.0000 0.0147 0.0117
9.1000 -0.6250 -3.6000 0.0111 0.0000 0.0000 0.0163 0.0125
9.1000 -0.6250 -3.5500 0.0112 0.0000 0.0000 0.0178 0.0134
9.1000 -0.6250 -3.5000 0.0113 0.0000 0.0000 0.0194 0.0142
9.1000 -0.6250 -3.4500 0.0118 0.0000 0.0000 0.0235 0.0162
9.1000 -0.6250 -3.4000 0.0123 0.0000 0.0000 0.0276 0.0181
9.1000 -0.6250 -3.3500 0.0128 0.0000 0.0000 0.0318 0.0201
9.1000 -0.6250 -3.3000 0.0133 0.0000 0.0000 0.0359 0.0220
9.1000 -0.6250 -3.2500 0.0138 0.0000 0.0000 0.0400 0.0240
8.8000 -0.5000 -3.5000 0.3750 0.0000 0.0282 0.9208 0.4807
8.8000 -0.5000 -3.4500 0.4222 0.0000 0.0455 0.9609 0.4819
8.8000 -0.5000 -3.4000 0.4694 0.0000 0.0628 1.0010 0.4831
8.8000 -0.5000 -3.3500 0.5165 0.0000 0.0801 1.0411 0.4843
8.8000 -0.5000 -3.3000 0.5637 0.0000 0.0974 1.0812 0.4855
8.8000 -0.5000 -3.2500 0.6109 0.0000 0.1147 1.1213 0.4867
8.8000 -0.5000 -3.2000 0.6611 0.0000 0.1593 1.1303 0.4781
8.8000 -0.5000 -3.1500 0.7113 0.0000 0.2040 1.1393 0.4694
8.8000 -0.5000 -3.1000 0.7616 0.0000 0.2486 1.1482 0.4608
8.8000 -0.5000 -3.0500 0.8118 0.0000 0.2933 1.1572 0.4521
8.8000 -0.5000 -3.0000 0.8620 0.0000 0.3379 1.1662 0.4435
8.9000 -0.5000 -3.7500 0.0629 0.0000 0.0034 0.3058 0.1599
8.9000 -0.5000 -3.7000 0.0685 0.0000 0.0053 0.3181 0.1601
8.9000 -0.5000 -3.6500 0.0740 0.0000 0.0071 0.3304 0.1603
8.9000 -0.5000 -3.6000 0.0796 0.0000 0.0090 0.3426 0.1604
8.9000 -0.5000 -3.5500 0.0851 0.0000 0.0108 0.3549 0.1606
8.9000 -0.5000 -3.5000 0.0907 0.0000 0.0127 0.3672 0.1608
8.9000 -0.5000 -3.4500 0.1132 0.0000 0.0160 0.4179 0.1864
8.9000 -0.5000 -3.4000 0.1358 0.0000 0.0193 0.4687 0.2120
8.9000 -0.5000 -3.3500 0.1583 0.0000 0.0227 0.5194 0.2375
8.9000 -0.5000 -3.3000 0.1809 0.0000 0.0260 0.5702 0.2631
8.9000 -0.5000 -3.2500 0.2034 0.0000 0.0293 0.6209 0.2887
9.0000 -0.5000 -3.7500 0.0160 0.0000 0.0000 0.0813 0.0469
9.0000 -0.5000 -3.7000 0.0175 0.0000 0.0004 0.0895 0.0493
9.0000 -0.5000 -3.6500 0.0190 0.0000 0.0007 0.0978 0.0516
9.0000 -0.5000 -3.6000 0.0204 0.0000 0.0011 0.1060 0.0540
9.0000 -0.5000 -3.5500 0.0219 0.0000 0.0014 0.1143 0.0563
9.0000 -0.5000 -3.5000 0.0234 0.0000 0.0018 0.1225 0.0587
9.0000 -0.5000 -3.4500 0.0306 0.0000 0.0039 0.1489 0.0674
9.0000 -0.5000 -3.4000 0.0378 0.0000 0.0060 0.1754 0.0762
9.0000 -0.5000 -3.3500 0.0450 0.0000 0.0081 0.2018 0.0849
9.0000 -0.5000 -3.3000 0.0522 0.0000 0.0102 0.2283 0.0937
9.0000 -0.5000 -3.2500 0.0594 0.0000 0.0123 0.2547 0.1024
9.1000 -0.5000 -3.7500 0.0109 0.0000 0.0000 0.0142 0.0092
9.1000 -0.5000 -3.7000 0.0110 0.0000 0.0000 0.0160 0.0099
9.1000 -0.5000 -3.6500 0.0110 0.0000 0.0000 0.0179 0.0107
9.1000 -0.5000 -3.6000 0.0111 0.0000 0.0000 0.0197 0.0114
9.1000 -0.5000 -3.5500 0.0111 0.0000 0.0000 0.0216 0.0122
9.1000 -0.5000 -3.5000 0.0112 0.0000 0.0000 0.0234 0.0129
9.1000 -0.5000 -3.4500 0.0116 0.0000 0.0000 0.0280 0.0145
9.1000 -0.5000 -3.4000 0.0119 0.0000 0.0000 0.0326 0.0161
9.1000 -0.5000 -3.3500 0.0123 0.0000 0.0000 0.0371 0.0178
9.1000 -0.5000 -3.3000 0.0126 0.0000 0.0000 0.0417 0.0194
9.1000 -0.5000 -3.2500 0.0130 0.0000 0.0000 0.0463 0.0210
9.0000 -0.4000 -3.7500 0.0161 0.0000 0.0005 0.1148 0.0374
9.0000 -0.4000 -3.7000 0.0169 0.0000 0.0006 0.1204 0.0388
9.0000 -0.4000 -3.6500 0.0201 0.0000 0.0014 0.1282 0.0421
9.0000 -0.4000 -3.6000 0.0232 0.0000 0.0021 0.1360 0.0454
9.0000 -0.4000 -3.5500 0.0264 0.0000 0.0029 0.1439 0.0486
9.0000 -0.4000 -3.5000 0.0295 0.0000 0.0036 0.1517 0.0519
9.0000 -0.4000 -3.4500 0.0327 0.0000 0.0044 0.1595 0.0552
9.0000 -0.4000 -3.4000 0.0355 0.0000 0.0056 0.1662 0.0576
9.0000 -0.4000 -3.3500 0.0383 0.0000 0.0067 0.1729 0.0600
9.0000 -0.4000 -3.3000 0.0412 0.0000 0.0079 0.1797 0.0623
9.0000 -0.4000 -3.2500 0.0440 0.0000 0.0090 0.1864 0.0647
9.1000 -0.4000 -3.7500 0.0109 0.0000 0.0000 0.0160 0.0068
9.1000 -0.4000 -3.7000 0.0109 0.0000 0.0000 0.0172 0.0072
9.1000 -0.4000 -3.6500 0.0111 0.0000 0.0001 0.0189 0.0081
9.1000 -0.4000 -3.6000 0.0113 0.0000 0.0001 0.0205 0.0090
9.1000 -0.4000 -3.5500 0.0115 0.0000 0.0002 0.0222 0.0098
9.1000 -0.4000 -3.5000 0.0117 0.0000 0.0002 0.0238 0.0107
9.1000 -0.4000 -3.4500 0.0119 0.0000 0.0003 0.0255 0.0116
9.1000 -0.4000 -3.4000 0.0138 0.0000 0.0010 0.0277 0.0139
9.1000 -0.4000 -3.3500 0.0158 0.0000 0.0017 0.0299 0.0161
9.1000 -0.4000 -3.3000 0.0177 0.0000 0.0024 0.0320 0.0184
9.1000 -0.4000 -3.2500 0.0197 0.0000 0.0031 0.0342 0.0206
9.0000 -0.3750 -3.7500 0.0152 0.0000 0.0000 0.0993 0.0432
9.0000 -0.3750 -3.7000 0.0164 0.0000 0.0003 0.1086 0.0451
9.0000 -0.3750 -3.6500 0.0175 0.0000 0.0006 0.1179 0.0470
9.0000 -0.3750 -3.6000 0.0187 0.0000 0.0009 0.1273 0.0489
9.0000 -0.3750 -3.5500 0.0198 0.0000 0.0012 0.1366 0.0508
9.0000 -0.3750 -3.5000 0.0210 0.0000 0.0015 0.1459 0.0527
9.0000 -0.3750 -3.4500 0.0249 0.0000 0.0029 0.1625 0.0559
9.0000 -0.3750 -3.4000 0.0288 0.0000 0.0043 0.1791 0.0591
9.0000 -0.3750 -3.3500 0.0327 0.0000 0.0057 0.1956 0.0624
9.0000 -0.3750 -3.3000 0.0366 0.0000 0.0071 0.2122 0.0656
9.0000 -0.3750 -3.2500 0.0405 0.0000 0.0085 0.2288 0.0688
9.1000 -0.3750 -3.7500 0.0108 0.0000 0.0000 0.0169 0.0083
9.1000 -0.3750 -3.7000 0.0109 0.0000 0.0000 0.0190 0.0089
9.1000 -0.3750 -3.6500 0.0109 0.0000 0.0000 0.0211 0.0095
9.1000 -0.3750 -3.6000 0.0110 0.0000 0.0000 0.0232 0.0101
9.1000 -0.3750 -3.5500 0.0110 0.0000 0.0000 0.0253 0.0107
9.1000 -0.3750 -3.5000 0.0111 0.0000 0.0000 0.0274 0.0113
9.1000 -0.3750 -3.4500 0.0113 0.0000 0.0000 0.0322 0.0125
9.1000 -0.3750 -3.4000 0.0116 0.0000 0.0000 0.0369 0.0138
9.1000 -0.3750 -3.3500 0.0118 0.0000 0.0000 0.0417 0.0150
9.1000 -0.3750 -3.3000 0.0121 0.0000 0.0000 0.0464 0.0163
9.1000 -0.3750 -3.2500 0.0123 0.0000 0.0000 0.0512 0.0175
9.0000 -0.2500 -3.7500 0.0143 0.0000 0.0000 0.1181 0.0387
9.0000 -0.2500 -3.7000 0.0152 0.0000 0.0002 0.1281 0.0402
9.0000 -0.2500 -3.6500 0.0160 0.0000 0.0005 0.1382 0.0416
9.0000 -0.2500 -3.6000 0.0169 0.0000 0.0007 0.1482 0.0431
9.0000 -0.2500 -3.5500 0.0177 0.0000 0.0010 0.1583 0.0445
9.0000 -0.2500 -3.5000 0.0186 0.0000 0.0012 0.1683 0.0460
9.0000 -0.2500 -3.4500 0.0211 0.0000 0.0022 0.1841 0.0481
9.0000 -0.2500 -3.4000 0.0236 0.0000 0.0032 0.1999 0.0502
9.0000 -0.2500 -3.3500 0.0262 0.0000 0.0043 0.2156 0.0522
9.0000 -0.2500 -3.3000 0.0287 0.0000 0.0053 0.2314 0.0543
9.0000 -0.2500 -3.2500 0.0312 0.0000 0.0063 0.2472 0.0564
9.1000 -0.2500 -3.7500 0.0107 0.0000 0.0000 0.0194 0.0071
9.1000 -0.2500 -3.7000 0.0107 0.0000 0.0000 0.0216 0.0076
9.1000 -0.2500 -3.6500 0.0108 0.0000 0.0000 0.0239 0.0081
9.1000 -0.2500 -3.6000 0.0108 0.0000 0.0000 0.0261 0.0086
9.1000 -0.2500 -3.5500 0.0109 0.0000 0.0000 0.0284 0.0091
9.1000 -0.2500 -3.5000 0.0109 0.0000 0.0000 0.0306 0.0096
9.1000 -0.2500 -3.4500 0.0111 0.0000 0.0000 0.0352 0.0105
9.1000 -0.2500 -3.4000 0.0112 0.0000 0.0000 0.0398 0.0113
9.1000 -0.2500 -3.3500 0.0114 0.0000 0.0000 0.0443 0.0122
9.1000 -0.2500 -3.3000 0.0115 0.0000 0.0000 0.0489 0.0130
9.1000 -0.2500 -3.2500 0.0117 0.0000 0.0000 0.0535 0.0139
