#Cloudy 17.00 models results grids
# O/H: 7.1 - 8.9, log U: -4.0 - -1.5, T*: 30 - 60 kK
# SED: black body 
#plane-paralell geometry
#
12+log(O/H) Teff log(Usp) OII_3727 OIII_5007 SII_6717,31 SIII_9069 He1_4471 He1_5876 HeI_6678 HeII_4686 ArIV_4740 ArIII_7135
7.1000 30000.0000 -1.5000 0.7353 0.8909 0.0165 0.0461 0.0209 0.0538 0.0149 0.0000 0.0000 0.0176
7.1000 30000.0000 -1.7500 0.9224 0.6566 0.0241 0.0437 0.0203 0.0522 0.0145 0.0000 0.0000 0.0163
7.1000 30000.0000 -2.0000 1.0782 0.4262 0.0350 0.0401 0.0190 0.0488 0.0136 0.0000 0.0000 0.0144
7.1000 30000.0000 -2.2500 1.1523 0.2384 0.0501 0.0355 0.0175 0.0450 0.0126 0.0000 0.0000 0.0122
7.1000 30000.0000 -2.5000 1.1247 0.1146 0.0691 0.0298 0.0163 0.0417 0.0117 0.0000 0.0000 0.0101
7.1000 30000.0000 -2.7500 1.0223 0.0480 0.0908 0.0237 0.0153 0.0392 0.0110 0.0000 0.0000 0.0083
7.1000 30000.0000 -3.0000 0.8886 0.0180 0.1123 0.0176 0.0146 0.0375 0.0105 0.0000 0.0000 0.0069
7.1000 30000.0000 -3.2500 0.7547 0.0062 0.1305 0.0122 0.0141 0.0360 0.0101 0.0000 0.0000 0.0056
7.1000 30000.0000 -3.5000 0.6334 0.0021 0.1426 0.0079 0.0134 0.0342 0.0097 0.0000 0.0000 0.0046
7.1000 30000.0000 -3.7500 0.5295 0.0000 0.1493 0.0049 0.0123 0.0315 0.0089 0.0000 0.0000 0.0036
7.1000 30000.0000 -4.0000 0.4414 0.0000 0.1521 0.0030 0.0109 0.0278 0.0079 0.0000 0.0000 0.0027
7.1000 32500.0000 -1.5000 0.5304 1.1635 0.0139 0.0483 0.0211 0.0545 0.0151 0.0000 0.0000 0.0186
7.1000 32500.0000 -1.7500 0.6976 0.9285 0.0195 0.0460 0.0211 0.0542 0.0151 0.0000 0.0000 0.0177
7.1000 32500.0000 -2.0000 0.8735 0.6701 0.0279 0.0427 0.0209 0.0536 0.0149 0.0000 0.0000 0.0164
7.1000 32500.0000 -2.2500 1.0115 0.4216 0.0403 0.0383 0.0202 0.0519 0.0145 0.0000 0.0000 0.0147
7.1000 32500.0000 -2.5000 1.0640 0.2248 0.0568 0.0329 0.0194 0.0497 0.0139 0.0000 0.0000 0.0126
7.1000 32500.0000 -2.7500 1.0208 0.1013 0.0768 0.0268 0.0186 0.0477 0.0134 0.0000 0.0000 0.0107
7.1000 32500.0000 -3.0000 0.9146 0.0393 0.0984 0.0206 0.0179 0.0458 0.0129 0.0000 0.0000 0.0089
7.1000 32500.0000 -3.2500 0.7875 0.0136 0.1191 0.0147 0.0171 0.0438 0.0123 0.0000 0.0000 0.0073
7.1000 32500.0000 -3.5000 0.6632 0.0044 0.1352 0.0099 0.0161 0.0413 0.0116 0.0000 0.0000 0.0058
7.1000 32500.0000 -3.7500 0.5539 0.0014 0.1458 0.0063 0.0148 0.0380 0.0107 0.0000 0.0000 0.0046
7.1000 32500.0000 -4.0000 0.4607 0.0000 0.1518 0.0038 0.0132 0.0339 0.0096 0.0000 0.0000 0.0035
7.1000 35000.0000 -1.5000 0.3876 1.3725 0.0124 0.0495 0.0212 0.0547 0.0152 0.0000 0.0000 0.0192
7.1000 35000.0000 -1.7500 0.5229 1.1466 0.0170 0.0475 0.0212 0.0546 0.0152 0.0000 0.0000 0.0184
7.1000 35000.0000 -2.0000 0.6856 0.8848 0.0239 0.0445 0.0212 0.0544 0.0151 0.0000 0.0000 0.0173
7.1000 35000.0000 -2.2500 0.8475 0.6075 0.0339 0.0403 0.0210 0.0540 0.0150 0.0000 0.0000 0.0158
7.1000 35000.0000 -2.5000 0.9607 0.3569 0.0480 0.0352 0.0208 0.0532 0.0149 0.0000 0.0000 0.0140
7.1000 35000.0000 -2.7500 0.9839 0.1747 0.0661 0.0293 0.0203 0.0521 0.0146 0.0000 0.0000 0.0122
7.1000 35000.0000 -3.0000 0.9207 0.0713 0.0873 0.0230 0.0198 0.0506 0.0142 0.0000 0.0000 0.0103
7.1000 35000.0000 -3.2500 0.8092 0.0251 0.1093 0.0169 0.0190 0.0487 0.0137 0.0000 0.0000 0.0085
7.1000 35000.0000 -3.5000 0.6874 0.0081 0.1283 0.0116 0.0181 0.0462 0.0130 0.0000 0.0000 0.0069
7.1000 35000.0000 -3.7500 0.5746 0.0025 0.1423 0.0075 0.0168 0.0430 0.0121 0.0000 0.0000 0.0055
7.1000 35000.0000 -4.0000 0.4775 0.0000 0.1513 0.0047 0.0152 0.0390 0.0110 0.0000 0.0000 0.0043
7.1000 37500.0000 -1.5000 0.2924 1.5333 0.0116 0.0498 0.0212 0.0549 0.0152 0.0000 0.0000 0.0194
7.1000 37500.0000 -1.7500 0.3985 1.3143 0.0155 0.0483 0.0212 0.0548 0.0152 0.0000 0.0000 0.0188
7.1000 37500.0000 -2.0000 0.5371 1.0580 0.0214 0.0456 0.0212 0.0546 0.0152 0.0000 0.0000 0.0178
7.1000 37500.0000 -2.2500 0.6966 0.7731 0.0300 0.0417 0.0212 0.0544 0.0152 0.0000 0.0000 0.0164
7.1000 37500.0000 -2.5000 0.8417 0.4914 0.0423 0.0368 0.0211 0.0541 0.0151 0.0000 0.0000 0.0148
7.1000 37500.0000 -2.7500 0.9213 0.2607 0.0590 0.0311 0.0209 0.0536 0.0150 0.0000 0.0000 0.0130
7.1000 37500.0000 -3.0000 0.9078 0.1131 0.0794 0.0249 0.0206 0.0527 0.0148 0.0000 0.0000 0.0112
7.1000 37500.0000 -3.2500 0.8209 0.0411 0.1017 0.0187 0.0201 0.0514 0.0145 0.0000 0.0000 0.0094
7.1000 37500.0000 -3.5000 0.7047 0.0134 0.1225 0.0132 0.0193 0.0495 0.0139 0.0000 0.0000 0.0077
7.1000 37500.0000 -3.7500 0.5917 0.0041 0.1390 0.0087 0.0183 0.0467 0.0132 0.0000 0.0000 0.0062
7.1000 37500.0000 -4.0000 0.4920 0.0012 0.1506 0.0054 0.0169 0.0432 0.0122 0.0000 0.0000 0.0049
7.1000 40000.0000 -1.5000 0.2285 1.6582 0.0110 0.0493 0.0212 0.0549 0.0152 0.0000 0.0011 0.0193
7.1000 40000.0000 -1.7500 0.3121 1.4431 0.0145 0.0485 0.0212 0.0548 0.0152 0.0000 0.0000 0.0189
7.1000 40000.0000 -2.0000 0.4269 1.1929 0.0198 0.0461 0.0212 0.0547 0.0152 0.0000 0.0000 0.0181
7.1000 40000.0000 -2.2500 0.5721 0.9100 0.0275 0.0425 0.0213 0.0546 0.0152 0.0000 0.0000 0.0168
7.1000 40000.0000 -2.5000 0.7271 0.6151 0.0387 0.0379 0.0212 0.0545 0.0152 0.0000 0.0000 0.0153
7.1000 40000.0000 -2.7500 0.8454 0.3506 0.0541 0.0324 0.0212 0.0543 0.0152 0.0000 0.0000 0.0136
7.1000 40000.0000 -3.0000 0.8790 0.1625 0.0736 0.0264 0.0210 0.0538 0.0151 0.0000 0.0000 0.0118
7.1000 40000.0000 -3.2500 0.8223 0.0613 0.0960 0.0202 0.0207 0.0530 0.0149 0.0000 0.0000 0.0101
7.1000 40000.0000 -3.5000 0.7174 0.0203 0.1179 0.0144 0.0202 0.0516 0.0145 0.0000 0.0000 0.0084
7.1000 40000.0000 -3.7500 0.6054 0.0062 0.1363 0.0097 0.0193 0.0495 0.0140 0.0000 0.0000 0.0069
7.1000 40000.0000 -4.0000 0.5040 0.0019 0.1500 0.0062 0.0182 0.0466 0.0132 0.0000 0.0000 0.0055
7.1000 45000.0000 -1.5000 0.1544 1.8374 0.0105 0.0466 0.0210 0.0546 0.0151 0.0014 0.0022 0.0181
7.1000 45000.0000 -1.7500 0.2092 1.6220 0.0135 0.0472 0.0211 0.0546 0.0151 0.0010 0.0013 0.0184
7.1000 45000.0000 -2.0000 0.2887 1.3784 0.0180 0.0460 0.0212 0.0546 0.0152 0.0000 0.0000 0.0180
7.1000 45000.0000 -2.2500 0.4002 1.1057 0.0247 0.0432 0.0212 0.0546 0.0152 0.0000 0.0000 0.0171
7.1000 45000.0000 -2.5000 0.5430 0.8104 0.0345 0.0391 0.0213 0.0547 0.0153 0.0000 0.0000 0.0158
7.1000 45000.0000 -2.7500 0.6924 0.5163 0.0483 0.0340 0.0214 0.0548 0.0153 0.0000 0.0000 0.0142
7.1000 45000.0000 -3.0000 0.7945 0.2702 0.0665 0.0283 0.0214 0.0548 0.0154 0.0000 0.0000 0.0126
7.1000 45000.0000 -3.2500 0.8022 0.1117 0.0884 0.0223 0.0213 0.0546 0.0154 0.0000 0.0000 0.0110
7.1000 45000.0000 -3.5000 0.7284 0.0385 0.1114 0.0164 0.0212 0.0542 0.0153 0.0000 0.0000 0.0093
7.1000 45000.0000 -3.7500 0.6244 0.0120 0.1324 0.0113 0.0208 0.0531 0.0150 0.0000 0.0000 0.0078
7.1000 45000.0000 -4.0000 0.5225 0.0036 0.1496 0.0074 0.0201 0.0515 0.0145 0.0000 0.0000 0.0065
7.1000 50000.0000 -1.5000 0.1162 1.9519 0.0104 0.0425 0.0207 0.0539 0.0149 0.0038 0.0035 0.0162
7.1000 50000.0000 -1.7500 0.1555 1.7335 0.0132 0.0444 0.0209 0.0540 0.0150 0.0027 0.0022 0.0172
7.1000 50000.0000 -2.0000 0.2138 1.4919 0.0173 0.0445 0.0210 0.0542 0.0150 0.0021 0.0012 0.0174
7.1000 50000.0000 -2.2500 0.3000 1.2272 0.0235 0.0427 0.0211 0.0543 0.0151 0.0017 0.0000 0.0169
7.1000 50000.0000 -2.5000 0.4208 0.9414 0.0326 0.0393 0.0213 0.0546 0.0152 0.0015 0.0000 0.0159
7.1000 50000.0000 -2.7500 0.5683 0.6450 0.0454 0.0348 0.0214 0.0549 0.0154 0.0013 0.0000 0.0146
7.1000 50000.0000 -3.0000 0.7026 0.3711 0.0627 0.0294 0.0215 0.0552 0.0155 0.0013 0.0000 0.0131
7.1000 50000.0000 -3.2500 0.7622 0.1690 0.0840 0.0236 0.0217 0.0555 0.0156 0.0012 0.0000 0.0115
7.1000 50000.0000 -3.5000 0.7248 0.0612 0.1077 0.0177 0.0217 0.0556 0.0157 0.0010 0.0000 0.0100
7.1000 50000.0000 -3.7500 0.6345 0.0195 0.1305 0.0125 0.0216 0.0554 0.0156 0.0000 0.0000 0.0085
7.1000 50000.0000 -4.0000 0.5349 0.0059 0.1501 0.0083 0.0214 0.0548 0.0155 0.0000 0.0000 0.0072
7.1000 55000.0000 -1.5000 0.0948 2.0197 0.0105 0.0380 0.0203 0.0528 0.0146 0.0081 0.0048 0.0143
7.1000 55000.0000 -1.7500 0.1253 1.8013 0.0131 0.0410 0.0205 0.0532 0.0147 0.0060 0.0032 0.0157
7.1000 55000.0000 -2.0000 0.1710 1.5614 0.0170 0.0422 0.0207 0.0535 0.0148 0.0046 0.0019 0.0164
7.1000 55000.0000 -2.2500 0.2402 1.3027 0.0230 0.0415 0.0209 0.0538 0.0150 0.0038 0.0000 0.0164
7.1000 55000.0000 -2.5000 0.3423 1.0265 0.0317 0.0390 0.0211 0.0542 0.0151 0.0033 0.0000 0.0158
7.1000 55000.0000 -2.7500 0.4778 0.7369 0.0442 0.0350 0.0213 0.0547 0.0153 0.0030 0.0000 0.0147
7.1000 55000.0000 -3.0000 0.6217 0.4545 0.0610 0.0300 0.0216 0.0552 0.0155 0.0028 0.0000 0.0133
7.1000 55000.0000 -3.2500 0.7153 0.2242 0.0820 0.0244 0.0218 0.0558 0.0157 0.0026 0.0000 0.0119
7.1000 55000.0000 -3.5000 0.7125 0.0858 0.1061 0.0186 0.0220 0.0564 0.0159 0.0023 0.0000 0.0104
7.1000 55000.0000 -3.7500 0.6380 0.0280 0.1299 0.0133 0.0222 0.0569 0.0161 0.0018 0.0000 0.0090
7.1000 55000.0000 -4.0000 0.5425 0.0085 0.1515 0.0090 0.0223 0.0571 0.0162 0.0013 0.0000 0.0077
7.1000 60000.0000 -1.5000 0.0819 2.0454 0.0105 0.0339 0.0197 0.0513 0.0141 0.0152 0.0059 0.0126
7.1000 60000.0000 -1.7500 0.1070 1.8351 0.0131 0.0374 0.0201 0.0520 0.0144 0.0113 0.0041 0.0142
7.1000 60000.0000 -2.0000 0.1449 1.6007 0.0170 0.0396 0.0203 0.0525 0.0145 0.0088 0.0025 0.0153
7.1000 60000.0000 -2.2500 0.2032 1.3481 0.0229 0.0398 0.0206 0.0530 0.0147 0.0072 0.0014 0.0158
7.1000 60000.0000 -2.5000 0.2912 1.0809 0.0315 0.0382 0.0209 0.0536 0.0149 0.0063 0.0000 0.0155
7.1000 60000.0000 -2.7500 0.4139 0.8004 0.0438 0.0349 0.0211 0.0542 0.0152 0.0057 0.0000 0.0147
7.1000 60000.0000 -3.0000 0.5563 0.5189 0.0603 0.0302 0.0215 0.0549 0.0154 0.0054 0.0000 0.0135
7.1000 60000.0000 -3.2500 0.6692 0.2731 0.0812 0.0248 0.0218 0.0558 0.0157 0.0051 0.0000 0.0121
7.1000 60000.0000 -3.5000 0.6954 0.1107 0.1055 0.0191 0.0222 0.0568 0.0160 0.0045 0.0000 0.0107
7.1000 60000.0000 -3.7500 0.6369 0.0370 0.1305 0.0139 0.0226 0.0579 0.0163 0.0036 0.0000 0.0094
7.1000 60000.0000 -4.0000 0.5468 0.0113 0.1537 0.0096 0.0230 0.0589 0.0167 0.0026 0.0000 0.0082
7.1000 70000.0000 -1.5000 0.0679 1.9712 0.0107 0.0271 0.0181 0.0469 0.0129 0.0388 0.0074 0.0100
7.1000 70000.0000 -1.7500 0.0874 1.8105 0.0133 0.0311 0.0187 0.0485 0.0134 0.0294 0.0055 0.0116
7.1000 70000.0000 -2.0000 0.1170 1.6078 0.0172 0.0343 0.0193 0.0497 0.0138 0.0232 0.0037 0.0132
7.1000 70000.0000 -2.2500 0.1630 1.3789 0.0231 0.0361 0.0197 0.0506 0.0141 0.0193 0.0022 0.0142
7.1000 70000.0000 -2.5000 0.2336 1.1324 0.0318 0.0360 0.0201 0.0516 0.0144 0.0170 0.0011 0.0146
7.1000 70000.0000 -2.7500 0.3363 0.8714 0.0441 0.0339 0.0205 0.0525 0.0147 0.0157 0.0000 0.0143
7.1000 70000.0000 -3.0000 0.4665 0.6023 0.0607 0.0300 0.0209 0.0536 0.0150 0.0149 0.0000 0.0135
7.1000 70000.0000 -3.2500 0.5932 0.3478 0.0819 0.0251 0.0215 0.0550 0.0154 0.0141 0.0000 0.0123
7.1000 70000.0000 -3.5000 0.6567 0.1555 0.1066 0.0197 0.0222 0.0567 0.0160 0.0125 0.0000 0.0111
7.1000 70000.0000 -3.7500 0.6285 0.0546 0.1332 0.0145 0.0230 0.0588 0.0166 0.0100 0.0000 0.0099
7.1000 70000.0000 -4.0000 0.5491 0.0168 0.1594 0.0102 0.0239 0.0612 0.0173 0.0073 0.0000 0.0088
7.1000 80000.0000 -1.5000 0.0607 1.7486 0.0107 0.0224 0.0159 0.0411 0.0113 0.0738 0.0081 0.0082
7.1000 80000.0000 -1.7500 0.0776 1.6729 0.0135 0.0263 0.0169 0.0437 0.0121 0.0577 0.0064 0.0098
7.1000 80000.0000 -2.0000 0.1033 1.5328 0.0174 0.0300 0.0177 0.0457 0.0126 0.0465 0.0045 0.0114
7.1000 80000.0000 -2.2500 0.1433 1.3488 0.0234 0.0326 0.0184 0.0472 0.0131 0.0393 0.0029 0.0128
7.1000 80000.0000 -2.5000 0.2046 1.1343 0.0324 0.0336 0.0189 0.0486 0.0135 0.0350 0.0016 0.0136
7.1000 80000.0000 -2.7500 0.2946 0.8981 0.0450 0.0326 0.0195 0.0499 0.0139 0.0325 0.0000 0.0138
7.1000 80000.0000 -3.0000 0.4128 0.6463 0.0621 0.0295 0.0201 0.0513 0.0144 0.0310 0.0000 0.0133
7.1000 80000.0000 -3.2500 0.5393 0.3959 0.0837 0.0249 0.0208 0.0531 0.0149 0.0292 0.0000 0.0124
7.1000 80000.0000 -3.5000 0.6223 0.1890 0.1093 0.0198 0.0217 0.0556 0.0156 0.0258 0.0000 0.0113
7.1000 80000.0000 -3.7500 0.6160 0.0694 0.1373 0.0148 0.0230 0.0587 0.0166 0.0207 0.0000 0.0101
7.1000 80000.0000 -4.0000 0.5469 0.0216 0.1658 0.0105 0.0244 0.0624 0.0176 0.0155 0.0000 0.0091
7.1000 90000.0000 -1.5000 0.0563 1.4348 0.0107 0.0189 0.0133 0.0343 0.0095 0.1156 0.0079 0.0070
7.1000 90000.0000 -1.7500 0.0718 1.4546 0.0133 0.0227 0.0147 0.0379 0.0105 0.0938 0.0067 0.0085
7.1000 90000.0000 -2.0000 0.0954 1.3932 0.0175 0.0265 0.0158 0.0408 0.0113 0.0774 0.0051 0.0101
7.1000 90000.0000 -2.2500 0.1318 1.2700 0.0236 0.0297 0.0167 0.0429 0.0119 0.0665 0.0034 0.0116
7.1000 90000.0000 -2.5000 0.1878 1.1010 0.0327 0.0315 0.0174 0.0447 0.0125 0.0597 0.0020 0.0127
7.1000 90000.0000 -2.7500 0.2697 0.8978 0.0457 0.0312 0.0181 0.0464 0.0130 0.0558 0.0000 0.0133
7.1000 90000.0000 -3.0000 0.3790 0.6676 0.0633 0.0288 0.0188 0.0481 0.0135 0.0533 0.0000 0.0131
7.1000 90000.0000 -3.2500 0.5022 0.4258 0.0858 0.0246 0.0197 0.0504 0.0142 0.0500 0.0000 0.0124
7.1000 90000.0000 -3.5000 0.5954 0.2123 0.1126 0.0197 0.0210 0.0537 0.0151 0.0438 0.0000 0.0113
7.1000 90000.0000 -3.7500 0.6036 0.0801 0.1420 0.0148 0.0227 0.0579 0.0163 0.0353 0.0000 0.0103
7.1000 90000.0000 -4.0000 0.5424 0.0252 0.1725 0.0106 0.0246 0.0628 0.0178 0.0268 0.0000 0.0094
7.4000 30000.0000 -1.5000 1.2153 1.4030 0.0301 0.0809 0.0211 0.0542 0.0151 0.0000 0.0000 0.0242
7.4000 30000.0000 -1.7500 1.5176 1.0310 0.0441 0.0767 0.0204 0.0524 0.0146 0.0000 0.0000 0.0225
7.4000 30000.0000 -2.0000 1.7715 0.6711 0.0645 0.0709 0.0191 0.0489 0.0137 0.0000 0.0000 0.0198
7.4000 30000.0000 -2.2500 1.9002 0.3796 0.0926 0.0631 0.0176 0.0451 0.0126 0.0000 0.0000 0.0170
7.4000 30000.0000 -2.5000 1.8730 0.1859 0.1281 0.0536 0.0163 0.0418 0.0117 0.0000 0.0000 0.0142
7.4000 30000.0000 -2.7500 1.7267 0.0799 0.1687 0.0428 0.0154 0.0394 0.0111 0.0000 0.0000 0.0119
7.4000 30000.0000 -3.0000 1.5242 0.0307 0.2093 0.0320 0.0147 0.0377 0.0106 0.0000 0.0000 0.0099
7.4000 30000.0000 -3.2500 1.3132 0.0108 0.2437 0.0223 0.0141 0.0362 0.0102 0.0000 0.0000 0.0082
7.4000 30000.0000 -3.5000 1.1173 0.0037 0.2675 0.0147 0.0134 0.0343 0.0097 0.0000 0.0000 0.0067
7.4000 30000.0000 -3.7500 0.9418 0.0012 0.2806 0.0092 0.0123 0.0315 0.0089 0.0000 0.0000 0.0053
7.4000 30000.0000 -4.0000 0.7899 0.0000 0.2866 0.0056 0.0109 0.0278 0.0079 0.0000 0.0000 0.0041
7.4000 32500.0000 -1.5000 0.8926 1.8725 0.0253 0.0852 0.0213 0.0549 0.0153 0.0000 0.0000 0.0259
7.4000 32500.0000 -1.7500 1.1711 1.4954 0.0357 0.0816 0.0213 0.0547 0.0152 0.0000 0.0000 0.0247
7.4000 32500.0000 -2.0000 1.4654 1.0839 0.0517 0.0762 0.0210 0.0539 0.0151 0.0000 0.0000 0.0231
7.4000 32500.0000 -2.2500 1.7021 0.6883 0.0750 0.0688 0.0204 0.0522 0.0146 0.0000 0.0000 0.0208
7.4000 32500.0000 -2.5000 1.8047 0.3727 0.1062 0.0595 0.0195 0.0500 0.0140 0.0000 0.0000 0.0181
7.4000 32500.0000 -2.7500 1.7523 0.1715 0.1440 0.0490 0.0187 0.0479 0.0135 0.0000 0.0000 0.0154
7.4000 32500.0000 -3.0000 1.5923 0.0680 0.1851 0.0379 0.0180 0.0461 0.0130 0.0000 0.0000 0.0129
7.4000 32500.0000 -3.2500 1.3884 0.0240 0.2244 0.0273 0.0172 0.0440 0.0124 0.0000 0.0000 0.0107
7.4000 32500.0000 -3.5000 1.1842 0.0079 0.2555 0.0184 0.0162 0.0414 0.0117 0.0000 0.0000 0.0087
7.4000 32500.0000 -3.7500 0.9968 0.0025 0.2762 0.0117 0.0149 0.0381 0.0108 0.0000 0.0000 0.0068
7.4000 32500.0000 -4.0000 0.8343 0.0000 0.2882 0.0072 0.0132 0.0339 0.0096 0.0000 0.0000 0.0053
7.4000 35000.0000 -1.5000 0.6621 2.2473 0.0227 0.0878 0.0214 0.0552 0.0154 0.0000 0.0000 0.0269
7.4000 35000.0000 -1.7500 0.8925 1.8818 0.0313 0.0849 0.0214 0.0551 0.0154 0.0000 0.0000 0.0259
7.4000 35000.0000 -2.0000 1.1708 1.4602 0.0442 0.0799 0.0214 0.0549 0.0153 0.0000 0.0000 0.0245
7.4000 35000.0000 -2.2500 1.4516 1.0121 0.0633 0.0730 0.0212 0.0544 0.0152 0.0000 0.0000 0.0226
7.4000 35000.0000 -2.5000 1.6558 0.6025 0.0901 0.0642 0.0209 0.0536 0.0150 0.0000 0.0000 0.0203
7.4000 35000.0000 -2.7500 1.7134 0.3000 0.1248 0.0539 0.0205 0.0524 0.0147 0.0000 0.0000 0.0178
7.4000 35000.0000 -3.0000 1.6232 0.1249 0.1654 0.0428 0.0199 0.0509 0.0143 0.0000 0.0000 0.0152
7.4000 35000.0000 -3.2500 1.4439 0.0447 0.2075 0.0317 0.0191 0.0490 0.0138 0.0000 0.0000 0.0126
7.4000 35000.0000 -3.5000 1.2383 0.0147 0.2441 0.0219 0.0181 0.0464 0.0131 0.0000 0.0000 0.0103
7.4000 35000.0000 -3.7500 1.0441 0.0046 0.2712 0.0142 0.0168 0.0431 0.0122 0.0000 0.0000 0.0082
7.4000 35000.0000 -4.0000 0.8730 0.0014 0.2886 0.0088 0.0153 0.0391 0.0111 0.0000 0.0000 0.0064
7.4000 37500.0000 -1.5000 0.5058 2.5454 0.0212 0.0889 0.0215 0.0554 0.0154 0.0000 0.0000 0.0274
7.4000 37500.0000 -1.7500 0.6900 2.1904 0.0286 0.0868 0.0215 0.0553 0.0154 0.0000 0.0000 0.0267
7.4000 37500.0000 -2.0000 0.9315 1.7745 0.0397 0.0825 0.0215 0.0552 0.0154 0.0000 0.0000 0.0254
7.4000 37500.0000 -2.2500 1.2120 1.3088 0.0564 0.0759 0.0214 0.0550 0.0153 0.0000 0.0000 0.0237
7.4000 37500.0000 -2.5000 1.4721 0.8420 0.0801 0.0675 0.0213 0.0546 0.0153 0.0000 0.0000 0.0216
7.4000 37500.0000 -2.7500 1.6251 0.4534 0.1119 0.0576 0.0211 0.0540 0.0151 0.0000 0.0000 0.0192
7.4000 37500.0000 -3.0000 1.6184 0.2001 0.1512 0.0466 0.0207 0.0531 0.0149 0.0000 0.0000 0.0166
7.4000 37500.0000 -3.2500 1.4793 0.0739 0.1944 0.0353 0.0202 0.0517 0.0145 0.0000 0.0000 0.0141
7.4000 37500.0000 -3.5000 1.2824 0.0244 0.2345 0.0249 0.0194 0.0497 0.0140 0.0000 0.0000 0.0116
7.4000 37500.0000 -3.7500 1.0838 0.0076 0.2663 0.0164 0.0183 0.0469 0.0133 0.0000 0.0000 0.0094
7.4000 37500.0000 -4.0000 0.9057 0.0023 0.2887 0.0104 0.0169 0.0433 0.0123 0.0000 0.0000 0.0074
7.4000 40000.0000 -1.5000 0.4000 2.7861 0.0203 0.0886 0.0215 0.0555 0.0154 0.0000 0.0014 0.0274
7.4000 40000.0000 -1.7500 0.5473 2.4364 0.0270 0.0876 0.0215 0.0554 0.0154 0.0000 0.0000 0.0270
7.4000 40000.0000 -2.0000 0.7507 2.0282 0.0370 0.0840 0.0215 0.0553 0.0154 0.0000 0.0000 0.0260
7.4000 40000.0000 -2.2500 1.0092 1.5617 0.0519 0.0780 0.0215 0.0552 0.0154 0.0000 0.0000 0.0244
7.4000 40000.0000 -2.5000 1.2886 1.0675 0.0734 0.0700 0.0215 0.0550 0.0154 0.0000 0.0000 0.0224
7.4000 40000.0000 -2.7500 1.5084 0.6165 0.1032 0.0604 0.0214 0.0547 0.0153 0.0000 0.0000 0.0201
7.4000 40000.0000 -3.0000 1.5821 0.2899 0.1410 0.0496 0.0212 0.0542 0.0152 0.0000 0.0000 0.0177
7.4000 40000.0000 -3.2500 1.4944 0.1110 0.1842 0.0382 0.0208 0.0533 0.0150 0.0000 0.0000 0.0151
7.4000 40000.0000 -3.5000 1.3150 0.0372 0.2265 0.0274 0.0202 0.0518 0.0146 0.0000 0.0000 0.0127
7.4000 40000.0000 -3.7500 1.1169 0.0115 0.2622 0.0184 0.0194 0.0497 0.0140 0.0000 0.0000 0.0104
7.4000 40000.0000 -4.0000 0.9337 0.0035 0.2888 0.0118 0.0182 0.0467 0.0132 0.0000 0.0000 0.0084
7.4000 45000.0000 -1.5000 0.2757 3.1480 0.0196 0.0845 0.0214 0.0553 0.0153 0.0014 0.0029 0.0261
7.4000 45000.0000 -1.7500 0.3749 2.7964 0.0254 0.0862 0.0214 0.0553 0.0154 0.0010 0.0017 0.0266
7.4000 45000.0000 -2.0000 0.5193 2.3953 0.0342 0.0846 0.0215 0.0553 0.0154 0.0000 0.0000 0.0263
7.4000 45000.0000 -2.2500 0.7227 1.9393 0.0470 0.0801 0.0215 0.0553 0.0154 0.0000 0.0000 0.0251
7.4000 45000.0000 -2.5000 0.9841 1.4361 0.0661 0.0730 0.0216 0.0553 0.0155 0.0000 0.0000 0.0234
7.4000 45000.0000 -2.7500 1.2601 0.9248 0.0928 0.0640 0.0216 0.0553 0.0155 0.0000 0.0000 0.0213
7.4000 45000.0000 -3.0000 1.4540 0.4896 0.1281 0.0537 0.0216 0.0552 0.0155 0.0000 0.0000 0.0190
7.4000 45000.0000 -3.2500 1.4784 0.2049 0.1708 0.0424 0.0215 0.0550 0.0155 0.0000 0.0000 0.0166
7.4000 45000.0000 -3.5000 1.3511 0.0714 0.2155 0.0314 0.0213 0.0544 0.0153 0.0000 0.0000 0.0142
7.4000 45000.0000 -3.7500 1.1643 0.0224 0.2564 0.0217 0.0208 0.0534 0.0151 0.0000 0.0000 0.0120
7.4000 45000.0000 -4.0000 0.9775 0.0067 0.2896 0.0142 0.0202 0.0517 0.0146 0.0000 0.0000 0.0099
7.4000 50000.0000 -1.5000 0.2112 3.3990 0.0196 0.0776 0.0211 0.0547 0.0152 0.0037 0.0047 0.0237
7.4000 50000.0000 -1.7500 0.2838 3.0386 0.0250 0.0819 0.0212 0.0548 0.0152 0.0027 0.0030 0.0252
7.4000 50000.0000 -2.0000 0.3918 2.6370 0.0331 0.0827 0.0213 0.0549 0.0153 0.0021 0.0017 0.0257
7.4000 50000.0000 -2.2500 0.5519 2.1891 0.0451 0.0800 0.0214 0.0550 0.0153 0.0017 0.0000 0.0251
7.4000 50000.0000 -2.5000 0.7762 1.6954 0.0628 0.0742 0.0215 0.0552 0.0154 0.0015 0.0000 0.0238
7.4000 50000.0000 -2.7500 1.0507 1.1724 0.0880 0.0660 0.0216 0.0554 0.0155 0.0014 0.0000 0.0220
7.4000 50000.0000 -3.0000 1.3034 0.6807 0.1217 0.0561 0.0217 0.0556 0.0156 0.0013 0.0000 0.0198
7.4000 50000.0000 -3.2500 1.4206 0.3131 0.1634 0.0452 0.0218 0.0558 0.0157 0.0012 0.0000 0.0176
7.4000 50000.0000 -3.5000 1.3584 0.1144 0.2096 0.0341 0.0218 0.0559 0.0158 0.0010 0.0000 0.0153
7.4000 50000.0000 -3.7500 1.1930 0.0366 0.2538 0.0241 0.0217 0.0557 0.0157 0.0000 0.0000 0.0131
7.4000 50000.0000 -4.0000 1.0083 0.0111 0.2921 0.0161 0.0215 0.0550 0.0156 0.0000 0.0000 0.0111
7.4000 55000.0000 -1.5000 0.1746 3.5650 0.0199 0.0700 0.0207 0.0537 0.0149 0.0081 0.0066 0.0211
7.4000 55000.0000 -1.7500 0.2319 3.2011 0.0251 0.0761 0.0209 0.0540 0.0150 0.0060 0.0044 0.0232
7.4000 55000.0000 -2.0000 0.3180 2.7980 0.0329 0.0791 0.0211 0.0543 0.0151 0.0046 0.0026 0.0245
7.4000 55000.0000 -2.2500 0.4486 2.3550 0.0445 0.0783 0.0212 0.0545 0.0152 0.0038 0.0014 0.0246
7.4000 55000.0000 -2.5000 0.6404 1.8725 0.0615 0.0741 0.0214 0.0548 0.0153 0.0033 0.0000 0.0238
7.4000 55000.0000 -2.7500 0.8950 1.3556 0.0859 0.0669 0.0215 0.0552 0.0155 0.0030 0.0000 0.0223
7.4000 55000.0000 -3.0000 1.1658 0.8421 0.1188 0.0576 0.0217 0.0557 0.0156 0.0028 0.0000 0.0203
7.4000 55000.0000 -3.2500 1.3452 0.4190 0.1601 0.0470 0.0219 0.0562 0.0158 0.0026 0.0000 0.0182
7.4000 55000.0000 -3.5000 1.3462 0.1617 0.2071 0.0359 0.0222 0.0567 0.0160 0.0023 0.0000 0.0160
7.4000 55000.0000 -3.7500 1.2088 0.0531 0.2537 0.0258 0.0223 0.0572 0.0162 0.0018 0.0000 0.0139
7.4000 55000.0000 -4.0000 1.0301 0.0161 0.2959 0.0176 0.0224 0.0574 0.0162 0.0013 0.0000 0.0120
7.4000 60000.0000 -1.5000 0.1525 3.6533 0.0203 0.0626 0.0202 0.0523 0.0145 0.0152 0.0082 0.0188
7.4000 60000.0000 -1.7500 0.2005 3.2995 0.0254 0.0699 0.0205 0.0529 0.0147 0.0113 0.0057 0.0212
7.4000 60000.0000 -2.0000 0.2728 2.9007 0.0331 0.0746 0.0207 0.0534 0.0148 0.0088 0.0035 0.0230
7.4000 60000.0000 -2.2500 0.3839 2.4644 0.0445 0.0757 0.0209 0.0538 0.0150 0.0073 0.0020 0.0238
7.4000 60000.0000 -2.5000 0.5510 1.9923 0.0615 0.0731 0.0211 0.0542 0.0151 0.0064 0.0000 0.0235
7.4000 60000.0000 -2.7500 0.7834 1.4866 0.0855 0.0669 0.0214 0.0548 0.0153 0.0058 0.0000 0.0224
7.4000 60000.0000 -3.0000 1.0533 0.9699 0.1181 0.0583 0.0216 0.0554 0.0156 0.0055 0.0000 0.0206
7.4000 60000.0000 -3.2500 1.2688 0.5139 0.1591 0.0480 0.0220 0.0562 0.0158 0.0051 0.0000 0.0186
7.4000 60000.0000 -3.5000 1.3216 0.2096 0.2068 0.0372 0.0223 0.0572 0.0161 0.0045 0.0000 0.0166
7.4000 60000.0000 -3.7500 1.2133 0.0703 0.2556 0.0270 0.0228 0.0582 0.0164 0.0036 0.0000 0.0145
7.4000 60000.0000 -4.0000 1.0436 0.0216 0.3010 0.0186 0.0231 0.0592 0.0167 0.0026 0.0000 0.0127
7.4000 70000.0000 -1.5000 0.1288 3.6012 0.0208 0.0507 0.0186 0.0481 0.0133 0.0390 0.0106 0.0151
7.4000 70000.0000 -1.7500 0.1668 3.3213 0.0261 0.0588 0.0192 0.0496 0.0137 0.0296 0.0079 0.0177
7.4000 70000.0000 -2.0000 0.2243 2.9684 0.0338 0.0655 0.0197 0.0506 0.0140 0.0234 0.0053 0.0201
7.4000 70000.0000 -2.2500 0.3131 2.5651 0.0454 0.0694 0.0200 0.0515 0.0143 0.0196 0.0032 0.0217
7.4000 70000.0000 -2.5000 0.4493 2.1210 0.0625 0.0696 0.0204 0.0523 0.0146 0.0172 0.0016 0.0224
7.4000 70000.0000 -2.7500 0.6463 1.6427 0.0869 0.0657 0.0207 0.0531 0.0149 0.0159 0.0000 0.0221
7.4000 70000.0000 -3.0000 0.8958 1.1412 0.1197 0.0584 0.0211 0.0541 0.0152 0.0150 0.0000 0.0208
7.4000 70000.0000 -3.2500 1.1384 0.6619 0.1613 0.0489 0.0216 0.0554 0.0156 0.0142 0.0000 0.0191
7.4000 70000.0000 -3.5000 1.2610 0.2973 0.2100 0.0384 0.0223 0.0571 0.0161 0.0125 0.0000 0.0172
7.4000 70000.0000 -3.7500 1.2080 0.1047 0.2621 0.0284 0.0231 0.0592 0.0167 0.0100 0.0000 0.0154
7.4000 70000.0000 -4.0000 1.0568 0.0324 0.3133 0.0199 0.0241 0.0616 0.0174 0.0073 0.0000 0.0136
7.4000 80000.0000 -1.5000 0.1171 3.2729 0.0210 0.0423 0.0164 0.0423 0.0117 0.0749 0.0117 0.0126
7.4000 80000.0000 -1.7500 0.1502 3.1299 0.0264 0.0502 0.0174 0.0448 0.0124 0.0585 0.0092 0.0151
7.4000 80000.0000 -2.0000 0.2006 2.8761 0.0343 0.0577 0.0181 0.0467 0.0129 0.0472 0.0066 0.0176
7.4000 80000.0000 -2.2500 0.2784 2.5441 0.0464 0.0632 0.0187 0.0481 0.0134 0.0399 0.0042 0.0197
7.4000 80000.0000 -2.5000 0.3977 2.1510 0.0640 0.0655 0.0192 0.0493 0.0137 0.0354 0.0024 0.0211
7.4000 80000.0000 -2.7500 0.5721 1.7113 0.0890 0.0635 0.0197 0.0505 0.0141 0.0329 0.0011 0.0214
7.4000 80000.0000 -3.0000 0.8002 1.2364 0.1226 0.0576 0.0202 0.0518 0.0145 0.0313 0.0000 0.0207
7.4000 80000.0000 -3.2500 1.0442 0.7600 0.1654 0.0489 0.0209 0.0535 0.0150 0.0294 0.0000 0.0193
7.4000 80000.0000 -3.5000 1.2043 0.3640 0.2160 0.0388 0.0219 0.0559 0.0158 0.0259 0.0000 0.0176
7.4000 80000.0000 -3.7500 1.1921 0.1340 0.2711 0.0290 0.0231 0.0591 0.0167 0.0207 0.0000 0.0159
7.4000 80000.0000 -4.0000 1.0586 0.0418 0.3271 0.0206 0.0246 0.0628 0.0178 0.0155 0.0000 0.0143
7.4000 90000.0000 -1.5000 0.1100 2.7536 0.0210 0.0362 0.0138 0.0355 0.0098 0.1182 0.0117 0.0109
7.4000 90000.0000 -1.7500 0.1404 2.7753 0.0264 0.0438 0.0151 0.0390 0.0108 0.0955 0.0099 0.0132
7.4000 90000.0000 -2.0000 0.1867 2.6542 0.0346 0.0514 0.0162 0.0417 0.0116 0.0787 0.0075 0.0157
7.4000 90000.0000 -2.2500 0.2583 2.4240 0.0469 0.0579 0.0170 0.0437 0.0122 0.0675 0.0051 0.0180
7.4000 90000.0000 -2.5000 0.3677 2.1090 0.0649 0.0616 0.0177 0.0454 0.0127 0.0606 0.0030 0.0198
7.4000 90000.0000 -2.7500 0.5274 1.7253 0.0908 0.0612 0.0183 0.0469 0.0131 0.0565 0.0015 0.0207
7.4000 90000.0000 -3.0000 0.7395 1.2866 0.1256 0.0566 0.0190 0.0486 0.0136 0.0538 0.0000 0.0205
7.4000 90000.0000 -3.2500 0.9783 0.8224 0.1701 0.0484 0.0199 0.0508 0.0143 0.0503 0.0000 0.0193
7.4000 90000.0000 -3.5000 1.1589 0.4109 0.2230 0.0387 0.0211 0.0540 0.0152 0.0440 0.0000 0.0178
7.4000 90000.0000 -3.7500 1.1743 0.1555 0.2809 0.0291 0.0228 0.0583 0.0164 0.0354 0.0000 0.0161
7.4000 90000.0000 -4.0000 1.0552 0.0491 0.3410 0.0209 0.0247 0.0632 0.0179 0.0268 0.0000 0.0147
7.7000 30000.0000 -1.5000 1.7813 1.9199 0.0519 0.1307 0.0213 0.0547 0.0153 0.0000 0.0000 0.0487
7.7000 30000.0000 -1.7500 2.1949 1.3965 0.0763 0.1244 0.0204 0.0524 0.0147 0.0000 0.0000 0.0448
7.7000 30000.0000 -2.0000 2.5377 0.9071 0.1118 0.1156 0.0190 0.0488 0.0137 0.0000 0.0000 0.0395
7.7000 30000.0000 -2.2500 2.7147 0.5177 0.1603 0.1036 0.0176 0.0451 0.0127 0.0000 0.0000 0.0339
7.7000 30000.0000 -2.5000 2.6932 0.2592 0.2219 0.0885 0.0164 0.0420 0.0118 0.0000 0.0000 0.0288
7.7000 30000.0000 -2.7500 2.5169 0.1145 0.2925 0.0712 0.0155 0.0396 0.0112 0.0000 0.0000 0.0244
7.7000 30000.0000 -3.0000 2.2607 0.0454 0.3630 0.0536 0.0148 0.0379 0.0107 0.0000 0.0000 0.0205
7.7000 30000.0000 -3.2500 1.9828 0.0165 0.4235 0.0377 0.0142 0.0365 0.0103 0.0000 0.0000 0.0173
7.7000 30000.0000 -3.5000 1.7098 0.0057 0.4656 0.0249 0.0135 0.0345 0.0098 0.0000 0.0000 0.0142
7.7000 30000.0000 -3.7500 1.4571 0.0019 0.4896 0.0157 0.0123 0.0316 0.0089 0.0000 0.0000 0.0114
7.7000 30000.0000 -4.0000 1.2268 0.0000 0.5003 0.0096 0.0108 0.0278 0.0079 0.0000 0.0000 0.0087
7.7000 32500.0000 -1.5000 1.3409 2.6373 0.0436 0.1385 0.0216 0.0555 0.0155 0.0000 0.0000 0.0526
7.7000 32500.0000 -1.7500 1.7409 2.0926 0.0620 0.1331 0.0215 0.0552 0.0155 0.0000 0.0000 0.0504
7.7000 32500.0000 -2.0000 2.1584 1.5122 0.0903 0.1250 0.0212 0.0544 0.0152 0.0000 0.0000 0.0471
7.7000 32500.0000 -2.2500 2.4977 0.9660 0.1315 0.1138 0.0205 0.0525 0.0147 0.0000 0.0000 0.0426
7.7000 32500.0000 -2.5000 2.6619 0.5325 0.1869 0.0995 0.0196 0.0503 0.0141 0.0000 0.0000 0.0375
7.7000 32500.0000 -2.7500 2.6180 0.2515 0.2538 0.0826 0.0189 0.0483 0.0136 0.0000 0.0000 0.0324
7.7000 32500.0000 -3.0000 2.4217 0.1027 0.3269 0.0645 0.0181 0.0464 0.0131 0.0000 0.0000 0.0276
7.7000 32500.0000 -3.2500 2.1525 0.0372 0.3971 0.0469 0.0173 0.0443 0.0125 0.0000 0.0000 0.0231
7.7000 32500.0000 -3.5000 1.8596 0.0126 0.4524 0.0318 0.0163 0.0417 0.0118 0.0000 0.0000 0.0188
7.7000 32500.0000 -3.7500 1.5836 0.0041 0.4899 0.0204 0.0149 0.0382 0.0108 0.0000 0.0000 0.0150
7.7000 32500.0000 -4.0000 1.3321 0.0013 0.5113 0.0126 0.0132 0.0340 0.0096 0.0000 0.0000 0.0115
7.7000 35000.0000 -1.5000 1.0161 3.2377 0.0393 0.1440 0.0217 0.0559 0.0156 0.0000 0.0000 0.0551
7.7000 35000.0000 -1.7500 1.3584 2.6999 0.0545 0.1394 0.0217 0.0557 0.0156 0.0000 0.0000 0.0533
7.7000 35000.0000 -2.0000 1.7701 2.0931 0.0775 0.1321 0.0216 0.0555 0.0155 0.0000 0.0000 0.0507
7.7000 35000.0000 -2.2500 2.1871 1.4585 0.1118 0.1218 0.0214 0.0550 0.0154 0.0000 0.0000 0.0472
7.7000 35000.0000 -2.5000 2.5032 0.8812 0.1600 0.1084 0.0211 0.0541 0.0152 0.0000 0.0000 0.0430
7.7000 35000.0000 -2.7500 2.6201 0.4495 0.2227 0.0921 0.0207 0.0529 0.0149 0.0000 0.0000 0.0381
7.7000 35000.0000 -3.0000 2.5253 0.1924 0.2962 0.0739 0.0200 0.0513 0.0144 0.0000 0.0000 0.0329
7.7000 35000.0000 -3.2500 2.2871 0.0708 0.3724 0.0552 0.0192 0.0493 0.0139 0.0000 0.0000 0.0278
7.7000 35000.0000 -3.5000 1.9911 0.0238 0.4387 0.0384 0.0182 0.0467 0.0132 0.0000 0.0000 0.0228
7.7000 35000.0000 -3.7500 1.6950 0.0076 0.4875 0.0250 0.0169 0.0433 0.0123 0.0000 0.0000 0.0183
7.7000 35000.0000 -4.0000 1.4246 0.0023 0.5190 0.0156 0.0153 0.0392 0.0111 0.0000 0.0000 0.0143
7.7000 37500.0000 -1.5000 0.7918 3.7382 0.0369 0.1471 0.0218 0.0561 0.0157 0.0000 0.0015 0.0566
7.7000 37500.0000 -1.7500 1.0731 3.2103 0.0501 0.1439 0.0218 0.0560 0.0156 0.0000 0.0000 0.0553
7.7000 37500.0000 -2.0000 1.4416 2.6018 0.0701 0.1374 0.0217 0.0558 0.0156 0.0000 0.0000 0.0530
7.7000 37500.0000 -2.2500 1.8709 1.9297 0.1001 0.1277 0.0217 0.0556 0.0156 0.0000 0.0000 0.0499
7.7000 37500.0000 -2.5000 2.2783 1.2579 0.1434 0.1151 0.0215 0.0552 0.0155 0.0000 0.0000 0.0461
7.7000 37500.0000 -2.7500 2.5393 0.6923 0.2017 0.0995 0.0213 0.0545 0.0153 0.0000 0.0000 0.0416
7.7000 37500.0000 -3.0000 2.5691 0.3138 0.2738 0.0814 0.0209 0.0535 0.0151 0.0000 0.0000 0.0366
7.7000 37500.0000 -3.2500 2.3872 0.1190 0.3527 0.0622 0.0203 0.0521 0.0147 0.0000 0.0000 0.0313
7.7000 37500.0000 -3.5000 2.0998 0.0401 0.4262 0.0442 0.0195 0.0500 0.0141 0.0000 0.0000 0.0261
7.7000 37500.0000 -3.7500 1.7923 0.0127 0.4844 0.0294 0.0184 0.0471 0.0133 0.0000 0.0000 0.0212
7.7000 37500.0000 -4.0000 1.5066 0.0039 0.5251 0.0186 0.0170 0.0435 0.0123 0.0000 0.0000 0.0168
7.7000 40000.0000 -1.5000 0.6381 4.1614 0.0358 0.1479 0.0218 0.0562 0.0157 0.0000 0.0025 0.0572
7.7000 40000.0000 -1.7500 0.8683 3.6359 0.0477 0.1466 0.0218 0.0561 0.0157 0.0000 0.0014 0.0565
7.7000 40000.0000 -2.0000 1.1867 3.0326 0.0657 0.1412 0.0218 0.0560 0.0157 0.0000 0.0000 0.0547
7.7000 40000.0000 -2.2500 1.5933 2.3498 0.0929 0.1323 0.0218 0.0558 0.0156 0.0000 0.0000 0.0519
7.7000 40000.0000 -2.5000 2.0380 1.6260 0.1326 0.1202 0.0217 0.0556 0.0156 0.0000 0.0000 0.0483
7.7000 40000.0000 -2.7500 2.4049 0.9580 0.1875 0.1052 0.0216 0.0553 0.0155 0.0000 0.0000 0.0440
7.7000 40000.0000 -3.0000 2.5573 0.4617 0.2576 0.0875 0.0214 0.0547 0.0154 0.0000 0.0000 0.0393
7.7000 40000.0000 -3.2500 2.4535 0.1815 0.3378 0.0681 0.0210 0.0537 0.0151 0.0000 0.0000 0.0341
7.7000 40000.0000 -3.5000 2.1887 0.0621 0.4159 0.0493 0.0204 0.0522 0.0147 0.0000 0.0000 0.0288
7.7000 40000.0000 -3.7500 1.8747 0.0196 0.4814 0.0333 0.0195 0.0500 0.0141 0.0000 0.0000 0.0237
7.7000 40000.0000 -4.0000 1.5776 0.0060 0.5301 0.0213 0.0183 0.0470 0.0133 0.0000 0.0000 0.0191
7.7000 45000.0000 -1.5000 0.4545 4.8406 0.0351 0.1436 0.0217 0.0561 0.0156 0.0014 0.0053 0.0556
7.7000 45000.0000 -1.7500 0.6163 4.3043 0.0456 0.1469 0.0218 0.0561 0.0157 0.0010 0.0031 0.0569
7.7000 45000.0000 -2.0000 0.8525 3.7030 0.0616 0.1449 0.0218 0.0561 0.0157 0.0000 0.0017 0.0564
7.7000 45000.0000 -2.2500 1.1865 3.0212 0.0856 0.1381 0.0218 0.0560 0.0157 0.0000 0.0000 0.0544
7.7000 45000.0000 -2.5000 1.6187 2.2638 0.1211 0.1274 0.0218 0.0560 0.0157 0.0000 0.0000 0.0513
7.7000 45000.0000 -2.7500 2.0820 1.4824 0.1713 0.1133 0.0218 0.0559 0.0157 0.0000 0.0000 0.0474
7.7000 45000.0000 -3.0000 2.4223 0.8012 0.2376 0.0962 0.0218 0.0558 0.0157 0.0000 0.0000 0.0430
7.7000 45000.0000 -3.2500 2.4956 0.3429 0.3180 0.0769 0.0217 0.0555 0.0156 0.0000 0.0000 0.0381
7.7000 45000.0000 -3.5000 2.3071 0.1218 0.4017 0.0573 0.0214 0.0549 0.0155 0.0000 0.0000 0.0329
7.7000 45000.0000 -3.7500 2.0042 0.0388 0.4778 0.0398 0.0210 0.0538 0.0152 0.0000 0.0000 0.0277
7.7000 45000.0000 -4.0000 1.6926 0.0118 0.5395 0.0262 0.0203 0.0520 0.0147 0.0000 0.0000 0.0230
7.7000 50000.0000 -1.5000 0.3579 5.3558 0.0356 0.1337 0.0216 0.0556 0.0155 0.0036 0.0090 0.0516
7.7000 50000.0000 -1.7500 0.4807 4.7994 0.0456 0.1418 0.0216 0.0558 0.0155 0.0027 0.0056 0.0548
7.7000 50000.0000 -2.0000 0.6642 4.1898 0.0607 0.1440 0.0217 0.0558 0.0156 0.0021 0.0032 0.0561
7.7000 50000.0000 -2.2500 0.9363 3.5097 0.0833 0.1403 0.0218 0.0559 0.0156 0.0017 0.0016 0.0553
7.7000 50000.0000 -2.5000 1.3187 2.7498 0.1166 0.1314 0.0218 0.0560 0.0157 0.0015 0.0000 0.0530
7.7000 50000.0000 -2.7500 1.7894 1.9295 0.1643 0.1184 0.0219 0.0561 0.0158 0.0014 0.0000 0.0496
7.7000 50000.0000 -3.0000 2.2298 1.1400 0.2283 0.1020 0.0220 0.0563 0.0158 0.0013 0.0000 0.0454
7.7000 50000.0000 -3.2500 2.4504 0.5343 0.3075 0.0830 0.0220 0.0564 0.0159 0.0012 0.0000 0.0408
7.7000 50000.0000 -3.5000 2.3659 0.1986 0.3951 0.0630 0.0220 0.0564 0.0159 0.0010 0.0000 0.0357
7.7000 50000.0000 -3.7500 2.0933 0.0644 0.4783 0.0447 0.0219 0.0562 0.0159 0.0000 0.0000 0.0307
7.7000 50000.0000 -4.0000 1.7775 0.0196 0.5498 0.0300 0.0216 0.0555 0.0157 0.0000 0.0000 0.0260
7.7000 55000.0000 -1.5000 0.3028 5.7368 0.0366 0.1219 0.0212 0.0548 0.0153 0.0079 0.0128 0.0467
7.7000 55000.0000 -1.7500 0.4026 5.1688 0.0464 0.1335 0.0214 0.0551 0.0154 0.0059 0.0085 0.0514
7.7000 55000.0000 -2.0000 0.5533 4.5482 0.0611 0.1398 0.0215 0.0553 0.0154 0.0046 0.0051 0.0543
7.7000 55000.0000 -2.2500 0.7820 3.8668 0.0832 0.1395 0.0216 0.0555 0.0155 0.0038 0.0027 0.0551
7.7000 55000.0000 -2.5000 1.1178 3.1110 0.1158 0.1331 0.0217 0.0557 0.0156 0.0033 0.0012 0.0538
7.7000 55000.0000 -2.7500 1.5630 2.2816 0.1623 0.1214 0.0219 0.0560 0.0157 0.0030 0.0000 0.0510
7.7000 55000.0000 -3.0000 2.0412 1.4391 0.2252 0.1057 0.0220 0.0564 0.0159 0.0029 0.0000 0.0471
7.7000 55000.0000 -3.2500 2.3662 0.7273 0.3039 0.0871 0.0222 0.0568 0.0160 0.0027 0.0000 0.0426
7.7000 55000.0000 -3.5000 2.3837 0.2848 0.3937 0.0670 0.0224 0.0573 0.0162 0.0023 0.0000 0.0378
7.7000 55000.0000 -3.7500 2.1524 0.0945 0.4823 0.0483 0.0226 0.0578 0.0163 0.0018 0.0000 0.0330
7.7000 55000.0000 -4.0000 1.8409 0.0289 0.5617 0.0329 0.0226 0.0579 0.0164 0.0013 0.0000 0.0284
7.7000 60000.0000 -1.5000 0.2695 5.9919 0.0376 0.1102 0.0207 0.0535 0.0149 0.0149 0.0163 0.0421
7.7000 60000.0000 -1.7500 0.3551 5.4312 0.0475 0.1241 0.0210 0.0541 0.0151 0.0112 0.0113 0.0476
7.7000 60000.0000 -2.0000 0.4849 4.8093 0.0622 0.1336 0.0212 0.0545 0.0152 0.0088 0.0071 0.0519
7.7000 60000.0000 -2.2500 0.6840 4.1275 0.0843 0.1367 0.0214 0.0548 0.0153 0.0073 0.0039 0.0540
7.7000 60000.0000 -2.5000 0.9831 3.3774 0.1168 0.1329 0.0215 0.0552 0.0154 0.0064 0.0019 0.0539
7.7000 60000.0000 -2.7500 1.3973 2.5509 0.1631 0.1229 0.0217 0.0556 0.0156 0.0059 0.0000 0.0518
7.7000 60000.0000 -3.0000 1.8792 1.6860 0.2256 0.1080 0.0219 0.0562 0.0158 0.0055 0.0000 0.0483
7.7000 60000.0000 -3.2500 2.2681 0.9051 0.3045 0.0898 0.0222 0.0569 0.0160 0.0052 0.0000 0.0440
7.7000 60000.0000 -3.5000 2.3743 0.3741 0.3959 0.0699 0.0226 0.0578 0.0163 0.0045 0.0000 0.0394
7.7000 60000.0000 -3.7500 2.1886 0.1266 0.4891 0.0509 0.0230 0.0588 0.0166 0.0036 0.0000 0.0347
7.7000 60000.0000 -4.0000 1.8878 0.0391 0.5752 0.0352 0.0233 0.0598 0.0169 0.0026 0.0000 0.0303
7.7000 70000.0000 -1.5000 0.2342 6.1165 0.0394 0.0909 0.0192 0.0496 0.0138 0.0388 0.0218 0.0347
7.7000 70000.0000 -1.7500 0.3045 5.6566 0.0495 0.1064 0.0198 0.0510 0.0142 0.0297 0.0162 0.0408
7.7000 70000.0000 -2.0000 0.4114 5.0892 0.0646 0.1197 0.0202 0.0519 0.0144 0.0236 0.0110 0.0464
7.7000 70000.0000 -2.2500 0.5763 4.4384 0.0874 0.1280 0.0205 0.0526 0.0147 0.0198 0.0066 0.0505
7.7000 70000.0000 -2.5000 0.8277 3.7123 0.1208 0.1292 0.0208 0.0533 0.0149 0.0175 0.0035 0.0525
7.7000 70000.0000 -2.7500 1.1892 2.9060 0.1679 0.1228 0.0211 0.0540 0.0151 0.0162 0.0015 0.0521
7.7000 70000.0000 -3.0000 1.6447 2.0386 0.2315 0.1099 0.0215 0.0549 0.0154 0.0153 0.0000 0.0495
7.7000 70000.0000 -3.2500 2.0882 1.1937 0.3120 0.0926 0.0219 0.0561 0.0158 0.0143 0.0000 0.0458
7.7000 70000.0000 -3.5000 2.3144 0.5408 0.4063 0.0732 0.0226 0.0578 0.0163 0.0126 0.0000 0.0414
7.7000 70000.0000 -3.7500 2.2235 0.1922 0.5066 0.0542 0.0234 0.0598 0.0169 0.0100 0.0000 0.0371
7.7000 70000.0000 -4.0000 1.9461 0.0597 0.6048 0.0380 0.0243 0.0623 0.0176 0.0073 0.0000 0.0330
7.7000 80000.0000 -1.5000 0.2177 5.7645 0.0404 0.0771 0.0171 0.0440 0.0122 0.0755 0.0251 0.0297
7.7000 80000.0000 -1.7500 0.2804 5.5021 0.0509 0.0924 0.0180 0.0463 0.0129 0.0590 0.0197 0.0355
7.7000 80000.0000 -2.0000 0.3760 5.0744 0.0666 0.1072 0.0187 0.0480 0.0134 0.0478 0.0142 0.0415
7.7000 80000.0000 -2.2500 0.5235 4.5194 0.0902 0.1185 0.0192 0.0493 0.0137 0.0406 0.0091 0.0468
7.7000 80000.0000 -2.5000 0.7486 3.8573 0.1248 0.1235 0.0197 0.0504 0.0141 0.0361 0.0051 0.0502
7.7000 80000.0000 -2.7500 1.0749 3.0968 0.1736 0.1205 0.0201 0.0514 0.0144 0.0335 0.0024 0.0513
7.7000 80000.0000 -3.0000 1.4990 2.2547 0.2393 0.1098 0.0206 0.0526 0.0148 0.0317 0.0000 0.0499
7.7000 80000.0000 -3.2500 1.9509 1.3952 0.3226 0.0935 0.0212 0.0543 0.0153 0.0297 0.0000 0.0467
7.7000 80000.0000 -3.5000 2.2482 0.6727 0.4209 0.0745 0.0222 0.0567 0.0160 0.0260 0.0000 0.0427
7.7000 80000.0000 -3.7500 2.2273 0.2491 0.5275 0.0558 0.0234 0.0598 0.0169 0.0208 0.0000 0.0386
7.7000 80000.0000 -4.0000 1.9784 0.0780 0.6354 0.0397 0.0248 0.0635 0.0180 0.0155 0.0000 0.0348
7.7000 90000.0000 -1.5000 0.2085 5.0413 0.0408 0.0673 0.0144 0.0372 0.0103 0.1208 0.0260 0.0260
7.7000 90000.0000 -1.7500 0.2667 5.0386 0.0515 0.0819 0.0158 0.0406 0.0113 0.0973 0.0217 0.0316
7.7000 90000.0000 -2.0000 0.3559 4.8104 0.0677 0.0970 0.0168 0.0431 0.0120 0.0803 0.0165 0.0376
7.7000 90000.0000 -2.2500 0.4931 4.4076 0.0920 0.1100 0.0175 0.0450 0.0125 0.0689 0.0113 0.0433
7.7000 90000.0000 -2.5000 0.7021 3.8581 0.1277 0.1176 0.0181 0.0465 0.0130 0.0618 0.0067 0.0476
7.7000 90000.0000 -2.7500 1.0051 3.1779 0.1783 0.1174 0.0187 0.0479 0.0134 0.0576 0.0034 0.0500
7.7000 90000.0000 -3.0000 1.4048 2.3838 0.2465 0.1088 0.0193 0.0494 0.0139 0.0546 0.0013 0.0498
7.7000 90000.0000 -3.2500 1.8532 1.5313 0.3335 0.0935 0.0202 0.0516 0.0145 0.0508 0.0000 0.0471
7.7000 90000.0000 -3.5000 2.1899 0.7684 0.4366 0.0749 0.0214 0.0547 0.0154 0.0443 0.0000 0.0434
7.7000 90000.0000 -3.7500 2.2179 0.2920 0.5493 0.0564 0.0231 0.0590 0.0166 0.0356 0.0000 0.0395
7.7000 90000.0000 -4.0000 1.9921 0.0926 0.6660 0.0405 0.0250 0.0640 0.0181 0.0269 0.0000 0.0360
8.0000 30000.0000 -1.5000 2.2382 2.2135 0.0830 0.1936 0.0214 0.0551 0.0155 0.0000 0.0000 0.0556
8.0000 30000.0000 -1.7500 2.6884 1.5866 0.1217 0.1846 0.0204 0.0524 0.0148 0.0000 0.0000 0.0504
8.0000 30000.0000 -2.0000 3.0407 1.0248 0.1771 0.1717 0.0190 0.0487 0.0137 0.0000 0.0000 0.0442
8.0000 30000.0000 -2.2500 3.2035 0.5867 0.2526 0.1538 0.0175 0.0450 0.0127 0.0000 0.0000 0.0381
8.0000 30000.0000 -2.5000 3.1571 0.2980 0.3468 0.1311 0.0164 0.0421 0.0119 0.0000 0.0000 0.0325
8.0000 30000.0000 -2.7500 2.9526 0.1338 0.4539 0.1051 0.0155 0.0398 0.0113 0.0000 0.0000 0.0276
8.0000 30000.0000 -3.0000 2.6519 0.0544 0.5568 0.0789 0.0149 0.0383 0.0108 0.0000 0.0000 0.0235
8.0000 30000.0000 -3.2500 2.3241 0.0203 0.6425 0.0552 0.0143 0.0368 0.0104 0.0000 0.0000 0.0198
8.0000 30000.0000 -3.5000 1.9842 0.0071 0.6970 0.0363 0.0135 0.0347 0.0098 0.0000 0.0000 0.0162
8.0000 30000.0000 -3.7500 1.6529 0.0023 0.7203 0.0226 0.0123 0.0316 0.0090 0.0000 0.0000 0.0128
8.0000 30000.0000 -4.0000 1.3480 0.0000 0.7218 0.0137 0.0107 0.0277 0.0079 0.0000 0.0000 0.0096
8.0000 32500.0000 -1.5000 1.7325 3.1434 0.0695 0.2055 0.0219 0.0563 0.0158 0.0000 0.0000 0.0607
8.0000 32500.0000 -1.7500 2.1994 2.4591 0.0992 0.1977 0.0218 0.0559 0.0157 0.0000 0.0000 0.0581
8.0000 32500.0000 -2.0000 2.6691 1.7605 0.1449 0.1861 0.0214 0.0548 0.0154 0.0000 0.0000 0.0543
8.0000 32500.0000 -2.2500 3.0386 1.1225 0.2107 0.1701 0.0206 0.0528 0.0149 0.0000 0.0000 0.0490
8.0000 32500.0000 -2.5000 3.2120 0.6245 0.2981 0.1491 0.0197 0.0506 0.0143 0.0000 0.0000 0.0433
8.0000 32500.0000 -2.7500 3.1649 0.2996 0.4033 0.1240 0.0190 0.0486 0.0137 0.0000 0.0000 0.0378
8.0000 32500.0000 -3.0000 2.9377 0.1256 0.5146 0.0968 0.0182 0.0468 0.0132 0.0000 0.0000 0.0324
8.0000 32500.0000 -3.2500 2.6207 0.0467 0.6193 0.0703 0.0174 0.0447 0.0126 0.0000 0.0000 0.0272
8.0000 32500.0000 -3.5000 2.2585 0.0159 0.6982 0.0475 0.0163 0.0419 0.0119 0.0000 0.0000 0.0221
8.0000 32500.0000 -3.7500 1.8978 0.0052 0.7457 0.0303 0.0149 0.0382 0.0108 0.0000 0.0000 0.0175
8.0000 32500.0000 -4.0000 1.5603 0.0016 0.7660 0.0185 0.0132 0.0339 0.0096 0.0000 0.0000 0.0133
8.0000 35000.0000 -1.5000 1.3467 3.9615 0.0631 0.2144 0.0220 0.0566 0.0159 0.0000 0.0000 0.0642
8.0000 35000.0000 -1.7500 1.7653 3.2624 0.0874 0.2079 0.0220 0.0565 0.0159 0.0000 0.0000 0.0620
8.0000 35000.0000 -2.0000 2.2552 2.5037 0.1248 0.1975 0.0219 0.0562 0.0158 0.0000 0.0000 0.0591
8.0000 35000.0000 -2.2500 2.7432 1.7392 0.1806 0.1831 0.0217 0.0556 0.0157 0.0000 0.0000 0.0554
8.0000 35000.0000 -2.5000 3.1122 1.0579 0.2589 0.1641 0.0213 0.0547 0.0154 0.0000 0.0000 0.0508
8.0000 35000.0000 -2.7500 3.2596 0.5490 0.3598 0.1404 0.0208 0.0534 0.0151 0.0000 0.0000 0.0455
8.0000 35000.0000 -3.0000 3.1646 0.2405 0.4769 0.1130 0.0202 0.0518 0.0146 0.0000 0.0000 0.0397
8.0000 35000.0000 -3.2500 2.8891 0.0910 0.5957 0.0846 0.0194 0.0497 0.0141 0.0000 0.0000 0.0336
8.0000 35000.0000 -3.5000 2.5178 0.0310 0.6952 0.0587 0.0183 0.0470 0.0133 0.0000 0.0000 0.0277
8.0000 35000.0000 -3.7500 2.1290 0.0099 0.7639 0.0381 0.0169 0.0435 0.0123 0.0000 0.0000 0.0221
8.0000 35000.0000 -4.0000 1.7610 0.0031 0.8025 0.0237 0.0152 0.0392 0.0111 0.0000 0.0000 0.0171
8.0000 37500.0000 -1.5000 1.0758 4.6778 0.0599 0.2205 0.0221 0.0568 0.0160 0.0000 0.0014 0.0667
8.0000 37500.0000 -1.7500 1.4323 3.9703 0.0812 0.2158 0.0221 0.0567 0.0159 0.0000 0.0000 0.0649
8.0000 37500.0000 -2.0000 1.8907 3.1886 0.1139 0.2066 0.0220 0.0565 0.0159 0.0000 0.0000 0.0624
8.0000 37500.0000 -2.2500 2.4169 2.3557 0.1631 0.1933 0.0219 0.0563 0.0158 0.0000 0.0000 0.0591
8.0000 37500.0000 -2.5000 2.9185 1.5444 0.2345 0.1759 0.0218 0.0558 0.0157 0.0000 0.0000 0.0552
8.0000 37500.0000 -2.7500 3.2518 0.8635 0.3308 0.1535 0.0215 0.0551 0.0156 0.0000 0.0000 0.0505
8.0000 37500.0000 -3.0000 3.3139 0.4011 0.4489 0.1267 0.0211 0.0541 0.0153 0.0000 0.0000 0.0450
8.0000 37500.0000 -3.2500 3.1137 0.1563 0.5763 0.0973 0.0205 0.0525 0.0149 0.0000 0.0000 0.0389
8.0000 37500.0000 -3.5000 2.7510 0.0538 0.6910 0.0691 0.0196 0.0504 0.0143 0.0000 0.0000 0.0325
8.0000 37500.0000 -3.7500 2.3447 0.0172 0.7784 0.0458 0.0185 0.0474 0.0134 0.0000 0.0000 0.0263
8.0000 37500.0000 -4.0000 1.9483 0.0053 0.8335 0.0289 0.0170 0.0436 0.0124 0.0000 0.0000 0.0208
8.0000 40000.0000 -1.5000 0.8885 5.3128 0.0585 0.2235 0.0221 0.0569 0.0160 0.0000 0.0023 0.0681
8.0000 40000.0000 -1.7500 1.1899 4.5926 0.0780 0.2214 0.0221 0.0569 0.0160 0.0000 0.0013 0.0671
8.0000 40000.0000 -2.0000 1.6012 3.8002 0.1078 0.2138 0.0221 0.0567 0.0160 0.0000 0.0000 0.0650
8.0000 40000.0000 -2.2500 2.1209 2.9350 0.1530 0.2017 0.0221 0.0566 0.0159 0.0000 0.0000 0.0620
8.0000 40000.0000 -2.5000 2.6887 2.0403 0.2194 0.1853 0.0220 0.0563 0.0159 0.0000 0.0000 0.0584
8.0000 40000.0000 -2.7500 3.1664 1.2200 0.3115 0.1641 0.0218 0.0560 0.0158 0.0000 0.0000 0.0542
8.0000 40000.0000 -3.0000 3.3924 0.6023 0.4292 0.1381 0.0216 0.0553 0.0156 0.0000 0.0000 0.0491
8.0000 40000.0000 -3.2500 3.2942 0.2438 0.5619 0.1083 0.0212 0.0543 0.0153 0.0000 0.0000 0.0431
8.0000 40000.0000 -3.5000 2.9593 0.0852 0.6880 0.0786 0.0205 0.0527 0.0149 0.0000 0.0000 0.0366
8.0000 40000.0000 -3.7500 2.5383 0.0272 0.7899 0.0530 0.0196 0.0504 0.0143 0.0000 0.0000 0.0302
8.0000 40000.0000 -4.0000 2.1199 0.0083 0.8607 0.0340 0.0184 0.0472 0.0134 0.0000 0.0000 0.0242
8.0000 45000.0000 -1.5000 0.6635 6.4069 0.0588 0.2210 0.0221 0.0569 0.0160 0.0013 0.0052 0.0679
8.0000 45000.0000 -1.7500 0.8881 5.6462 0.0765 0.2258 0.0221 0.0569 0.0160 0.0000 0.0030 0.0691
8.0000 45000.0000 -2.0000 1.2139 4.8311 0.1034 0.2233 0.0222 0.0569 0.0160 0.0000 0.0016 0.0685
8.0000 45000.0000 -2.2500 1.6712 3.9356 0.1441 0.2142 0.0222 0.0568 0.0160 0.0000 0.0000 0.0664
8.0000 45000.0000 -2.5000 2.2582 2.9616 0.2048 0.1998 0.0222 0.0568 0.0160 0.0000 0.0000 0.0633
8.0000 45000.0000 -2.7500 2.8915 1.9644 0.2912 0.1802 0.0221 0.0567 0.0160 0.0000 0.0000 0.0596
8.0000 45000.0000 -3.0000 3.3766 1.0856 0.4058 0.1554 0.0221 0.0565 0.0160 0.0000 0.0000 0.0551
8.0000 45000.0000 -3.2500 3.5194 0.4779 0.5445 0.1257 0.0219 0.0562 0.0159 0.0000 0.0000 0.0496
8.0000 45000.0000 -3.5000 3.2858 0.1742 0.6858 0.0942 0.0217 0.0555 0.0157 0.0000 0.0000 0.0432
8.0000 45000.0000 -3.7500 2.8666 0.0564 0.8106 0.0656 0.0212 0.0544 0.0154 0.0000 0.0000 0.0366
8.0000 45000.0000 -4.0000 2.4128 0.0173 0.9071 0.0431 0.0204 0.0525 0.0149 0.0000 0.0000 0.0303
8.0000 50000.0000 -1.5000 0.5441 7.3186 0.0610 0.2100 0.0220 0.0566 0.0159 0.0034 0.0091 0.0645
8.0000 50000.0000 -1.7500 0.7239 6.5106 0.0780 0.2222 0.0220 0.0567 0.0159 0.0026 0.0056 0.0683
8.0000 50000.0000 -2.0000 0.9918 5.6626 0.1040 0.2261 0.0221 0.0567 0.0159 0.0020 0.0032 0.0698
8.0000 50000.0000 -2.2500 1.3868 4.7468 0.1432 0.2217 0.0221 0.0568 0.0160 0.0017 0.0016 0.0692
8.0000 50000.0000 -2.5000 1.9370 3.7413 0.2015 0.2100 0.0222 0.0569 0.0160 0.0015 0.0000 0.0670
8.0000 50000.0000 -2.7500 2.6109 2.6574 0.2852 0.1919 0.0222 0.0570 0.0161 0.0014 0.0000 0.0636
8.0000 50000.0000 -3.0000 3.2505 1.6006 0.3981 0.1679 0.0223 0.0571 0.0161 0.0013 0.0000 0.0594
8.0000 50000.0000 -3.2500 3.6033 0.7696 0.5382 0.1386 0.0223 0.0572 0.0162 0.0012 0.0000 0.0543
8.0000 50000.0000 -3.5000 3.5118 0.2938 0.6903 0.1062 0.0223 0.0572 0.0162 0.0010 0.0000 0.0482
8.0000 50000.0000 -3.7500 3.1257 0.0969 0.8319 0.0756 0.0222 0.0569 0.0161 0.0000 0.0000 0.0417
8.0000 50000.0000 -4.0000 2.6528 0.0298 0.9492 0.0508 0.0219 0.0561 0.0159 0.0000 0.0000 0.0353
8.0000 55000.0000 -1.5000 0.4762 8.0686 0.0637 0.1952 0.0217 0.0559 0.0156 0.0075 0.0135 0.0598
8.0000 55000.0000 -1.7500 0.6295 7.2263 0.0809 0.2134 0.0218 0.0562 0.0157 0.0057 0.0088 0.0656
8.0000 55000.0000 -2.0000 0.8600 6.3451 0.1069 0.2238 0.0219 0.0563 0.0158 0.0045 0.0052 0.0692
8.0000 55000.0000 -2.2500 1.2086 5.4069 0.1460 0.2247 0.0220 0.0565 0.0159 0.0038 0.0028 0.0704
8.0000 55000.0000 -2.5000 1.7155 4.3830 0.2040 0.2166 0.0221 0.0567 0.0159 0.0034 0.0013 0.0694
8.0000 55000.0000 -2.7500 2.3827 3.2552 0.2871 0.2005 0.0222 0.0570 0.0160 0.0031 0.0000 0.0667
8.0000 55000.0000 -3.0000 3.0974 2.0886 0.3997 0.1772 0.0224 0.0573 0.0162 0.0029 0.0000 0.0628
8.0000 55000.0000 -3.2500 3.6043 1.0800 0.5412 0.1481 0.0225 0.0577 0.0163 0.0027 0.0000 0.0579
8.0000 55000.0000 -3.5000 3.6644 0.4340 0.7012 0.1152 0.0227 0.0582 0.0164 0.0023 0.0000 0.0521
8.0000 55000.0000 -3.7500 3.3263 0.1465 0.8555 0.0834 0.0229 0.0586 0.0166 0.0018 0.0000 0.0457
8.0000 55000.0000 -4.0000 2.8472 0.0454 0.9895 0.0570 0.0229 0.0588 0.0166 0.0013 0.0000 0.0394
8.0000 60000.0000 -1.5000 0.4355 8.6477 0.0665 0.1797 0.0213 0.0548 0.0153 0.0143 0.0177 0.0550
8.0000 60000.0000 -1.7500 0.5722 7.8035 0.0841 0.2021 0.0215 0.0553 0.0155 0.0109 0.0121 0.0620
8.0000 60000.0000 -2.0000 0.7792 6.9054 0.1107 0.2179 0.0217 0.0557 0.0156 0.0087 0.0075 0.0675
8.0000 60000.0000 -2.2500 1.0955 5.9497 0.1505 0.2243 0.0218 0.0559 0.0157 0.0073 0.0042 0.0705
8.0000 60000.0000 -2.5000 1.5662 4.9102 0.2092 0.2203 0.0220 0.0563 0.0158 0.0065 0.0020 0.0710
8.0000 60000.0000 -2.7500 2.2106 3.7567 0.2931 0.2065 0.0221 0.0567 0.0159 0.0060 0.0000 0.0691
8.0000 60000.0000 -3.0000 2.9545 2.5230 0.4067 0.1841 0.0223 0.0572 0.0161 0.0056 0.0000 0.0655
8.0000 60000.0000 -3.2500 3.5673 1.3818 0.5503 0.1552 0.0226 0.0578 0.0163 0.0052 0.0000 0.0607
8.0000 60000.0000 -3.5000 3.7566 0.5839 0.7156 0.1221 0.0229 0.0587 0.0166 0.0045 0.0000 0.0551
8.0000 60000.0000 -3.7500 3.4808 0.2013 0.8810 0.0894 0.0233 0.0598 0.0169 0.0035 0.0000 0.0489
8.0000 60000.0000 -4.0000 3.0044 0.0629 1.0294 0.0619 0.0237 0.0607 0.0172 0.0025 0.0000 0.0427
8.0000 70000.0000 -1.5000 0.3945 9.2684 0.0711 0.1528 0.0199 0.0512 0.0143 0.0378 0.0249 0.0470
8.0000 70000.0000 -1.7500 0.5137 8.5338 0.0900 0.1791 0.0204 0.0525 0.0147 0.0291 0.0184 0.0550
8.0000 70000.0000 -2.0000 0.6948 7.6817 0.1182 0.2020 0.0208 0.0533 0.0149 0.0235 0.0124 0.0627
8.0000 70000.0000 -2.2500 0.9738 6.7399 0.1604 0.2174 0.0210 0.0540 0.0151 0.0199 0.0075 0.0686
8.0000 70000.0000 -2.5000 1.3947 5.6905 0.2223 0.2214 0.0213 0.0546 0.0153 0.0178 0.0039 0.0717
8.0000 70000.0000 -2.7500 1.9928 4.5140 0.3098 0.2129 0.0216 0.0552 0.0155 0.0164 0.0017 0.0719
8.0000 70000.0000 -3.0000 2.7372 3.2140 0.4277 0.1930 0.0219 0.0560 0.0158 0.0155 0.0000 0.0693
8.0000 70000.0000 -3.2500 3.4599 1.9111 0.5770 0.1645 0.0223 0.0572 0.0161 0.0144 0.0000 0.0649
8.0000 70000.0000 -3.5000 3.8378 0.8796 0.7511 0.1312 0.0230 0.0588 0.0166 0.0126 0.0000 0.0595
8.0000 70000.0000 -3.7500 3.6952 0.3176 0.9338 0.0977 0.0238 0.0609 0.0172 0.0100 0.0000 0.0536
8.0000 70000.0000 -4.0000 3.2386 0.0997 1.1085 0.0687 0.0247 0.0634 0.0179 0.0073 0.0000 0.0478
8.0000 80000.0000 -1.5000 0.3780 9.1685 0.0743 0.1330 0.0178 0.0459 0.0128 0.0746 0.0300 0.0414
8.0000 80000.0000 -1.7500 0.4887 8.6920 0.0942 0.1600 0.0187 0.0481 0.0134 0.0587 0.0234 0.0495
8.0000 80000.0000 -2.0000 0.6575 8.0145 0.1241 0.1864 0.0194 0.0497 0.0139 0.0479 0.0167 0.0579
8.0000 80000.0000 -2.2500 0.9173 7.1727 0.1689 0.2073 0.0198 0.0508 0.0142 0.0410 0.0108 0.0654
8.0000 80000.0000 -2.5000 1.3106 6.1773 0.2343 0.2177 0.0202 0.0517 0.0145 0.0368 0.0061 0.0707
8.0000 80000.0000 -2.7500 1.8736 5.0177 0.3265 0.2144 0.0206 0.0527 0.0148 0.0342 0.0029 0.0728
8.0000 80000.0000 -3.0000 2.5969 3.7011 0.4499 0.1974 0.0210 0.0538 0.0151 0.0323 0.0011 0.0716
8.0000 80000.0000 -3.2500 3.3625 2.3210 0.6066 0.1698 0.0217 0.0555 0.0156 0.0300 0.0000 0.0677
8.0000 80000.0000 -3.5000 3.8645 1.1323 0.7906 0.1364 0.0226 0.0578 0.0163 0.0261 0.0000 0.0625
8.0000 80000.0000 -3.7500 3.8255 0.4237 0.9881 0.1025 0.0238 0.0610 0.0172 0.0208 0.0000 0.0568
8.0000 80000.0000 -4.0000 3.3978 0.1343 1.1838 0.0730 0.0253 0.0648 0.0183 0.0155 0.0000 0.0513
8.0000 90000.0000 -1.5000 0.3712 8.4465 0.0762 0.1188 0.0153 0.0392 0.0109 0.1214 0.0326 0.0372
8.0000 90000.0000 -1.7500 0.4766 8.3337 0.0970 0.1452 0.0166 0.0425 0.0118 0.0978 0.0269 0.0451
8.0000 90000.0000 -2.0000 0.6382 7.9212 0.1281 0.1729 0.0175 0.0449 0.0125 0.0811 0.0203 0.0537
8.0000 90000.0000 -2.2500 0.8871 7.2754 0.1748 0.1971 0.0182 0.0466 0.0130 0.0701 0.0139 0.0621
8.0000 90000.0000 -2.5000 1.2631 6.4114 0.2433 0.2121 0.0187 0.0479 0.0134 0.0631 0.0084 0.0687
8.0000 90000.0000 -2.7500 1.8021 5.3293 0.3398 0.2133 0.0192 0.0492 0.0138 0.0589 0.0042 0.0726
8.0000 90000.0000 -3.0000 2.5057 4.0392 0.4695 0.1993 0.0198 0.0507 0.0142 0.0557 0.0016 0.0728
8.0000 90000.0000 -3.2500 3.2863 2.6227 0.6344 0.1727 0.0206 0.0528 0.0149 0.0515 0.0000 0.0695
8.0000 90000.0000 -3.5000 3.8674 1.3284 0.8294 0.1392 0.0219 0.0560 0.0158 0.0446 0.0000 0.0645
8.0000 90000.0000 -3.7500 3.9071 0.5088 1.0409 0.1052 0.0236 0.0602 0.0170 0.0357 0.0000 0.0590
8.0000 90000.0000 -4.0000 3.5022 0.1626 1.2550 0.0757 0.0255 0.0653 0.0185 0.0270 0.0000 0.0539
8.3000 30000.0000 -1.5000 2.3001 2.0082 0.1179 0.2580 0.0215 0.0555 0.0156 0.0000 0.0000 0.0875
8.3000 30000.0000 -1.7500 2.6387 1.4237 0.1713 0.2458 0.0202 0.0522 0.0148 0.0000 0.0000 0.0782
8.3000 30000.0000 -2.0000 2.8642 0.9178 0.2460 0.2277 0.0187 0.0483 0.0137 0.0000 0.0000 0.0682
8.3000 30000.0000 -2.2500 2.9100 0.5283 0.3440 0.2020 0.0174 0.0448 0.0127 0.0000 0.0000 0.0587
8.3000 30000.0000 -2.5000 2.7737 0.2693 0.4612 0.1695 0.0163 0.0421 0.0119 0.0000 0.0000 0.0500
8.3000 30000.0000 -2.7500 2.4855 0.1209 0.5832 0.1326 0.0155 0.0401 0.0114 0.0000 0.0000 0.0420
8.3000 30000.0000 -3.0000 2.1041 0.0485 0.6838 0.0959 0.0150 0.0387 0.0110 0.0000 0.0000 0.0347
8.3000 30000.0000 -3.2500 1.6777 0.0173 0.7393 0.0636 0.0144 0.0372 0.0106 0.0000 0.0000 0.0278
8.3000 30000.0000 -3.5000 1.2480 0.0055 0.7371 0.0386 0.0135 0.0349 0.0099 0.0000 0.0000 0.0209
8.3000 30000.0000 -3.7500 0.8853 0.0016 0.6943 0.0220 0.0121 0.0315 0.0090 0.0000 0.0000 0.0148
8.3000 30000.0000 -4.0000 0.6178 0.0000 0.6373 0.0123 0.0105 0.0272 0.0078 0.0000 0.0000 0.0101
8.3000 32500.0000 -1.5000 1.8370 2.9791 0.0982 0.2726 0.0222 0.0573 0.0162 0.0000 0.0000 0.0973
8.3000 32500.0000 -1.7500 2.2362 2.2861 0.1403 0.2621 0.0220 0.0568 0.0160 0.0000 0.0000 0.0926
8.3000 32500.0000 -2.0000 2.6000 1.6159 0.2041 0.2464 0.0214 0.0552 0.0156 0.0000 0.0000 0.0856
8.3000 32500.0000 -2.2500 2.8534 1.0271 0.2931 0.2244 0.0206 0.0530 0.0150 0.0000 0.0000 0.0769
8.3000 32500.0000 -2.5000 2.9174 0.5732 0.4064 0.1951 0.0197 0.0509 0.0144 0.0000 0.0000 0.0677
8.3000 32500.0000 -2.7500 2.7751 0.2755 0.5349 0.1595 0.0190 0.0490 0.0139 0.0000 0.0000 0.0585
8.3000 32500.0000 -3.0000 2.4587 0.1143 0.6581 0.1210 0.0183 0.0472 0.0134 0.0000 0.0000 0.0492
8.3000 32500.0000 -3.2500 2.0348 0.0411 0.7505 0.0840 0.0174 0.0450 0.0128 0.0000 0.0000 0.0396
8.3000 32500.0000 -3.5000 1.5753 0.0131 0.7899 0.0533 0.0163 0.0420 0.0119 0.0000 0.0000 0.0302
8.3000 32500.0000 -3.7500 1.1570 0.0038 0.7781 0.0314 0.0147 0.0381 0.0108 0.0000 0.0000 0.0219
8.3000 32500.0000 -4.0000 0.8269 0.0011 0.7366 0.0180 0.0129 0.0335 0.0095 0.0000 0.0000 0.0153
8.3000 35000.0000 -1.5000 1.4611 3.8902 0.0896 0.2846 0.0223 0.0577 0.0162 0.0000 0.0000 0.1033
8.3000 35000.0000 -1.7500 1.8493 3.1362 0.1240 0.2755 0.0223 0.0575 0.0162 0.0000 0.0000 0.0995
8.3000 35000.0000 -2.0000 2.2743 2.3674 0.1766 0.2618 0.0222 0.0571 0.0161 0.0000 0.0000 0.0948
8.3000 35000.0000 -2.2500 2.6681 1.6307 0.2542 0.2428 0.0219 0.0564 0.0159 0.0000 0.0000 0.0888
8.3000 35000.0000 -2.5000 2.9314 0.9911 0.3605 0.2169 0.0215 0.0553 0.0157 0.0000 0.0000 0.0814
8.3000 35000.0000 -2.7500 2.9814 0.5145 0.4919 0.1837 0.0210 0.0540 0.0153 0.0000 0.0000 0.0724
8.3000 35000.0000 -3.0000 2.7854 0.2245 0.6328 0.1449 0.0203 0.0523 0.0148 0.0000 0.0000 0.0622
8.3000 35000.0000 -3.2500 2.3912 0.0829 0.7551 0.1045 0.0194 0.0501 0.0142 0.0000 0.0000 0.0510
8.3000 35000.0000 -3.5000 1.9082 0.0267 0.8305 0.0687 0.0183 0.0472 0.0134 0.0000 0.0000 0.0398
8.3000 35000.0000 -3.7500 1.4396 0.0078 0.8499 0.0417 0.0168 0.0435 0.0124 0.0000 0.0000 0.0296
8.3000 35000.0000 -4.0000 1.0547 0.0022 0.8296 0.0244 0.0150 0.0389 0.0111 0.0000 0.0000 0.0213
8.3000 37500.0000 -1.5000 1.1960 4.7248 0.0861 0.2940 0.0224 0.0578 0.0163 0.0000 0.0015 0.1083
8.3000 37500.0000 -1.7500 1.5433 3.9268 0.1163 0.2867 0.0224 0.0577 0.0163 0.0000 0.0000 0.1049
8.3000 37500.0000 -2.0000 1.9698 3.0964 0.1629 0.2744 0.0223 0.0575 0.0162 0.0000 0.0000 0.1006
8.3000 37500.0000 -2.2500 2.4349 2.2611 0.2326 0.2573 0.0222 0.0572 0.0162 0.0000 0.0000 0.0956
8.3000 37500.0000 -2.5000 2.8500 1.4769 0.3323 0.2343 0.0220 0.0567 0.0160 0.0000 0.0000 0.0897
8.3000 37500.0000 -2.7500 3.0935 0.8271 0.4633 0.2039 0.0217 0.0559 0.0158 0.0000 0.0000 0.0821
8.3000 37500.0000 -3.0000 3.0493 0.3838 0.6139 0.1659 0.0213 0.0547 0.0155 0.0000 0.0000 0.0725
8.3000 37500.0000 -3.2500 2.7250 0.1470 0.7590 0.1237 0.0206 0.0531 0.0151 0.0000 0.0000 0.0610
8.3000 37500.0000 -3.5000 2.2407 0.0484 0.8649 0.0840 0.0197 0.0508 0.0144 0.0000 0.0000 0.0489
8.3000 37500.0000 -3.7500 1.7317 0.0143 0.9144 0.0526 0.0184 0.0476 0.0135 0.0000 0.0000 0.0374
8.3000 37500.0000 -4.0000 1.2925 0.0041 0.9157 0.0314 0.0168 0.0435 0.0124 0.0000 0.0000 0.0276
8.3000 40000.0000 -1.5000 1.0153 5.4989 0.0854 0.3000 0.0225 0.0579 0.0163 0.0000 0.0027 0.1120
8.3000 40000.0000 -1.7500 1.3214 4.6577 0.1133 0.2959 0.0225 0.0579 0.0163 0.0000 0.0015 0.1095
8.3000 40000.0000 -2.0000 1.7239 3.7821 0.1561 0.2854 0.0224 0.0577 0.0163 0.0000 0.0000 0.1056
8.3000 40000.0000 -2.2500 2.2121 2.8815 0.2210 0.2697 0.0224 0.0576 0.0163 0.0000 0.0000 0.1011
8.3000 40000.0000 -2.5000 2.7199 1.9907 0.3158 0.2486 0.0223 0.0573 0.0162 0.0000 0.0000 0.0959
8.3000 40000.0000 -2.7500 3.1218 1.1923 0.4452 0.2205 0.0221 0.0568 0.0161 0.0000 0.0000 0.0894
8.3000 40000.0000 -3.0000 3.2508 0.5898 0.6025 0.1840 0.0218 0.0561 0.0159 0.0000 0.0000 0.0808
8.3000 40000.0000 -3.2500 3.0309 0.2364 0.7648 0.1412 0.0213 0.0549 0.0156 0.0000 0.0000 0.0698
8.3000 40000.0000 -3.5000 2.5606 0.0798 0.8955 0.0987 0.0207 0.0532 0.0151 0.0000 0.0000 0.0573
8.3000 40000.0000 -3.7500 2.0244 0.0240 0.9730 0.0635 0.0197 0.0507 0.0144 0.0000 0.0000 0.0450
8.3000 40000.0000 -4.0000 1.5362 0.0068 0.9963 0.0387 0.0183 0.0473 0.0135 0.0000 0.0000 0.0342
8.3000 45000.0000 -1.5000 0.8043 6.9281 0.0886 0.3019 0.0225 0.0579 0.0163 0.0012 0.0065 0.1150
8.3000 45000.0000 -1.7500 1.0506 5.9909 0.1146 0.3070 0.0225 0.0579 0.0163 0.0000 0.0037 0.1158
8.3000 45000.0000 -2.0000 1.3986 5.0334 0.1542 0.3026 0.0225 0.0579 0.0163 0.0000 0.0019 0.1139
8.3000 45000.0000 -2.2500 1.8708 4.0414 0.2144 0.2905 0.0225 0.0578 0.0163 0.0000 0.0000 0.1104
8.3000 45000.0000 -2.5000 2.4537 3.0139 0.3039 0.2721 0.0225 0.0578 0.0163 0.0000 0.0000 0.1060
8.3000 45000.0000 -2.7500 3.0530 1.9972 0.4302 0.2469 0.0224 0.0577 0.0163 0.0000 0.0000 0.1008
8.3000 45000.0000 -3.0000 3.4783 1.1079 0.5943 0.2132 0.0223 0.0574 0.0163 0.0000 0.0000 0.0938
8.3000 45000.0000 -3.2500 3.5156 0.4880 0.7808 0.1707 0.0222 0.0570 0.0162 0.0000 0.0000 0.0842
8.3000 45000.0000 -3.5000 3.1433 0.1747 0.9513 0.1248 0.0219 0.0563 0.0160 0.0000 0.0000 0.0720
8.3000 45000.0000 -3.7500 2.5817 0.0543 1.0758 0.0839 0.0214 0.0550 0.0156 0.0000 0.0000 0.0591
8.3000 45000.0000 -4.0000 2.0183 0.0158 1.1432 0.0531 0.0205 0.0530 0.0151 0.0000 0.0000 0.0469
8.3000 50000.0000 -1.5000 0.6972 8.2293 0.0945 0.2928 0.0224 0.0576 0.0162 0.0032 0.0119 0.1128
8.3000 50000.0000 -1.7500 0.9093 7.1950 0.1206 0.3082 0.0224 0.0577 0.0163 0.0024 0.0072 0.1178
8.3000 50000.0000 -2.0000 1.2183 6.1549 0.1600 0.3125 0.0225 0.0578 0.0163 0.0020 0.0039 0.1193
8.3000 50000.0000 -2.2500 1.6611 5.0904 0.2196 0.3064 0.0225 0.0578 0.0163 0.0017 0.0019 0.1179
8.3000 50000.0000 -2.5000 2.2546 3.9732 0.3080 0.2913 0.0225 0.0579 0.0164 0.0015 0.0000 0.1146
8.3000 50000.0000 -2.7500 2.9477 2.8132 0.4342 0.2680 0.0226 0.0580 0.0164 0.0014 0.0000 0.1101
8.3000 50000.0000 -3.0000 3.5700 1.7008 0.6022 0.2359 0.0226 0.0581 0.0164 0.0013 0.0000 0.1041
8.3000 50000.0000 -3.2500 3.8645 0.8189 0.8052 0.1943 0.0226 0.0582 0.0165 0.0012 0.0000 0.0957
8.3000 50000.0000 -3.5000 3.6408 0.3118 1.0051 0.1467 0.0226 0.0581 0.0165 0.0000 0.0000 0.0842
8.3000 50000.0000 -3.7500 3.0933 0.1002 1.1686 0.1018 0.0225 0.0578 0.0164 0.0000 0.0000 0.0713
8.3000 50000.0000 -4.0000 2.4784 0.0297 1.2766 0.0665 0.0221 0.0570 0.0162 0.0000 0.0000 0.0586
8.3000 55000.0000 -1.5000 0.6393 9.4036 0.1013 0.2779 0.0221 0.0570 0.0160 0.0070 0.0183 0.1077
8.3000 55000.0000 -1.7500 0.8323 8.2847 0.1283 0.3021 0.0223 0.0573 0.0161 0.0054 0.0116 0.1165
8.3000 55000.0000 -2.0000 1.1175 7.1707 0.1690 0.3158 0.0223 0.0574 0.0162 0.0044 0.0067 0.1218
8.3000 55000.0000 -2.2500 1.5380 6.0411 0.2302 0.3172 0.0224 0.0576 0.0163 0.0037 0.0035 0.1234
8.3000 55000.0000 -2.5000 2.1272 4.8557 0.3205 0.3068 0.0225 0.0578 0.0163 0.0033 0.0016 0.1220
8.3000 55000.0000 -2.7500 2.8625 3.5902 0.4491 0.2857 0.0226 0.0580 0.0164 0.0031 0.0000 0.1183
8.3000 55000.0000 -3.0000 3.6088 2.3073 0.6217 0.2544 0.0227 0.0584 0.0165 0.0029 0.0000 0.1128
8.3000 55000.0000 -3.2500 4.1026 1.2004 0.8345 0.2134 0.0229 0.0588 0.0166 0.0026 0.0000 0.1051
8.3000 55000.0000 -3.5000 4.0586 0.4833 1.0606 0.1648 0.0231 0.0592 0.0168 0.0022 0.0000 0.0944
8.3000 55000.0000 -3.7500 3.5624 0.1609 1.2575 0.1174 0.0232 0.0597 0.0169 0.0017 0.0000 0.0819
8.3000 55000.0000 -4.0000 2.9065 0.0484 1.4006 0.0783 0.0232 0.0598 0.0170 0.0012 0.0000 0.0691
8.3000 60000.0000 -1.5000 0.6076 0.4277 0.1079 0.2613 0.0218 0.0561 0.0158 0.0134 0.0249 0.1017
8.3000 60000.0000 -1.7500 0.7897 9.2592 0.1363 0.2921 0.0220 0.0565 0.0159 0.0103 0.0167 0.1133
8.3000 60000.0000 -2.0000 1.0613 8.0867 0.1791 0.3141 0.0221 0.0568 0.0160 0.0084 0.0101 0.1220
8.3000 60000.0000 -2.2500 1.4672 6.9018 0.2431 0.3235 0.0222 0.0571 0.0161 0.0072 0.0055 0.1269
8.3000 60000.0000 -2.5000 2.0492 5.6575 0.3370 0.3188 0.0224 0.0574 0.0162 0.0064 0.0026 0.1279
8.3000 60000.0000 -2.7500 2.8088 4.3112 0.4698 0.3006 0.0225 0.0578 0.0163 0.0060 0.0011 0.1255
8.3000 60000.0000 -3.0000 3.6376 2.8979 0.6484 0.2701 0.0227 0.0583 0.0165 0.0056 0.0000 0.1205
8.3000 60000.0000 -3.2500 4.2819 1.5977 0.8709 0.2290 0.0230 0.0590 0.0167 0.0052 0.0000 0.1132
8.3000 60000.0000 -3.5000 4.4097 0.6792 1.1169 0.1799 0.0233 0.0599 0.0170 0.0044 0.0000 0.1032
8.3000 60000.0000 -3.7500 3.9723 0.2326 1.3421 0.1303 0.0237 0.0610 0.0173 0.0034 0.0000 0.0910
8.3000 60000.0000 -4.0000 3.3032 0.0714 1.5187 0.0887 0.0241 0.0620 0.0176 0.0024 0.0000 0.0783
8.3000 70000.0000 -1.5000 0.5819 1.8945 0.1190 0.2311 0.0206 0.0528 0.0148 0.0357 0.0376 0.0908
8.3000 70000.0000 -1.7500 0.7546 0.7749 0.1508 0.2692 0.0210 0.0539 0.0151 0.0278 0.0270 0.1054
8.3000 70000.0000 -2.0000 1.0156 9.5927 0.1985 0.3031 0.0213 0.0547 0.0154 0.0228 0.0178 0.1191
8.3000 70000.0000 -2.2500 1.4085 8.3575 0.2694 0.3264 0.0216 0.0553 0.0156 0.0197 0.0105 0.1296
8.3000 70000.0000 -2.5000 1.9861 7.0371 0.3725 0.3338 0.0218 0.0559 0.0157 0.0178 0.0054 0.1358
8.3000 70000.0000 -2.7500 2.7698 5.5725 0.5171 0.3229 0.0220 0.0565 0.0159 0.0166 0.0024 0.1369
8.3000 70000.0000 -3.0000 3.6975 3.9724 0.7105 0.2951 0.0224 0.0574 0.0162 0.0156 0.0000 0.1335
8.3000 70000.0000 -3.2500 4.5561 2.3765 0.9533 0.2537 0.0228 0.0585 0.0166 0.0144 0.0000 0.1268
8.3000 70000.0000 -3.5000 4.9470 1.1020 1.2288 0.2029 0.0235 0.0602 0.0171 0.0124 0.0000 0.1173
8.3000 70000.0000 -3.7500 4.6604 0.3987 1.5003 0.1504 0.0243 0.0624 0.0177 0.0097 0.0000 0.1056
8.3000 70000.0000 -4.0000 3.9711 0.1250 1.7322 0.1049 0.0253 0.0649 0.0184 0.0071 0.0000 0.0934
8.3000 80000.0000 -1.5000 0.5792 2.4817 0.1270 0.2083 0.0186 0.0479 0.0134 0.0713 0.0480 0.0828
8.3000 80000.0000 -1.7500 0.7489 1.6332 0.1618 0.2493 0.0194 0.0499 0.0140 0.0566 0.0365 0.0985
8.3000 80000.0000 -2.0000 1.0072 0.6016 0.2140 0.2898 0.0200 0.0513 0.0144 0.0468 0.0256 0.1146
8.3000 80000.0000 -2.2500 1.3995 9.4331 0.2917 0.3228 0.0204 0.0523 0.0147 0.0407 0.0162 0.1291
8.3000 80000.0000 -2.5000 1.9791 8.1137 0.4044 0.3405 0.0208 0.0532 0.0150 0.0369 0.0090 0.1395
8.3000 80000.0000 -2.7500 2.7797 6.5996 0.5619 0.3375 0.0211 0.0541 0.0153 0.0346 0.0043 0.1446
8.3000 80000.0000 -3.0000 3.7673 4.8852 0.7716 0.3135 0.0216 0.0553 0.0156 0.0327 0.0017 0.1435
8.3000 80000.0000 -3.2500 4.7638 3.0785 1.0354 0.2720 0.0222 0.0570 0.0161 0.0302 0.0000 0.1375
8.3000 80000.0000 -3.5000 5.3651 1.5113 1.3398 0.2195 0.0232 0.0594 0.0168 0.0259 0.0000 0.1283
8.3000 80000.0000 -3.7500 5.2132 0.5681 1.6499 0.1647 0.0245 0.0627 0.0178 0.0205 0.0000 0.1170
8.3000 80000.0000 -4.0000 4.5273 0.1802 1.9321 0.1166 0.0260 0.0666 0.0189 0.0152 0.0000 0.1052
8.3000 90000.0000 -1.5000 0.5851 2.2153 0.1324 0.1918 0.0162 0.0415 0.0116 0.1178 0.0551 0.0768
8.3000 90000.0000 -1.7500 0.7534 1.8046 0.1695 0.2336 0.0174 0.0445 0.0125 0.0954 0.0443 0.0927
8.3000 90000.0000 -2.0000 1.0114 1.0656 0.2252 0.2777 0.0182 0.0467 0.0131 0.0798 0.0327 0.1101
8.3000 90000.0000 -2.2500 1.4053 0.0943 0.3085 0.3170 0.0189 0.0483 0.0136 0.0698 0.0220 0.1269
8.3000 90000.0000 -2.5000 1.9902 8.8883 0.4296 0.3427 0.0194 0.0495 0.0139 0.0636 0.0131 0.1407
8.3000 90000.0000 -2.7500 2.8052 7.4041 0.5988 0.3470 0.0198 0.0507 0.0143 0.0598 0.0065 0.1494
8.3000 90000.0000 -3.0000 3.8341 5.6362 0.8250 0.3269 0.0204 0.0522 0.0147 0.0565 0.0026 0.1510
8.3000 90000.0000 -3.2500 4.9325 3.6780 1.1101 0.2857 0.0213 0.0544 0.0154 0.0519 0.0000 0.1460
8.3000 90000.0000 -3.5000 5.6975 1.8740 1.4417 0.2317 0.0226 0.0578 0.0163 0.0446 0.0000 0.1369
8.3000 90000.0000 -3.7500 5.6596 0.7213 1.7875 0.1751 0.0243 0.0622 0.0176 0.0354 0.0000 0.1258
8.3000 90000.0000 -4.0000 4.9737 0.2312 2.1115 0.1254 0.0263 0.0675 0.0191 0.0267 0.0000 0.1143
8.6000 30000.0000 -1.5000 1.7634 1.2047 0.1386 0.2952 0.0213 0.0554 0.0157 0.0000 0.0000 0.0706
8.6000 30000.0000 -1.7500 1.8199 0.8567 0.1955 0.2779 0.0198 0.0515 0.0146 0.0000 0.0000 0.0618
8.6000 30000.0000 -2.0000 1.8017 0.5575 0.2708 0.2521 0.0183 0.0475 0.0135 0.0000 0.0000 0.0531
8.6000 30000.0000 -2.2500 1.6689 0.3223 0.3600 0.2164 0.0170 0.0442 0.0126 0.0000 0.0000 0.0449
8.6000 30000.0000 -2.5000 1.4086 0.1611 0.4466 0.1717 0.0161 0.0419 0.0119 0.0000 0.0000 0.0369
8.6000 30000.0000 -2.7500 1.0455 0.0678 0.4985 0.1222 0.0155 0.0404 0.0115 0.0000 0.0000 0.0287
8.6000 30000.0000 -3.0000 0.6567 0.0228 0.4869 0.0756 0.0150 0.0393 0.0112 0.0000 0.0000 0.0201
8.6000 30000.0000 -3.2500 0.3475 0.0058 0.4178 0.0398 0.0144 0.0378 0.0108 0.0000 0.0000 0.0122
8.6000 30000.0000 -3.5000 0.1795 0.0012 0.3421 0.0195 0.0133 0.0350 0.0100 0.0000 0.0000 0.0071
8.6000 30000.0000 -3.7500 0.1072 0.0000 0.2915 0.0102 0.0117 0.0310 0.0088 0.0000 0.0000 0.0045
8.6000 30000.0000 -4.0000 0.0677 0.0000 0.2513 0.0057 0.0099 0.0263 0.0075 0.0000 0.0000 0.0030
8.6000 32500.0000 -1.5000 1.4945 1.9088 0.1146 0.3081 0.0225 0.0586 0.0166 0.0000 0.0000 0.0804
8.6000 32500.0000 -1.7500 1.6442 1.4291 0.1622 0.2942 0.0221 0.0575 0.0163 0.0000 0.0000 0.0752
8.6000 32500.0000 -2.0000 1.7346 1.0009 0.2301 0.2733 0.0213 0.0554 0.0157 0.0000 0.0000 0.0679
8.6000 32500.0000 -2.2500 1.7282 0.6346 0.3168 0.2432 0.0204 0.0530 0.0151 0.0000 0.0000 0.0597
8.6000 32500.0000 -2.5000 1.5904 0.3499 0.4126 0.2033 0.0196 0.0510 0.0145 0.0000 0.0000 0.0511
8.6000 32500.0000 -2.7500 1.3051 0.1604 0.4944 0.1549 0.0190 0.0494 0.0141 0.0000 0.0000 0.0415
8.6000 32500.0000 -3.0000 0.9156 0.0582 0.5284 0.1037 0.0183 0.0478 0.0136 0.0000 0.0000 0.0307
8.6000 32500.0000 -3.2500 0.5385 0.0161 0.4955 0.0595 0.0174 0.0455 0.0130 0.0000 0.0000 0.0200
8.6000 32500.0000 -3.5000 0.2921 0.0036 0.4281 0.0307 0.0160 0.0421 0.0120 0.0000 0.0000 0.0121
8.6000 32500.0000 -3.7500 0.1744 0.0000 0.3732 0.0163 0.0143 0.0377 0.0107 0.0000 0.0000 0.0077
8.6000 32500.0000 -4.0000 0.1112 0.0000 0.3283 0.0091 0.0123 0.0325 0.0093 0.0000 0.0000 0.0051
8.6000 35000.0000 -1.5000 1.2058 2.6596 0.1037 0.3195 0.0227 0.0591 0.0167 0.0000 0.0000 0.0854
8.6000 35000.0000 -1.7500 1.4136 2.0656 0.1423 0.3072 0.0226 0.0588 0.0166 0.0000 0.0000 0.0814
8.6000 35000.0000 -2.0000 1.5910 1.5208 0.2000 0.2896 0.0224 0.0583 0.0165 0.0000 0.0000 0.0768
8.6000 35000.0000 -2.2500 1.7025 1.0326 0.2805 0.2649 0.0221 0.0574 0.0163 0.0000 0.0000 0.0708
8.6000 35000.0000 -2.5000 1.7017 0.6201 0.3808 0.2306 0.0216 0.0562 0.0159 0.0000 0.0000 0.0632
8.6000 35000.0000 -2.7500 1.5358 0.3111 0.4845 0.1856 0.0211 0.0547 0.0156 0.0000 0.0000 0.0536
8.6000 35000.0000 -3.0000 1.1922 0.1229 0.5579 0.1327 0.0204 0.0530 0.0151 0.0000 0.0000 0.0417
8.6000 35000.0000 -3.2500 0.7692 0.0368 0.5639 0.0816 0.0194 0.0507 0.0144 0.0000 0.0000 0.0288
8.6000 35000.0000 -3.5000 0.4438 0.0087 0.5158 0.0444 0.0181 0.0475 0.0135 0.0000 0.0000 0.0184
8.6000 35000.0000 -3.7500 0.2663 0.0020 0.4606 0.0239 0.0164 0.0432 0.0123 0.0000 0.0000 0.0118
8.6000 35000.0000 -4.0000 0.1710 0.0000 0.4131 0.0135 0.0145 0.0381 0.0109 0.0000 0.0000 0.0080
8.6000 37500.0000 -1.5000 0.9940 3.4039 0.1004 0.3311 0.0228 0.0592 0.0167 0.0000 0.0000 0.0903
8.6000 37500.0000 -1.7500 1.2082 2.7153 0.1343 0.3196 0.0228 0.0591 0.0167 0.0000 0.0000 0.0862
8.6000 37500.0000 -2.0000 1.4323 2.0683 0.1857 0.3033 0.0227 0.0588 0.0167 0.0000 0.0000 0.0819
8.6000 37500.0000 -2.2500 1.6313 1.4754 0.2605 0.2819 0.0225 0.0584 0.0166 0.0000 0.0000 0.0772
8.6000 37500.0000 -2.5000 1.7519 0.9492 0.3609 0.2526 0.0223 0.0578 0.0164 0.0000 0.0000 0.0713
8.6000 37500.0000 -2.7500 1.7147 0.5180 0.4772 0.2120 0.0219 0.0569 0.0162 0.0000 0.0000 0.0630
8.6000 37500.0000 -3.0000 1.4590 0.2231 0.5812 0.1601 0.0214 0.0556 0.0158 0.0000 0.0000 0.0516
8.6000 37500.0000 -3.2500 1.0291 0.0725 0.6254 0.1046 0.0207 0.0538 0.0153 0.0000 0.0000 0.0380
8.6000 37500.0000 -3.5000 0.6315 0.0183 0.6023 0.0600 0.0196 0.0512 0.0146 0.0000 0.0000 0.0255
8.6000 37500.0000 -3.7500 0.3851 0.0043 0.5524 0.0330 0.0181 0.0475 0.0135 0.0000 0.0000 0.0169
8.6000 37500.0000 -4.0000 0.2469 0.0011 0.5018 0.0187 0.0164 0.0430 0.0123 0.0000 0.0000 0.0115
8.6000 40000.0000 -1.5000 0.8582 4.1345 0.1015 0.3412 0.0228 0.0593 0.0168 0.0000 0.0014 0.0950
8.6000 40000.0000 -1.7500 1.0617 3.3627 0.1330 0.3321 0.0228 0.0592 0.0167 0.0000 0.0000 0.0911
8.6000 40000.0000 -2.0000 1.3004 2.6258 0.1808 0.3168 0.0228 0.0591 0.0167 0.0000 0.0000 0.0867
8.6000 40000.0000 -2.2500 1.5521 1.9408 0.2521 0.2969 0.0227 0.0588 0.0167 0.0000 0.0000 0.0824
8.6000 40000.0000 -2.5000 1.7627 1.3146 0.3517 0.2708 0.0226 0.0585 0.0166 0.0000 0.0000 0.0774
8.6000 40000.0000 -2.7500 1.8445 0.7697 0.4757 0.2342 0.0223 0.0579 0.0164 0.0000 0.0000 0.0706
8.6000 40000.0000 -3.0000 1.6986 0.3605 0.6018 0.1848 0.0220 0.0571 0.0162 0.0000 0.0000 0.0604
8.6000 40000.0000 -3.2500 1.2987 0.1267 0.6802 0.1272 0.0215 0.0558 0.0159 0.0000 0.0000 0.0468
8.6000 40000.0000 -3.5000 0.8466 0.0341 0.6850 0.0764 0.0207 0.0539 0.0154 0.0000 0.0000 0.0329
8.6000 40000.0000 -3.7500 0.5289 0.0082 0.6456 0.0432 0.0195 0.0510 0.0145 0.0000 0.0000 0.0225
8.6000 40000.0000 -4.0000 0.3418 0.0021 0.5961 0.0248 0.0179 0.0470 0.0134 0.0000 0.0000 0.0156
8.6000 45000.0000 -1.5000 0.7213 5.5838 0.1101 0.3522 0.0229 0.0593 0.0167 0.0011 0.0036 0.1016
8.6000 45000.0000 -1.7500 0.9030 4.6503 0.1406 0.3527 0.0229 0.0593 0.0168 0.0000 0.0020 0.0999
8.6000 45000.0000 -2.0000 1.1426 3.7566 0.1865 0.3429 0.0229 0.0592 0.0168 0.0000 0.0000 0.0964
8.6000 45000.0000 -2.2500 1.4403 2.9092 0.2554 0.3257 0.0228 0.0592 0.0168 0.0000 0.0000 0.0924
8.6000 45000.0000 -2.5000 1.7608 2.1083 0.3550 0.3026 0.0228 0.0591 0.0168 0.0000 0.0000 0.0882
8.6000 45000.0000 -2.7500 2.0201 1.3644 0.4882 0.2709 0.0227 0.0589 0.0167 0.0000 0.0000 0.0830
8.6000 45000.0000 -3.0000 2.0878 0.7308 0.6437 0.2265 0.0226 0.0586 0.0167 0.0000 0.0000 0.0752
8.6000 45000.0000 -3.2500 1.8223 0.2957 0.7776 0.1685 0.0224 0.0582 0.0165 0.0000 0.0000 0.0629
8.6000 45000.0000 -3.5000 1.3313 0.0899 0.8407 0.1098 0.0221 0.0574 0.0163 0.0000 0.0000 0.0481
8.6000 45000.0000 -3.7500 0.8825 0.0230 0.8342 0.0654 0.0214 0.0558 0.0159 0.0000 0.0000 0.0349
8.6000 45000.0000 -4.0000 0.5808 0.0060 0.7923 0.0384 0.0204 0.0533 0.0152 0.0000 0.0000 0.0251
8.6000 50000.0000 -1.5000 0.6680 7.0189 0.1227 0.3506 0.0228 0.0590 0.0166 0.0029 0.0072 0.1039
8.6000 50000.0000 -1.7500 0.8413 5.9296 0.1547 0.3637 0.0228 0.0590 0.0167 0.0022 0.0041 0.1058
8.6000 50000.0000 -2.0000 1.0807 4.8967 0.2025 0.3639 0.0228 0.0591 0.0167 0.0018 0.0021 0.1049
8.6000 50000.0000 -2.2500 1.3990 3.9095 0.2738 0.3526 0.0229 0.0592 0.0168 0.0016 0.0010 0.1022
8.6000 50000.0000 -2.5000 1.7820 2.9548 0.3769 0.3321 0.0229 0.0592 0.0168 0.0014 0.0000 0.0986
8.6000 50000.0000 -2.7500 2.1581 2.0328 0.5181 0.3024 0.0229 0.0593 0.0168 0.0013 0.0000 0.0941
8.6000 50000.0000 -3.0000 2.3914 1.1916 0.6923 0.2605 0.0229 0.0594 0.0169 0.0012 0.0000 0.0876
8.6000 50000.0000 -3.2500 2.2982 0.5406 0.8685 0.2040 0.0229 0.0594 0.0169 0.0011 0.0000 0.0769
8.6000 50000.0000 -3.5000 1.8437 0.1824 0.9856 0.1411 0.0229 0.0594 0.0169 0.0000 0.0000 0.0624
8.6000 50000.0000 -3.7500 1.2996 0.0499 1.0207 0.0882 0.0227 0.0589 0.0168 0.0000 0.0000 0.0477
8.6000 50000.0000 -4.0000 0.8783 0.0131 0.9964 0.0533 0.0222 0.0578 0.0165 0.0000 0.0000 0.0357
8.6000 55000.0000 -1.5000 0.6500 8.4187 0.1361 0.3411 0.0226 0.0584 0.0165 0.0064 0.0117 0.1030
8.6000 55000.0000 -1.7500 0.8232 7.1862 0.1711 0.3659 0.0227 0.0586 0.0166 0.0050 0.0071 0.1087
8.6000 55000.0000 -2.0000 1.0680 6.0278 0.2229 0.3778 0.0227 0.0588 0.0166 0.0041 0.0039 0.1112
8.6000 55000.0000 -2.2500 1.4049 4.9200 0.2993 0.3752 0.0228 0.0590 0.0167 0.0036 0.0019 0.1109
8.6000 55000.0000 -2.5000 1.8317 3.8284 0.4089 0.3593 0.0229 0.0591 0.0168 0.0032 0.0000 0.1086
8.6000 55000.0000 -2.7500 2.2947 2.7437 0.5596 0.3313 0.0230 0.0594 0.0168 0.0030 0.0000 0.1047
8.6000 55000.0000 -3.0000 2.6575 1.7094 0.7502 0.2903 0.0231 0.0597 0.0169 0.0028 0.0000 0.0988
8.6000 55000.0000 -3.2500 2.7295 0.8456 0.9595 0.2347 0.0232 0.0601 0.0171 0.0025 0.0000 0.0894
8.6000 55000.0000 -3.5000 2.3509 0.3106 1.1235 0.1692 0.0234 0.0607 0.0172 0.0021 0.0000 0.0755
8.6000 55000.0000 -3.7500 1.7557 0.0906 1.2039 0.1104 0.0235 0.0611 0.0174 0.0015 0.0000 0.0602
8.6000 55000.0000 -4.0000 1.2199 0.0244 1.2041 0.0683 0.0235 0.0611 0.0174 0.0010 0.0000 0.0465
8.6000 60000.0000 -1.5000 0.6480 9.7434 0.1494 0.3284 0.0222 0.0575 0.0162 0.0122 0.0168 0.1006
8.6000 60000.0000 -1.7500 0.8259 8.4025 0.1878 0.3627 0.0224 0.0579 0.0163 0.0096 0.0107 0.1096
8.6000 60000.0000 -2.0000 1.0799 7.1337 0.2445 0.3855 0.0225 0.0582 0.0165 0.0079 0.0062 0.1155
8.6000 60000.0000 -2.2500 1.4370 5.9180 0.3277 0.3929 0.0227 0.0585 0.0166 0.0069 0.0032 0.1182
8.6000 60000.0000 -2.5000 1.9030 4.7081 0.4461 0.3835 0.0228 0.0588 0.0167 0.0063 0.0015 0.1178
8.6000 60000.0000 -2.7500 2.4366 3.4762 0.6082 0.3580 0.0229 0.0592 0.0168 0.0059 0.0000 0.1148
8.6000 60000.0000 -3.0000 2.9101 2.2610 0.8150 0.3173 0.0231 0.0597 0.0169 0.0055 0.0000 0.1094
8.6000 60000.0000 -3.2500 3.1218 1.1942 1.0506 0.2617 0.0234 0.0604 0.0172 0.0050 0.0000 0.1008
8.6000 60000.0000 -3.5000 2.8512 0.4704 1.2592 0.1945 0.0238 0.0614 0.0175 0.0041 0.0000 0.0876
8.6000 60000.0000 -3.7500 2.2265 0.1443 1.3827 0.1307 0.0242 0.0626 0.0178 0.0031 0.0000 0.0721
8.6000 60000.0000 -4.0000 1.5900 0.0399 1.4113 0.0828 0.0245 0.0635 0.0181 0.0021 0.0000 0.0573
8.6000 70000.0000 -1.5000 0.6662 2.0134 0.1720 0.3035 0.0211 0.0545 0.0154 0.0325 0.0276 0.0950
8.6000 70000.0000 -1.7500 0.8557 0.5706 0.2177 0.3494 0.0215 0.0555 0.0157 0.0258 0.0189 0.1082
8.6000 70000.0000 -2.0000 1.1341 9.1752 0.2853 0.3896 0.0218 0.0562 0.0159 0.0215 0.0119 0.1199
8.6000 70000.0000 -2.2500 1.5331 7.8108 0.3839 0.4159 0.0220 0.0568 0.0161 0.0189 0.0068 0.1285
8.6000 70000.0000 -2.5000 2.0737 6.4151 0.5231 0.4217 0.0223 0.0573 0.0162 0.0173 0.0034 0.1329
8.6000 70000.0000 -2.7500 2.7291 4.9394 0.7116 0.4042 0.0225 0.0580 0.0164 0.0163 0.0015 0.1329
8.6000 70000.0000 -3.0000 3.3909 3.4095 0.9533 0.3651 0.0228 0.0588 0.0167 0.0154 0.0000 0.1289
8.6000 70000.0000 -3.2500 3.8425 1.9612 1.2375 0.3077 0.0233 0.0601 0.0171 0.0140 0.0000 0.1210
8.6000 70000.0000 -3.5000 3.7872 0.8576 1.5183 0.2372 0.0240 0.0620 0.0176 0.0117 0.0000 0.1089
8.6000 70000.0000 -3.7500 3.1729 0.2851 1.7254 0.1662 0.0249 0.0643 0.0183 0.0090 0.0000 0.0935
8.6000 70000.0000 -4.0000 2.3729 0.0822 1.8206 0.1091 0.0259 0.0669 0.0190 0.0064 0.0000 0.0775
8.6000 80000.0000 -1.5000 0.6946 3.5181 0.1889 0.2838 0.0194 0.0499 0.0140 0.0654 0.0377 0.0902
8.6000 80000.0000 -1.7500 0.8951 2.2156 0.2411 0.3359 0.0201 0.0517 0.0146 0.0525 0.0274 0.1057
8.6000 80000.0000 -2.0000 1.1957 0.8490 0.3187 0.3871 0.0206 0.0530 0.0150 0.0443 0.0184 0.1212
8.6000 80000.0000 -2.2500 1.6350 9.4542 0.4321 0.4282 0.0210 0.0539 0.0152 0.0392 0.0112 0.1345
8.6000 80000.0000 -2.5000 2.2444 7.9670 0.5925 0.4488 0.0213 0.0548 0.0155 0.0361 0.0060 0.1439
8.6000 80000.0000 -2.7500 3.0081 6.3294 0.8094 0.4414 0.0217 0.0557 0.0158 0.0341 0.0027 0.1479
8.6000 80000.0000 -3.0000 3.8357 4.5548 1.0883 0.4059 0.0221 0.0569 0.0161 0.0323 0.0010 0.1460
8.6000 80000.0000 -3.2500 4.5135 2.7694 1.4216 0.3470 0.0228 0.0587 0.0167 0.0294 0.0000 0.1390
8.6000 80000.0000 -3.5000 4.6660 1.2940 1.7671 0.2725 0.0238 0.0614 0.0174 0.0247 0.0000 0.1274
8.6000 80000.0000 -3.7500 4.1027 0.4542 2.0519 0.1958 0.0252 0.0649 0.0184 0.0192 0.0000 0.1122
8.6000 80000.0000 -4.0000 3.1771 0.1346 2.2189 0.1319 0.0267 0.0690 0.0196 0.0141 0.0000 0.0958
8.6000 90000.0000 -1.5000 0.7247 4.1526 0.2008 0.2690 0.0171 0.0440 0.0124 0.1091 0.0459 0.0864
8.6000 90000.0000 -1.7500 0.9340 3.2087 0.2582 0.3247 0.0182 0.0468 0.0132 0.0890 0.0353 0.1032
8.6000 90000.0000 -2.0000 1.2519 2.0499 0.3439 0.3832 0.0190 0.0487 0.0137 0.0756 0.0249 0.1211
8.6000 90000.0000 -2.2500 1.7241 0.7547 0.4700 0.4351 0.0195 0.0501 0.0141 0.0673 0.0161 0.1379
8.6000 90000.0000 -2.5000 2.3898 9.2900 0.6492 0.4680 0.0200 0.0513 0.0145 0.0623 0.0093 0.1515
8.6000 90000.0000 -2.7500 3.2523 7.5888 0.8931 0.4712 0.0204 0.0524 0.0148 0.0591 0.0045 0.1598
8.6000 90000.0000 -3.0000 4.2327 5.6395 1.2091 0.4405 0.0210 0.0540 0.0153 0.0559 0.0017 0.1607
8.6000 90000.0000 -3.2500 5.1264 3.5688 1.5923 0.3809 0.0220 0.0564 0.0160 0.0508 0.0000 0.1548
8.6000 90000.0000 -3.5000 5.4954 1.7416 2.0017 0.3028 0.0233 0.0600 0.0170 0.0428 0.0000 0.1437
8.6000 90000.0000 -3.7500 4.9994 0.6329 2.3599 0.2211 0.0251 0.0647 0.0184 0.0336 0.0000 0.1286
8.6000 90000.0000 -4.0000 3.9693 0.1913 2.5975 0.1517 0.0272 0.0701 0.0199 0.0251 0.0000 0.1120
8.9000 30000.0000 -1.5000 0.8503 0.2799 0.1213 0.2647 0.0206 0.0542 0.0153 0.0000 0.0000 0.0640
8.9000 30000.0000 -1.7500 0.6496 0.2149 0.1545 0.2309 0.0190 0.0499 0.0142 0.0000 0.0000 0.0507
8.9000 30000.0000 -2.0000 0.4930 0.1474 0.1883 0.1944 0.0175 0.0461 0.0131 0.0000 0.0000 0.0410
8.9000 30000.0000 -2.2500 0.3344 0.0856 0.2069 0.1484 0.0164 0.0433 0.0123 0.0000 0.0000 0.0320
8.9000 30000.0000 -2.5000 0.1906 0.0371 0.1951 0.0978 0.0158 0.0416 0.0119 0.0000 0.0000 0.0224
8.9000 30000.0000 -2.7500 0.1184 0.0204 0.1474 0.0751 0.0215 0.0569 0.0162 0.0000 0.0000 0.0206
8.9000 30000.0000 -3.0000 0.0658 0.0075 0.1408 0.0486 0.0208 0.0553 0.0158 0.0000 0.0000 0.0144
8.9000 30000.0000 -3.2500 0.0237 0.0015 0.0951 0.0201 0.0155 0.0417 0.0119 0.0000 0.0000 0.0067
8.9000 30000.0000 -3.5000 0.0065 0.0000 0.0558 0.0075 0.0135 0.0365 0.0104 0.0000 0.0000 0.0027
8.9000 30000.0000 -3.7500 0.0030 0.0000 0.0411 0.0034 0.0112 0.0303 0.0087 0.0000 0.0000 0.0014
8.9000 30000.0000 -4.0000 0.0000 0.0000 0.0333 0.0017 0.0088 0.0237 0.0068 0.0000 0.0000 0.0000
8.9000 32500.0000 -1.5000 0.9766 0.4472 0.1051 0.2809 0.0227 0.0598 0.0169 0.0000 0.0000 0.0790
8.9000 32500.0000 -1.7500 0.7456 0.3427 0.1358 0.2492 0.0219 0.0575 0.0163 0.0000 0.0000 0.0662
8.9000 32500.0000 -2.0000 0.5415 0.2483 0.1683 0.2108 0.0209 0.0550 0.0156 0.0000 0.0000 0.0533
8.9000 32500.0000 -2.2500 0.3818 0.1593 0.1956 0.1699 0.0200 0.0528 0.0150 0.0000 0.0000 0.0426
8.9000 32500.0000 -2.5000 0.2466 0.0796 0.2042 0.1234 0.0194 0.0511 0.0146 0.0000 0.0000 0.0317
8.9000 32500.0000 -2.7500 0.1265 0.0286 0.1814 0.0739 0.0189 0.0501 0.0143 0.0000 0.0000 0.0197
8.9000 32500.0000 -3.0000 0.0980 0.0187 0.1553 0.0649 0.0215 0.0570 0.0163 0.0000 0.0000 0.0194
8.9000 32500.0000 -3.2500 0.0461 0.0048 0.1321 0.0337 0.0191 0.0515 0.0150 0.0000 0.0000 0.0112
8.9000 32500.0000 -3.5000 0.0144 0.0000 0.0831 0.0132 0.0151 0.0406 0.0116 0.0000 0.0000 0.0049
8.9000 32500.0000 -3.7500 0.0066 0.0000 0.0626 0.0061 0.0131 0.0352 0.0100 0.0000 0.0000 0.0026
8.9000 32500.0000 -4.0000 0.0039 0.0000 0.0519 0.0031 0.0107 0.0288 0.0082 0.0000 0.0000 0.0015
8.9000 35000.0000 -1.5000 0.8922 0.7077 0.0919 0.2760 0.0232 0.0610 0.0172 0.0000 0.0000 0.0802
8.9000 35000.0000 -1.7500 0.7809 0.5194 0.1205 0.2577 0.0230 0.0605 0.0171 0.0000 0.0000 0.0736
8.9000 35000.0000 -2.0000 0.6103 0.3735 0.1536 0.2273 0.0226 0.0596 0.0169 0.0000 0.0000 0.0638
8.9000 35000.0000 -2.2500 0.4488 0.2490 0.1872 0.1906 0.0222 0.0584 0.0166 0.0000 0.0000 0.0530
8.9000 35000.0000 -2.5000 0.3051 0.1405 0.2103 0.1468 0.0217 0.0571 0.0163 0.0000 0.0000 0.0411
8.9000 35000.0000 -2.7500 0.1789 0.0595 0.2077 0.0971 0.0211 0.0558 0.0159 0.0000 0.0000 0.0280
8.9000 35000.0000 -3.0000 0.1055 0.0309 0.1490 0.0716 0.0220 0.0583 0.0166 0.0000 0.0000 0.0211
8.9000 35000.0000 -3.2500 0.0663 0.0105 0.1545 0.0461 0.0209 0.0556 0.0160 0.0000 0.0000 0.0152
8.9000 35000.0000 -3.5000 0.0283 0.0022 0.1157 0.0210 0.0164 0.0438 0.0125 0.0000 0.0000 0.0079
8.9000 35000.0000 -3.7500 0.0129 0.0000 0.0888 0.0099 0.0146 0.0392 0.0112 0.0000 0.0000 0.0043
8.9000 35000.0000 -4.0000 0.0076 0.0000 0.0751 0.0051 0.0124 0.0334 0.0095 0.0000 0.0000 0.0026
8.9000 37500.0000 -1.5000 0.6501 1.0762 0.0837 0.2674 0.0233 0.0613 0.0173 0.0000 0.0000 0.0787
8.9000 37500.0000 -1.7500 0.6920 0.7609 0.1100 0.2560 0.0232 0.0610 0.0173 0.0000 0.0000 0.0745
8.9000 37500.0000 -2.0000 0.6214 0.5362 0.1434 0.2348 0.0231 0.0606 0.0172 0.0000 0.0000 0.0680
8.9000 37500.0000 -2.2500 0.4954 0.3636 0.1811 0.2043 0.0228 0.0601 0.0171 0.0000 0.0000 0.0591
8.9000 37500.0000 -2.5000 0.3660 0.2197 0.2161 0.1665 0.0225 0.0593 0.0169 0.0000 0.0000 0.0488
8.9000 37500.0000 -2.7500 0.2389 0.1053 0.2323 0.1196 0.0221 0.0583 0.0166 0.0000 0.0000 0.0362
8.9000 37500.0000 -3.0000 0.1306 0.0341 0.2179 0.0712 0.0215 0.0568 0.0162 0.0000 0.0000 0.0229
8.9000 37500.0000 -3.2500 0.0858 0.0197 0.1653 0.0565 0.0215 0.0572 0.0164 0.0000 0.0000 0.0185
8.9000 37500.0000 -3.5000 0.0388 0.0043 0.1396 0.0289 0.0202 0.0538 0.0155 0.0000 0.0000 0.0107
8.9000 37500.0000 -3.7500 0.0228 0.0011 0.1194 0.0149 0.0159 0.0424 0.0121 0.0000 0.0000 0.0066
8.9000 37500.0000 -4.0000 0.0134 0.0000 0.1028 0.0078 0.0139 0.0372 0.0106 0.0000 0.0000 0.0041
8.9000 40000.0000 -1.5000 0.4805 1.4963 0.0827 0.2714 0.0233 0.0613 0.0173 0.0000 0.0000 0.0817
8.9000 40000.0000 -1.7500 0.5636 1.0618 0.1056 0.2569 0.0233 0.0612 0.0173 0.0000 0.0000 0.0759
8.9000 40000.0000 -2.0000 0.5804 0.7405 0.1381 0.2387 0.0232 0.0610 0.0173 0.0000 0.0000 0.0702
8.9000 40000.0000 -2.2500 0.5245 0.5034 0.1792 0.2146 0.0231 0.0607 0.0172 0.0000 0.0000 0.0636
8.9000 40000.0000 -2.5000 0.4255 0.3180 0.2233 0.1828 0.0229 0.0602 0.0171 0.0000 0.0000 0.0551
8.9000 40000.0000 -2.7500 0.3067 0.1674 0.2561 0.1405 0.0226 0.0595 0.0169 0.0000 0.0000 0.0439
8.9000 40000.0000 -3.0000 0.1884 0.0627 0.2589 0.0910 0.0221 0.0585 0.0167 0.0000 0.0000 0.0304
8.9000 40000.0000 -3.2500 0.0946 0.0300 0.1653 0.0627 0.0219 0.0582 0.0166 0.0000 0.0000 0.0203
8.9000 40000.0000 -3.5000 0.0569 0.0085 0.1636 0.0377 0.0208 0.0554 0.0159 0.0000 0.0000 0.0140
8.9000 40000.0000 -3.7500 0.0376 0.0023 0.1539 0.0211 0.0170 0.0451 0.0128 0.0000 0.0000 0.0095
8.9000 40000.0000 -4.0000 0.0225 0.0000 0.1357 0.0113 0.0152 0.0405 0.0115 0.0000 0.0000 0.0061
8.9000 45000.0000 -1.5000 0.3938 2.4311 0.0941 0.2979 0.0233 0.0612 0.0173 0.0000 0.0014 0.0950
8.9000 45000.0000 -1.7500 0.4507 1.8077 0.1155 0.2816 0.0233 0.0612 0.0173 0.0000 0.0000 0.0871
8.9000 45000.0000 -2.0000 0.5081 1.2910 0.1465 0.2594 0.0233 0.0612 0.0174 0.0000 0.0000 0.0792
8.9000 45000.0000 -2.2500 0.5572 0.8826 0.1904 0.2377 0.0233 0.0611 0.0174 0.0000 0.0000 0.0730
8.9000 45000.0000 -2.5000 0.5389 0.5798 0.2465 0.2118 0.0232 0.0609 0.0173 0.0000 0.0000 0.0667
8.9000 45000.0000 -2.7500 0.4596 0.3433 0.3052 0.1777 0.0231 0.0606 0.0173 0.0000 0.0000 0.0584
8.9000 45000.0000 -3.0000 0.3388 0.1589 0.3434 0.1311 0.0229 0.0602 0.0172 0.0000 0.0000 0.0462
8.9000 45000.0000 -3.2500 0.2030 0.0475 0.3339 0.0794 0.0226 0.0596 0.0170 0.0000 0.0000 0.0313
8.9000 45000.0000 -3.5000 0.0819 0.0203 0.1852 0.0501 0.0217 0.0575 0.0165 0.0000 0.0000 0.0184
8.9000 45000.0000 -3.7500 0.0581 0.0060 0.1930 0.0313 0.0205 0.0546 0.0157 0.0000 0.0000 0.0138
8.9000 45000.0000 -4.0000 0.0454 0.0018 0.1981 0.0192 0.0181 0.0483 0.0139 0.0000 0.0000 0.0105
8.9000 50000.0000 -1.5000 0.3858 3.5123 0.1123 0.3177 0.0232 0.0609 0.0172 0.0025 0.0035 0.1068
8.9000 50000.0000 -1.7500 0.4535 2.6952 0.1368 0.3121 0.0233 0.0610 0.0173 0.0020 0.0017 0.1015
8.9000 50000.0000 -2.0000 0.5306 2.0019 0.1719 0.2951 0.0233 0.0611 0.0173 0.0017 0.0000 0.0942
8.9000 50000.0000 -2.2500 0.6061 1.4284 0.2210 0.2713 0.0233 0.0611 0.0174 0.0015 0.0000 0.0867
8.9000 50000.0000 -2.5000 0.6545 0.9606 0.2854 0.2448 0.0233 0.0611 0.0174 0.0014 0.0000 0.0801
8.9000 50000.0000 -2.7500 0.6288 0.5980 0.3620 0.2125 0.0233 0.0611 0.0174 0.0013 0.0000 0.0728
8.9000 50000.0000 -3.0000 0.5268 0.3147 0.4319 0.1693 0.0233 0.0611 0.0174 0.0012 0.0000 0.0624
8.9000 50000.0000 -3.2500 0.3624 0.1124 0.4522 0.1130 0.0232 0.0611 0.0174 0.0010 0.0000 0.0465
8.9000 50000.0000 -3.5000 0.2114 0.0277 0.4219 0.0653 0.0230 0.0606 0.0173 0.0000 0.0000 0.0315
8.9000 50000.0000 -3.7500 0.0739 0.0113 0.2109 0.0382 0.0213 0.0565 0.0162 0.0000 0.0000 0.0167
8.9000 50000.0000 -4.0000 0.0687 0.0040 0.2467 0.0266 0.0201 0.0533 0.0153 0.0000 0.0000 0.0146
8.9000 55000.0000 -1.5000 0.4008 4.6812 0.1323 0.3273 0.0230 0.0602 0.0170 0.0056 0.0066 0.1147
8.9000 55000.0000 -1.7500 0.4810 3.6874 0.1618 0.3347 0.0231 0.0605 0.0171 0.0044 0.0035 0.1136
8.9000 55000.0000 -2.0000 0.5808 2.8327 0.2034 0.3286 0.0232 0.0607 0.0172 0.0037 0.0017 0.1092
8.9000 55000.0000 -2.2500 0.6912 2.0931 0.2609 0.3100 0.0233 0.0609 0.0173 0.0033 0.0000 0.1028
8.9000 55000.0000 -2.5000 0.7853 1.4632 0.3369 0.2830 0.0233 0.0610 0.0174 0.0031 0.0000 0.0959
8.9000 55000.0000 -2.7500 0.8152 0.9431 0.4295 0.2494 0.0234 0.0612 0.0174 0.0029 0.0000 0.0885
8.9000 55000.0000 -3.0000 0.7401 0.5261 0.5225 0.2052 0.0235 0.0615 0.0175 0.0027 0.0000 0.0783
8.9000 55000.0000 -3.2500 0.5675 0.2171 0.5789 0.1471 0.0236 0.0619 0.0176 0.0023 0.0000 0.0628
8.9000 55000.0000 -3.5000 0.3582 0.0596 0.5644 0.0897 0.0237 0.0622 0.0177 0.0018 0.0000 0.0449
8.9000 55000.0000 -3.7500 0.2104 0.0146 0.5137 0.0525 0.0235 0.0620 0.0177 0.0013 0.0000 0.0316
8.9000 55000.0000 -4.0000 0.0696 0.0057 0.2429 0.0285 0.0214 0.0571 0.0164 0.0000 0.0000 0.0154
8.9000 60000.0000 -1.5000 0.4222 5.8843 0.1521 0.3298 0.0228 0.0593 0.0168 0.0107 0.0106 0.1194
8.9000 60000.0000 -1.7500 0.5173 4.7336 0.1873 0.3495 0.0229 0.0597 0.0169 0.0086 0.0060 0.1228
8.9000 60000.0000 -2.0000 0.6398 3.7378 0.2371 0.3558 0.0230 0.0601 0.0170 0.0072 0.0031 0.1224
8.9000 60000.0000 -2.2500 0.7839 2.8513 0.3051 0.3461 0.0231 0.0604 0.0171 0.0064 0.0014 0.1187
8.9000 60000.0000 -2.5000 0.9246 2.0574 0.3941 0.3221 0.0232 0.0607 0.0172 0.0059 0.0000 0.1125
8.9000 60000.0000 -2.7500 1.0092 1.3691 0.5034 0.2873 0.0234 0.0610 0.0174 0.0056 0.0000 0.1050
8.9000 60000.0000 -3.0000 0.9769 0.8013 0.6205 0.2413 0.0235 0.0615 0.0175 0.0052 0.0000 0.0949
8.9000 60000.0000 -3.2500 0.8087 0.3624 0.7095 0.1805 0.0238 0.0623 0.0177 0.0046 0.0000 0.0794
8.9000 60000.0000 -3.5000 0.5492 0.1103 0.7193 0.1154 0.0241 0.0632 0.0180 0.0036 0.0000 0.0595
8.9000 60000.0000 -3.7500 0.3329 0.0278 0.6691 0.0689 0.0243 0.0639 0.0182 0.0026 0.0000 0.0429
8.9000 60000.0000 -4.0000 0.1879 0.0072 0.5816 0.0407 0.0242 0.0637 0.0182 0.0017 0.0000 0.0303
8.9000 70000.0000 -1.5000 0.4700 8.2165 0.1869 0.3250 0.0218 0.0565 0.0160 0.0287 0.0202 0.1230
8.9000 70000.0000 -1.7500 0.5915 6.8244 0.2342 0.3631 0.0221 0.0574 0.0163 0.0231 0.0126 0.1342
8.9000 70000.0000 -2.0000 0.7586 5.6110 0.3014 0.3922 0.0223 0.0581 0.0165 0.0198 0.0072 0.1423
8.9000 70000.0000 -2.2500 0.9704 4.4939 0.3937 0.4039 0.0225 0.0586 0.0166 0.0177 0.0037 0.1458
8.9000 70000.0000 -2.5000 1.2042 3.4258 0.5139 0.3931 0.0227 0.0592 0.0168 0.0165 0.0017 0.1442
8.9000 70000.0000 -2.7500 1.4034 2.4178 0.6610 0.3612 0.0230 0.0598 0.0170 0.0156 0.0000 0.1383
8.9000 70000.0000 -3.0000 1.4801 1.5173 0.8261 0.3114 0.0233 0.0607 0.0173 0.0146 0.0000 0.1283
8.9000 70000.0000 -3.2500 1.3619 0.7698 0.9765 0.2440 0.0238 0.0621 0.0177 0.0130 0.0000 0.1125
8.9000 70000.0000 -3.5000 1.0378 0.2724 1.0460 0.1664 0.0245 0.0641 0.0183 0.0105 0.0000 0.0901
8.9000 70000.0000 -3.7500 0.6766 0.0738 1.0192 0.1037 0.0253 0.0662 0.0189 0.0077 0.0000 0.0683
8.9000 70000.0000 -4.0000 0.4001 0.0194 0.9185 0.0630 0.0259 0.0681 0.0194 0.0053 0.0000 0.0505
8.9000 80000.0000 -1.5000 0.5136 0.1406 0.2134 0.3153 0.0202 0.0524 0.0148 0.0578 0.0302 0.1229
8.9000 80000.0000 -1.7500 0.6577 8.6823 0.2717 0.3657 0.0208 0.0539 0.0152 0.0472 0.0202 0.1398
8.9000 80000.0000 -2.0000 0.8634 7.3511 0.3556 0.4119 0.0212 0.0550 0.0156 0.0406 0.0125 0.1548
8.9000 80000.0000 -2.2500 1.1378 6.1075 0.4721 0.4437 0.0215 0.0559 0.0158 0.0366 0.0070 0.1658
8.9000 80000.0000 -2.5000 1.4613 4.8585 0.6247 0.4499 0.0218 0.0567 0.0161 0.0342 0.0035 0.1707
8.9000 80000.0000 -2.7500 1.7798 3.6031 0.8137 0.4268 0.0222 0.0576 0.0164 0.0326 0.0015 0.1690
8.9000 80000.0000 -3.0000 1.9892 2.3916 1.0309 0.3766 0.0227 0.0589 0.0167 0.0306 0.0000 0.1605
8.9000 80000.0000 -3.2500 1.9715 1.3065 1.2458 0.3033 0.0234 0.0608 0.0173 0.0273 0.0000 0.1447
8.9000 80000.0000 -3.5000 1.6382 0.5108 1.3846 0.2154 0.0245 0.0637 0.0181 0.0223 0.0000 0.1208
8.9000 80000.0000 -3.7500 1.1342 0.1470 1.3970 0.1383 0.0258 0.0673 0.0192 0.0167 0.0000 0.0950
8.9000 80000.0000 -4.0000 0.6965 0.0391 1.2958 0.0858 0.0271 0.0709 0.0202 0.0119 0.0000 0.0724
8.9000 90000.0000 -1.5000 0.5525 1.4574 0.2321 0.3050 0.0182 0.0470 0.0132 0.0969 0.0389 0.1212
8.9000 90000.0000 -1.7500 0.7137 0.1182 0.2994 0.3633 0.0191 0.0494 0.0140 0.0800 0.0276 0.1419
8.9000 90000.0000 -2.0000 0.9500 8.8049 0.3975 0.4221 0.0197 0.0510 0.0144 0.0692 0.0181 0.1624
8.9000 90000.0000 -2.2500 1.2770 7.5407 0.5355 0.4705 0.0202 0.0522 0.0148 0.0626 0.0110 0.1799
8.9000 90000.0000 -2.5000 1.6846 6.2152 0.7190 0.4939 0.0206 0.0533 0.0151 0.0588 0.0059 0.1915
8.9000 90000.0000 -2.7500 2.1173 4.8024 0.9495 0.4824 0.0210 0.0544 0.0155 0.0562 0.0027 0.1953
8.9000 90000.0000 -3.0000 2.4811 3.3474 1.2229 0.4360 0.0216 0.0561 0.0159 0.0529 0.0010 0.1902
8.9000 90000.0000 -3.2500 2.6023 1.9324 1.5065 0.3583 0.0226 0.0587 0.0167 0.0473 0.0000 0.1752
8.9000 90000.0000 -3.5000 2.3079 0.8089 1.7202 0.2614 0.0241 0.0626 0.0178 0.0389 0.0000 0.1504
8.9000 90000.0000 -3.7500 1.6862 0.2444 1.7861 0.1722 0.0259 0.0674 0.0192 0.0298 0.0000 0.1217
8.9000 90000.0000 -4.0000 1.0657 0.0656 1.6949 0.1084 0.0278 0.0725 0.0207 0.0218 0.0000 0.0950
