#Cloudy 17.00 models results grids
# O/H: 7.1 - 8.9, log U: -4.0 - -1.5, T*: 30 - 60 kK
# SED: black body 
#spherical geometry
#
12+log(O/H) Teff log(Usp) OII_3727 OIII_5007 SII_6717,31 SIII_9069 He1_4471 He1_5876 HeI_6678 HeII_4686 ArIV_4740 ArIII_7135
7.1000 30000.0000 -1.5700 0.6850 0.8912 0.0199 0.0439 0.0209 0.0539 0.0150 0.0000 0.0000 0.0171
7.1000 30000.0000 -1.8200 0.7937 0.7229 0.0258 0.0421 0.0208 0.0535 0.0149 0.0000 0.0000 0.0163
7.1000 30000.0000 -2.0700 0.8941 0.5605 0.0341 0.0397 0.0203 0.0522 0.0145 0.0000 0.0000 0.0152
7.1000 30000.0000 -2.3200 0.9809 0.3989 0.0460 0.0364 0.0191 0.0490 0.0137 0.0000 0.0000 0.0136
7.1000 30000.0000 -2.5700 1.0354 0.2474 0.0615 0.0321 0.0175 0.0449 0.0125 0.0000 0.0000 0.0116
7.1000 30000.0000 -2.8100 1.0306 0.1171 0.0805 0.0266 0.0160 0.0411 0.0115 0.0000 0.0000 0.0096
7.1000 30000.0000 -3.0500 0.9328 0.0380 0.1033 0.0201 0.0150 0.0383 0.0108 0.0000 0.0000 0.0077
7.1000 30000.0000 -3.2800 0.7912 0.0106 0.1245 0.0138 0.0143 0.0365 0.0103 0.0000 0.0000 0.0061
7.1000 30000.0000 -3.5100 0.6554 0.0029 0.1403 0.0088 0.0135 0.0346 0.0098 0.0000 0.0000 0.0048
7.1000 30000.0000 -3.7500 0.5428 0.0000 0.1486 0.0053 0.0124 0.0319 0.0090 0.0000 0.0000 0.0037
7.1000 30000.0000 -4.0000 0.4473 0.0000 0.1521 0.0031 0.0110 0.0281 0.0079 0.0000 0.0000 0.0028
7.1000 32500.0000 -1.5700 0.5349 1.1171 0.0177 0.0453 0.0210 0.0544 0.0151 0.0000 0.0000 0.0178
7.1000 32500.0000 -1.8200 0.6364 0.9432 0.0223 0.0439 0.0211 0.0543 0.0151 0.0000 0.0000 0.0172
7.1000 32500.0000 -2.0700 0.7418 0.7676 0.0285 0.0419 0.0210 0.0540 0.0150 0.0000 0.0000 0.0164
7.1000 32500.0000 -2.3200 0.8478 0.5819 0.0377 0.0390 0.0207 0.0532 0.0148 0.0000 0.0000 0.0153
7.1000 32500.0000 -2.5600 0.9371 0.3949 0.0506 0.0351 0.0201 0.0515 0.0144 0.0000 0.0000 0.0138
7.1000 32500.0000 -2.8000 0.9855 0.2144 0.0675 0.0298 0.0191 0.0490 0.0137 0.0000 0.0000 0.0118
7.1000 32500.0000 -3.0600 0.9395 0.0742 0.0906 0.0228 0.0181 0.0464 0.0130 0.0000 0.0000 0.0096
7.1000 32500.0000 -3.2800 0.8215 0.0225 0.1127 0.0165 0.0173 0.0443 0.0125 0.0000 0.0000 0.0078
7.1000 32500.0000 -3.5200 0.6861 0.0061 0.1322 0.0108 0.0163 0.0417 0.0118 0.0000 0.0000 0.0061
7.1000 32500.0000 -3.7500 0.5680 0.0017 0.1447 0.0067 0.0150 0.0384 0.0108 0.0000 0.0000 0.0048
7.1000 32500.0000 -4.0000 0.4672 0.0000 0.1517 0.0040 0.0133 0.0342 0.0097 0.0000 0.0000 0.0036
7.1000 35000.0000 -1.5700 0.4203 1.2996 0.0165 0.0458 0.0211 0.0546 0.0152 0.0000 0.0000 0.0181
7.1000 35000.0000 -1.8200 0.5067 1.1300 0.0202 0.0448 0.0212 0.0546 0.0152 0.0000 0.0000 0.0177
7.1000 35000.0000 -2.0600 0.6046 0.9519 0.0253 0.0433 0.0212 0.0545 0.0152 0.0000 0.0000 0.0171
7.1000 35000.0000 -2.3100 0.7136 0.7556 0.0327 0.0408 0.0211 0.0543 0.0151 0.0000 0.0000 0.0162
7.1000 35000.0000 -2.5600 0.8218 0.5434 0.0434 0.0372 0.0209 0.0536 0.0150 0.0000 0.0000 0.0149
7.1000 35000.0000 -2.8000 0.9090 0.3233 0.0583 0.0321 0.0205 0.0525 0.0147 0.0000 0.0000 0.0132
7.1000 35000.0000 -3.0500 0.9259 0.1314 0.0794 0.0255 0.0199 0.0510 0.0143 0.0000 0.0000 0.0110
7.1000 35000.0000 -3.2700 0.8410 0.0419 0.1024 0.0189 0.0192 0.0491 0.0138 0.0000 0.0000 0.0091
7.1000 35000.0000 -3.5200 0.7088 0.0111 0.1250 0.0126 0.0182 0.0466 0.0131 0.0000 0.0000 0.0072
7.1000 35000.0000 -3.7500 0.5892 0.0031 0.1408 0.0081 0.0170 0.0434 0.0123 0.0000 0.0000 0.0057
7.1000 35000.0000 -4.0000 0.4843 0.0000 0.1510 0.0048 0.0153 0.0393 0.0111 0.0000 0.0000 0.0043
7.1000 37500.0000 -1.5500 0.3346 1.4513 0.0158 0.0454 0.0211 0.0546 0.0152 0.0000 0.0011 0.0180
7.1000 37500.0000 -1.8000 0.4071 1.2844 0.0189 0.0450 0.0212 0.0547 0.0152 0.0000 0.0000 0.0178
7.1000 37500.0000 -2.0600 0.4966 1.1005 0.0234 0.0439 0.0212 0.0548 0.0152 0.0000 0.0000 0.0174
7.1000 37500.0000 -2.3000 0.5988 0.9019 0.0298 0.0419 0.0212 0.0547 0.0152 0.0000 0.0000 0.0166
7.1000 37500.0000 -2.5500 0.7105 0.6799 0.0390 0.0386 0.0212 0.0544 0.0152 0.0000 0.0000 0.0155
7.1000 37500.0000 -2.8000 0.8205 0.4335 0.0525 0.0338 0.0210 0.0539 0.0151 0.0000 0.0000 0.0139
7.1000 37500.0000 -3.0400 0.8863 0.2032 0.0713 0.0276 0.0207 0.0530 0.0149 0.0000 0.0000 0.0120
7.1000 37500.0000 -3.2700 0.8436 0.0668 0.0950 0.0207 0.0202 0.0517 0.0145 0.0000 0.0000 0.0099
7.1000 37500.0000 -3.5200 0.7260 0.0182 0.1190 0.0142 0.0194 0.0498 0.0140 0.0000 0.0000 0.0080
7.1000 37500.0000 -3.7500 0.6062 0.0051 0.1373 0.0092 0.0184 0.0471 0.0133 0.0000 0.0000 0.0064
7.1000 37500.0000 -4.0000 0.4989 0.0014 0.1502 0.0057 0.0170 0.0435 0.0123 0.0000 0.0000 0.0050
7.1000 40000.0000 -1.5100 0.2664 1.5927 0.0151 0.0443 0.0210 0.0545 0.0151 0.0000 0.0018 0.0176
7.1000 40000.0000 -1.7600 0.3261 1.4275 0.0178 0.0446 0.0211 0.0547 0.0152 0.0000 0.0012 0.0177
7.1000 40000.0000 -2.0300 0.4045 1.2406 0.0218 0.0440 0.0212 0.0548 0.0152 0.0000 0.0000 0.0174
7.1000 40000.0000 -2.2800 0.4954 1.0450 0.0272 0.0426 0.0213 0.0548 0.0153 0.0000 0.0000 0.0169
7.1000 40000.0000 -2.5300 0.6041 0.8177 0.0353 0.0398 0.0213 0.0547 0.0153 0.0000 0.0000 0.0160
7.1000 40000.0000 -2.7900 0.7261 0.5526 0.0475 0.0353 0.0212 0.0545 0.0152 0.0000 0.0000 0.0146
7.1000 40000.0000 -3.0200 0.8288 0.2878 0.0650 0.0294 0.0211 0.0541 0.0151 0.0000 0.0000 0.0127
7.1000 40000.0000 -3.2700 0.8357 0.1002 0.0888 0.0223 0.0208 0.0532 0.0150 0.0000 0.0000 0.0106
7.1000 40000.0000 -3.5100 0.7403 0.0286 0.1135 0.0157 0.0203 0.0519 0.0146 0.0000 0.0000 0.0088
7.1000 40000.0000 -3.7500 0.6199 0.0077 0.1343 0.0103 0.0194 0.0498 0.0141 0.0000 0.0000 0.0071
7.1000 40000.0000 -4.0000 0.5110 0.0021 0.1495 0.0064 0.0183 0.0468 0.0132 0.0000 0.0000 0.0056
7.1000 45000.0000 -1.5000 0.1964 1.7439 0.0153 0.0410 0.0208 0.0539 0.0149 0.0027 0.0030 0.0162
7.1000 45000.0000 -1.7600 0.2392 1.5888 0.0175 0.0422 0.0210 0.0543 0.0151 0.0019 0.0021 0.0167
7.1000 45000.0000 -2.0100 0.2954 1.4157 0.0208 0.0427 0.0211 0.0546 0.0152 0.0013 0.0014 0.0169
7.1000 45000.0000 -2.2700 0.3685 1.2203 0.0256 0.0422 0.0213 0.0548 0.0152 0.0000 0.0000 0.0168
7.1000 45000.0000 -2.5300 0.4597 0.9973 0.0323 0.0404 0.0214 0.0549 0.0153 0.0000 0.0000 0.0163
7.1000 45000.0000 -2.7700 0.5724 0.7348 0.0424 0.0369 0.0214 0.0550 0.0154 0.0000 0.0000 0.0152
7.1000 45000.0000 -3.0200 0.7063 0.4339 0.0584 0.0313 0.0215 0.0550 0.0154 0.0000 0.0000 0.0135
7.1000 45000.0000 -3.2600 0.7888 0.1825 0.0805 0.0246 0.0214 0.0548 0.0154 0.0000 0.0000 0.0116
7.1000 45000.0000 -3.5000 0.7468 0.0555 0.1062 0.0178 0.0212 0.0544 0.0153 0.0000 0.0000 0.0097
7.1000 45000.0000 -3.7600 0.6380 0.0148 0.1303 0.0120 0.0208 0.0534 0.0151 0.0000 0.0000 0.0080
7.1000 45000.0000 -4.0100 0.5294 0.0040 0.1488 0.0077 0.0202 0.0516 0.0146 0.0000 0.0000 0.0066
7.1000 50000.0000 -1.5000 0.1573 1.8241 0.0158 0.0371 0.0203 0.0528 0.0146 0.0067 0.0041 0.0146
7.1000 50000.0000 -1.7900 0.1968 1.6552 0.0184 0.0393 0.0207 0.0536 0.0149 0.0045 0.0030 0.0155
7.1000 50000.0000 -2.0500 0.2428 1.4882 0.0215 0.0404 0.0209 0.0541 0.0150 0.0032 0.0021 0.0160
7.1000 50000.0000 -2.2700 0.2918 1.3321 0.0250 0.0407 0.0211 0.0544 0.0151 0.0025 0.0014 0.0162
7.1000 50000.0000 -2.5300 0.3681 1.1140 0.0312 0.0398 0.0213 0.0548 0.0153 0.0019 0.0000 0.0160
7.1000 50000.0000 -2.7700 0.4666 0.8578 0.0403 0.0372 0.0214 0.0550 0.0154 0.0015 0.0000 0.0153
7.1000 50000.0000 -3.0200 0.6018 0.5486 0.0552 0.0323 0.0216 0.0553 0.0155 0.0013 0.0000 0.0139
7.1000 50000.0000 -3.2600 0.7256 0.2583 0.0769 0.0258 0.0217 0.0556 0.0156 0.0012 0.0000 0.0121
7.1000 50000.0000 -3.5100 0.7343 0.0866 0.1026 0.0191 0.0218 0.0557 0.0157 0.0011 0.0000 0.0104
7.1000 50000.0000 -3.7600 0.6467 0.0239 0.1281 0.0132 0.0217 0.0556 0.0157 0.0000 0.0000 0.0087
7.1000 50000.0000 -4.0100 0.5417 0.0066 0.1494 0.0086 0.0214 0.0549 0.0155 0.0000 0.0000 0.0073
7.1000 55000.0000 -1.5000 0.1350 1.8401 0.0164 0.0334 0.0198 0.0513 0.0142 0.0133 0.0050 0.0131
7.1000 55000.0000 -1.7500 0.1616 1.7166 0.0184 0.0357 0.0202 0.0522 0.0145 0.0099 0.0040 0.0141
7.1000 55000.0000 -2.0700 0.2066 1.5326 0.0220 0.0379 0.0206 0.0532 0.0148 0.0068 0.0028 0.0150
7.1000 55000.0000 -2.2700 0.2453 1.3943 0.0252 0.0386 0.0208 0.0537 0.0149 0.0054 0.0020 0.0154
7.1000 55000.0000 -2.5200 0.3092 1.1883 0.0310 0.0386 0.0211 0.0543 0.0151 0.0041 0.0012 0.0155
7.1000 55000.0000 -2.7700 0.3959 0.9375 0.0397 0.0368 0.0213 0.0547 0.0153 0.0034 0.0000 0.0152
7.1000 55000.0000 -3.0200 0.5212 0.6351 0.0538 0.0327 0.0216 0.0553 0.0155 0.0030 0.0000 0.0141
7.1000 55000.0000 -3.2600 0.6608 0.3319 0.0746 0.0267 0.0218 0.0558 0.0157 0.0027 0.0000 0.0125
7.1000 55000.0000 -3.5100 0.7129 0.1192 0.1010 0.0200 0.0221 0.0565 0.0159 0.0024 0.0000 0.0108
7.1000 55000.0000 -3.7600 0.6484 0.0343 0.1276 0.0140 0.0223 0.0570 0.0161 0.0019 0.0000 0.0092
7.1000 55000.0000 -4.0100 0.5491 0.0095 0.1508 0.0093 0.0224 0.0572 0.0162 0.0013 0.0000 0.0078
7.1000 60000.0000 -1.5000 0.1206 1.8073 0.0170 0.0301 0.0190 0.0493 0.0136 0.0231 0.0057 0.0119
7.1000 60000.0000 -1.7600 0.1438 1.7054 0.0191 0.0326 0.0196 0.0506 0.0140 0.0175 0.0047 0.0129
7.1000 60000.0000 -2.0800 0.1837 1.5388 0.0227 0.0353 0.0202 0.0520 0.0144 0.0123 0.0033 0.0140
7.1000 60000.0000 -2.2700 0.2152 1.4196 0.0257 0.0364 0.0204 0.0527 0.0146 0.0100 0.0026 0.0145
7.1000 60000.0000 -2.5200 0.2702 1.2299 0.0313 0.0370 0.0208 0.0535 0.0149 0.0078 0.0016 0.0149
7.1000 60000.0000 -2.7700 0.3476 0.9892 0.0397 0.0360 0.0211 0.0542 0.0151 0.0064 0.0000 0.0148
7.1000 60000.0000 -3.0100 0.4587 0.7045 0.0530 0.0327 0.0214 0.0549 0.0154 0.0057 0.0000 0.0141
7.1000 60000.0000 -3.2600 0.6066 0.3867 0.0742 0.0270 0.0218 0.0558 0.0157 0.0053 0.0000 0.0127
7.1000 60000.0000 -3.5000 0.6868 0.1563 0.0997 0.0207 0.0222 0.0568 0.0160 0.0047 0.0000 0.0111
7.1000 60000.0000 -3.7600 0.6455 0.0452 0.1281 0.0146 0.0227 0.0580 0.0164 0.0037 0.0000 0.0096
7.1000 60000.0000 -4.0100 0.5533 0.0127 0.1529 0.0099 0.0230 0.0590 0.0167 0.0026 0.0000 0.0082
7.1000 70000.0000 -1.5300 0.1066 1.6109 0.0179 0.0253 0.0172 0.0444 0.0123 0.0501 0.0062 0.0101
7.1000 70000.0000 -1.7800 0.1256 1.5687 0.0203 0.0278 0.0180 0.0465 0.0129 0.0400 0.0053 0.0111
7.1000 70000.0000 -2.1000 0.1583 1.4636 0.0241 0.0308 0.0189 0.0487 0.0135 0.0300 0.0041 0.0123
7.1000 70000.0000 -2.2800 0.1840 1.3750 0.0271 0.0323 0.0194 0.0499 0.0139 0.0253 0.0033 0.0130
7.1000 70000.0000 -2.5300 0.2290 1.2240 0.0327 0.0336 0.0199 0.0512 0.0142 0.0206 0.0023 0.0136
7.1000 70000.0000 -2.7800 0.2928 1.0224 0.0411 0.0338 0.0204 0.0523 0.0146 0.0174 0.0013 0.0140
7.1000 70000.0000 -3.0200 0.3869 0.7669 0.0541 0.0318 0.0209 0.0535 0.0150 0.0157 0.0000 0.0138
7.1000 70000.0000 -3.2700 0.5263 0.4624 0.0753 0.0270 0.0214 0.0549 0.0154 0.0146 0.0000 0.0128
7.1000 70000.0000 -3.5000 0.6347 0.2115 0.1012 0.0212 0.0221 0.0566 0.0159 0.0131 0.0000 0.0114
7.1000 70000.0000 -3.7600 0.6331 0.0662 0.1310 0.0152 0.0230 0.0588 0.0166 0.0103 0.0000 0.0100
7.1000 70000.0000 -4.0100 0.5548 0.0189 0.1586 0.0105 0.0240 0.0613 0.0173 0.0074 0.0000 0.0088
7.1000 80000.0000 -1.5500 0.0993 1.3334 0.0184 0.0219 0.0150 0.0385 0.0107 0.0860 0.0059 0.0088
7.1000 80000.0000 -1.8000 0.1164 1.3485 0.0210 0.0242 0.0160 0.0413 0.0114 0.0716 0.0054 0.0098
7.1000 80000.0000 -2.1100 0.1456 1.3107 0.0250 0.0273 0.0172 0.0443 0.0123 0.0563 0.0044 0.0110
7.1000 80000.0000 -2.3000 0.1683 1.2583 0.0283 0.0289 0.0179 0.0459 0.0128 0.0489 0.0038 0.0117
7.1000 80000.0000 -2.5400 0.2080 1.1524 0.0339 0.0306 0.0186 0.0478 0.0133 0.0411 0.0028 0.0125
7.1000 80000.0000 -2.7900 0.2642 0.9995 0.0425 0.0315 0.0193 0.0495 0.0138 0.0356 0.0017 0.0131
7.1000 80000.0000 -3.0200 0.3470 0.7863 0.0557 0.0305 0.0199 0.0510 0.0143 0.0324 0.0000 0.0133
7.1000 80000.0000 -3.2700 0.4746 0.5055 0.0773 0.0267 0.0207 0.0529 0.0148 0.0303 0.0000 0.0128
7.1000 80000.0000 -3.5100 0.5928 0.2506 0.1039 0.0212 0.0216 0.0553 0.0156 0.0270 0.0000 0.0116
7.1000 80000.0000 -3.7600 0.6174 0.0838 0.1351 0.0154 0.0229 0.0587 0.0165 0.0213 0.0000 0.0103
7.1000 80000.0000 -4.0100 0.5519 0.0242 0.1652 0.0108 0.0244 0.0625 0.0176 0.0157 0.0000 0.0092
7.1000 90000.0000 -1.5700 0.0943 1.0554 0.0185 0.0192 0.0125 0.0321 0.0089 0.1272 0.0053 0.0078
7.1000 90000.0000 -1.8100 0.1105 1.1088 0.0212 0.0215 0.0138 0.0353 0.0098 0.1094 0.0051 0.0087
7.1000 90000.0000 -2.1200 0.1378 1.1269 0.0256 0.0245 0.0152 0.0391 0.0109 0.0895 0.0044 0.0099
7.1000 90000.0000 -2.3100 0.1591 1.1076 0.0290 0.0261 0.0160 0.0411 0.0114 0.0796 0.0039 0.0106
7.1000 90000.0000 -2.5500 0.1959 1.0465 0.0349 0.0281 0.0170 0.0435 0.0121 0.0685 0.0031 0.0114
7.1000 90000.0000 -2.8000 0.2474 0.9416 0.0437 0.0294 0.0178 0.0457 0.0128 0.0605 0.0021 0.0122
7.1000 90000.0000 -3.0300 0.3224 0.7784 0.0571 0.0292 0.0186 0.0477 0.0133 0.0556 0.0000 0.0128
7.1000 90000.0000 -3.2700 0.4406 0.5284 0.0794 0.0262 0.0196 0.0500 0.0140 0.0519 0.0000 0.0127
7.1000 90000.0000 -3.5100 0.5617 0.2767 0.1071 0.0211 0.0208 0.0532 0.0150 0.0459 0.0000 0.0117
7.1000 90000.0000 -3.7600 0.6028 0.0964 0.1400 0.0154 0.0226 0.0577 0.0163 0.0364 0.0000 0.0105
7.1000 90000.0000 -4.0100 0.5469 0.0283 0.1721 0.0109 0.0246 0.0628 0.0177 0.0272 0.0000 0.0094
7.4000 30000.0000 -1.5600 1.1594 1.4512 0.0363 0.0783 0.0211 0.0544 0.0151 0.0000 0.0000 0.0240
7.4000 30000.0000 -1.8100 1.3321 1.1716 0.0471 0.0751 0.0210 0.0539 0.0150 0.0000 0.0000 0.0229
7.4000 30000.0000 -2.0600 1.4914 0.9065 0.0624 0.0708 0.0205 0.0525 0.0147 0.0000 0.0000 0.0213
7.4000 30000.0000 -2.3100 1.6305 0.6461 0.0843 0.0650 0.0192 0.0493 0.0138 0.0000 0.0000 0.0190
7.4000 30000.0000 -2.5600 1.7239 0.4035 0.1128 0.0576 0.0176 0.0451 0.0126 0.0000 0.0000 0.0163
7.4000 30000.0000 -2.8000 1.7302 0.1939 0.1485 0.0482 0.0161 0.0413 0.0116 0.0000 0.0000 0.0136
7.4000 30000.0000 -3.0400 1.5905 0.0645 0.1915 0.0366 0.0151 0.0386 0.0108 0.0000 0.0000 0.0110
7.4000 30000.0000 -3.2700 1.3720 0.0184 0.2322 0.0254 0.0143 0.0367 0.0103 0.0000 0.0000 0.0088
7.4000 30000.0000 -3.5100 1.1533 0.0051 0.2629 0.0162 0.0136 0.0347 0.0098 0.0000 0.0000 0.0070
7.4000 30000.0000 -3.7500 0.9651 0.0015 0.2793 0.0099 0.0125 0.0319 0.0090 0.0000 0.0000 0.0055
7.4000 30000.0000 -4.0000 0.8004 0.0000 0.2867 0.0058 0.0110 0.0281 0.0080 0.0000 0.0000 0.0042
7.4000 32500.0000 -1.5700 0.9220 1.8540 0.0325 0.0814 0.0213 0.0549 0.0153 0.0000 0.0000 0.0253
7.4000 32500.0000 -1.8100 1.0888 1.5588 0.0408 0.0789 0.0213 0.0548 0.0153 0.0000 0.0000 0.0244
7.4000 32500.0000 -2.0600 1.2616 1.2662 0.0524 0.0754 0.0212 0.0545 0.0152 0.0000 0.0000 0.0233
7.4000 32500.0000 -2.3100 1.4365 0.9611 0.0694 0.0703 0.0209 0.0536 0.0150 0.0000 0.0000 0.0218
7.4000 32500.0000 -2.5500 1.5880 0.6565 0.0933 0.0635 0.0202 0.0519 0.0145 0.0000 0.0000 0.0197
7.4000 32500.0000 -2.7900 1.6811 0.3613 0.1253 0.0544 0.0193 0.0493 0.0138 0.0000 0.0000 0.0171
7.4000 32500.0000 -3.0500 1.6275 0.1275 0.1696 0.0421 0.0182 0.0467 0.0131 0.0000 0.0000 0.0140
7.4000 32500.0000 -3.2700 1.4432 0.0396 0.2120 0.0306 0.0174 0.0445 0.0125 0.0000 0.0000 0.0114
7.4000 32500.0000 -3.5100 1.2224 0.0109 0.2497 0.0202 0.0164 0.0419 0.0118 0.0000 0.0000 0.0091
7.4000 32500.0000 -3.7500 1.0217 0.0031 0.2740 0.0126 0.0150 0.0385 0.0109 0.0000 0.0000 0.0071
7.4000 32500.0000 -4.0000 0.8454 0.0000 0.2878 0.0075 0.0134 0.0342 0.0097 0.0000 0.0000 0.0054
7.4000 35000.0000 -1.5600 0.7358 2.1923 0.0305 0.0828 0.0213 0.0551 0.0153 0.0000 0.0000 0.0259
7.4000 35000.0000 -1.8100 0.8814 1.8988 0.0372 0.0811 0.0214 0.0551 0.0154 0.0000 0.0000 0.0253
7.4000 35000.0000 -2.0500 1.0458 1.5964 0.0467 0.0784 0.0214 0.0550 0.0153 0.0000 0.0000 0.0244
7.4000 35000.0000 -2.3000 1.2291 1.2683 0.0604 0.0741 0.0213 0.0547 0.0153 0.0000 0.0000 0.0232
7.4000 35000.0000 -2.5500 1.4150 0.9177 0.0806 0.0678 0.0211 0.0541 0.0151 0.0000 0.0000 0.0215
7.4000 35000.0000 -2.7900 1.5736 0.5529 0.1091 0.0591 0.0207 0.0529 0.0148 0.0000 0.0000 0.0192
7.4000 35000.0000 -3.0400 1.6236 0.2291 0.1495 0.0473 0.0200 0.0513 0.0144 0.0000 0.0000 0.0162
7.4000 35000.0000 -3.2700 1.4950 0.0745 0.1938 0.0353 0.0193 0.0494 0.0139 0.0000 0.0000 0.0134
7.4000 35000.0000 -3.5100 1.2761 0.0201 0.2375 0.0238 0.0183 0.0468 0.0132 0.0000 0.0000 0.0107
7.4000 35000.0000 -3.7500 1.0699 0.0057 0.2682 0.0152 0.0170 0.0436 0.0123 0.0000 0.0000 0.0085
7.4000 35000.0000 -4.0000 0.8841 0.0016 0.2879 0.0092 0.0154 0.0394 0.0111 0.0000 0.0000 0.0065
7.4000 37500.0000 -1.5500 0.5935 2.4824 0.0293 0.0826 0.0214 0.0552 0.0154 0.0000 0.0015 0.0260
7.4000 37500.0000 -1.7900 0.7181 2.1890 0.0351 0.0819 0.0214 0.0553 0.0154 0.0000 0.0000 0.0257
7.4000 37500.0000 -2.0500 0.8714 1.8718 0.0435 0.0800 0.0215 0.0553 0.0154 0.0000 0.0000 0.0250
7.4000 37500.0000 -2.3000 1.0465 1.5355 0.0553 0.0765 0.0215 0.0552 0.0154 0.0000 0.0000 0.0240
7.4000 37500.0000 -2.5500 1.2408 1.1641 0.0728 0.0709 0.0214 0.0549 0.0153 0.0000 0.0000 0.0225
7.4000 37500.0000 -2.7900 1.4387 0.7508 0.0985 0.0626 0.0212 0.0543 0.0152 0.0000 0.0000 0.0204
7.4000 37500.0000 -3.0300 1.5706 0.3581 0.1349 0.0515 0.0209 0.0534 0.0150 0.0000 0.0000 0.0178
7.4000 37500.0000 -3.2700 1.5147 0.1198 0.1810 0.0389 0.0203 0.0520 0.0146 0.0000 0.0000 0.0149
7.4000 37500.0000 -3.5100 1.3186 0.0332 0.2274 0.0269 0.0195 0.0500 0.0141 0.0000 0.0000 0.0121
7.4000 37500.0000 -3.7500 1.1107 0.0094 0.2629 0.0176 0.0185 0.0473 0.0133 0.0000 0.0000 0.0097
7.4000 37500.0000 -4.0000 0.9181 0.0026 0.2878 0.0108 0.0170 0.0436 0.0123 0.0000 0.0000 0.0076
7.4000 40000.0000 -1.5000 0.4783 2.7586 0.0282 0.0810 0.0213 0.0551 0.0153 0.0000 0.0024 0.0255
7.4000 40000.0000 -1.7500 0.5826 2.4633 0.0333 0.0815 0.0214 0.0553 0.0154 0.0000 0.0016 0.0256
7.4000 40000.0000 -2.0200 0.7191 2.1359 0.0407 0.0806 0.0215 0.0554 0.0154 0.0000 0.0000 0.0253
7.4000 40000.0000 -2.2700 0.8771 1.8001 0.0509 0.0782 0.0215 0.0554 0.0155 0.0000 0.0000 0.0246
7.4000 40000.0000 -2.5200 1.0681 1.4156 0.0662 0.0735 0.0215 0.0553 0.0154 0.0000 0.0000 0.0234
7.4000 40000.0000 -2.7800 1.2881 0.9668 0.0897 0.0657 0.0214 0.0550 0.0154 0.0000 0.0000 0.0214
7.4000 40000.0000 -3.0200 1.4826 0.5114 0.1235 0.0550 0.0213 0.0545 0.0153 0.0000 0.0000 0.0189
7.4000 40000.0000 -3.2700 1.5128 0.1811 0.1701 0.0421 0.0209 0.0536 0.0151 0.0000 0.0000 0.0160
7.4000 40000.0000 -3.5100 1.3565 0.0525 0.2181 0.0299 0.0204 0.0522 0.0147 0.0000 0.0000 0.0132
7.4000 40000.0000 -3.7500 1.1439 0.0143 0.2584 0.0196 0.0195 0.0500 0.0141 0.0000 0.0000 0.0107
7.4000 40000.0000 -4.0000 0.9464 0.0039 0.2876 0.0122 0.0183 0.0469 0.0133 0.0000 0.0000 0.0085
7.4000 45000.0000 -1.5000 0.3590 3.0772 0.0289 0.0755 0.0211 0.0546 0.0152 0.0027 0.0040 0.0238
7.4000 45000.0000 -1.7500 0.4354 2.7955 0.0331 0.0779 0.0213 0.0550 0.0153 0.0019 0.0029 0.0245
7.4000 45000.0000 -2.0100 0.5358 2.4861 0.0393 0.0789 0.0214 0.0552 0.0154 0.0013 0.0020 0.0249
7.4000 45000.0000 -2.2600 0.6663 2.1439 0.0482 0.0782 0.0215 0.0554 0.0155 0.0000 0.0012 0.0247
7.4000 45000.0000 -2.5200 0.8299 1.7600 0.0612 0.0753 0.0216 0.0555 0.0155 0.0000 0.0000 0.0240
7.4000 45000.0000 -2.7700 1.0360 1.3088 0.0808 0.0691 0.0216 0.0555 0.0155 0.0000 0.0000 0.0226
7.4000 45000.0000 -3.0100 1.2853 0.7830 0.1117 0.0592 0.0216 0.0554 0.0156 0.0000 0.0000 0.0203
7.4000 45000.0000 -3.2600 1.4478 0.3339 0.1552 0.0469 0.0216 0.0552 0.0155 0.0000 0.0000 0.0176
7.4000 45000.0000 -3.5000 1.3838 0.1029 0.2053 0.0342 0.0214 0.0547 0.0154 0.0000 0.0000 0.0148
7.4000 45000.0000 -3.7600 1.1893 0.0277 0.2520 0.0230 0.0209 0.0536 0.0151 0.0000 0.0000 0.0123
7.4000 45000.0000 -4.0000 0.9907 0.0076 0.2883 0.0147 0.0202 0.0518 0.0147 0.0000 0.0000 0.0100
7.4000 50000.0000 -1.4900 0.2917 3.2676 0.0301 0.0688 0.0207 0.0536 0.0149 0.0068 0.0057 0.0217
7.4000 50000.0000 -1.7900 0.3634 2.9557 0.0349 0.0730 0.0210 0.0543 0.0151 0.0046 0.0041 0.0230
7.4000 50000.0000 -2.0500 0.4471 2.6538 0.0408 0.0754 0.0212 0.0548 0.0153 0.0033 0.0029 0.0238
7.4000 50000.0000 -2.2600 0.5364 2.3777 0.0478 0.0761 0.0214 0.0551 0.0154 0.0025 0.0020 0.0241
7.4000 50000.0000 -2.5200 0.6757 1.9962 0.0597 0.0748 0.0215 0.0554 0.0155 0.0019 0.0011 0.0239
7.4000 50000.0000 -2.7600 0.8579 1.5500 0.0774 0.0703 0.0217 0.0556 0.0155 0.0015 0.0000 0.0230
7.4000 50000.0000 -3.0100 1.1114 1.0028 0.1065 0.0614 0.0218 0.0558 0.0156 0.0013 0.0000 0.0210
7.4000 50000.0000 -3.2600 1.3478 0.4774 0.1490 0.0495 0.0219 0.0560 0.0157 0.0012 0.0000 0.0185
7.4000 50000.0000 -3.5000 1.3742 0.1618 0.1995 0.0369 0.0219 0.0560 0.0158 0.0011 0.0000 0.0159
7.4000 50000.0000 -3.7600 1.2168 0.0451 0.2493 0.0254 0.0218 0.0558 0.0158 0.0000 0.0000 0.0134
7.4000 50000.0000 -4.0100 1.0220 0.0124 0.2906 0.0167 0.0215 0.0552 0.0156 0.0000 0.0000 0.0112
7.4000 55000.0000 -1.5000 0.2531 3.3415 0.0315 0.0624 0.0202 0.0522 0.0145 0.0136 0.0071 0.0197
7.4000 55000.0000 -1.7500 0.3022 3.1066 0.0354 0.0668 0.0205 0.0531 0.0147 0.0100 0.0056 0.0211
7.4000 55000.0000 -2.0600 0.3854 2.7696 0.0423 0.0710 0.0209 0.0540 0.0150 0.0069 0.0038 0.0225
7.4000 55000.0000 -2.2600 0.4568 2.5209 0.0485 0.0727 0.0211 0.0545 0.0152 0.0055 0.0028 0.0231
7.4000 55000.0000 -2.5200 0.5752 2.1563 0.0597 0.0730 0.0214 0.0549 0.0153 0.0042 0.0017 0.0234
7.4000 55000.0000 -2.7600 0.7376 1.7142 0.0767 0.0700 0.0216 0.0553 0.0155 0.0034 0.0000 0.0229
7.4000 55000.0000 -3.0100 0.9742 1.1731 0.1043 0.0625 0.0218 0.0558 0.0156 0.0030 0.0000 0.0214
7.4000 55000.0000 -3.2600 1.2399 0.6189 0.1453 0.0513 0.0220 0.0563 0.0158 0.0028 0.0000 0.0191
7.4000 55000.0000 -3.5100 1.3446 0.2244 0.1971 0.0387 0.0222 0.0568 0.0160 0.0024 0.0000 0.0166
7.4000 55000.0000 -3.7600 1.2275 0.0650 0.2491 0.0271 0.0224 0.0573 0.0162 0.0019 0.0000 0.0142
7.4000 55000.0000 -4.0100 1.0423 0.0181 0.2943 0.0181 0.0225 0.0575 0.0163 0.0013 0.0000 0.0121
7.4000 60000.0000 -1.4900 0.2281 3.3261 0.0327 0.0566 0.0194 0.0503 0.0139 0.0236 0.0081 0.0180
7.4000 60000.0000 -1.7500 0.2714 3.1260 0.0368 0.0614 0.0200 0.0516 0.0143 0.0179 0.0066 0.0195
7.4000 60000.0000 -2.0700 0.3461 2.8138 0.0439 0.0666 0.0205 0.0529 0.0147 0.0125 0.0047 0.0212
7.4000 60000.0000 -2.2600 0.4052 2.5967 0.0497 0.0689 0.0208 0.0535 0.0149 0.0102 0.0036 0.0219
7.4000 60000.0000 -2.5100 0.5083 2.2564 0.0605 0.0703 0.0211 0.0542 0.0151 0.0080 0.0023 0.0226
7.4000 60000.0000 -2.7700 0.6545 1.8266 0.0771 0.0689 0.0214 0.0548 0.0153 0.0065 0.0012 0.0226
7.4000 60000.0000 -3.0100 0.8655 1.3123 0.1032 0.0630 0.0216 0.0554 0.0155 0.0058 0.0000 0.0216
7.4000 60000.0000 -3.2600 1.1477 0.7266 0.1451 0.0522 0.0220 0.0562 0.0158 0.0053 0.0000 0.0195
7.4000 60000.0000 -3.5000 1.3040 0.2958 0.1953 0.0402 0.0223 0.0572 0.0161 0.0047 0.0000 0.0172
7.4000 60000.0000 -3.7600 1.2295 0.0860 0.2510 0.0283 0.0228 0.0583 0.0165 0.0037 0.0000 0.0148
7.4000 60000.0000 -4.0100 1.0558 0.0242 0.2994 0.0192 0.0232 0.0593 0.0168 0.0026 0.0000 0.0128
7.4000 70000.0000 -1.5200 0.2047 3.0430 0.0350 0.0482 0.0176 0.0454 0.0126 0.0516 0.0090 0.0155
7.4000 70000.0000 -1.7700 0.2407 2.9455 0.0394 0.0529 0.0184 0.0475 0.0132 0.0411 0.0077 0.0170
7.4000 70000.0000 -2.0900 0.3029 2.7357 0.0469 0.0587 0.0193 0.0496 0.0138 0.0307 0.0059 0.0188
7.4000 70000.0000 -2.2800 0.3518 2.5671 0.0528 0.0617 0.0197 0.0507 0.0141 0.0259 0.0048 0.0198
7.4000 70000.0000 -2.5300 0.4376 2.2876 0.0638 0.0646 0.0202 0.0519 0.0145 0.0210 0.0033 0.0209
7.4000 70000.0000 -2.7800 0.5602 1.9190 0.0803 0.0652 0.0207 0.0530 0.0148 0.0177 0.0019 0.0215
7.4000 70000.0000 -3.0100 0.7411 1.4487 0.1061 0.0617 0.0211 0.0540 0.0151 0.0159 0.0000 0.0213
7.4000 70000.0000 -3.2600 1.0090 0.8793 0.1480 0.0526 0.0216 0.0553 0.0155 0.0147 0.0000 0.0198
7.4000 70000.0000 -3.5000 1.2180 0.4040 0.1990 0.0414 0.0223 0.0569 0.0160 0.0131 0.0000 0.0178
7.4000 70000.0000 -3.7600 1.2165 0.1272 0.2577 0.0297 0.0231 0.0592 0.0167 0.0103 0.0000 0.0156
7.4000 70000.0000 -4.0100 1.0677 0.0363 0.3120 0.0205 0.0241 0.0616 0.0174 0.0075 0.0000 0.0138
7.4000 80000.0000 -1.5400 0.1931 2.5747 0.0362 0.0421 0.0153 0.0394 0.0109 0.0888 0.0089 0.0137
7.4000 80000.0000 -1.7900 0.2258 2.5877 0.0411 0.0467 0.0164 0.0422 0.0117 0.0737 0.0080 0.0151
7.4000 80000.0000 -2.1100 0.2817 2.4987 0.0492 0.0525 0.0176 0.0452 0.0126 0.0578 0.0065 0.0170
7.4000 80000.0000 -2.2900 0.3256 2.3914 0.0555 0.0557 0.0182 0.0467 0.0130 0.0501 0.0055 0.0180
7.4000 80000.0000 -2.5400 0.4021 2.1879 0.0668 0.0592 0.0189 0.0485 0.0135 0.0419 0.0041 0.0193
7.4000 80000.0000 -2.7800 0.5109 1.9004 0.0836 0.0612 0.0195 0.0501 0.0140 0.0361 0.0026 0.0202
7.4000 80000.0000 -3.0200 0.6710 1.5013 0.1097 0.0596 0.0201 0.0516 0.0144 0.0328 0.0011 0.0207
7.4000 80000.0000 -3.2700 0.9183 0.9699 0.1525 0.0522 0.0208 0.0533 0.0150 0.0305 0.0000 0.0199
7.4000 80000.0000 -3.5100 1.1467 0.4823 0.2051 0.0416 0.0218 0.0557 0.0157 0.0271 0.0000 0.0181
7.4000 80000.0000 -3.7600 1.1949 0.1618 0.2667 0.0303 0.0231 0.0590 0.0167 0.0214 0.0000 0.0161
7.4000 80000.0000 -4.0100 1.0684 0.0468 0.3258 0.0211 0.0246 0.0628 0.0178 0.0157 0.0000 0.0144
7.4000 90000.0000 -1.5600 0.1849 2.0683 0.0366 0.0375 0.0128 0.0328 0.0091 0.1311 0.0082 0.0122
7.4000 90000.0000 -1.8100 0.2163 2.1614 0.0419 0.0419 0.0141 0.0361 0.0100 0.1125 0.0077 0.0136
7.4000 90000.0000 -2.1200 0.2693 2.1810 0.0506 0.0476 0.0155 0.0399 0.0111 0.0918 0.0066 0.0154
7.4000 90000.0000 -2.3000 0.3104 2.1364 0.0573 0.0508 0.0163 0.0419 0.0117 0.0814 0.0059 0.0165
7.4000 90000.0000 -2.5500 0.3817 2.0123 0.0690 0.0547 0.0173 0.0442 0.0123 0.0699 0.0046 0.0178
7.4000 90000.0000 -2.7900 0.4819 1.8102 0.0863 0.0574 0.0181 0.0463 0.0129 0.0614 0.0031 0.0190
7.4000 90000.0000 -3.0200 0.6278 1.4987 0.1130 0.0573 0.0188 0.0482 0.0135 0.0563 0.0015 0.0200
7.4000 90000.0000 -3.2700 0.8581 1.0205 0.1571 0.0514 0.0197 0.0505 0.0142 0.0523 0.0000 0.0198
7.4000 90000.0000 -3.5100 1.0927 0.5354 0.2119 0.0414 0.0210 0.0536 0.0151 0.0462 0.0000 0.0182
7.4000 90000.0000 -3.7600 1.1725 0.1871 0.2767 0.0304 0.0227 0.0581 0.0164 0.0365 0.0000 0.0164
7.4000 90000.0000 -4.0100 1.0638 0.0550 0.3401 0.0215 0.0247 0.0632 0.0179 0.0272 0.0000 0.0148
7.7000 30000.0000 -1.5500 1.7492 2.0822 0.0624 0.1295 0.0214 0.0551 0.0154 0.0000 0.0000 0.0497
7.7000 30000.0000 -1.8000 1.9783 1.6677 0.0810 0.1240 0.0212 0.0545 0.0152 0.0000 0.0000 0.0472
7.7000 30000.0000 -2.0400 2.1863 1.2853 0.1072 0.1170 0.0206 0.0530 0.0148 0.0000 0.0000 0.0438
7.7000 30000.0000 -2.2900 2.3672 0.9155 0.1446 0.1077 0.0193 0.0495 0.0139 0.0000 0.0000 0.0388
7.7000 30000.0000 -2.5400 2.4933 0.5743 0.1930 0.0958 0.0177 0.0453 0.0127 0.0000 0.0000 0.0333
7.7000 30000.0000 -2.7900 2.5161 0.2794 0.2546 0.0806 0.0162 0.0416 0.0117 0.0000 0.0000 0.0279
7.7000 30000.0000 -3.0300 2.3458 0.0951 0.3302 0.0616 0.0152 0.0389 0.0110 0.0000 0.0000 0.0228
7.7000 30000.0000 -3.2600 2.0611 0.0280 0.4024 0.0430 0.0145 0.0370 0.0105 0.0000 0.0000 0.0186
7.7000 30000.0000 -3.5100 1.7629 0.0079 0.4572 0.0276 0.0136 0.0350 0.0099 0.0000 0.0000 0.0150
7.7000 30000.0000 -3.7500 1.4907 0.0024 0.4870 0.0170 0.0125 0.0320 0.0091 0.0000 0.0000 0.0118
7.7000 30000.0000 -4.0000 1.2430 0.0000 0.5002 0.0101 0.0110 0.0281 0.0080 0.0000 0.0000 0.0089
7.7000 32500.0000 -1.5500 1.4294 2.7299 0.0564 0.1359 0.0216 0.0556 0.0155 0.0000 0.0000 0.0528
7.7000 32500.0000 -1.8000 1.6630 2.2756 0.0706 0.1314 0.0215 0.0554 0.0155 0.0000 0.0000 0.0509
7.7000 32500.0000 -2.0400 1.9009 1.8379 0.0905 0.1256 0.0214 0.0550 0.0154 0.0000 0.0000 0.0485
7.7000 32500.0000 -2.2900 2.1409 1.3926 0.1200 0.1174 0.0211 0.0542 0.0152 0.0000 0.0000 0.0453
7.7000 32500.0000 -2.5400 2.3540 0.9545 0.1615 0.1065 0.0204 0.0523 0.0147 0.0000 0.0000 0.0411
7.7000 32500.0000 -2.7800 2.4999 0.5314 0.2177 0.0919 0.0194 0.0498 0.0140 0.0000 0.0000 0.0358
7.7000 32500.0000 -3.0400 2.4612 0.1928 0.2972 0.0719 0.0184 0.0471 0.0133 0.0000 0.0000 0.0297
7.7000 32500.0000 -3.2700 2.2251 0.0614 0.3737 0.0526 0.0175 0.0449 0.0127 0.0000 0.0000 0.0246
7.7000 32500.0000 -3.5100 1.9132 0.0173 0.4414 0.0349 0.0164 0.0421 0.0119 0.0000 0.0000 0.0197
7.7000 32500.0000 -3.7500 1.6199 0.0050 0.4855 0.0220 0.0151 0.0387 0.0109 0.0000 0.0000 0.0155
7.7000 32500.0000 -4.0000 1.3494 0.0014 0.5104 0.0131 0.0134 0.0343 0.0097 0.0000 0.0000 0.0118
7.7000 35000.0000 -1.5500 1.1681 3.3027 0.0533 0.1396 0.0217 0.0558 0.0156 0.0000 0.0017 0.0546
7.7000 35000.0000 -1.7900 1.3799 2.8350 0.0649 0.1364 0.0217 0.0558 0.0156 0.0000 0.0010 0.0532
7.7000 35000.0000 -2.0300 1.6159 2.3681 0.0811 0.1317 0.0217 0.0557 0.0156 0.0000 0.0000 0.0513
7.7000 35000.0000 -2.2800 1.8779 1.8760 0.1052 0.1247 0.0216 0.0553 0.0155 0.0000 0.0000 0.0488
7.7000 35000.0000 -2.5300 2.1481 1.3611 0.1407 0.1147 0.0213 0.0547 0.0153 0.0000 0.0000 0.0454
7.7000 35000.0000 -2.7800 2.3929 0.8291 0.1913 0.1008 0.0209 0.0535 0.0150 0.0000 0.0000 0.0409
7.7000 35000.0000 -3.0300 2.5068 0.3522 0.2651 0.0818 0.0202 0.0518 0.0146 0.0000 0.0000 0.0352
7.7000 35000.0000 -3.2600 2.3529 0.1178 0.3462 0.0616 0.0195 0.0498 0.0140 0.0000 0.0000 0.0295
7.7000 35000.0000 -3.5100 2.0438 0.0325 0.4258 0.0417 0.0184 0.0471 0.0133 0.0000 0.0000 0.0237
7.7000 35000.0000 -3.7500 1.7337 0.0094 0.4817 0.0268 0.0171 0.0438 0.0124 0.0000 0.0000 0.0189
7.7000 35000.0000 -4.0000 1.4432 0.0026 0.5176 0.0163 0.0154 0.0395 0.0112 0.0000 0.0000 0.0146
7.7000 37500.0000 -1.5300 0.9633 3.8178 0.0517 0.1408 0.0217 0.0560 0.0156 0.0000 0.0028 0.0554
7.7000 37500.0000 -1.7800 1.1499 3.3357 0.0617 0.1391 0.0217 0.0560 0.0157 0.0000 0.0018 0.0546
7.7000 37500.0000 -2.0300 1.3769 2.8317 0.0763 0.1355 0.0218 0.0559 0.0157 0.0000 0.0011 0.0531
7.7000 37500.0000 -2.2800 1.6354 2.3145 0.0971 0.1298 0.0217 0.0558 0.0156 0.0000 0.0000 0.0511
7.7000 37500.0000 -2.5300 1.9249 1.7576 0.1279 0.1208 0.0216 0.0555 0.0156 0.0000 0.0000 0.0481
7.7000 37500.0000 -2.7800 2.2362 1.1458 0.1742 0.1077 0.0214 0.0549 0.0154 0.0000 0.0000 0.0441
7.7000 37500.0000 -3.0200 2.4713 0.5589 0.2415 0.0899 0.0211 0.0539 0.0152 0.0000 0.0000 0.0389
7.7000 37500.0000 -3.2600 2.4297 0.1924 0.3268 0.0687 0.0205 0.0525 0.0148 0.0000 0.0000 0.0330
7.7000 37500.0000 -3.5100 2.1508 0.0546 0.4125 0.0478 0.0197 0.0504 0.0142 0.0000 0.0000 0.0271
7.7000 37500.0000 -3.7500 1.8321 0.0157 0.4775 0.0314 0.0186 0.0475 0.0134 0.0000 0.0000 0.0218
7.7000 37500.0000 -4.0000 1.5264 0.0044 0.5232 0.0193 0.0171 0.0438 0.0124 0.0000 0.0000 0.0171
7.7000 40000.0000 -1.4900 0.7925 4.3256 0.0505 0.1395 0.0217 0.0560 0.0156 0.0000 0.0045 0.0552
7.7000 40000.0000 -1.7400 0.9536 3.8265 0.0591 0.1399 0.0218 0.0561 0.0157 0.0000 0.0030 0.0551
7.7000 40000.0000 -2.0000 1.1616 3.2919 0.0721 0.1379 0.0218 0.0561 0.0157 0.0000 0.0018 0.0543
7.7000 40000.0000 -2.2500 1.4008 2.7618 0.0900 0.1337 0.0218 0.0561 0.0157 0.0000 0.0011 0.0528
7.7000 40000.0000 -2.5100 1.6927 2.1733 0.1173 0.1262 0.0218 0.0559 0.0157 0.0000 0.0000 0.0504
7.7000 40000.0000 -2.7600 2.0397 1.4985 0.1599 0.1139 0.0217 0.0556 0.0156 0.0000 0.0000 0.0466
7.7000 40000.0000 -3.0100 2.3728 0.8092 0.2228 0.0968 0.0215 0.0550 0.0155 0.0000 0.0000 0.0418
7.7000 40000.0000 -3.2600 2.4674 0.2949 0.3100 0.0750 0.0211 0.0541 0.0152 0.0000 0.0000 0.0359
7.7000 40000.0000 -3.5000 2.2453 0.0872 0.3992 0.0536 0.0205 0.0526 0.0148 0.0000 0.0000 0.0300
7.7000 40000.0000 -3.7500 1.9157 0.0242 0.4738 0.0354 0.0196 0.0503 0.0142 0.0000 0.0000 0.0244
7.7000 40000.0000 -4.0000 1.5980 0.0067 0.5277 0.0222 0.0184 0.0472 0.0134 0.0000 0.0000 0.0194
7.7000 45000.0000 -1.4800 0.6132 4.9702 0.0525 0.1322 0.0215 0.0556 0.0155 0.0027 0.0079 0.0526
7.7000 45000.0000 -1.7400 0.7365 4.4760 0.0600 0.1359 0.0217 0.0559 0.0156 0.0019 0.0056 0.0538
7.7000 45000.0000 -1.9900 0.8966 3.9517 0.0708 0.1373 0.0218 0.0561 0.0157 0.0013 0.0038 0.0543
7.7000 45000.0000 -2.2500 1.1033 3.3919 0.0867 0.1360 0.0219 0.0562 0.0157 0.0000 0.0023 0.0539
7.7000 45000.0000 -2.5000 1.3642 2.7850 0.1101 0.1313 0.0219 0.0562 0.0157 0.0000 0.0012 0.0526
7.7000 45000.0000 -2.7500 1.6996 2.0877 0.1462 0.1216 0.0219 0.0562 0.0158 0.0000 0.0000 0.0498
7.7000 45000.0000 -3.0000 2.1241 1.2722 0.2045 0.1055 0.0219 0.0561 0.0158 0.0000 0.0000 0.0454
7.7000 45000.0000 -3.2500 2.4265 0.5562 0.2869 0.0848 0.0218 0.0558 0.0157 0.0000 0.0000 0.0400
7.7000 45000.0000 -3.5000 2.3545 0.1753 0.3818 0.0624 0.0215 0.0552 0.0156 0.0000 0.0000 0.0342
7.7000 45000.0000 -3.7500 2.0443 0.0478 0.4694 0.0421 0.0211 0.0540 0.0153 0.0000 0.0000 0.0284
7.7000 45000.0000 -4.0000 1.7139 0.0132 0.5367 0.0271 0.0204 0.0522 0.0148 0.0000 0.0000 0.0233
7.7000 50000.0000 -1.4800 0.5098 5.4067 0.0555 0.1220 0.0212 0.0547 0.0153 0.0068 0.0115 0.0487
7.7000 50000.0000 -1.7800 0.6295 4.8455 0.0641 0.1291 0.0215 0.0553 0.0154 0.0046 0.0081 0.0513
7.7000 50000.0000 -2.0300 0.7682 4.3233 0.0748 0.1331 0.0216 0.0557 0.0156 0.0033 0.0056 0.0529
7.7000 50000.0000 -2.2500 0.9150 3.8603 0.0872 0.1342 0.0218 0.0560 0.0156 0.0025 0.0039 0.0534
7.7000 50000.0000 -2.5000 1.1450 3.2415 0.1090 0.1323 0.0219 0.0562 0.0157 0.0019 0.0022 0.0532
7.7000 50000.0000 -2.7500 1.4505 2.5350 0.1419 0.1253 0.0220 0.0563 0.0158 0.0016 0.0000 0.0515
7.7000 50000.0000 -3.0000 1.8879 1.6676 0.1973 0.1109 0.0220 0.0565 0.0159 0.0014 0.0000 0.0477
7.7000 50000.0000 -3.2500 2.3128 0.8116 0.2788 0.0905 0.0221 0.0566 0.0159 0.0012 0.0000 0.0426
7.7000 50000.0000 -3.5000 2.3867 0.2806 0.3752 0.0681 0.0221 0.0566 0.0160 0.0011 0.0000 0.0370
7.7000 50000.0000 -3.7500 2.1305 0.0792 0.4693 0.0471 0.0220 0.0563 0.0159 0.0000 0.0000 0.0314
7.7000 50000.0000 -4.0000 1.7999 0.0220 0.5467 0.0310 0.0217 0.0556 0.0157 0.0000 0.0000 0.0264
7.7000 55000.0000 -1.4900 0.4508 5.6446 0.0588 0.1118 0.0207 0.0534 0.0149 0.0137 0.0145 0.0449
7.7000 55000.0000 -1.7400 0.5348 5.2107 0.0658 0.1195 0.0210 0.0542 0.0151 0.0101 0.0114 0.0478
7.7000 55000.0000 -2.0500 0.6766 4.6095 0.0783 0.1269 0.0214 0.0550 0.0153 0.0070 0.0077 0.0507
7.7000 55000.0000 -2.2500 0.7976 4.1843 0.0898 0.1299 0.0215 0.0554 0.0155 0.0055 0.0057 0.0520
7.7000 55000.0000 -2.5000 0.9989 3.5798 0.1105 0.1307 0.0217 0.0558 0.0156 0.0042 0.0034 0.0527
7.7000 55000.0000 -2.7500 1.2786 2.8653 0.1425 0.1264 0.0219 0.0562 0.0157 0.0035 0.0016 0.0520
7.7000 55000.0000 -3.0000 1.6938 1.9903 0.1954 0.1141 0.0221 0.0565 0.0159 0.0030 0.0000 0.0492
7.7000 55000.0000 -3.2500 2.1708 1.0700 0.2744 0.0949 0.0222 0.0569 0.0160 0.0028 0.0000 0.0445
7.7000 55000.0000 -3.5000 2.3745 0.3949 0.3740 0.0721 0.0224 0.0574 0.0162 0.0024 0.0000 0.0391
7.7000 55000.0000 -3.7600 2.1840 0.1157 0.4731 0.0508 0.0226 0.0579 0.0163 0.0019 0.0000 0.0336
7.7000 55000.0000 -4.0100 1.8628 0.0325 0.5586 0.0340 0.0227 0.0580 0.0164 0.0013 0.0000 0.0287
7.7000 60000.0000 -1.4800 0.4125 5.7307 0.0616 0.1024 0.0200 0.0516 0.0143 0.0241 0.0171 0.0414
7.7000 60000.0000 -1.7400 0.4880 5.3448 0.0691 0.1109 0.0205 0.0527 0.0147 0.0182 0.0137 0.0447
7.7000 60000.0000 -2.0600 0.6182 4.7740 0.0821 0.1203 0.0210 0.0539 0.0150 0.0127 0.0097 0.0483
7.7000 60000.0000 -2.2500 0.7208 4.3945 0.0929 0.1245 0.0212 0.0545 0.0152 0.0104 0.0075 0.0500
7.7000 60000.0000 -2.5000 0.9006 3.8188 0.1132 0.1275 0.0215 0.0551 0.0154 0.0081 0.0047 0.0516
7.7000 60000.0000 -2.7500 1.1580 3.1109 0.1448 0.1257 0.0217 0.0557 0.0156 0.0067 0.0024 0.0518
7.7000 60000.0000 -3.0000 1.5344 2.2647 0.1951 0.1161 0.0220 0.0562 0.0158 0.0059 0.0000 0.0501
7.7000 60000.0000 -3.2500 2.0454 1.2754 0.2761 0.0973 0.0222 0.0569 0.0160 0.0054 0.0000 0.0458
7.7000 60000.0000 -3.5000 2.3369 0.5269 0.3732 0.0756 0.0226 0.0578 0.0163 0.0048 0.0000 0.0407
7.7000 60000.0000 -3.7600 2.2162 0.1548 0.4799 0.0535 0.0230 0.0589 0.0166 0.0037 0.0000 0.0353
7.7000 60000.0000 -4.0100 1.9088 0.0439 0.5719 0.0363 0.0234 0.0599 0.0169 0.0026 0.0000 0.0306
7.7000 70000.0000 -1.5100 0.3789 5.4447 0.0668 0.0887 0.0182 0.0468 0.0130 0.0533 0.0197 0.0365
7.7000 70000.0000 -1.7600 0.4437 5.2223 0.0751 0.0974 0.0189 0.0487 0.0136 0.0423 0.0167 0.0398
7.7000 70000.0000 -2.0800 0.5554 4.8049 0.0892 0.1080 0.0198 0.0508 0.0141 0.0314 0.0126 0.0440
7.7000 70000.0000 -2.2700 0.6437 4.4940 0.1005 0.1135 0.0202 0.0518 0.0144 0.0265 0.0103 0.0462
7.7000 70000.0000 -2.5200 0.7987 4.0009 0.1213 0.1192 0.0206 0.0530 0.0148 0.0215 0.0071 0.0487
7.7000 70000.0000 -2.7700 1.0218 3.3722 0.1531 0.1212 0.0210 0.0540 0.0151 0.0180 0.0040 0.0503
7.7000 70000.0000 -3.0000 1.3541 2.5732 0.2033 0.1157 0.0214 0.0549 0.0154 0.0162 0.0016 0.0503
7.7000 70000.0000 -3.2600 1.8473 1.5822 0.2851 0.0996 0.0219 0.0561 0.0158 0.0149 0.0000 0.0473
7.7000 70000.0000 -3.5000 2.2334 0.7344 0.3843 0.0787 0.0225 0.0576 0.0162 0.0132 0.0000 0.0427
7.7000 70000.0000 -3.7600 2.2378 0.2333 0.4976 0.0568 0.0234 0.0598 0.0169 0.0103 0.0000 0.0377
7.7000 70000.0000 -4.0100 1.9669 0.0669 0.6018 0.0392 0.0243 0.0623 0.0176 0.0075 0.0000 0.0333
7.7000 80000.0000 -1.5300 0.3642 4.7757 0.0701 0.0790 0.0159 0.0408 0.0113 0.0923 0.0200 0.0328
7.7000 80000.0000 -1.7800 0.4244 4.7471 0.0794 0.0874 0.0169 0.0435 0.0121 0.0763 0.0178 0.0362
7.7000 80000.0000 -2.1000 0.5269 4.5310 0.0948 0.0981 0.0181 0.0464 0.0129 0.0595 0.0143 0.0404
7.7000 80000.0000 -2.2800 0.6076 4.3155 0.1068 0.1041 0.0187 0.0479 0.0134 0.0515 0.0121 0.0428
7.7000 80000.0000 -2.5300 0.7490 3.9352 0.1285 0.1111 0.0194 0.0496 0.0139 0.0430 0.0090 0.0457
7.7000 80000.0000 -2.7800 0.9513 3.4251 0.1613 0.1153 0.0199 0.0511 0.0143 0.0369 0.0056 0.0481
7.7000 80000.0000 -3.0100 1.2514 2.7254 0.2126 0.1133 0.0205 0.0524 0.0147 0.0334 0.0025 0.0495
7.7000 80000.0000 -3.2600 1.7141 1.7782 0.2964 0.0998 0.0212 0.0541 0.0152 0.0309 0.0000 0.0480
7.7000 80000.0000 -3.5000 2.1392 0.8909 0.3990 0.0799 0.0220 0.0564 0.0159 0.0273 0.0000 0.0439
7.7000 80000.0000 -3.7600 2.2299 0.3006 0.5188 0.0583 0.0234 0.0597 0.0169 0.0215 0.0000 0.0392
7.7000 80000.0000 -4.0100 1.9965 0.0875 0.6329 0.0408 0.0248 0.0635 0.0180 0.0158 0.0000 0.0351
7.7000 90000.0000 -1.5500 0.3543 3.9438 0.0716 0.0714 0.0133 0.0341 0.0095 0.1366 0.0189 0.0297
7.7000 90000.0000 -1.8000 0.4128 4.0802 0.0817 0.0796 0.0146 0.0373 0.0104 0.1168 0.0176 0.0330
7.7000 90000.0000 -2.1100 0.5114 4.0666 0.0984 0.0903 0.0160 0.0410 0.0114 0.0949 0.0150 0.0373
7.7000 90000.0000 -2.2900 0.5882 3.9600 0.1114 0.0964 0.0168 0.0430 0.0120 0.0839 0.0132 0.0397
7.7000 90000.0000 -2.5400 0.7218 3.7085 0.1341 0.1039 0.0177 0.0453 0.0127 0.0717 0.0104 0.0429
7.7000 90000.0000 -2.7800 0.9109 3.3314 0.1679 0.1095 0.0185 0.0473 0.0132 0.0629 0.0070 0.0458
7.7000 90000.0000 -3.0200 1.1881 2.7695 0.2206 0.1100 0.0192 0.0491 0.0138 0.0574 0.0034 0.0483
7.7000 90000.0000 -3.2700 1.6233 1.8981 0.3071 0.0991 0.0200 0.0512 0.0144 0.0530 0.0000 0.0481
7.7000 90000.0000 -3.5100 2.0658 1.0013 0.4146 0.0802 0.0212 0.0543 0.0153 0.0466 0.0000 0.0445
7.7000 90000.0000 -3.7600 2.2144 0.3515 0.5409 0.0589 0.0230 0.0588 0.0166 0.0367 0.0000 0.0401
7.7000 90000.0000 -4.0100 2.0085 0.1037 0.6637 0.0416 0.0250 0.0639 0.0181 0.0273 0.0000 0.0363
8.0000 30000.0000 -1.5300 2.2533 2.5403 0.0986 0.1956 0.0217 0.0559 0.0157 0.0000 0.0000 0.0585
8.0000 30000.0000 -1.7800 2.4860 2.0153 0.1273 0.1870 0.0215 0.0553 0.0155 0.0000 0.0000 0.0553
8.0000 30000.0000 -2.0200 2.6855 1.5458 0.1676 0.1763 0.0208 0.0534 0.0150 0.0000 0.0000 0.0508
8.0000 30000.0000 -2.2700 2.8542 1.1003 0.2240 0.1622 0.0194 0.0498 0.0140 0.0000 0.0000 0.0446
8.0000 30000.0000 -2.5200 2.9685 0.6915 0.2966 0.1443 0.0177 0.0455 0.0129 0.0000 0.0000 0.0381
8.0000 30000.0000 -2.7600 2.9737 0.3373 0.3894 0.1213 0.0163 0.0419 0.0118 0.0000 0.0000 0.0320
8.0000 30000.0000 -3.0100 2.7649 0.1160 0.5038 0.0922 0.0153 0.0393 0.0111 0.0000 0.0000 0.0262
8.0000 30000.0000 -3.2500 2.4252 0.0346 0.6105 0.0638 0.0146 0.0374 0.0106 0.0000 0.0000 0.0214
8.0000 30000.0000 -3.5000 2.0492 0.0099 0.6846 0.0404 0.0137 0.0352 0.0100 0.0000 0.0000 0.0171
8.0000 30000.0000 -3.7400 1.6994 0.0029 0.7179 0.0246 0.0125 0.0321 0.0091 0.0000 0.0000 0.0133
8.0000 30000.0000 -4.0000 1.3723 0.0000 0.7230 0.0143 0.0109 0.0280 0.0080 0.0000 0.0000 0.0099
8.0000 32500.0000 -1.5300 1.9015 3.4290 0.0899 0.2065 0.0219 0.0564 0.0158 0.0000 0.0000 0.0628
8.0000 32500.0000 -1.7800 2.1586 2.8237 0.1119 0.1993 0.0218 0.0562 0.0158 0.0000 0.0000 0.0603
8.0000 32500.0000 -2.0200 2.4119 2.2621 0.1426 0.1903 0.0217 0.0558 0.0157 0.0000 0.0000 0.0573
8.0000 32500.0000 -2.2700 2.6580 1.7058 0.1881 0.1779 0.0214 0.0548 0.0154 0.0000 0.0000 0.0533
8.0000 32500.0000 -2.5100 2.8781 1.1685 0.2523 0.1615 0.0206 0.0529 0.0149 0.0000 0.0000 0.0481
8.0000 32500.0000 -2.7600 3.0381 0.6524 0.3397 0.1398 0.0196 0.0503 0.0142 0.0000 0.0000 0.0420
8.0000 32500.0000 -3.0200 2.9927 0.2430 0.4623 0.1096 0.0186 0.0476 0.0135 0.0000 0.0000 0.0352
8.0000 32500.0000 -3.2500 2.7117 0.0775 0.5817 0.0796 0.0177 0.0453 0.0128 0.0000 0.0000 0.0290
8.0000 32500.0000 -3.5000 2.3310 0.0222 0.6818 0.0525 0.0165 0.0424 0.0120 0.0000 0.0000 0.0233
8.0000 32500.0000 -3.7500 1.9479 0.0064 0.7401 0.0327 0.0151 0.0388 0.0110 0.0000 0.0000 0.0182
8.0000 32500.0000 -4.0000 1.5841 0.0018 0.7652 0.0194 0.0133 0.0342 0.0097 0.0000 0.0000 0.0136
8.0000 35000.0000 -1.5300 1.6035 4.2629 0.0861 0.2139 0.0220 0.0567 0.0159 0.0000 0.0016 0.0658
8.0000 35000.0000 -1.7700 1.8490 3.6089 0.1040 0.2083 0.0220 0.0566 0.0159 0.0000 0.0010 0.0638
8.0000 35000.0000 -2.0100 2.1150 2.9819 0.1292 0.2008 0.0220 0.0564 0.0159 0.0000 0.0000 0.0613
8.0000 35000.0000 -2.2600 2.4035 2.3442 0.1667 0.1901 0.0218 0.0561 0.0158 0.0000 0.0000 0.0582
8.0000 35000.0000 -2.5100 2.7021 1.6957 0.2222 0.1753 0.0216 0.0554 0.0156 0.0000 0.0000 0.0541
8.0000 35000.0000 -2.7600 2.9856 1.0353 0.3025 0.1547 0.0211 0.0541 0.0153 0.0000 0.0000 0.0489
8.0000 35000.0000 -3.0100 3.1376 0.4571 0.4185 0.1270 0.0205 0.0524 0.0148 0.0000 0.0000 0.0426
8.0000 35000.0000 -3.2500 2.9676 0.1520 0.5515 0.0952 0.0196 0.0503 0.0142 0.0000 0.0000 0.0358
8.0000 35000.0000 -3.5000 2.5914 0.0428 0.6751 0.0643 0.0185 0.0475 0.0134 0.0000 0.0000 0.0289
8.0000 35000.0000 -3.7500 2.1819 0.0124 0.7553 0.0410 0.0171 0.0440 0.0125 0.0000 0.0000 0.0229
8.0000 35000.0000 -4.0000 1.7867 0.0035 0.8005 0.0247 0.0154 0.0396 0.0112 0.0000 0.0000 0.0174
8.0000 37500.0000 -1.5200 1.3617 5.0529 0.0847 0.2179 0.0220 0.0568 0.0159 0.0000 0.0028 0.0677
8.0000 37500.0000 -1.7600 1.5892 4.3506 0.1002 0.2143 0.0221 0.0568 0.0159 0.0000 0.0018 0.0662
8.0000 37500.0000 -2.0100 1.8568 3.6447 0.1229 0.2082 0.0221 0.0567 0.0159 0.0000 0.0011 0.0641
8.0000 37500.0000 -2.2600 2.1561 2.9508 0.1555 0.1992 0.0220 0.0566 0.0159 0.0000 0.0000 0.0615
8.0000 37500.0000 -2.5100 2.4920 2.2298 0.2043 0.1860 0.0219 0.0562 0.0158 0.0000 0.0000 0.0580
8.0000 37500.0000 -2.7600 2.8666 1.4561 0.2790 0.1667 0.0217 0.0556 0.0157 0.0000 0.0000 0.0534
8.0000 37500.0000 -3.0000 3.1784 0.7203 0.3902 0.1404 0.0213 0.0546 0.0154 0.0000 0.0000 0.0477
8.0000 37500.0000 -3.2500 3.1596 0.2539 0.5311 0.1079 0.0207 0.0530 0.0150 0.0000 0.0000 0.0409
8.0000 37500.0000 -3.5000 2.8199 0.0736 0.6682 0.0751 0.0198 0.0508 0.0144 0.0000 0.0000 0.0337
8.0000 37500.0000 -3.7500 2.3988 0.0213 0.7672 0.0491 0.0186 0.0479 0.0136 0.0000 0.0000 0.0272
8.0000 37500.0000 -4.0000 1.9761 0.0059 0.8307 0.0301 0.0171 0.0440 0.0125 0.0000 0.0000 0.0212
8.0000 40000.0000 -1.4700 1.1549 5.8746 0.0836 0.2185 0.0221 0.0569 0.0159 0.0000 0.0046 0.0685
8.0000 40000.0000 -1.7200 1.3594 5.1141 0.0973 0.2177 0.0221 0.0569 0.0160 0.0000 0.0031 0.0678
8.0000 40000.0000 -1.9800 1.6163 4.3345 0.1177 0.2137 0.0221 0.0569 0.0160 0.0000 0.0019 0.0663
8.0000 40000.0000 -2.2300 1.9053 3.5957 0.1460 0.2069 0.0221 0.0568 0.0160 0.0000 0.0011 0.0642
8.0000 40000.0000 -2.4800 2.2535 2.8150 0.1892 0.1957 0.0221 0.0567 0.0159 0.0000 0.0000 0.0613
8.0000 40000.0000 -2.7400 2.6884 1.9367 0.2592 0.1777 0.0220 0.0563 0.0159 0.0000 0.0000 0.0571
8.0000 40000.0000 -2.9900 3.1273 1.0654 0.3638 0.1529 0.0217 0.0557 0.0157 0.0000 0.0000 0.0519
8.0000 40000.0000 -3.2500 3.2980 0.3970 0.5121 0.1197 0.0213 0.0547 0.0155 0.0000 0.0000 0.0453
8.0000 40000.0000 -3.5000 3.0323 0.1202 0.6591 0.0857 0.0207 0.0531 0.0150 0.0000 0.0000 0.0381
8.0000 40000.0000 -3.7500 2.5950 0.0338 0.7772 0.0566 0.0198 0.0507 0.0144 0.0000 0.0000 0.0311
8.0000 40000.0000 -4.0000 2.1499 0.0094 0.8571 0.0353 0.0185 0.0475 0.0135 0.0000 0.0000 0.0247
8.0000 45000.0000 -1.4700 0.9346 7.0277 0.0892 0.2120 0.0220 0.0566 0.0159 0.0026 0.0085 0.0670
8.0000 45000.0000 -1.7200 1.1023 6.2292 0.1012 0.2161 0.0221 0.0568 0.0159 0.0018 0.0059 0.0680
8.0000 45000.0000 -1.9700 1.3150 5.4170 0.1186 0.2170 0.0221 0.0570 0.0160 0.0013 0.0039 0.0680
8.0000 45000.0000 -2.2300 1.5826 4.5895 0.1441 0.2142 0.0222 0.0570 0.0160 0.0000 0.0024 0.0672
8.0000 45000.0000 -2.4800 1.9138 3.7463 0.1817 0.2070 0.0222 0.0570 0.0160 0.0000 0.0012 0.0654
8.0000 45000.0000 -2.7300 2.3590 2.7938 0.2424 0.1928 0.0222 0.0570 0.0160 0.0000 0.0000 0.0623
8.0000 45000.0000 -2.9900 2.9425 1.7231 0.3426 0.1697 0.0222 0.0568 0.0160 0.0000 0.0000 0.0576
8.0000 45000.0000 -3.2400 3.3974 0.7733 0.4863 0.1385 0.0220 0.0565 0.0160 0.0000 0.0000 0.0518
8.0000 45000.0000 -3.4900 3.3438 0.2510 0.6498 0.1028 0.0218 0.0558 0.0158 0.0000 0.0000 0.0449
8.0000 45000.0000 -3.7500 2.9230 0.0697 0.7955 0.0695 0.0213 0.0546 0.0155 0.0000 0.0000 0.0375
8.0000 45000.0000 -4.0000 2.4465 0.0194 0.9024 0.0447 0.0205 0.0527 0.0149 0.0000 0.0000 0.0308
8.0000 50000.0000 -1.4600 0.8062 7.9190 0.0961 0.2000 0.0217 0.0559 0.0157 0.0067 0.0127 0.0636
8.0000 50000.0000 -1.7200 0.9520 7.0965 0.1080 0.2084 0.0219 0.0564 0.0158 0.0048 0.0093 0.0660
8.0000 50000.0000 -1.9700 1.1361 6.2653 0.1244 0.2137 0.0220 0.0567 0.0159 0.0034 0.0065 0.0675
8.0000 50000.0000 -2.2300 1.3746 5.4092 0.1483 0.2154 0.0221 0.0569 0.0160 0.0025 0.0042 0.0681
8.0000 50000.0000 -2.4800 1.6824 4.5150 0.1837 0.2124 0.0222 0.0570 0.0160 0.0019 0.0023 0.0675
8.0000 50000.0000 -2.7300 2.1113 3.5105 0.2406 0.2022 0.0223 0.0572 0.0161 0.0016 0.0010 0.0656
8.0000 50000.0000 -2.9900 2.7373 2.3352 0.3375 0.1815 0.0224 0.0573 0.0162 0.0014 0.0000 0.0618
8.0000 50000.0000 -3.2400 3.3760 1.1651 0.4826 0.1507 0.0224 0.0574 0.0162 0.0012 0.0000 0.0563
8.0000 50000.0000 -3.5000 3.5336 0.4152 0.6534 0.1149 0.0224 0.0573 0.0162 0.0011 0.0000 0.0498
8.0000 50000.0000 -3.7500 3.1786 0.1194 0.8153 0.0798 0.0222 0.0570 0.0161 0.0000 0.0000 0.0426
8.0000 50000.0000 -4.0000 2.6861 0.0336 0.9432 0.0526 0.0219 0.0563 0.0159 0.0000 0.0000 0.0358
8.0000 55000.0000 -1.4700 0.7336 8.5132 0.1036 0.1868 0.0213 0.0548 0.0153 0.0136 0.0166 0.0599
8.0000 55000.0000 -1.7200 0.8598 7.7450 0.1154 0.1978 0.0215 0.0554 0.0155 0.0100 0.0128 0.0632
8.0000 55000.0000 -1.9800 1.0278 6.9060 0.1321 0.2068 0.0218 0.0560 0.0157 0.0074 0.0092 0.0658
8.0000 55000.0000 -2.2300 1.2446 6.0504 0.1556 0.2123 0.0220 0.0564 0.0158 0.0055 0.0062 0.0676
8.0000 55000.0000 -2.4800 1.5341 5.1278 0.1907 0.2135 0.0221 0.0568 0.0159 0.0043 0.0037 0.0683
8.0000 55000.0000 -2.7300 1.9403 4.0968 0.2461 0.2075 0.0223 0.0571 0.0161 0.0035 0.0017 0.0677
8.0000 55000.0000 -2.9900 2.5589 2.8775 0.3406 0.1900 0.0224 0.0574 0.0162 0.0031 0.0000 0.0649
8.0000 55000.0000 -3.2400 3.2863 1.5812 0.4835 0.1607 0.0226 0.0578 0.0163 0.0028 0.0000 0.0600
8.0000 55000.0000 -3.5000 3.6402 0.6010 0.6635 0.1239 0.0227 0.0583 0.0165 0.0024 0.0000 0.0536
8.0000 55000.0000 -3.7500 3.3725 0.1796 0.8378 0.0878 0.0229 0.0587 0.0166 0.0019 0.0000 0.0466
8.0000 55000.0000 -4.0000 2.8795 0.0510 0.9829 0.0588 0.0229 0.0589 0.0167 0.0013 0.0000 0.0398
8.0000 60000.0000 -1.4700 0.6871 8.8790 0.1101 0.1739 0.0206 0.0530 0.0148 0.0241 0.0201 0.0562
8.0000 60000.0000 -1.7200 0.8047 8.1656 0.1228 0.1869 0.0210 0.0541 0.0151 0.0181 0.0159 0.0602
8.0000 60000.0000 -1.9800 0.9593 7.3716 0.1400 0.1984 0.0214 0.0550 0.0154 0.0137 0.0119 0.0637
8.0000 60000.0000 -2.2300 1.1596 6.5381 0.1638 0.2069 0.0217 0.0556 0.0156 0.0104 0.0084 0.0664
8.0000 60000.0000 -2.4800 1.4300 5.6308 0.1987 0.2117 0.0219 0.0562 0.0158 0.0082 0.0053 0.0682
8.0000 60000.0000 -2.7400 1.8203 4.5791 0.2546 0.2098 0.0221 0.0567 0.0159 0.0068 0.0027 0.0688
8.0000 60000.0000 -2.9800 2.4009 3.3686 0.3453 0.1963 0.0223 0.0572 0.0161 0.0060 0.0000 0.0673
8.0000 60000.0000 -3.2400 3.2006 1.9378 0.4940 0.1674 0.0226 0.0579 0.0163 0.0055 0.0000 0.0627
8.0000 60000.0000 -3.4900 3.6869 0.8203 0.6720 0.1320 0.0229 0.0587 0.0166 0.0048 0.0000 0.0568
8.0000 60000.0000 -3.7500 3.5200 0.2461 0.8631 0.0939 0.0233 0.0598 0.0169 0.0037 0.0000 0.0497
8.0000 60000.0000 -4.0000 3.0393 0.0707 1.0228 0.0639 0.0237 0.0608 0.0172 0.0026 0.0000 0.0432
8.0000 70000.0000 -1.5000 0.6533 8.8699 0.1220 0.1544 0.0189 0.0485 0.0135 0.0543 0.0244 0.0510
8.0000 70000.0000 -1.7500 0.7595 8.3831 0.1366 0.1688 0.0196 0.0503 0.0140 0.0429 0.0203 0.0553
8.0000 70000.0000 -2.0000 0.8999 7.7528 0.1559 0.1826 0.0202 0.0518 0.0145 0.0338 0.0161 0.0595
8.0000 70000.0000 -2.2500 1.0831 7.0280 0.1817 0.1946 0.0207 0.0531 0.0149 0.0269 0.0121 0.0634
8.0000 70000.0000 -2.5000 1.3329 6.2061 0.2187 0.2041 0.0211 0.0542 0.0152 0.0218 0.0083 0.0666
8.0000 70000.0000 -2.7500 1.6940 5.2223 0.2766 0.2085 0.0215 0.0551 0.0155 0.0184 0.0047 0.0690
8.0000 70000.0000 -2.9900 2.2380 4.0247 0.3698 0.2016 0.0219 0.0560 0.0157 0.0165 0.0019 0.0698
8.0000 70000.0000 -3.2500 3.0513 2.5229 0.5227 0.1761 0.0223 0.0571 0.0161 0.0151 0.0000 0.0667
8.0000 70000.0000 -3.5000 3.6963 1.1929 0.7077 0.1409 0.0229 0.0587 0.0166 0.0133 0.0000 0.0611
8.0000 70000.0000 -3.7600 3.7171 0.3854 0.9157 0.1023 0.0238 0.0609 0.0172 0.0103 0.0000 0.0544
8.0000 70000.0000 -4.0100 3.2702 0.1118 1.1017 0.0708 0.0247 0.0634 0.0179 0.0074 0.0000 0.0482
8.0000 80000.0000 -1.5200 0.6451 8.1754 0.1303 0.1408 0.0166 0.0425 0.0118 0.0953 0.0260 0.0472
8.0000 80000.0000 -1.7700 0.7466 7.9913 0.1469 0.1551 0.0176 0.0451 0.0126 0.0784 0.0226 0.0516
8.0000 80000.0000 -2.0200 0.8806 7.6048 0.1686 0.1698 0.0185 0.0474 0.0132 0.0640 0.0188 0.0561
8.0000 80000.0000 -2.2700 1.0553 7.0624 0.1967 0.1833 0.0192 0.0493 0.0138 0.0526 0.0150 0.0603
8.0000 80000.0000 -2.5100 1.2938 6.3831 0.2364 0.1952 0.0199 0.0510 0.0143 0.0438 0.0110 0.0643
8.0000 80000.0000 -2.7600 1.6374 5.5411 0.2973 0.2037 0.0205 0.0524 0.0147 0.0378 0.0069 0.0679
8.0000 80000.0000 -3.0000 2.1523 4.4434 0.3940 0.2022 0.0210 0.0536 0.0151 0.0342 0.0030 0.0705
8.0000 80000.0000 -3.2600 2.9451 2.9459 0.5529 0.1806 0.0216 0.0552 0.0156 0.0315 0.0000 0.0692
8.0000 80000.0000 -3.5000 3.6732 1.4976 0.7471 0.1460 0.0225 0.0575 0.0162 0.0276 0.0000 0.0640
8.0000 80000.0000 -3.7600 3.8296 0.5115 0.9702 0.1070 0.0238 0.0609 0.0172 0.0215 0.0000 0.0576
8.0000 80000.0000 -4.0100 3.4265 0.1505 1.1775 0.0751 0.0253 0.0648 0.0183 0.0158 0.0000 0.0517
8.0000 90000.0000 -1.5400 0.6423 7.0613 0.1351 0.1303 0.0139 0.0357 0.0099 0.1424 0.0256 0.0438
8.0000 90000.0000 -1.7900 0.7433 7.1827 0.1538 0.1446 0.0152 0.0389 0.0109 0.1212 0.0233 0.0483
8.0000 90000.0000 -2.0400 0.8755 7.0740 0.1775 0.1594 0.0164 0.0419 0.0117 0.1021 0.0203 0.0529
8.0000 90000.0000 -2.2800 1.0468 6.7565 0.2082 0.1736 0.0174 0.0445 0.0124 0.0863 0.0169 0.0574
8.0000 90000.0000 -2.5200 1.2790 6.2637 0.2505 0.1868 0.0183 0.0467 0.0131 0.0736 0.0132 0.0618
8.0000 90000.0000 -2.7700 1.6110 5.6002 0.3142 0.1978 0.0190 0.0486 0.0136 0.0645 0.0089 0.0661
8.0000 90000.0000 -3.0100 2.1025 4.6739 0.4146 0.2005 0.0197 0.0503 0.0141 0.0588 0.0043 0.0703
8.0000 90000.0000 -3.2600 2.8725 3.2415 0.5806 0.1826 0.0205 0.0524 0.0148 0.0540 0.0011 0.0707
8.0000 90000.0000 -3.5000 3.6462 1.7298 0.7852 0.1488 0.0217 0.0555 0.0156 0.0470 0.0000 0.0660
8.0000 90000.0000 -3.7600 3.9017 0.6130 1.0234 0.1098 0.0235 0.0600 0.0170 0.0368 0.0000 0.0598
8.0000 90000.0000 -4.0100 3.5316 0.1824 1.2493 0.0777 0.0255 0.0653 0.0185 0.0274 0.0000 0.0543
8.3000 30000.0000 -1.5100 2.3515 2.4732 0.1364 0.2643 0.0220 0.0570 0.0160 0.0000 0.0000 0.0957
8.3000 30000.0000 -1.7500 2.4884 1.9390 0.1741 0.2517 0.0217 0.0562 0.0158 0.0000 0.0000 0.0895
8.3000 30000.0000 -1.9900 2.5865 1.4806 0.2260 0.2364 0.0209 0.0539 0.0152 0.0000 0.0000 0.0808
8.3000 30000.0000 -2.2400 2.6532 1.0573 0.2961 0.2167 0.0194 0.0500 0.0141 0.0000 0.0000 0.0701
8.3000 30000.0000 -2.4900 2.6745 0.6684 0.3839 0.1919 0.0177 0.0457 0.0129 0.0000 0.0000 0.0596
8.3000 30000.0000 -2.7300 2.5878 0.3246 0.4938 0.1591 0.0163 0.0421 0.0120 0.0000 0.0000 0.0498
8.3000 30000.0000 -2.9800 2.2811 0.1095 0.6204 0.1172 0.0154 0.0397 0.0113 0.0000 0.0000 0.0399
8.3000 30000.0000 -3.2300 1.8321 0.0313 0.7143 0.0767 0.0147 0.0379 0.0108 0.0000 0.0000 0.0311
8.3000 30000.0000 -3.4900 1.3474 0.0081 0.7386 0.0446 0.0137 0.0356 0.0101 0.0000 0.0000 0.0228
8.3000 30000.0000 -3.7400 0.9391 0.0021 0.7023 0.0244 0.0124 0.0321 0.0091 0.0000 0.0000 0.0158
8.3000 30000.0000 -3.9900 0.6366 0.0000 0.6416 0.0130 0.0106 0.0276 0.0079 0.0000 0.0000 0.0105
8.3000 32500.0000 -1.5100 2.0484 3.4706 0.1256 0.2796 0.0222 0.0575 0.0162 0.0000 0.0011 0.1036
8.3000 32500.0000 -1.7500 2.2384 2.8097 0.1544 0.2689 0.0222 0.0573 0.0161 0.0000 0.0000 0.0987
8.3000 32500.0000 -1.9900 2.4060 2.2248 0.1944 0.2559 0.0220 0.0568 0.0160 0.0000 0.0000 0.0932
8.3000 32500.0000 -2.2400 2.5503 1.6689 0.2529 0.2384 0.0216 0.0557 0.0157 0.0000 0.0000 0.0859
8.3000 32500.0000 -2.4800 2.6674 1.1412 0.3338 0.2155 0.0208 0.0535 0.0151 0.0000 0.0000 0.0767
8.3000 32500.0000 -2.7300 2.7311 0.6353 0.4425 0.1851 0.0197 0.0508 0.0144 0.0000 0.0000 0.0664
8.3000 32500.0000 -2.9900 2.5733 0.2304 0.5904 0.1413 0.0187 0.0481 0.0137 0.0000 0.0000 0.0545
8.3000 32500.0000 -3.2300 2.1846 0.0720 0.7128 0.0987 0.0178 0.0458 0.0130 0.0000 0.0000 0.0435
8.3000 32500.0000 -3.4900 1.6803 0.0191 0.7818 0.0606 0.0165 0.0427 0.0121 0.0000 0.0000 0.0326
8.3000 32500.0000 -3.7400 1.2191 0.0049 0.7817 0.0347 0.0150 0.0388 0.0110 0.0000 0.0000 0.0232
8.3000 32500.0000 -3.9900 0.8510 0.0012 0.7402 0.0190 0.0131 0.0339 0.0097 0.0000 0.0000 0.0158
8.3000 35000.0000 -1.5000 1.7801 4.4593 0.1221 0.2911 0.0223 0.0578 0.0162 0.0000 0.0021 0.1097
8.3000 35000.0000 -1.7400 1.9820 3.7033 0.1457 0.2822 0.0223 0.0577 0.0162 0.0000 0.0013 0.1054
8.3000 35000.0000 -1.9800 2.1829 3.0106 0.1786 0.2709 0.0223 0.0575 0.0162 0.0000 0.0000 0.1006
8.3000 35000.0000 -2.2300 2.3870 2.3399 0.2274 0.2558 0.0221 0.0570 0.0161 0.0000 0.0000 0.0949
8.3000 35000.0000 -2.4800 2.5897 1.6814 0.2991 0.2352 0.0219 0.0563 0.0159 0.0000 0.0000 0.0877
8.3000 35000.0000 -2.7200 2.7771 1.0220 0.4031 0.2068 0.0213 0.0549 0.0156 0.0000 0.0000 0.0789
8.3000 35000.0000 -2.9900 2.8174 0.4375 0.5535 0.1663 0.0206 0.0531 0.0150 0.0000 0.0000 0.0677
8.3000 35000.0000 -3.2300 2.5339 0.1453 0.7043 0.1213 0.0197 0.0509 0.0144 0.0000 0.0000 0.0555
8.3000 35000.0000 -3.4900 2.0211 0.0385 0.8153 0.0772 0.0185 0.0479 0.0136 0.0000 0.0000 0.0425
8.3000 35000.0000 -3.7400 1.5113 0.0101 0.8496 0.0458 0.0170 0.0441 0.0125 0.0000 0.0000 0.0312
8.3000 35000.0000 -3.9900 1.0840 0.0025 0.8322 0.0257 0.0152 0.0394 0.0112 0.0000 0.0000 0.0219
8.3000 37500.0000 -1.4900 1.5621 5.4550 0.1222 0.2992 0.0224 0.0579 0.0163 0.0000 0.0037 0.1146
8.3000 37500.0000 -1.7300 1.7616 4.5941 0.1427 0.2923 0.0224 0.0579 0.0163 0.0000 0.0023 0.1107
8.3000 37500.0000 -1.9800 1.9819 3.7743 0.1726 0.2825 0.0224 0.0578 0.0163 0.0000 0.0014 0.1063
8.3000 37500.0000 -2.2200 2.2149 3.0084 0.2155 0.2693 0.0223 0.0576 0.0162 0.0000 0.0000 0.1012
8.3000 37500.0000 -2.4700 2.4678 2.2476 0.2797 0.2508 0.0222 0.0572 0.0162 0.0000 0.0000 0.0951
8.3000 37500.0000 -2.7200 2.7547 1.4569 0.3791 0.2245 0.0220 0.0565 0.0160 0.0000 0.0000 0.0873
8.3000 37500.0000 -2.9800 2.9728 0.7181 0.5264 0.1878 0.0215 0.0554 0.0157 0.0000 0.0000 0.0778
8.3000 37500.0000 -3.2300 2.8347 0.2493 0.7014 0.1408 0.0209 0.0537 0.0152 0.0000 0.0000 0.0655
8.3000 37500.0000 -3.4900 2.3498 0.0687 0.8429 0.0932 0.0199 0.0513 0.0146 0.0000 0.0000 0.0517
8.3000 37500.0000 -3.7400 1.8104 0.0184 0.9099 0.0573 0.0186 0.0481 0.0137 0.0000 0.0000 0.0392
8.3000 37500.0000 -4.0000 1.3247 0.0046 0.9164 0.0330 0.0170 0.0439 0.0125 0.0000 0.0000 0.0284
8.3000 40000.0000 -1.4400 1.3742 6.5438 0.1231 0.3036 0.0224 0.0579 0.0163 0.0000 0.0062 0.1180
8.3000 40000.0000 -1.6900 1.5657 5.5647 0.1412 0.2999 0.0225 0.0580 0.0163 0.0000 0.0040 0.1152
8.3000 40000.0000 -1.9500 1.7928 4.6105 0.1683 0.2924 0.0225 0.0579 0.0163 0.0000 0.0024 0.1113
8.3000 40000.0000 -2.2000 2.0354 3.7529 0.2060 0.2817 0.0225 0.0578 0.0163 0.0000 0.0013 0.1070
8.3000 40000.0000 -2.4500 2.3221 2.8868 0.2644 0.2656 0.0224 0.0576 0.0163 0.0000 0.0000 0.1015
8.3000 40000.0000 -2.7100 2.6777 1.9690 0.3589 0.2411 0.0223 0.0573 0.0162 0.0000 0.0000 0.0945
8.3000 40000.0000 -2.9600 3.0366 1.0738 0.5032 0.2068 0.0220 0.0566 0.0160 0.0000 0.0000 0.0859
8.3000 40000.0000 -3.2300 3.0936 0.3986 0.6970 0.1595 0.0215 0.0555 0.0157 0.0000 0.0000 0.0743
8.3000 40000.0000 -3.4900 2.6785 0.1165 0.8635 0.1098 0.0209 0.0537 0.0152 0.0000 0.0000 0.0605
8.3000 40000.0000 -3.7400 2.1038 0.0306 0.9637 0.0687 0.0198 0.0512 0.0145 0.0000 0.0000 0.0469
8.3000 40000.0000 -4.0000 1.5694 0.0078 0.9947 0.0405 0.0184 0.0477 0.0135 0.0000 0.0000 0.0350
8.3000 45000.0000 -1.4400 1.1786 8.2214 0.1355 0.3011 0.0224 0.0577 0.0162 0.0025 0.0119 0.1192
8.3000 45000.0000 -1.6900 1.3506 7.1139 0.1518 0.3038 0.0225 0.0579 0.0163 0.0018 0.0082 0.1190
8.3000 45000.0000 -1.9400 1.5595 6.0422 0.1755 0.3025 0.0225 0.0580 0.0163 0.0012 0.0053 0.1175
8.3000 45000.0000 -2.2000 1.8112 5.0046 0.2104 0.2966 0.0225 0.0580 0.0164 0.0000 0.0031 0.1147
8.3000 45000.0000 -2.4500 2.1167 3.9919 0.2630 0.2853 0.0226 0.0580 0.0164 0.0000 0.0016 0.1107
8.3000 45000.0000 -2.7000 2.5180 2.9419 0.3473 0.2658 0.0225 0.0579 0.0164 0.0000 0.0000 0.1053
8.3000 45000.0000 -2.9600 3.0566 1.8039 0.4910 0.2345 0.0225 0.0578 0.0164 0.0000 0.0000 0.0981
8.3000 45000.0000 -3.2200 3.4461 0.8091 0.6948 0.1909 0.0223 0.0574 0.0163 0.0000 0.0000 0.0886
8.3000 45000.0000 -3.4800 3.2549 0.2588 0.9054 0.1385 0.0220 0.0566 0.0161 0.0000 0.0000 0.0757
8.3000 45000.0000 -3.7400 2.6661 0.0686 1.0603 0.0900 0.0215 0.0553 0.0157 0.0000 0.0000 0.0610
8.3000 45000.0000 -4.0000 2.0587 0.0180 1.1391 0.0554 0.0206 0.0532 0.0151 0.0000 0.0000 0.0478
8.3000 50000.0000 -1.4400 1.0699 9.6767 0.1501 0.2908 0.0222 0.0571 0.0160 0.0064 0.0187 0.1167
8.3000 50000.0000 -1.7300 1.2601 8.2811 0.1699 0.3006 0.0223 0.0575 0.0162 0.0043 0.0126 0.1194
8.3000 50000.0000 -1.9900 1.4665 7.1024 0.1945 0.3045 0.0224 0.0578 0.0163 0.0031 0.0085 0.1200
8.3000 50000.0000 -2.2000 1.6743 6.1528 0.2234 0.3041 0.0225 0.0579 0.0163 0.0024 0.0057 0.1194
8.3000 50000.0000 -2.4500 1.9882 5.0057 0.2746 0.2984 0.0226 0.0581 0.0164 0.0019 0.0031 0.1173
8.3000 50000.0000 -2.7000 2.4076 3.8393 0.3557 0.2840 0.0226 0.0582 0.0164 0.0016 0.0013 0.1137
8.3000 50000.0000 -2.9600 3.0316 2.5319 0.4994 0.2558 0.0227 0.0583 0.0165 0.0014 0.0000 0.1077
8.3000 50000.0000 -3.2300 3.6448 1.2654 0.7138 0.2131 0.0227 0.0583 0.0165 0.0012 0.0000 0.0992
8.3000 50000.0000 -3.4800 3.7000 0.4490 0.9517 0.1605 0.0227 0.0583 0.0165 0.0010 0.0000 0.0875
8.3000 50000.0000 -3.7400 3.1772 0.1255 1.1484 0.1085 0.0225 0.0580 0.0165 0.0000 0.0000 0.0733
8.3000 50000.0000 -4.0000 2.5229 0.0337 1.2700 0.0691 0.0222 0.0571 0.0162 0.0000 0.0000 0.0596
8.3000 55000.0000 -1.4500 1.0149 0.8144 0.1655 0.2778 0.0218 0.0561 0.0157 0.0131 0.0254 0.1128
8.3000 55000.0000 -1.6900 1.1648 9.6106 0.1826 0.2909 0.0220 0.0567 0.0159 0.0097 0.0190 0.1172
8.3000 55000.0000 -2.0000 1.4047 8.1146 0.2129 0.3023 0.0223 0.0572 0.0161 0.0067 0.0124 0.1207
8.3000 55000.0000 -2.2000 1.5999 7.1611 0.2408 0.3061 0.0224 0.0575 0.0162 0.0054 0.0088 0.1218
8.3000 55000.0000 -2.4500 1.9140 5.9338 0.2921 0.3061 0.0225 0.0578 0.0163 0.0042 0.0051 0.1219
8.3000 55000.0000 -2.7000 2.3491 4.6511 0.3745 0.2972 0.0226 0.0581 0.0164 0.0035 0.0023 0.1202
8.3000 55000.0000 -2.9600 3.0112 3.2357 0.5184 0.2733 0.0228 0.0584 0.0165 0.0031 0.0000 0.1160
8.3000 55000.0000 -3.2200 3.7670 1.7816 0.7372 0.2325 0.0229 0.0588 0.0166 0.0028 0.0000 0.1085
8.3000 55000.0000 -3.4900 4.0630 0.6794 1.0018 0.1788 0.0231 0.0593 0.0168 0.0024 0.0000 0.0975
8.3000 55000.0000 -3.7500 3.6353 0.1998 1.2329 0.1243 0.0232 0.0598 0.0170 0.0018 0.0000 0.0838
8.3000 55000.0000 -4.0000 2.9519 0.0548 1.3918 0.0812 0.0233 0.0599 0.0170 0.0012 0.0000 0.0700
8.3000 60000.0000 -1.4500 0.9838 1.6949 0.1793 0.2643 0.0212 0.0545 0.0153 0.0234 0.0318 0.1086
8.3000 60000.0000 -1.7000 1.1321 0.5036 0.1983 0.2808 0.0216 0.0555 0.0156 0.0176 0.0245 0.1145
8.3000 60000.0000 -2.0200 1.3757 8.9509 0.2317 0.2975 0.0219 0.0564 0.0159 0.0124 0.0164 0.1203
8.3000 60000.0000 -2.2000 1.5596 8.0274 0.2594 0.3045 0.0221 0.0568 0.0160 0.0102 0.0123 0.1227
8.3000 60000.0000 -2.4500 1.8741 6.7597 0.3119 0.3096 0.0223 0.0573 0.0162 0.0081 0.0076 0.1247
8.3000 60000.0000 -2.7100 2.3224 5.3945 0.3972 0.3066 0.0225 0.0578 0.0163 0.0068 0.0037 0.1252
8.3000 60000.0000 -2.9600 2.9843 3.9293 0.5390 0.2882 0.0227 0.0583 0.0165 0.0060 0.0013 0.1231
8.3000 60000.0000 -3.2300 3.8695 2.2636 0.7731 0.2477 0.0230 0.0590 0.0167 0.0055 0.0000 0.1164
8.3000 60000.0000 -3.4800 4.3553 0.9643 1.0461 0.1956 0.0233 0.0599 0.0170 0.0047 0.0000 0.1064
8.3000 60000.0000 -3.7500 4.0349 0.2869 1.3142 0.1375 0.0237 0.0610 0.0173 0.0036 0.0000 0.0928
8.3000 60000.0000 -4.0000 3.3510 0.0806 1.5084 0.0918 0.0241 0.0621 0.0176 0.0025 0.0000 0.0793
8.3000 70000.0000 -1.4800 0.9819 2.4286 0.2043 0.2435 0.0195 0.0501 0.0140 0.0538 0.0409 0.1023
8.3000 70000.0000 -1.7300 1.1277 1.4809 0.2275 0.2632 0.0202 0.0519 0.0145 0.0424 0.0332 0.1096
8.3000 70000.0000 -2.0400 1.3705 0.0863 0.2668 0.2859 0.0209 0.0536 0.0151 0.0315 0.0239 0.1181
8.3000 70000.0000 -2.2200 1.5576 9.2007 0.2983 0.2975 0.0212 0.0545 0.0153 0.0266 0.0189 0.1225
8.3000 70000.0000 -2.4700 1.8808 7.9632 0.3567 0.3101 0.0216 0.0555 0.0156 0.0217 0.0127 0.1275
8.3000 70000.0000 -2.7200 2.3445 6.5812 0.4493 0.3165 0.0220 0.0563 0.0159 0.0185 0.0070 0.1315
8.3000 70000.0000 -2.9700 3.0383 5.0299 0.6016 0.3079 0.0223 0.0572 0.0161 0.0167 0.0027 0.1337
8.3000 70000.0000 -3.2400 4.0401 3.1559 0.8532 0.2715 0.0228 0.0584 0.0165 0.0153 0.0000 0.1295
8.3000 70000.0000 -3.4900 4.7926 1.5031 1.1533 0.2187 0.0234 0.0600 0.0170 0.0132 0.0000 0.1203
8.3000 70000.0000 -3.7500 4.7036 0.4861 1.4699 0.1579 0.0243 0.0624 0.0177 0.0101 0.0000 0.1074
8.3000 70000.0000 -4.0000 4.0186 0.1408 1.7194 0.1082 0.0253 0.0649 0.0184 0.0072 0.0000 0.0943
8.3000 80000.0000 -1.5000 1.0043 2.1534 0.2230 0.2289 0.0173 0.0443 0.0124 0.0959 0.0460 0.0976
8.3000 80000.0000 -1.7500 1.1515 1.6026 0.2504 0.2498 0.0183 0.0468 0.0131 0.0786 0.0390 0.1057
8.3000 80000.0000 -2.0600 1.3986 0.5496 0.2959 0.2756 0.0193 0.0495 0.0139 0.0609 0.0298 0.1156
8.3000 80000.0000 -2.2400 1.5899 9.7945 0.3317 0.2898 0.0199 0.0509 0.0143 0.0526 0.0245 0.1211
8.3000 80000.0000 -2.4900 1.9230 8.6796 0.3966 0.3068 0.0205 0.0524 0.0147 0.0439 0.0177 0.1279
8.3000 80000.0000 -2.7300 2.4003 7.4189 0.4974 0.3201 0.0210 0.0537 0.0151 0.0381 0.0108 0.1346
8.3000 80000.0000 -2.9800 3.1161 5.9051 0.6613 0.3201 0.0215 0.0549 0.0155 0.0347 0.0046 0.1407
8.3000 80000.0000 -3.2400 4.1878 3.9241 0.9323 0.2888 0.0221 0.0566 0.0160 0.0318 0.0012 0.1397
8.3000 80000.0000 -3.4900 5.1220 2.0085 1.2588 0.2354 0.0230 0.0590 0.0167 0.0275 0.0000 0.1311
8.3000 80000.0000 -3.7500 5.2308 0.6890 1.6159 0.1725 0.0244 0.0626 0.0177 0.0212 0.0000 0.1186
8.3000 80000.0000 -4.0000 4.5736 0.2027 1.9180 0.1201 0.0260 0.0666 0.0189 0.0155 0.0000 0.1060
8.3000 90000.0000 -1.5200 1.0299 1.1241 0.2358 0.2180 0.0147 0.0376 0.0105 0.1453 0.0475 0.0934
8.3000 90000.0000 -1.7700 1.1810 1.0330 0.2670 0.2396 0.0159 0.0408 0.0114 0.1230 0.0422 0.1020
8.3000 90000.0000 -2.0700 1.4352 0.4449 0.3184 0.2672 0.0173 0.0443 0.0124 0.0988 0.0340 0.1128
8.3000 90000.0000 -2.2600 1.6321 9.8930 0.3584 0.2829 0.0180 0.0462 0.0130 0.0870 0.0290 0.1191
8.3000 90000.0000 -2.5000 1.9740 8.9854 0.4295 0.3027 0.0189 0.0483 0.0136 0.0742 0.0221 0.1271
8.3000 90000.0000 -2.7500 2.4639 7.9149 0.5382 0.3206 0.0196 0.0501 0.0141 0.0653 0.0146 0.1357
8.3000 90000.0000 -2.9900 3.1937 6.5569 0.7128 0.3275 0.0202 0.0517 0.0146 0.0598 0.0069 0.1451
8.3000 90000.0000 -3.2500 4.3176 4.5607 1.0036 0.3015 0.0211 0.0539 0.0152 0.0548 0.0018 0.1475
8.3000 90000.0000 -3.5000 5.3874 2.4470 1.3570 0.2478 0.0223 0.0572 0.0162 0.0472 0.0000 0.1397
8.3000 90000.0000 -3.7600 5.6573 0.8711 1.7517 0.1830 0.0242 0.0619 0.0175 0.0366 0.0000 0.1274
8.3000 90000.0000 -4.0100 5.0194 0.2598 2.0966 0.1289 0.0263 0.0674 0.0191 0.0272 0.0000 0.1152
8.6000 30000.0000 -1.4700 1.8459 1.6377 0.1521 0.3059 0.0224 0.0584 0.0164 0.0000 0.0000 0.0813
8.6000 30000.0000 -1.7200 1.7928 1.2552 0.1896 0.2875 0.0219 0.0571 0.0161 0.0000 0.0000 0.0741
8.6000 30000.0000 -1.9500 1.7084 0.9536 0.2375 0.2662 0.0208 0.0541 0.0153 0.0000 0.0000 0.0649
8.6000 30000.0000 -2.2000 1.6035 0.6885 0.2969 0.2399 0.0192 0.0498 0.0141 0.0000 0.0000 0.0551
8.6000 30000.0000 -2.4400 1.4779 0.4429 0.3649 0.2074 0.0175 0.0455 0.0129 0.0000 0.0000 0.0462
8.6000 30000.0000 -2.6900 1.2699 0.2125 0.4353 0.1639 0.0162 0.0422 0.0120 0.0000 0.0000 0.0373
8.6000 30000.0000 -2.9500 0.8933 0.0645 0.4803 0.1075 0.0154 0.0401 0.0114 0.0000 0.0000 0.0268
8.6000 30000.0000 -3.2000 0.4839 0.0138 0.4480 0.0563 0.0147 0.0386 0.0110 0.0000 0.0000 0.0162
8.6000 30000.0000 -3.4700 0.2180 0.0021 0.3621 0.0244 0.0137 0.0359 0.0102 0.0000 0.0000 0.0084
8.6000 30000.0000 -3.7200 0.1167 0.0000 0.2988 0.0116 0.0121 0.0318 0.0091 0.0000 0.0000 0.0049
8.6000 30000.0000 -3.9900 0.0707 0.0000 0.2548 0.0061 0.0101 0.0268 0.0077 0.0000 0.0000 0.0031
8.6000 32500.0000 -1.4700 1.6583 2.4800 0.1408 0.3231 0.0226 0.0589 0.0166 0.0000 0.0000 0.0886
8.6000 32500.0000 -1.7200 1.6871 1.9376 0.1695 0.3071 0.0225 0.0587 0.0165 0.0000 0.0000 0.0830
8.6000 32500.0000 -1.9500 1.6735 1.4978 0.2079 0.2885 0.0223 0.0580 0.0164 0.0000 0.0000 0.0768
8.6000 32500.0000 -2.1900 1.6229 1.1110 0.2615 0.2648 0.0218 0.0565 0.0160 0.0000 0.0000 0.0690
8.6000 32500.0000 -2.4400 1.5489 0.7591 0.3298 0.2348 0.0208 0.0540 0.0153 0.0000 0.0000 0.0600
8.6000 32500.0000 -2.6800 1.4323 0.4190 0.4125 0.1950 0.0197 0.0512 0.0146 0.0000 0.0000 0.0503
8.6000 32500.0000 -2.9600 1.1241 0.1406 0.4974 0.1358 0.0187 0.0488 0.0139 0.0000 0.0000 0.0377
8.6000 32500.0000 -3.2100 0.7012 0.0352 0.5096 0.0796 0.0178 0.0465 0.0132 0.0000 0.0000 0.0250
8.6000 32500.0000 -3.4700 0.3505 0.0061 0.4473 0.0379 0.0164 0.0431 0.0123 0.0000 0.0000 0.0141
8.6000 32500.0000 -3.7300 0.1899 0.0011 0.3813 0.0184 0.0146 0.0386 0.0110 0.0000 0.0000 0.0083
8.6000 32500.0000 -3.9900 0.1156 0.0000 0.3316 0.0097 0.0125 0.0331 0.0094 0.0000 0.0000 0.0053
8.6000 35000.0000 -1.4700 1.4662 3.3913 0.1389 0.3379 0.0227 0.0592 0.0167 0.0000 0.0012 0.0950
8.6000 35000.0000 -1.7100 1.5390 2.7060 0.1621 0.3232 0.0227 0.0590 0.0167 0.0000 0.0000 0.0895
8.6000 35000.0000 -1.9400 1.5809 2.1274 0.1937 0.3064 0.0226 0.0588 0.0166 0.0000 0.0000 0.0839
8.6000 35000.0000 -2.1900 1.5949 1.6114 0.2394 0.2855 0.0225 0.0583 0.0165 0.0000 0.0000 0.0776
8.6000 35000.0000 -2.4300 1.5813 1.1381 0.3040 0.2581 0.0221 0.0574 0.0163 0.0000 0.0000 0.0701
8.6000 35000.0000 -2.6800 1.5436 0.6826 0.3927 0.2214 0.0216 0.0560 0.0159 0.0000 0.0000 0.0612
8.6000 35000.0000 -2.9500 1.3620 0.2778 0.5023 0.1669 0.0208 0.0540 0.0153 0.0000 0.0000 0.0492
8.6000 35000.0000 -3.2000 0.9612 0.0782 0.5620 0.1060 0.0198 0.0517 0.0147 0.0000 0.0000 0.0350
8.6000 35000.0000 -3.4700 0.5218 0.0145 0.5307 0.0537 0.0185 0.0483 0.0138 0.0000 0.0000 0.0210
8.6000 35000.0000 -3.7300 0.2896 0.0028 0.4688 0.0269 0.0168 0.0440 0.0126 0.0000 0.0000 0.0128
8.6000 35000.0000 -3.9900 0.1773 0.0000 0.4162 0.0143 0.0147 0.0387 0.0110 0.0000 0.0000 0.0083
8.6000 37500.0000 -1.4600 1.3163 4.3660 0.1419 0.3509 0.0228 0.0593 0.0167 0.0000 0.0022 0.1010
8.6000 37500.0000 -1.7000 1.4082 3.5299 0.1619 0.3376 0.0228 0.0592 0.0167 0.0000 0.0013 0.0955
8.6000 37500.0000 -1.9400 1.4864 2.7879 0.1909 0.3215 0.0228 0.0591 0.0167 0.0000 0.0000 0.0898
8.6000 37500.0000 -2.1800 1.5432 2.1469 0.2316 0.3023 0.0227 0.0589 0.0167 0.0000 0.0000 0.0838
8.6000 37500.0000 -2.4300 1.5824 1.5580 0.2914 0.2772 0.0225 0.0584 0.0166 0.0000 0.0000 0.0771
8.6000 37500.0000 -2.6800 1.6159 0.9881 0.3818 0.2432 0.0222 0.0577 0.0164 0.0000 0.0000 0.0692
8.6000 37500.0000 -2.9400 1.5580 0.4705 0.5043 0.1947 0.0217 0.0564 0.0160 0.0000 0.0000 0.0588
8.6000 37500.0000 -3.2100 1.2162 0.1437 0.6060 0.1305 0.0210 0.0546 0.0155 0.0000 0.0000 0.0443
8.6000 37500.0000 -3.4700 0.7274 0.0296 0.6112 0.0712 0.0199 0.0520 0.0148 0.0000 0.0000 0.0286
8.6000 37500.0000 -3.7300 0.4180 0.0059 0.5599 0.0370 0.0184 0.0483 0.0138 0.0000 0.0000 0.0181
8.6000 37500.0000 -3.9900 0.2565 0.0013 0.5056 0.0198 0.0165 0.0434 0.0124 0.0000 0.0000 0.0119
8.6000 40000.0000 -1.4100 1.1961 5.5018 0.1467 0.3613 0.0228 0.0593 0.0167 0.0000 0.0038 0.1065
8.6000 40000.0000 -1.6600 1.2997 4.4879 0.1645 0.3510 0.0228 0.0593 0.0167 0.0000 0.0024 0.1015
8.6000 40000.0000 -1.9100 1.4015 3.5608 0.1910 0.3365 0.0228 0.0593 0.0167 0.0000 0.0014 0.0958
8.6000 40000.0000 -2.1600 1.4884 2.7874 0.2274 0.3193 0.0228 0.0592 0.0167 0.0000 0.0000 0.0901
8.6000 40000.0000 -2.4100 1.5708 2.0658 0.2831 0.2964 0.0227 0.0589 0.0167 0.0000 0.0000 0.0837
8.6000 40000.0000 -2.6700 1.6624 1.3646 0.3728 0.2643 0.0226 0.0585 0.0166 0.0000 0.0000 0.0762
8.6000 40000.0000 -2.9300 1.7128 0.7241 0.5045 0.2202 0.0223 0.0577 0.0164 0.0000 0.0000 0.0673
8.6000 40000.0000 -3.2000 1.4778 0.2443 0.6436 0.1555 0.0217 0.0565 0.0161 0.0000 0.0000 0.0534
8.6000 40000.0000 -3.4700 0.9727 0.0565 0.6878 0.0910 0.0209 0.0546 0.0155 0.0000 0.0000 0.0370
8.6000 40000.0000 -3.7300 0.5723 0.0111 0.6522 0.0481 0.0197 0.0516 0.0147 0.0000 0.0000 0.0241
8.6000 40000.0000 -3.9900 0.3539 0.0025 0.5990 0.0261 0.0181 0.0474 0.0135 0.0000 0.0000 0.0161
8.6000 45000.0000 -1.4100 1.0874 7.3926 0.1684 0.3675 0.0228 0.0590 0.0166 0.0023 0.0079 0.1119
8.6000 45000.0000 -1.6600 1.1966 6.1557 0.1850 0.3647 0.0228 0.0592 0.0167 0.0016 0.0053 0.1091
8.6000 45000.0000 -1.9100 1.3141 5.0172 0.2090 0.3569 0.0229 0.0593 0.0168 0.0012 0.0033 0.1050
8.6000 45000.0000 -2.1600 1.4372 3.9799 0.2440 0.3441 0.0229 0.0593 0.0168 0.0000 0.0019 0.1000
8.6000 45000.0000 -2.4100 1.5697 3.0412 0.2966 0.3256 0.0229 0.0593 0.0168 0.0000 0.0000 0.0944
8.6000 45000.0000 -2.6600 1.7353 2.1498 0.3820 0.2985 0.0229 0.0592 0.0168 0.0000 0.0000 0.0880
8.6000 45000.0000 -2.9200 1.9304 1.2736 0.5259 0.2581 0.0228 0.0590 0.0167 0.0000 0.0000 0.0804
8.6000 45000.0000 -3.1900 1.9343 0.5407 0.7079 0.1998 0.0226 0.0585 0.0166 0.0000 0.0000 0.0694
8.6000 45000.0000 -3.4600 1.4890 0.1475 0.8259 0.1288 0.0222 0.0577 0.0164 0.0000 0.0000 0.0529
8.6000 45000.0000 -3.7300 0.9467 0.0307 0.8367 0.0721 0.0216 0.0562 0.0160 0.0000 0.0000 0.0369
8.6000 45000.0000 -3.9900 0.6009 0.0069 0.7949 0.0405 0.0205 0.0536 0.0153 0.0000 0.0000 0.0258
8.6000 50000.0000 -1.4100 1.0470 9.1992 0.1938 0.3638 0.0226 0.0584 0.0165 0.0059 0.0133 0.1136
8.6000 50000.0000 -1.7000 1.1812 7.5407 0.2148 0.3689 0.0227 0.0588 0.0166 0.0040 0.0086 0.1130
8.6000 50000.0000 -1.9500 1.3146 6.2179 0.2409 0.3673 0.0228 0.0591 0.0167 0.0030 0.0056 0.1108
8.6000 50000.0000 -2.1600 1.4377 5.2022 0.2713 0.3619 0.0229 0.0592 0.0167 0.0023 0.0036 0.1081
8.6000 50000.0000 -2.4100 1.6081 4.0481 0.3253 0.3493 0.0229 0.0594 0.0168 0.0018 0.0019 0.1038
8.6000 50000.0000 -2.6600 1.8251 2.9712 0.4119 0.3275 0.0230 0.0595 0.0169 0.0015 0.0000 0.0986
8.6000 50000.0000 -2.9300 2.1210 1.8813 0.5653 0.2900 0.0230 0.0595 0.0169 0.0013 0.0000 0.0919
8.6000 50000.0000 -3.2000 2.2982 0.8981 0.7781 0.2334 0.0230 0.0596 0.0169 0.0012 0.0000 0.0823
8.6000 50000.0000 -3.4700 1.9894 0.2848 0.9540 0.1614 0.0230 0.0595 0.0169 0.0000 0.0000 0.0671
8.6000 50000.0000 -3.7300 1.3798 0.0656 1.0173 0.0964 0.0227 0.0591 0.0168 0.0000 0.0000 0.0499
8.6000 50000.0000 -3.9900 0.9062 0.0152 0.9971 0.0559 0.0222 0.0579 0.0165 0.0000 0.0000 0.0365
8.6000 55000.0000 -1.4200 1.0443 0.7770 0.2203 0.3556 0.0222 0.0574 0.0162 0.0122 0.0190 0.1133
8.6000 55000.0000 -1.6600 1.1630 9.2516 0.2396 0.3665 0.0224 0.0580 0.0164 0.0091 0.0138 0.1151
8.6000 55000.0000 -1.9600 1.3387 7.4638 0.2733 0.3733 0.0227 0.0586 0.0165 0.0063 0.0085 0.1152
8.6000 55000.0000 -2.1600 1.4715 6.3837 0.3042 0.3733 0.0228 0.0588 0.0166 0.0051 0.0059 0.1141
8.6000 55000.0000 -2.4100 1.6713 5.0688 0.3611 0.3675 0.0229 0.0591 0.0167 0.0041 0.0033 0.1116
8.6000 55000.0000 -2.6600 1.9346 3.8012 0.4532 0.3520 0.0230 0.0594 0.0168 0.0034 0.0014 0.1080
8.6000 55000.0000 -2.9300 2.3051 2.5318 0.6148 0.3187 0.0231 0.0597 0.0169 0.0030 0.0000 0.1026
8.6000 55000.0000 -3.2000 2.6207 1.3345 0.8479 0.2641 0.0232 0.0601 0.0171 0.0027 0.0000 0.0941
8.6000 55000.0000 -3.4700 2.4652 0.4655 1.0770 0.1900 0.0234 0.0606 0.0172 0.0023 0.0000 0.0800
8.6000 55000.0000 -3.7400 1.8438 0.1173 1.1934 0.1195 0.0236 0.0611 0.0174 0.0016 0.0000 0.0626
8.6000 55000.0000 -3.9900 1.2550 0.0280 1.2026 0.0714 0.0235 0.0611 0.0174 0.0011 0.0000 0.0475
8.6000 60000.0000 -1.4200 1.0576 2.1734 0.2451 0.3459 0.0217 0.0559 0.0158 0.0220 0.0250 0.1121
8.6000 60000.0000 -1.6700 1.1853 0.5609 0.2677 0.3617 0.0220 0.0569 0.0160 0.0166 0.0185 0.1158
8.6000 60000.0000 -1.9800 1.3821 8.6046 0.3066 0.3757 0.0224 0.0577 0.0163 0.0118 0.0118 0.1183
8.6000 60000.0000 -2.1600 1.5228 7.5005 0.3387 0.3801 0.0225 0.0582 0.0164 0.0098 0.0086 0.1187
8.6000 60000.0000 -2.4100 1.7489 6.0670 0.3997 0.3809 0.0227 0.0586 0.0166 0.0078 0.0051 0.1180
8.6000 60000.0000 -2.6700 2.0556 4.6345 0.4993 0.3723 0.0229 0.0591 0.0167 0.0066 0.0023 0.1163
8.6000 60000.0000 -2.9200 2.4778 3.2371 0.6660 0.3454 0.0231 0.0596 0.0169 0.0059 0.0000 0.1128
8.6000 60000.0000 -3.2000 2.9258 1.7789 0.9285 0.2899 0.0233 0.0603 0.0171 0.0054 0.0000 0.1048
8.6000 60000.0000 -3.4700 2.9363 0.7062 1.1927 0.2180 0.0237 0.0613 0.0174 0.0045 0.0000 0.0923
8.6000 60000.0000 -3.7400 2.3190 0.1848 1.3657 0.1406 0.0241 0.0625 0.0178 0.0033 0.0000 0.0745
8.6000 60000.0000 -4.0000 1.6315 0.0458 1.4071 0.0864 0.0245 0.0636 0.0181 0.0022 0.0000 0.0583
8.6000 70000.0000 -1.4500 1.1256 3.9137 0.2906 0.3308 0.0201 0.0518 0.0146 0.0512 0.0345 0.1102
8.6000 70000.0000 -1.6900 1.2673 2.4339 0.3205 0.3526 0.0208 0.0535 0.0151 0.0404 0.0270 0.1162
8.6000 70000.0000 -2.0000 1.4944 0.4599 0.3701 0.3760 0.0214 0.0551 0.0156 0.0300 0.0185 0.1222
8.6000 70000.0000 -2.1900 1.6622 9.2985 0.4096 0.3871 0.0217 0.0559 0.0158 0.0255 0.0142 0.1249
8.6000 70000.0000 -2.4300 1.9419 7.7551 0.4827 0.3981 0.0221 0.0568 0.0161 0.0210 0.0091 0.1275
8.6000 70000.0000 -2.6800 2.3236 6.1621 0.5993 0.4022 0.0224 0.0577 0.0163 0.0181 0.0047 0.1295
8.6000 70000.0000 -2.9400 2.8604 4.5333 0.7918 0.3875 0.0227 0.0585 0.0166 0.0165 0.0017 0.1301
8.6000 70000.0000 -3.2100 3.5149 2.7173 1.0995 0.3354 0.0232 0.0598 0.0170 0.0150 0.0000 0.1245
8.6000 70000.0000 -3.4700 3.7782 1.2204 1.4295 0.2610 0.0239 0.0616 0.0175 0.0126 0.0000 0.1130
8.6000 70000.0000 -3.7400 3.2609 0.3582 1.6962 0.1771 0.0248 0.0641 0.0182 0.0094 0.0000 0.0958
8.6000 70000.0000 -4.0000 2.4241 0.0939 1.8107 0.1134 0.0258 0.0668 0.0190 0.0066 0.0000 0.0786
8.6000 80000.0000 -1.4700 1.2040 4.5163 0.3261 0.3206 0.0180 0.0462 0.0130 0.0925 0.0411 0.1088
8.6000 80000.0000 -1.7200 1.3599 3.4068 0.3633 0.3457 0.0190 0.0486 0.0137 0.0756 0.0336 0.1162
8.6000 80000.0000 -2.0200 1.6142 1.6827 0.4244 0.3751 0.0199 0.0512 0.0144 0.0586 0.0245 0.1246
8.6000 80000.0000 -2.2100 1.8050 0.5725 0.4718 0.3905 0.0204 0.0525 0.0148 0.0507 0.0195 0.1288
8.6000 80000.0000 -2.4500 2.1299 9.0566 0.5578 0.4087 0.0210 0.0539 0.0152 0.0427 0.0135 0.1339
8.6000 80000.0000 -2.7000 2.5807 7.4672 0.6924 0.4228 0.0215 0.0551 0.0156 0.0374 0.0078 0.1391
8.6000 80000.0000 -2.9500 3.2218 5.7411 0.9120 0.4203 0.0219 0.0563 0.0160 0.0344 0.0031 0.1442
8.6000 80000.0000 -3.2200 4.0640 3.6630 1.2667 0.3740 0.0226 0.0581 0.0165 0.0314 0.0000 0.1418
8.6000 80000.0000 -3.4800 4.5701 1.7798 1.6604 0.2971 0.0236 0.0608 0.0172 0.0265 0.0000 0.1312
8.6000 80000.0000 -3.7500 4.1791 0.5637 2.0124 0.2074 0.0251 0.0646 0.0183 0.0200 0.0000 0.1145
8.6000 80000.0000 -4.0000 3.2342 0.1531 2.2036 0.1366 0.0267 0.0688 0.0196 0.0144 0.0000 0.0969
8.6000 90000.0000 -1.5000 1.2772 4.1179 0.3522 0.3135 0.0155 0.0397 0.0112 0.1415 0.0447 0.1072
8.6000 90000.0000 -1.7400 1.4461 3.5365 0.3961 0.3406 0.0167 0.0428 0.0120 0.1195 0.0381 0.1156
8.6000 90000.0000 -2.0400 1.7250 2.2679 0.4678 0.3742 0.0180 0.0462 0.0130 0.0959 0.0292 0.1257
8.6000 90000.0000 -2.2200 1.9373 1.3344 0.5232 0.3929 0.0187 0.0480 0.0135 0.0845 0.0241 0.1313
8.6000 90000.0000 -2.4600 2.2977 9.9555 0.6214 0.4161 0.0195 0.0500 0.0141 0.0723 0.0177 0.1382
8.6000 90000.0000 -2.7100 2.8061 8.4829 0.7726 0.4377 0.0201 0.0517 0.0146 0.0641 0.0112 0.1460
8.6000 90000.0000 -2.9600 3.5434 6.8075 1.0184 0.4461 0.0207 0.0532 0.0151 0.0593 0.0050 0.1552
8.6000 90000.0000 -3.2300 4.5653 4.5688 1.4209 0.4068 0.0216 0.0556 0.0157 0.0541 0.0012 0.1568
8.6000 90000.0000 -3.4800 5.3049 2.3410 1.8778 0.3278 0.0230 0.0591 0.0168 0.0458 0.0000 0.1472
8.6000 90000.0000 -3.7500 5.0597 0.7796 2.3111 0.2333 0.0250 0.0642 0.0182 0.0349 0.0000 0.1308
8.6000 90000.0000 -4.0000 4.0320 0.2169 2.5770 0.1567 0.0271 0.0699 0.0199 0.0256 0.0000 0.1131
8.9000 30000.0000 -1.4400 1.1534 0.3977 0.1290 0.2951 0.0227 0.0599 0.0168 0.0000 0.0000 0.0857
8.9000 30000.0000 -1.6800 0.9038 0.2922 0.1485 0.2650 0.0218 0.0574 0.0162 0.0000 0.0000 0.0727
8.9000 30000.0000 -1.9100 0.6690 0.2257 0.1662 0.2304 0.0203 0.0534 0.0151 0.0000 0.0000 0.0585
8.9000 30000.0000 -2.1500 0.4487 0.1752 0.1778 0.1881 0.0186 0.0489 0.0139 0.0000 0.0000 0.0445
8.9000 30000.0000 -2.3900 0.2908 0.1242 0.1805 0.1455 0.0171 0.0450 0.0128 0.0000 0.0000 0.0337
8.9000 30000.0000 -2.6300 0.1863 0.0594 0.1731 0.1004 0.0160 0.0422 0.0120 0.0000 0.0000 0.0241
8.9000 30000.0000 -2.7900 0.1443 0.0282 0.1536 0.0847 0.0217 0.0574 0.0164 0.0000 0.0000 0.0235
8.9000 30000.0000 -3.0700 0.0584 0.0057 0.1416 0.0427 0.0201 0.0535 0.0154 0.0000 0.0000 0.0132
8.9000 30000.0000 -3.3900 0.0104 0.0000 0.0676 0.0111 0.0144 0.0388 0.0111 0.0000 0.0000 0.0038
8.9000 30000.0000 -3.6800 0.0035 0.0000 0.0438 0.0041 0.0118 0.0320 0.0091 0.0000 0.0000 0.0016
8.9000 30000.0000 -3.9600 0.0011 0.0000 0.0343 0.0019 0.0091 0.0246 0.0070 0.0000 0.0000 0.0000
8.9000 32500.0000 -1.4300 1.0931 0.7584 0.1186 0.2970 0.0231 0.0610 0.0171 0.0000 0.0000 0.0893
8.9000 32500.0000 -1.6700 0.9507 0.5293 0.1364 0.2758 0.0229 0.0605 0.0170 0.0000 0.0000 0.0809
8.9000 32500.0000 -1.9000 0.7517 0.3837 0.1545 0.2476 0.0225 0.0594 0.0168 0.0000 0.0000 0.0703
8.9000 32500.0000 -2.1400 0.5331 0.2792 0.1707 0.2108 0.0217 0.0570 0.0162 0.0000 0.0000 0.0570
8.9000 32500.0000 -2.3800 0.3380 0.1960 0.1793 0.1665 0.0206 0.0542 0.0154 0.0000 0.0000 0.0432
8.9000 32500.0000 -2.6200 0.2212 0.1087 0.1832 0.1229 0.0196 0.0517 0.0147 0.0000 0.0000 0.0319
8.9000 32500.0000 -2.8400 0.1350 0.0426 0.1433 0.0850 0.0218 0.0577 0.0165 0.0000 0.0000 0.0237
8.9000 32500.0000 -3.0900 0.0771 0.0125 0.1493 0.0542 0.0214 0.0567 0.0162 0.0000 0.0000 0.0165
8.9000 32500.0000 -3.3900 0.0231 0.0016 0.0995 0.0192 0.0159 0.0425 0.0121 0.0000 0.0000 0.0068
8.9000 32500.0000 -3.6800 0.0078 0.0000 0.0663 0.0073 0.0137 0.0367 0.0105 0.0000 0.0000 0.0030
8.9000 32500.0000 -3.9600 0.0041 0.0000 0.0532 0.0034 0.0111 0.0298 0.0085 0.0000 0.0000 0.0016
8.9000 35000.0000 -1.4300 0.8719 1.2769 0.1130 0.2961 0.0232 0.0612 0.0172 0.0000 0.0000 0.0913
8.9000 35000.0000 -1.6600 0.8413 0.8882 0.1274 0.2762 0.0232 0.0611 0.0172 0.0000 0.0000 0.0832
8.9000 35000.0000 -1.8900 0.7508 0.6195 0.1452 0.2551 0.0231 0.0607 0.0172 0.0000 0.0000 0.0752
8.9000 35000.0000 -2.1300 0.5894 0.4276 0.1640 0.2256 0.0228 0.0600 0.0170 0.0000 0.0000 0.0649
8.9000 35000.0000 -2.3800 0.4106 0.2864 0.1809 0.1879 0.0224 0.0588 0.0167 0.0000 0.0000 0.0526
8.9000 35000.0000 -2.6200 0.2659 0.1673 0.1941 0.1435 0.0217 0.0572 0.0163 0.0000 0.0000 0.0399
8.9000 35000.0000 -2.9000 0.1513 0.0590 0.1932 0.0876 0.0209 0.0552 0.0157 0.0000 0.0000 0.0253
8.9000 35000.0000 -3.0800 0.1099 0.0282 0.1629 0.0702 0.0218 0.0578 0.0165 0.0000 0.0000 0.0215
8.9000 35000.0000 -3.4000 0.0417 0.0044 0.1382 0.0307 0.0195 0.0524 0.0151 0.0000 0.0000 0.0109
8.9000 35000.0000 -3.6800 0.0152 0.0000 0.0938 0.0119 0.0152 0.0405 0.0116 0.0000 0.0000 0.0050
8.9000 35000.0000 -3.9600 0.0081 0.0000 0.0769 0.0056 0.0128 0.0342 0.0098 0.0000 0.0000 0.0028
8.9000 37500.0000 -1.4100 0.7521 1.8937 0.1155 0.3107 0.0233 0.0612 0.0172 0.0000 0.0000 0.0988
8.9000 37500.0000 -1.6500 0.7273 1.3497 0.1262 0.2848 0.0233 0.0612 0.0173 0.0000 0.0000 0.0881
8.9000 37500.0000 -1.8900 0.6793 0.9288 0.1413 0.2596 0.0232 0.0611 0.0173 0.0000 0.0000 0.0784
8.9000 37500.0000 -2.1300 0.6035 0.6245 0.1610 0.2353 0.0231 0.0608 0.0172 0.0000 0.0000 0.0697
8.9000 37500.0000 -2.3700 0.4639 0.4063 0.1824 0.2025 0.0229 0.0603 0.0171 0.0000 0.0000 0.0589
8.9000 37500.0000 -2.6200 0.3187 0.2399 0.2052 0.1613 0.0225 0.0593 0.0169 0.0000 0.0000 0.0468
8.9000 37500.0000 -2.8900 0.2009 0.1037 0.2209 0.1097 0.0220 0.0580 0.0165 0.0000 0.0000 0.0331
8.9000 37500.0000 -3.1100 0.1073 0.0389 0.1529 0.0720 0.0221 0.0585 0.0167 0.0000 0.0000 0.0218
8.9000 37500.0000 -3.4000 0.0543 0.0082 0.1517 0.0386 0.0207 0.0553 0.0159 0.0000 0.0000 0.0135
8.9000 37500.0000 -3.6800 0.0270 0.0016 0.1255 0.0178 0.0164 0.0436 0.0124 0.0000 0.0000 0.0076
8.9000 37500.0000 -3.9600 0.0144 0.0000 0.1049 0.0085 0.0142 0.0380 0.0108 0.0000 0.0000 0.0044
8.9000 40000.0000 -1.3700 0.6766 2.7013 0.1220 0.3307 0.0233 0.0612 0.0172 0.0000 0.0018 0.1092
8.9000 40000.0000 -1.6100 0.6769 1.9565 0.1311 0.3046 0.0233 0.0612 0.0173 0.0000 0.0010 0.0974
8.9000 40000.0000 -1.8600 0.6442 1.3533 0.1440 0.2750 0.0233 0.0612 0.0173 0.0000 0.0000 0.0854
8.9000 40000.0000 -2.1000 0.5955 0.9171 0.1608 0.2475 0.0232 0.0611 0.0173 0.0000 0.0000 0.0752
8.9000 40000.0000 -2.3500 0.5137 0.5842 0.1847 0.2177 0.0231 0.0608 0.0173 0.0000 0.0000 0.0652
8.9000 40000.0000 -2.6100 0.3857 0.3418 0.2156 0.1796 0.0229 0.0603 0.0171 0.0000 0.0000 0.0538
8.9000 40000.0000 -2.8800 0.2629 0.1668 0.2471 0.1321 0.0225 0.0594 0.0169 0.0000 0.0000 0.0411
8.9000 40000.0000 -3.1700 0.1425 0.0414 0.2448 0.0721 0.0219 0.0578 0.0165 0.0000 0.0000 0.0248
8.9000 40000.0000 -3.3900 0.0809 0.0171 0.1771 0.0510 0.0214 0.0568 0.0163 0.0000 0.0000 0.0179
8.9000 40000.0000 -3.6900 0.0409 0.0032 0.1600 0.0250 0.0193 0.0517 0.0149 0.0000 0.0000 0.0106
8.9000 40000.0000 -3.9600 0.0240 0.0000 0.1380 0.0123 0.0155 0.0412 0.0117 0.0000 0.0000 0.0064
8.9000 45000.0000 -1.3700 0.6224 4.2136 0.1474 0.3555 0.0232 0.0608 0.0171 0.0021 0.0047 0.1243
8.9000 45000.0000 -1.6100 0.6397 3.1786 0.1557 0.3356 0.0233 0.0610 0.0172 0.0015 0.0028 0.1135
8.9000 45000.0000 -1.8500 0.6407 2.3043 0.1674 0.3098 0.0233 0.0612 0.0173 0.0011 0.0015 0.1016
8.9000 45000.0000 -2.1000 0.6177 1.5948 0.1839 0.2795 0.0233 0.0612 0.0173 0.0000 0.0000 0.0892
8.9000 45000.0000 -2.3400 0.5748 1.0414 0.2076 0.2467 0.0233 0.0612 0.0174 0.0000 0.0000 0.0774
8.9000 45000.0000 -2.6000 0.5118 0.6226 0.2454 0.2115 0.0233 0.0611 0.0174 0.0000 0.0000 0.0666
8.9000 45000.0000 -2.8700 0.4046 0.3280 0.3020 0.1687 0.0231 0.0607 0.0173 0.0000 0.0000 0.0554
8.9000 45000.0000 -3.1600 0.2721 0.1158 0.3385 0.1105 0.0228 0.0601 0.0171 0.0000 0.0000 0.0400
8.9000 45000.0000 -3.4400 0.1357 0.0200 0.3085 0.0547 0.0222 0.0588 0.0168 0.0000 0.0000 0.0235
8.9000 45000.0000 -3.6900 0.0691 0.0089 0.2012 0.0371 0.0208 0.0553 0.0159 0.0000 0.0000 0.0157
8.9000 45000.0000 -3.9700 0.0428 0.0020 0.1905 0.0198 0.0191 0.0509 0.0146 0.0000 0.0000 0.0104
8.9000 50000.0000 -1.3700 0.6263 5.8384 0.1786 0.3688 0.0230 0.0601 0.0170 0.0053 0.0092 0.1347
8.9000 50000.0000 -1.6500 0.6612 4.3357 0.1901 0.3555 0.0232 0.0606 0.0171 0.0037 0.0052 0.1255
8.9000 50000.0000 -1.8600 0.6777 3.3990 0.2015 0.3395 0.0232 0.0608 0.0172 0.0028 0.0033 0.1168
8.9000 50000.0000 -2.1000 0.6837 2.4428 0.2200 0.3143 0.0233 0.0610 0.0173 0.0022 0.0017 0.1052
8.9000 50000.0000 -2.3500 0.6714 1.6498 0.2477 0.2831 0.0234 0.0612 0.0174 0.0017 0.0000 0.0929
8.9000 50000.0000 -2.6000 0.6406 1.0339 0.2920 0.2467 0.0234 0.0613 0.0174 0.0015 0.0000 0.0812
8.9000 50000.0000 -2.8800 0.5720 0.5586 0.3654 0.2031 0.0234 0.0613 0.0174 0.0013 0.0000 0.0698
8.9000 50000.0000 -3.1700 0.4378 0.2309 0.4388 0.1460 0.0233 0.0612 0.0174 0.0011 0.0000 0.0555
8.9000 50000.0000 -3.4500 0.2550 0.0509 0.4327 0.0808 0.0231 0.0609 0.0174 0.0000 0.0000 0.0363
8.9000 50000.0000 -3.7200 0.1311 0.0088 0.3800 0.0412 0.0226 0.0597 0.0170 0.0000 0.0000 0.0228
8.9000 50000.0000 -3.9700 0.0696 0.0046 0.2423 0.0281 0.0203 0.0538 0.0154 0.0000 0.0000 0.0149
8.9000 55000.0000 -1.3800 0.6523 7.4035 0.2118 0.3731 0.0227 0.0591 0.0167 0.0111 0.0147 0.1408
8.9000 55000.0000 -1.6200 0.6942 5.9175 0.2240 0.3714 0.0229 0.0597 0.0169 0.0083 0.0096 0.1367
8.9000 55000.0000 -1.8600 0.7337 4.5505 0.2405 0.3612 0.0231 0.0602 0.0170 0.0062 0.0058 0.1294
8.9000 55000.0000 -2.1100 0.7642 3.3842 0.2629 0.3434 0.0232 0.0606 0.0172 0.0048 0.0033 0.1198
8.9000 55000.0000 -2.3500 0.7835 2.3782 0.2961 0.3181 0.0233 0.0609 0.0173 0.0038 0.0016 0.1088
8.9000 55000.0000 -2.6000 0.7908 1.5455 0.3495 0.2847 0.0234 0.0612 0.0174 0.0033 0.0000 0.0973
8.9000 55000.0000 -2.8800 0.7638 0.8824 0.4395 0.2401 0.0235 0.0614 0.0175 0.0029 0.0000 0.0857
8.9000 55000.0000 -3.1600 0.6423 0.4034 0.5422 0.1820 0.0236 0.0618 0.0176 0.0026 0.0000 0.0717
8.9000 55000.0000 -3.4500 0.4186 0.1043 0.5699 0.1087 0.0237 0.0622 0.0177 0.0020 0.0000 0.0507
8.9000 55000.0000 -3.7200 0.2295 0.0196 0.5204 0.0581 0.0235 0.0621 0.0177 0.0014 0.0000 0.0335
8.9000 55000.0000 -3.9900 0.1208 0.0043 0.4399 0.0320 0.0230 0.0609 0.0174 0.0000 0.0000 0.0223
8.9000 60000.0000 -1.3800 0.6866 8.9197 0.2441 0.3724 0.0222 0.0576 0.0163 0.0202 0.0209 0.1444
8.9000 60000.0000 -1.6200 0.7410 7.2517 0.2602 0.3784 0.0225 0.0586 0.0165 0.0152 0.0142 0.1435
8.9000 60000.0000 -1.9300 0.8107 5.3656 0.2870 0.3748 0.0228 0.0595 0.0168 0.0109 0.0079 0.1380
8.9000 60000.0000 -2.1100 0.8507 4.3734 0.3085 0.3665 0.0230 0.0599 0.0170 0.0091 0.0053 0.1325
8.9000 60000.0000 -2.3600 0.9000 3.1845 0.3484 0.3486 0.0231 0.0604 0.0171 0.0074 0.0027 0.1235
8.9000 60000.0000 -2.6100 0.9465 2.1443 0.4129 0.3208 0.0233 0.0608 0.0173 0.0063 0.0011 0.1134
8.9000 60000.0000 -2.8800 0.9672 1.3021 0.5167 0.2789 0.0235 0.0613 0.0174 0.0057 0.0000 0.1026
8.9000 60000.0000 -3.1700 0.8701 0.6163 0.6522 0.2155 0.0237 0.0620 0.0177 0.0051 0.0000 0.0878
8.9000 60000.0000 -3.4500 0.6329 0.1924 0.7175 0.1394 0.0240 0.0630 0.0180 0.0040 0.0000 0.0668
8.9000 60000.0000 -3.7300 0.3603 0.0371 0.6748 0.0759 0.0243 0.0638 0.0182 0.0028 0.0000 0.0453
8.9000 60000.0000 -3.9900 0.1973 0.0084 0.5875 0.0429 0.0242 0.0638 0.0182 0.0018 0.0000 0.0313
8.9000 70000.0000 -1.4100 0.7747 1.1946 0.3041 0.3680 0.0207 0.0537 0.0151 0.0474 0.0320 0.1484
8.9000 70000.0000 -1.6500 0.8491 9.4547 0.3294 0.3842 0.0213 0.0553 0.0156 0.0374 0.0231 0.1523
8.9000 70000.0000 -1.9600 0.9574 7.3448 0.3698 0.3962 0.0219 0.0569 0.0161 0.0279 0.0141 0.1533
8.9000 70000.0000 -2.1400 1.0297 6.1826 0.4012 0.3978 0.0222 0.0577 0.0163 0.0238 0.0100 0.1517
8.9000 70000.0000 -2.3800 1.1363 4.7502 0.4582 0.3938 0.0225 0.0586 0.0166 0.0198 0.0057 0.1476
8.9000 70000.0000 -2.6300 1.2590 3.4252 0.5479 0.3804 0.0228 0.0593 0.0168 0.0173 0.0026 0.1420
8.9000 70000.0000 -2.8900 1.3802 2.2583 0.6894 0.3482 0.0231 0.0602 0.0171 0.0158 0.0000 0.1349
8.9000 70000.0000 -3.1800 1.3818 1.1841 0.8862 0.2813 0.0236 0.0615 0.0175 0.0142 0.0000 0.1206
8.9000 70000.0000 -3.4500 1.1398 0.4391 1.0226 0.1951 0.0243 0.0635 0.0181 0.0115 0.0000 0.0983
8.9000 70000.0000 -3.7300 0.7230 0.0972 1.0201 0.1132 0.0252 0.0659 0.0188 0.0081 0.0000 0.0715
8.9000 70000.0000 -3.9900 0.4168 0.0224 0.9227 0.0660 0.0259 0.0680 0.0194 0.0055 0.0000 0.0517
8.9000 80000.0000 -1.4300 0.8661 2.5401 0.3531 0.3637 0.0187 0.0483 0.0136 0.0859 0.0405 0.1505
8.9000 80000.0000 -1.6800 0.9569 0.9918 0.3877 0.3858 0.0196 0.0506 0.0143 0.0704 0.0308 0.1576
8.9000 80000.0000 -1.9800 1.0980 8.9184 0.4429 0.4084 0.0205 0.0531 0.0150 0.0547 0.0201 0.1636
8.9000 80000.0000 -2.1600 1.1985 7.7071 0.4851 0.4177 0.0210 0.0543 0.0154 0.0474 0.0149 0.1653
8.9000 80000.0000 -2.4000 1.3574 6.1580 0.5601 0.4250 0.0215 0.0557 0.0158 0.0402 0.0092 0.1657
8.9000 80000.0000 -2.6500 1.5583 4.6951 0.6764 0.4260 0.0219 0.0568 0.0161 0.0356 0.0048 0.1653
8.9000 80000.0000 -2.9000 1.7814 3.3118 0.8583 0.4074 0.0223 0.0580 0.0165 0.0330 0.0018 0.1637
8.9000 80000.0000 -3.1900 1.9212 1.8915 1.1216 0.3424 0.0231 0.0599 0.0170 0.0297 0.0000 0.1524
8.9000 80000.0000 -3.4600 1.7337 0.7798 1.3343 0.2473 0.0241 0.0628 0.0179 0.0244 0.0000 0.1293
8.9000 80000.0000 -3.7300 1.1992 0.1915 1.3900 0.1501 0.0256 0.0668 0.0190 0.0176 0.0000 0.0987
8.9000 80000.0000 -3.9900 0.7221 0.0451 1.2971 0.0896 0.0270 0.0706 0.0201 0.0123 0.0000 0.0739
8.9000 90000.0000 -1.4600 0.9499 2.9272 0.3900 0.3599 0.0164 0.0421 0.0119 0.1321 0.0458 0.1513
8.9000 90000.0000 -1.7000 1.0549 1.7841 0.4332 0.3858 0.0175 0.0450 0.0127 0.1117 0.0363 0.1604
8.9000 90000.0000 -2.0000 1.2239 9.9839 0.5025 0.4154 0.0187 0.0483 0.0137 0.0898 0.0251 0.1701
8.9000 90000.0000 -2.1700 1.3481 8.8406 0.5551 0.4303 0.0193 0.0500 0.0141 0.0792 0.0194 0.1745
8.9000 90000.0000 -2.4100 1.5519 7.3124 0.6477 0.4468 0.0201 0.0519 0.0147 0.0681 0.0128 0.1789
8.9000 90000.0000 -2.6600 1.8208 5.8200 0.7889 0.4599 0.0207 0.0535 0.0152 0.0608 0.0074 0.1833
8.9000 90000.0000 -2.9100 2.1574 4.3610 1.0127 0.4571 0.0212 0.0550 0.0156 0.0566 0.0032 0.1885
8.9000 90000.0000 -3.2000 2.4598 2.6728 1.3467 0.3980 0.0222 0.0574 0.0163 0.0513 0.0000 0.1819
8.9000 90000.0000 -3.4600 2.3798 1.1906 1.6422 0.2960 0.0236 0.0613 0.0174 0.0422 0.0000 0.1590
8.9000 90000.0000 -3.7400 1.7663 0.3151 1.7692 0.1858 0.0256 0.0667 0.0190 0.0312 0.0000 0.1258
8.9000 90000.0000 -3.9900 1.1013 0.0754 1.6924 0.1129 0.0276 0.0722 0.0206 0.0223 0.0000 0.0966
