#Cloudy 17.00 models results grids
# O/H: 7.1 - 8.9, log U: -4.0 - -1.5, f_abs: 0.01 - 1.0
# SED: BPASS v.2.1 (Eldridge et al 2017), alpha(IMF) = -1.35, M_up = 300, age = 4 Myr, Z_* = 1e-5
# Spherical geometry
#
12+log(O/H) f_abs log(Usp) OII_3727 OIII_5007 SII_6717,31 SIII_9069 He1_4471 He1_5876 HeI_6678 HeII_4686 ArIV_4740 ArIII_7135
7.1 1.000 -4.01 0.5382 0.0246 0.1651 0.0100 0.0246 0.0629 0.0178 0.0010 0.0000 0.0089
7.1 0.818 -4.00 0.5835 0.0293 0.1297 0.0111 0.0214 0.0545 0.0153 0.0011 0.0000 0.0088
7.1 0.519 -3.99 0.6252 0.0400 0.1195 0.0125 0.0206 0.0524 0.0147 0.0014 0.0000 0.0090
7.1 0.207 -3.97 0.6934 0.0536 0.1235 0.0144 0.0216 0.0550 0.0155 0.0022 0.0000 0.0099
7.1 0.129 -3.97 0.6385 0.0508 0.1117 0.0133 0.0196 0.0499 0.0140 0.0026 0.0000 0.0091
7.1 0.056 -3.97 0.6544 0.0515 0.1130 0.0137 0.0195 0.0495 0.0139 0.0036 0.0000 0.0093
7.1 0.032 -3.97 0.5836 0.0452 0.1001 0.0122 0.0173 0.0438 0.0122 0.0042 0.0000 0.0083
7.1 0.013 -3.97 0.4389 0.0344 0.0748 0.0092 0.0130 0.0331 0.0093 0.0061 0.0000 0.0062
7.1 1.000 -3.75 0.6010 0.0853 0.1360 0.0147 0.0236 0.0602 0.0170 0.0013 0.0000 0.0100
7.1 0.793 -3.74 0.6545 0.1046 0.1048 0.0168 0.0209 0.0533 0.0150 0.0015 0.0000 0.0102
7.1 0.529 -3.72 0.6788 0.1381 0.0956 0.0187 0.0205 0.0523 0.0147 0.0019 0.0000 0.0106
7.1 0.243 -3.69 0.6768 0.1720 0.0896 0.0199 0.0201 0.0511 0.0143 0.0029 0.0000 0.0108
7.1 0.123 -3.68 0.6671 0.1770 0.0861 0.0199 0.0195 0.0497 0.0140 0.0040 0.0000 0.0107
7.1 0.056 -3.68 0.6859 0.1803 0.0869 0.0204 0.0195 0.0494 0.0138 0.0056 0.0000 0.0109
7.1 0.032 -3.68 0.6109 0.1586 0.0767 0.0181 0.0171 0.0434 0.0121 0.0067 0.0000 0.0097
7.1 0.013 -3.68 0.4556 0.1200 0.0568 0.0136 0.0128 0.0326 0.0092 0.0094 0.0000 0.0072
7.1 1.000 -3.51 0.5814 0.2339 0.1075 0.0201 0.0227 0.0581 0.0163 0.0016 0.0000 0.0113
7.1 0.779 -3.48 0.6163 0.2940 0.0784 0.0233 0.0206 0.0525 0.0147 0.0019 0.0000 0.0117
7.1 0.501 -3.45 0.5863 0.3910 0.0682 0.0259 0.0204 0.0520 0.0146 0.0027 0.0000 0.0123
7.1 0.220 -3.41 0.5414 0.4661 0.0617 0.0272 0.0199 0.0507 0.0142 0.0044 0.0000 0.0126
7.1 0.119 -3.39 0.5270 0.4739 0.0591 0.0271 0.0194 0.0493 0.0138 0.0061 0.0000 0.0124
7.1 0.055 -3.38 0.5411 0.4873 0.0593 0.0278 0.0194 0.0491 0.0137 0.0088 0.0000 0.0127
7.1 0.032 -3.38 0.4788 0.4285 0.0517 0.0245 0.0169 0.0429 0.0119 0.0108 0.0000 0.0112
7.1 0.014 -3.38 0.3523 0.3210 0.0380 0.0182 0.0126 0.0320 0.0090 0.0148 0.0000 0.0083
7.1 1.000 -3.27 0.4637 0.4935 0.0798 0.0258 0.0220 0.0562 0.0158 0.0018 0.0000 0.0126
7.1 0.762 -3.22 0.4432 0.6321 0.0517 0.0301 0.0204 0.0519 0.0145 0.0024 0.0000 0.0134
7.1 0.493 -3.17 0.3486 0.7978 0.0418 0.0329 0.0202 0.0515 0.0144 0.0035 0.0000 0.0140
7.1 0.209 -3.09 0.2749 0.9147 0.0348 0.0342 0.0197 0.0503 0.0140 0.0067 0.0000 0.0143
7.1 0.097 -3.05 0.2529 0.9273 0.0319 0.0337 0.0189 0.0482 0.0134 0.0106 0.0000 0.0140
7.1 0.062 -3.04 0.2450 0.9143 0.0306 0.0331 0.0182 0.0464 0.0129 0.0133 0.0000 0.0138
7.1 0.025 -3.02 0.2464 0.9219 0.0301 0.0332 0.0179 0.0455 0.0126 0.0203 0.0000 0.0138
7.1 0.020 -3.02 0.2030 0.7598 0.0246 0.0274 0.0147 0.0372 0.0103 0.0234 0.0000 0.0114
7.1 1.000 -3.03 0.3375 0.7814 0.0582 0.0297 0.0214 0.0547 0.0153 0.0021 0.0000 0.0134
7.1 0.749 -2.97 0.2632 1.0024 0.0315 0.0345 0.0201 0.0514 0.0143 0.0028 0.0000 0.0144
7.1 0.473 -2.88 0.1604 1.2096 0.0221 0.0368 0.0200 0.0511 0.0142 0.0043 0.0000 0.0149
7.1 0.203 -2.75 0.1068 1.3648 0.0160 0.0373 0.0195 0.0497 0.0138 0.0092 0.0014 0.0148
7.1 0.093 -2.67 0.0894 1.3928 0.0133 0.0361 0.0185 0.0473 0.0131 0.0170 0.0017 0.0142
7.1 0.051 -2.63 0.0816 1.3578 0.0120 0.0344 0.0173 0.0442 0.0122 0.0249 0.0017 0.0136
7.1 0.025 -2.61 0.0774 1.3342 0.0112 0.0334 0.0165 0.0420 0.0115 0.0362 0.0017 0.0132
7.1 0.014 -2.59 0.0662 1.1592 0.0095 0.0288 0.0141 0.0357 0.0098 0.0521 0.0015 0.0114
7.1 1.000 -2.79 0.2520 1.0488 0.0439 0.0306 0.0209 0.0535 0.0149 0.0025 0.0014 0.0132
7.1 0.802 -2.73 0.1774 1.2723 0.0216 0.0343 0.0198 0.0507 0.0141 0.0031 0.0018 0.0138
7.1 0.498 -2.63 0.0829 1.5471 0.0119 0.0354 0.0198 0.0506 0.0140 0.0050 0.0027 0.0137
7.1 0.201 -2.42 0.0429 1.8124 0.0060 0.0329 0.0191 0.0489 0.0134 0.0125 0.0045 0.0121
7.1 0.109 -2.31 0.0341 1.9036 0.0045 0.0309 0.0183 0.0470 0.0128 0.0221 0.0054 0.0111
7.1 0.051 -2.20 0.0273 1.8859 0.0033 0.0277 0.0166 0.0426 0.0116 0.0423 0.0059 0.0098
7.1 0.020 -2.13 0.0217 1.7031 0.0026 0.0236 0.0138 0.0353 0.0096 0.0770 0.0057 0.0082
7.1 0.013 -2.10 0.0182 1.4881 0.0012 0.0203 0.0117 0.0299 0.0081 0.1050 0.0051 0.0071
7.1 1.000 -2.55 0.1988 1.2723 0.0350 0.0295 0.0205 0.0526 0.0146 0.0032 0.0026 0.0124
7.1 0.803 -2.49 0.1168 1.5285 0.0146 0.0322 0.0196 0.0501 0.0138 0.0040 0.0033 0.0127
7.1 0.506 -2.38 0.0502 1.8328 0.0070 0.0314 0.0195 0.0501 0.0138 0.0063 0.0048 0.0118
7.1 0.201 -2.16 0.0235 2.1888 0.0027 0.0259 0.0188 0.0484 0.0132 0.0154 0.0079 0.0089
7.1 0.113 -2.02 0.0173 2.3427 0.0000 0.0224 0.0181 0.0465 0.0126 0.0268 0.0095 0.0074
7.1 0.051 -1.85 0.0119 2.3814 0.0000 0.0176 0.0159 0.0411 0.0111 0.0575 0.0108 0.0055
7.1 0.022 -1.70 0.0085 2.1940 0.0000 0.0137 0.0125 0.0321 0.0086 0.1196 0.0109 0.0042
7.1 0.012 -1.61 0.0064 1.8573 0.0000 0.0109 0.0091 0.0235 0.0063 0.1984 0.0099 0.0033
7.1 1.000 -2.30 0.1615 1.4618 0.0290 0.0274 0.0201 0.0517 0.0143 0.0043 0.0038 0.0115
7.1 0.800 -2.25 0.0793 1.7440 0.0102 0.0293 0.0192 0.0494 0.0136 0.0054 0.0048 0.0115
7.1 0.511 -2.14 0.0336 2.0756 0.0044 0.0269 0.0192 0.0494 0.0135 0.0084 0.0069 0.0100
7.1 0.208 -1.91 0.0152 2.5081 0.0000 0.0199 0.0185 0.0478 0.0129 0.0202 0.0108 0.0066
7.1 0.113 -1.76 0.0105 2.7157 0.0000 0.0156 0.0177 0.0457 0.0123 0.0365 0.0130 0.0049
7.1 0.053 -1.56 0.0067 2.7723 0.0000 0.0107 0.0155 0.0400 0.0107 0.0753 0.0145 0.0033
7.1 0.021 -1.34 0.0040 2.4881 0.0000 0.0066 0.0109 0.0282 0.0075 0.1749 0.0147 0.0020
7.1 0.013 -1.21 0.0027 2.0656 0.0000 0.0049 0.0066 0.0173 0.0045 0.3085 0.0141 0.0015
7.1 1.000 -2.10 0.1392 1.5921 0.0255 0.0256 0.0198 0.0510 0.0141 0.0055 0.0048 0.0107
7.1 0.744 -2.03 0.0491 1.9598 0.0065 0.0263 0.0190 0.0489 0.0134 0.0074 0.0064 0.0102
7.1 0.472 -1.93 0.0229 2.2937 0.0026 0.0227 0.0189 0.0487 0.0133 0.0116 0.0089 0.0082
7.1 0.197 -1.70 0.0111 2.7578 0.0000 0.0157 0.0182 0.0471 0.0127 0.0274 0.0131 0.0051
7.1 0.097 -1.51 0.0068 2.9275 0.0000 0.0104 0.0166 0.0430 0.0115 0.0547 0.0153 0.0032
7.1 0.047 -1.31 0.0042 2.8811 0.0000 0.0063 0.0139 0.0362 0.0096 0.1109 0.0165 0.0020
7.1 0.020 -1.08 0.0014 2.4901 0.0000 0.0035 0.0091 0.0236 0.0062 0.2470 0.0166 0.0011
7.1 0.013 -0.93 0.0000 1.9510 0.0000 0.0025 0.0046 0.0120 0.0031 0.4222 0.0162 0.0000
7.1 1.000 -1.80 0.1131 1.7695 0.0213 0.0226 0.0193 0.0499 0.0138 0.0083 0.0062 0.0095
7.1 0.785 -1.74 0.0387 2.1048 0.0052 0.0224 0.0185 0.0477 0.0131 0.0105 0.0078 0.0088
7.1 0.504 -1.64 0.0169 2.4885 0.0000 0.0183 0.0184 0.0474 0.0129 0.0163 0.0108 0.0066
7.1 0.201 -1.41 0.0075 3.0351 0.0000 0.0110 0.0175 0.0453 0.0121 0.0404 0.0157 0.0035
7.1 0.107 -1.24 0.0048 3.1798 0.0000 0.0069 0.0160 0.0415 0.0110 0.0750 0.0177 0.0022
7.1 0.050 -1.02 0.0026 2.9748 0.0000 0.0034 0.0128 0.0332 0.0087 0.1556 0.0184 0.0012
7.1 0.020 -0.76 0.0000 2.2132 0.0000 0.0015 0.0065 0.0169 0.0044 0.3582 0.0176 0.0000
7.1 0.013 -0.58 0.0000 1.4695 0.0000 0.0000 0.0022 0.0058 0.0015 0.5939 0.0174 0.0000
7.1 1.000 -1.56 0.0974 1.8946 0.0187 0.0203 0.0189 0.0489 0.0135 0.0114 0.0072 0.0086
7.1 0.777 -1.50 0.0285 2.2554 0.0038 0.0192 0.0181 0.0467 0.0128 0.0147 0.0092 0.0076
7.1 0.498 -1.40 0.0126 2.6671 0.0000 0.0147 0.0179 0.0462 0.0125 0.0228 0.0126 0.0052
7.1 0.202 -1.17 0.0057 3.2155 0.0000 0.0081 0.0168 0.0435 0.0116 0.0554 0.0174 0.0026
7.1 0.100 -0.98 0.0033 3.2874 0.0000 0.0044 0.0148 0.0385 0.0101 0.1100 0.0193 0.0014
7.1 0.050 -0.77 0.0010 2.8905 0.0000 0.0020 0.0112 0.0291 0.0076 0.2171 0.0190 0.0000
7.1 0.020 -0.51 0.0000 1.9108 0.0000 0.0000 0.0042 0.0111 0.0029 0.4999 0.0182 0.0000
7.1 0.013 -0.34 0.0000 1.1059 0.0000 0.0000 0.0012 0.0033 0.0000 0.7590 0.0174 0.0000
7.4 1.000 -4.01 1.0376 0.0475 0.3251 0.0196 0.0247 0.0632 0.0179 0.0010 0.0000 0.0139
7.4 0.813 -4.00 1.1246 0.0570 0.2539 0.0219 0.0215 0.0547 0.0154 0.0011 0.0000 0.0137
7.4 0.511 -3.99 1.1984 0.0777 0.2336 0.0245 0.0207 0.0528 0.0149 0.0014 0.0000 0.0139
7.4 0.212 -3.97 1.3000 0.1011 0.2372 0.0275 0.0213 0.0543 0.0153 0.0022 0.0000 0.0150
7.4 0.131 -3.97 1.2212 0.0978 0.2186 0.0260 0.0197 0.0502 0.0141 0.0026 0.0000 0.0141
7.4 0.056 -3.97 1.2561 0.0994 0.2214 0.0268 0.0197 0.0498 0.0140 0.0036 0.0000 0.0144
7.4 0.032 -3.97 1.1211 0.0874 0.1963 0.0239 0.0174 0.0440 0.0123 0.0042 0.0000 0.0128
7.4 0.013 -3.97 0.8437 0.0665 0.1467 0.0180 0.0131 0.0333 0.0094 0.0061 0.0000 0.0097
7.4 1.000 -3.75 1.1578 0.1640 0.2678 0.0288 0.0237 0.0606 0.0171 0.0013 0.0000 0.0157
7.4 0.804 -3.74 1.2536 0.1987 0.2069 0.0327 0.0211 0.0537 0.0151 0.0015 0.0000 0.0158
7.4 0.530 -3.72 1.2953 0.2648 0.1872 0.0364 0.0207 0.0526 0.0148 0.0019 0.0000 0.0164
7.4 0.249 -3.69 1.2887 0.3283 0.1753 0.0387 0.0202 0.0514 0.0144 0.0028 0.0000 0.0167
7.4 0.124 -3.68 1.2732 0.3400 0.1686 0.0387 0.0196 0.0500 0.0141 0.0040 0.0000 0.0166
7.4 0.056 -3.68 1.3128 0.3473 0.1704 0.0398 0.0196 0.0497 0.0139 0.0056 0.0000 0.0170
7.4 0.032 -3.68 1.1704 0.3058 0.1503 0.0354 0.0173 0.0437 0.0122 0.0066 0.0000 0.0151
7.4 0.013 -3.68 0.8734 0.2314 0.1115 0.0265 0.0129 0.0329 0.0092 0.0094 0.0000 0.0112
7.4 1.000 -3.51 1.1195 0.4481 0.2117 0.0392 0.0229 0.0584 0.0165 0.0016 0.0000 0.0175
7.4 0.786 -3.48 1.1815 0.5591 0.1546 0.0453 0.0208 0.0529 0.0149 0.0019 0.0000 0.0182
7.4 0.485 -3.45 1.1065 0.7571 0.1322 0.0506 0.0206 0.0523 0.0147 0.0027 0.0000 0.0190
7.4 0.224 -3.41 1.0247 0.8863 0.1205 0.0528 0.0201 0.0512 0.0143 0.0044 0.0000 0.0194
7.4 0.118 -3.39 0.9995 0.9053 0.1152 0.0526 0.0195 0.0497 0.0139 0.0061 0.0000 0.0192
7.4 0.055 -3.38 1.0305 0.9336 0.1160 0.0541 0.0196 0.0496 0.0138 0.0087 0.0000 0.0197
7.4 0.032 -3.38 0.9127 0.8216 0.1013 0.0477 0.0171 0.0433 0.0120 0.0107 0.0000 0.0173
7.4 0.013 -3.38 0.6721 0.6159 0.0743 0.0354 0.0127 0.0322 0.0090 0.0148 0.0000 0.0128
7.4 1.000 -3.27 0.8930 0.9408 0.1572 0.0502 0.0221 0.0566 0.0159 0.0018 0.0000 0.0195
7.4 0.779 -3.22 0.8580 1.1824 0.1030 0.0581 0.0206 0.0524 0.0147 0.0023 0.0000 0.0206
7.4 0.488 -3.16 0.6537 1.5168 0.0809 0.0637 0.0204 0.0521 0.0146 0.0035 0.0000 0.0216
7.4 0.205 -3.09 0.5131 1.7238 0.0675 0.0659 0.0199 0.0508 0.0142 0.0068 0.0000 0.0219
7.4 0.098 -3.05 0.4749 1.7528 0.0621 0.0652 0.0191 0.0488 0.0136 0.0105 0.0000 0.0216
7.4 0.062 -3.04 0.4607 1.7295 0.0594 0.0639 0.0184 0.0469 0.0130 0.0132 0.0000 0.0211
7.4 0.026 -3.02 0.4661 1.7535 0.0589 0.0645 0.0182 0.0461 0.0128 0.0201 0.0000 0.0213
7.4 0.020 -3.02 0.3858 1.4506 0.0482 0.0532 0.0149 0.0377 0.0104 0.0231 0.0000 0.0176
7.4 1.000 -3.03 0.6504 1.4805 0.1146 0.0578 0.0216 0.0552 0.0155 0.0021 0.0000 0.0207
7.4 0.764 -2.97 0.5107 1.8708 0.0623 0.0665 0.0203 0.0519 0.0145 0.0027 0.0000 0.0220
7.4 0.490 -2.88 0.3061 2.2481 0.0434 0.0706 0.0203 0.0519 0.0144 0.0041 0.0014 0.0226
7.4 0.199 -2.75 0.1952 2.5368 0.0304 0.0713 0.0198 0.0505 0.0140 0.0093 0.0021 0.0224
7.4 0.101 -2.68 0.1685 2.6047 0.0262 0.0699 0.0191 0.0488 0.0135 0.0161 0.0024 0.0219
7.4 0.053 -2.63 0.1518 2.5292 0.0232 0.0662 0.0177 0.0452 0.0125 0.0243 0.0025 0.0207
7.4 0.019 -2.60 0.1365 2.3824 0.0204 0.0612 0.0160 0.0407 0.0112 0.0405 0.0024 0.0192
7.4 0.014 -2.59 0.1241 2.1782 0.0185 0.0557 0.0144 0.0366 0.0100 0.0512 0.0022 0.0175
7.4 1.000 -2.78 0.4857 1.9716 0.0860 0.0593 0.0211 0.0542 0.0151 0.0025 0.0021 0.0203
7.4 0.763 -2.72 0.2997 2.4603 0.0380 0.0667 0.0201 0.0515 0.0143 0.0033 0.0027 0.0212
7.4 0.477 -2.61 0.1455 2.8948 0.0218 0.0674 0.0202 0.0516 0.0143 0.0052 0.0040 0.0208
7.4 0.189 -2.41 0.0765 3.2966 0.0112 0.0617 0.0195 0.0499 0.0138 0.0125 0.0064 0.0181
7.4 0.103 -2.30 0.0607 3.4275 0.0083 0.0575 0.0187 0.0479 0.0131 0.0219 0.0076 0.0165
7.4 0.049 -2.20 0.0488 3.3929 0.0062 0.0516 0.0170 0.0435 0.0119 0.0414 0.0084 0.0145
7.4 0.020 -2.13 0.0395 3.0981 0.0048 0.0444 0.0143 0.0366 0.0100 0.0735 0.0081 0.0124
7.4 0.013 -2.10 0.0343 2.8052 0.0041 0.0395 0.0126 0.0320 0.0087 0.1015 0.0075 0.0110
7.4 1.000 -2.54 0.3828 2.3757 0.0685 0.0567 0.0208 0.0533 0.0148 0.0032 0.0038 0.0190
7.4 0.806 -2.49 0.2218 2.8397 0.0283 0.0617 0.0199 0.0509 0.0141 0.0039 0.0047 0.0194
7.4 0.506 -2.37 0.0902 3.3549 0.0130 0.0590 0.0200 0.0511 0.0141 0.0062 0.0070 0.0177
7.4 0.228 -2.17 0.0439 3.8308 0.0054 0.0486 0.0194 0.0498 0.0137 0.0135 0.0106 0.0136
7.4 0.102 -1.99 0.0280 4.1600 0.0026 0.0389 0.0185 0.0474 0.0129 0.0294 0.0136 0.0103
7.4 0.055 -1.85 0.0206 4.1423 0.0000 0.0314 0.0166 0.0427 0.0116 0.0531 0.0147 0.0081
7.4 0.021 -1.68 0.0138 3.7717 0.0000 0.0233 0.0126 0.0323 0.0087 0.1262 0.0149 0.0059
7.4 0.013 -1.61 0.0105 3.2027 0.0000 0.0188 0.0095 0.0244 0.0066 0.1900 0.0134 0.0047
7.4 1.000 -2.29 0.3109 2.7179 0.0567 0.0526 0.0204 0.0526 0.0146 0.0043 0.0055 0.0176
7.4 0.808 -2.24 0.1524 3.2135 0.0202 0.0557 0.0196 0.0503 0.0139 0.0053 0.0068 0.0175
7.4 0.517 -2.13 0.0603 3.7573 0.0079 0.0500 0.0197 0.0505 0.0139 0.0082 0.0099 0.0148
7.4 0.217 -1.91 0.0262 4.3631 0.0025 0.0356 0.0191 0.0491 0.0134 0.0191 0.0148 0.0096
7.4 0.108 -1.72 0.0161 4.6368 0.0000 0.0252 0.0179 0.0461 0.0125 0.0378 0.0177 0.0066
7.4 0.051 -1.53 0.0101 4.6473 0.0000 0.0167 0.0157 0.0404 0.0109 0.0775 0.0194 0.0044
7.4 0.022 -1.33 0.0061 4.1869 0.0000 0.0105 0.0114 0.0294 0.0078 0.1714 0.0195 0.0028
7.4 0.013 -1.20 0.0040 3.4530 0.0000 0.0077 0.0072 0.0185 0.0049 0.2879 0.0184 0.0021
7.4 1.000 -2.10 0.2681 2.9558 0.0498 0.0490 0.0202 0.0519 0.0144 0.0055 0.0069 0.0164
7.4 0.750 -2.03 0.0920 3.5961 0.0123 0.0497 0.0194 0.0498 0.0137 0.0073 0.0091 0.0155
7.4 0.472 -1.91 0.0399 4.1341 0.0047 0.0414 0.0194 0.0498 0.0137 0.0115 0.0127 0.0120
7.4 0.189 -1.67 0.0171 4.7749 0.0000 0.0258 0.0187 0.0480 0.0130 0.0281 0.0181 0.0069
7.4 0.094 -1.48 0.0102 4.9755 0.0000 0.0164 0.0172 0.0442 0.0119 0.0554 0.0207 0.0044
7.4 0.048 -1.29 0.0061 4.8023 0.0000 0.0097 0.0145 0.0375 0.0100 0.1073 0.0217 0.0027
7.4 0.019 -1.05 0.0031 3.9316 0.0000 0.0048 0.0089 0.0229 0.0061 0.2506 0.0212 0.0015
7.4 0.012 -0.90 0.0010 3.0442 0.0000 0.0034 0.0045 0.0117 0.0031 0.4220 0.0209 0.0011
7.4 1.000 -1.79 0.2180 3.2858 0.0416 0.0432 0.0197 0.0509 0.0141 0.0081 0.0089 0.0146
7.4 0.784 -1.74 0.0713 3.8875 0.0098 0.0423 0.0190 0.0489 0.0134 0.0104 0.0113 0.0134
7.4 0.497 -1.63 0.0287 4.5057 0.0030 0.0328 0.0190 0.0488 0.0133 0.0163 0.0156 0.0095
7.4 0.196 -1.38 0.0112 5.1639 0.0000 0.0172 0.0179 0.0461 0.0125 0.0406 0.0213 0.0046
7.4 0.100 -1.19 0.0064 5.2506 0.0000 0.0096 0.0162 0.0418 0.0112 0.0782 0.0234 0.0027
7.4 0.051 -0.99 0.0035 4.7979 0.0000 0.0047 0.0131 0.0337 0.0090 0.1501 0.0236 0.0015
7.4 0.020 -0.71 0.0000 3.2435 0.0000 0.0017 0.0058 0.0149 0.0039 0.3626 0.0218 0.0000
7.4 0.013 -0.56 0.0000 2.2525 0.0000 0.0011 0.0023 0.0060 0.0016 0.5723 0.0224 0.0000
7.4 1.000 -1.55 0.1879 3.5238 0.0366 0.0388 0.0194 0.0500 0.0138 0.0113 0.0105 0.0132
7.4 0.779 -1.49 0.0529 4.1611 0.0072 0.0361 0.0187 0.0480 0.0132 0.0144 0.0133 0.0115
7.4 0.493 -1.38 0.0216 4.8292 0.0011 0.0262 0.0185 0.0477 0.0130 0.0227 0.0180 0.0076
7.4 0.196 -1.14 0.0083 5.4786 0.0000 0.0122 0.0173 0.0445 0.0119 0.0563 0.0236 0.0034
7.4 0.100 -0.95 0.0045 5.3821 0.0000 0.0060 0.0152 0.0392 0.0104 0.1084 0.0251 0.0019
7.4 0.050 -0.74 0.0013 4.5893 0.0000 0.0025 0.0114 0.0293 0.0078 0.2109 0.0242 0.0000
7.4 0.019 -0.46 0.0000 2.6601 0.0000 0.0000 0.0036 0.0093 0.0024 0.4934 0.0223 0.0000
7.4 0.013 -0.31 0.0000 1.6102 0.0000 0.0000 0.0013 0.0033 0.0000 0.7269 0.0222 0.0000
7.7 1.000 -4.01 1.9215 0.0880 0.6284 0.0377 0.0250 0.0639 0.0181 0.0010 0.0000 0.0337
7.7 0.811 -4.00 2.0721 0.1059 0.4875 0.0419 0.0216 0.0551 0.0155 0.0011 0.0000 0.0330
7.7 0.533 -3.99 2.1722 0.1401 0.4472 0.0461 0.0209 0.0533 0.0150 0.0013 0.0000 0.0333
7.7 0.219 -3.97 2.2244 0.1764 0.4260 0.0492 0.0204 0.0519 0.0146 0.0021 0.0000 0.0339
7.7 0.143 -3.97 2.2258 0.1799 0.4193 0.0495 0.0200 0.0508 0.0143 0.0025 0.0000 0.0338
7.7 0.057 -3.97 2.3008 0.1846 0.4246 0.0511 0.0199 0.0504 0.0141 0.0035 0.0000 0.0347
7.7 0.032 -3.97 2.0586 0.1627 0.3767 0.0456 0.0175 0.0445 0.0125 0.0042 0.0000 0.0309
7.7 0.013 -3.97 1.5523 0.1241 0.2822 0.0345 0.0132 0.0336 0.0095 0.0061 0.0000 0.0233
7.7 1.000 -3.75 2.1396 0.3016 0.5184 0.0551 0.0240 0.0613 0.0173 0.0013 0.0000 0.0379
7.7 0.799 -3.73 2.3042 0.3683 0.3967 0.0625 0.0213 0.0543 0.0153 0.0015 0.0000 0.0381
7.7 0.533 -3.71 2.3456 0.4860 0.3570 0.0691 0.0209 0.0532 0.0150 0.0019 0.0000 0.0391
7.7 0.200 -3.69 2.3426 0.6232 0.3341 0.0744 0.0207 0.0526 0.0148 0.0032 0.0000 0.0403
7.7 0.126 -3.68 2.3016 0.6230 0.3219 0.0734 0.0199 0.0506 0.0142 0.0039 0.0000 0.0395
7.7 0.056 -3.68 2.3918 0.6418 0.3268 0.0758 0.0199 0.0504 0.0141 0.0055 0.0000 0.0407
7.7 0.032 -3.68 2.1375 0.5663 0.2884 0.0674 0.0175 0.0443 0.0124 0.0066 0.0000 0.0361
7.7 0.013 -3.68 1.5984 0.4293 0.2142 0.0506 0.0131 0.0333 0.0094 0.0093 0.0000 0.0270
7.7 1.000 -3.51 2.0666 0.8187 0.4102 0.0749 0.0231 0.0591 0.0167 0.0016 0.0000 0.0422
7.7 0.790 -3.48 2.1591 1.0167 0.2974 0.0859 0.0211 0.0536 0.0151 0.0019 0.0000 0.0435
7.7 0.538 -3.45 2.0205 1.3124 0.2570 0.0941 0.0209 0.0531 0.0149 0.0025 0.0000 0.0449
7.7 0.232 -3.41 1.8218 1.5918 0.2286 0.0988 0.0204 0.0519 0.0146 0.0043 0.0000 0.0456
7.7 0.114 -3.39 1.7886 1.6464 0.2193 0.0993 0.0198 0.0505 0.0142 0.0061 0.0000 0.0455
7.7 0.055 -3.38 1.8579 1.7061 0.2219 0.1025 0.0199 0.0504 0.0141 0.0086 0.0000 0.0469
7.7 0.032 -3.38 1.6491 1.5041 0.1936 0.0904 0.0173 0.0439 0.0122 0.0106 0.0000 0.0413
7.7 0.013 -3.38 1.2173 1.1299 0.1424 0.0673 0.0129 0.0328 0.0092 0.0146 0.0000 0.0307
7.7 1.000 -3.26 1.6511 1.7022 0.3041 0.0953 0.0224 0.0574 0.0161 0.0018 0.0000 0.0467
7.7 0.784 -3.22 1.5628 2.1257 0.1974 0.1095 0.0209 0.0531 0.0149 0.0023 0.0000 0.0488
7.7 0.503 -3.16 1.1642 2.6801 0.1537 0.1184 0.0208 0.0530 0.0148 0.0034 0.0000 0.0504
7.7 0.210 -3.08 0.8911 3.0321 0.1265 0.1217 0.0203 0.0517 0.0145 0.0066 0.0000 0.0508
7.7 0.099 -3.05 0.8312 3.1099 0.1170 0.1213 0.0196 0.0499 0.0140 0.0103 0.0011 0.0504
7.7 0.063 -3.04 0.8072 3.0692 0.1120 0.1187 0.0188 0.0477 0.0133 0.0130 0.0011 0.0493
7.7 0.026 -3.02 0.8281 3.1513 0.1120 0.1211 0.0186 0.0472 0.0131 0.0195 0.0011 0.0503
7.7 0.021 -3.02 0.6869 2.6121 0.0918 0.1001 0.0153 0.0387 0.0107 0.0225 0.0000 0.0415
7.7 1.000 -3.02 1.2050 2.6472 0.2208 0.1089 0.0219 0.0561 0.0157 0.0021 0.0016 0.0492
7.7 0.779 -2.96 0.9444 3.2910 0.1205 0.1238 0.0207 0.0529 0.0148 0.0027 0.0021 0.0516
7.7 0.503 -2.88 0.5306 3.8940 0.0809 0.1292 0.0207 0.0528 0.0147 0.0040 0.0029 0.0521
7.7 0.205 -2.74 0.3259 4.3106 0.0556 0.1287 0.0202 0.0515 0.0143 0.0091 0.0044 0.0508
7.7 0.104 -2.68 0.2842 4.4438 0.0482 0.1269 0.0196 0.0500 0.0139 0.0156 0.0051 0.0498
7.7 0.052 -2.63 0.2599 4.3737 0.0431 0.1216 0.0182 0.0463 0.0128 0.0239 0.0053 0.0477
7.7 0.020 -2.60 0.2371 4.1693 0.0385 0.1138 0.0167 0.0424 0.0117 0.0390 0.0053 0.0447
7.7 0.014 -2.59 0.2146 3.7917 0.0345 0.1029 0.0149 0.0378 0.0104 0.0491 0.0048 0.0405
7.7 1.000 -2.77 0.8998 3.4822 0.1652 0.1109 0.0215 0.0552 0.0154 0.0025 0.0045 0.0479
7.7 0.776 -2.71 0.5476 4.2757 0.0724 0.1230 0.0206 0.0526 0.0146 0.0032 0.0057 0.0493
7.7 0.483 -2.60 0.2414 4.9162 0.0392 0.1215 0.0207 0.0529 0.0147 0.0051 0.0085 0.0470
7.7 0.194 -2.40 0.1246 5.4541 0.0200 0.1094 0.0202 0.0517 0.0143 0.0121 0.0132 0.0404
7.7 0.099 -2.29 0.0959 5.6300 0.0141 0.0999 0.0192 0.0490 0.0136 0.0226 0.0157 0.0361
7.7 0.049 -2.20 0.0789 5.5660 0.0109 0.0903 0.0176 0.0449 0.0124 0.0405 0.0170 0.0323
7.7 0.023 -2.13 0.0667 5.2036 0.0088 0.0801 0.0153 0.0388 0.0107 0.0668 0.0167 0.0285
7.7 0.012 -2.10 0.0502 4.1547 0.0065 0.0621 0.0117 0.0297 0.0081 0.0971 0.0138 0.0220
7.7 1.000 -2.53 0.7100 4.1644 0.1313 0.1054 0.0212 0.0544 0.0152 0.0031 0.0081 0.0448
7.7 0.769 -2.46 0.3367 5.0581 0.0462 0.1133 0.0204 0.0522 0.0145 0.0041 0.0105 0.0447
7.7 0.483 -2.34 0.1348 5.6579 0.0208 0.1026 0.0205 0.0523 0.0145 0.0064 0.0150 0.0387
7.7 0.212 -2.14 0.0635 6.2042 0.0081 0.0800 0.0199 0.0508 0.0140 0.0143 0.0220 0.0282
7.7 0.106 -1.97 0.0422 6.4835 0.0042 0.0637 0.0188 0.0480 0.0132 0.0279 0.0263 0.0217
7.7 0.052 -1.82 0.0306 6.5315 0.0024 0.0508 0.0170 0.0435 0.0119 0.0547 0.0291 0.0170
7.7 0.020 -1.68 0.0214 5.9568 0.0000 0.0385 0.0132 0.0337 0.0092 0.1182 0.0290 0.0128
7.7 0.012 -1.60 0.0156 4.8551 0.0000 0.0295 0.0096 0.0244 0.0066 0.1803 0.0252 0.0098
7.7 1.000 -2.28 0.5776 4.7545 0.1085 0.0976 0.0209 0.0537 0.0150 0.0042 0.0118 0.0413
7.7 0.764 -2.21 0.2194 5.7083 0.0308 0.1006 0.0202 0.0517 0.0143 0.0054 0.0153 0.0396
7.7 0.478 -2.09 0.0857 6.3492 0.0118 0.0843 0.0203 0.0520 0.0144 0.0086 0.0215 0.0313
7.7 0.194 -1.85 0.0350 6.9463 0.0032 0.0539 0.0195 0.0498 0.0137 0.0209 0.0303 0.0186
7.7 0.106 -1.69 0.0229 7.1887 0.0000 0.0389 0.0184 0.0470 0.0129 0.0374 0.0344 0.0133
7.7 0.053 -1.51 0.0146 7.1225 0.0000 0.0258 0.0162 0.0414 0.0113 0.0728 0.0370 0.0090
7.7 0.021 -1.29 0.0083 6.2715 0.0000 0.0151 0.0113 0.0288 0.0078 0.1738 0.0369 0.0055
7.7 0.013 -1.18 0.0059 5.3632 0.0000 0.0116 0.0075 0.0192 0.0052 0.2875 0.0358 0.0043
7.7 1.000 -2.09 0.4988 5.1748 0.0953 0.0909 0.0207 0.0532 0.0148 0.0053 0.0147 0.0386
7.7 0.700 -2.00 0.1285 6.3367 0.0179 0.0870 0.0201 0.0513 0.0142 0.0076 0.0205 0.0340
7.7 0.447 -1.88 0.0573 6.8719 0.0068 0.0680 0.0200 0.0511 0.0141 0.0118 0.0270 0.0249
7.7 0.185 -1.64 0.0237 7.4109 0.0000 0.0388 0.0190 0.0486 0.0133 0.0281 0.0355 0.0135
7.7 0.095 -1.45 0.0142 7.5822 0.0000 0.0242 0.0176 0.0449 0.0122 0.0536 0.0396 0.0086
7.7 0.046 -1.25 0.0080 7.1842 0.0000 0.0132 0.0146 0.0372 0.0101 0.1086 0.0410 0.0051
7.7 0.019 -1.02 0.0042 6.0227 0.0000 0.0069 0.0092 0.0236 0.0063 0.2434 0.0407 0.0030
7.7 0.013 -0.87 0.0014 4.5556 0.0000 0.0046 0.0046 0.0118 0.0031 0.4125 0.0396 0.0021
7.7 1.000 -1.79 0.4065 5.7737 0.0797 0.0802 0.0203 0.0523 0.0145 0.0080 0.0192 0.0345
7.7 0.742 -1.71 0.1024 6.8776 0.0141 0.0738 0.0197 0.0505 0.0139 0.0107 0.0253 0.0295
7.7 0.473 -1.60 0.0417 7.5584 0.0042 0.0533 0.0196 0.0502 0.0138 0.0167 0.0333 0.0197
7.7 0.186 -1.33 0.0149 8.0500 0.0000 0.0243 0.0183 0.0469 0.0128 0.0418 0.0420 0.0088
7.7 0.095 -1.14 0.0080 7.8659 0.0000 0.0125 0.0163 0.0417 0.0113 0.0802 0.0444 0.0050
7.7 0.050 -0.95 0.0045 7.2153 0.0000 0.0062 0.0133 0.0341 0.0092 0.1499 0.0448 0.0029
7.7 0.019 -0.67 0.0000 4.8903 0.0000 0.0022 0.0059 0.0150 0.0040 0.3623 0.0423 0.0013
7.7 0.012 -0.50 0.0000 3.0671 0.0000 0.0013 0.0021 0.0054 0.0014 0.5726 0.0421 0.0000
7.7 1.000 -1.54 0.3512 6.2159 0.0701 0.0722 0.0200 0.0515 0.0143 0.0110 0.0227 0.0313
7.7 0.770 -1.48 0.0870 7.2794 0.0121 0.0645 0.0194 0.0498 0.0137 0.0143 0.0290 0.0262
7.7 0.506 -1.37 0.0348 8.0358 0.0032 0.0447 0.0192 0.0493 0.0135 0.0217 0.0374 0.0168
7.7 0.190 -1.10 0.0109 8.4991 0.0000 0.0168 0.0177 0.0454 0.0123 0.0567 0.0462 0.0064
7.7 0.103 -0.92 0.0059 8.1377 0.0000 0.0082 0.0157 0.0400 0.0108 0.1037 0.0476 0.0036
7.7 0.048 -0.68 0.0026 6.6611 0.0000 0.0029 0.0111 0.0284 0.0076 0.2156 0.0452 0.0017
7.7 0.019 -0.42 0.0000 3.8434 0.0000 0.0010 0.0035 0.0089 0.0024 0.4897 0.0429 0.0000
7.7 0.013 -0.27 0.0000 2.1773 0.0000 0.0000 0.0012 0.0031 0.0000 0.7038 0.0415 0.0000
8.0 1.000 -4.01 3.2831 0.1508 1.1675 0.0691 0.0254 0.0650 0.0184 0.0010 0.0000 0.0495
8.0 0.820 -4.00 3.4942 0.1794 0.9032 0.0761 0.0220 0.0561 0.0158 0.0011 0.0000 0.0480
8.0 0.523 -3.98 3.5768 0.2398 0.8081 0.0831 0.0211 0.0539 0.0152 0.0013 0.0000 0.0476
8.0 0.260 -3.97 3.6134 0.2915 0.7709 0.0874 0.0207 0.0528 0.0149 0.0018 0.0000 0.0480
8.0 0.145 -3.97 3.6630 0.3051 0.7605 0.0888 0.0202 0.0515 0.0145 0.0024 0.0000 0.0483
8.0 0.057 -3.97 3.8545 0.3184 0.7789 0.0929 0.0202 0.0513 0.0144 0.0034 0.0000 0.0501
8.0 0.032 -3.97 3.4663 0.2819 0.6923 0.0831 0.0178 0.0452 0.0127 0.0041 0.0000 0.0448
8.0 0.013 -3.97 2.6283 0.2161 0.5206 0.0631 0.0135 0.0343 0.0097 0.0059 0.0000 0.0339
8.0 1.000 -3.75 3.6617 0.5116 0.9680 0.1008 0.0243 0.0623 0.0176 0.0013 0.0000 0.0556
8.0 0.809 -3.73 3.8769 0.6180 0.7349 0.1131 0.0216 0.0551 0.0155 0.0014 0.0000 0.0552
8.0 0.519 -3.71 3.8230 0.8281 0.6424 0.1242 0.0212 0.0540 0.0152 0.0019 0.0000 0.0557
8.0 0.209 -3.69 3.7442 1.0188 0.5954 0.1306 0.0206 0.0525 0.0148 0.0030 0.0000 0.0563
8.0 0.134 -3.68 3.7621 1.0437 0.5857 0.1314 0.0202 0.0515 0.0145 0.0037 0.0000 0.0563
8.0 0.056 -3.68 3.9742 1.0956 0.5997 0.1374 0.0203 0.0515 0.0144 0.0054 0.0000 0.0586
8.0 0.032 -3.68 3.5696 0.9711 0.5299 0.1224 0.0178 0.0450 0.0126 0.0064 0.0000 0.0521
8.0 0.013 -3.68 2.6858 0.7405 0.3955 0.0922 0.0134 0.0340 0.0096 0.0090 0.0000 0.0392
8.0 1.000 -3.51 3.5390 1.3725 0.7669 0.1364 0.0235 0.0601 0.0170 0.0016 0.0000 0.0615
8.0 0.795 -3.48 3.6182 1.6921 0.5477 0.1550 0.0214 0.0545 0.0153 0.0019 0.0000 0.0624
8.0 0.522 -3.45 3.2186 2.1942 0.4577 0.1674 0.0212 0.0540 0.0152 0.0025 0.0000 0.0631
8.0 0.201 -3.40 2.8649 2.6203 0.4041 0.1740 0.0206 0.0525 0.0148 0.0045 0.0000 0.0635
8.0 0.127 -3.39 2.8414 2.6817 0.3933 0.1745 0.0202 0.0514 0.0145 0.0057 0.0000 0.0634
8.0 0.056 -3.38 3.0254 2.8575 0.4046 0.1839 0.0204 0.0517 0.0145 0.0084 0.0000 0.0667
8.0 0.032 -3.38 2.7007 2.5313 0.3536 0.1624 0.0177 0.0448 0.0125 0.0102 0.0000 0.0588
8.0 0.013 -3.38 2.0081 1.9139 0.2614 0.1215 0.0132 0.0336 0.0094 0.0141 0.0000 0.0439
8.0 1.000 -3.26 2.8642 2.7743 0.5722 0.1713 0.0229 0.0584 0.0165 0.0018 0.0000 0.0671
8.0 0.799 -3.22 2.6619 3.4030 0.3692 0.1937 0.0213 0.0542 0.0152 0.0022 0.0000 0.0688
8.0 0.513 -3.16 1.8558 4.2189 0.2764 0.2049 0.0212 0.0539 0.0151 0.0033 0.0000 0.0691
8.0 0.223 -3.09 1.4100 4.7402 0.2294 0.2104 0.0209 0.0530 0.0149 0.0062 0.0011 0.0695
8.0 0.136 -3.07 1.3472 4.8374 0.2167 0.2097 0.0202 0.0512 0.0143 0.0083 0.0012 0.0690
8.0 0.064 -3.04 1.2855 4.8411 0.2027 0.2055 0.0192 0.0488 0.0137 0.0122 0.0013 0.0675
8.0 0.028 -3.03 1.3575 5.0941 0.2076 0.2141 0.0193 0.0490 0.0136 0.0180 0.0013 0.0704
8.0 0.022 -3.03 1.1369 4.2598 0.1713 0.1782 0.0159 0.0402 0.0112 0.0209 0.0011 0.0586
8.0 1.000 -3.01 2.1051 4.2920 0.4132 0.1944 0.0224 0.0572 0.0161 0.0021 0.0019 0.0701
8.0 0.795 -2.96 1.6100 5.2320 0.2226 0.2170 0.0212 0.0539 0.0151 0.0026 0.0024 0.0718
8.0 0.489 -2.86 0.7715 6.0382 0.1371 0.2195 0.0211 0.0538 0.0151 0.0041 0.0035 0.0699
8.0 0.211 -2.74 0.4832 6.4391 0.0962 0.2143 0.0206 0.0525 0.0147 0.0087 0.0050 0.0671
8.0 0.118 -2.69 0.4382 6.6512 0.0859 0.2126 0.0199 0.0506 0.0141 0.0137 0.0057 0.0664
8.0 0.051 -2.64 0.4163 6.9351 0.0795 0.2140 0.0194 0.0494 0.0138 0.0233 0.0064 0.0667
8.0 0.021 -2.61 0.3548 6.1468 0.0661 0.1855 0.0164 0.0416 0.0116 0.0351 0.0058 0.0579
8.0 0.015 -2.60 0.3308 5.7424 0.0607 0.1723 0.0150 0.0378 0.0105 0.0446 0.0055 0.0538
8.0 1.000 -2.77 1.5821 5.6450 0.3076 0.1972 0.0220 0.0563 0.0158 0.0025 0.0054 0.0681
8.0 0.783 -2.70 0.9035 6.8162 0.1296 0.2145 0.0211 0.0537 0.0150 0.0031 0.0069 0.0683
8.0 0.494 -2.59 0.3531 7.4251 0.0658 0.2021 0.0211 0.0537 0.0150 0.0049 0.0099 0.0621
8.0 0.201 -2.39 0.1764 7.9302 0.0327 0.1764 0.0204 0.0520 0.0145 0.0115 0.0149 0.0520
8.0 0.107 -2.29 0.1415 8.2532 0.0241 0.1638 0.0195 0.0498 0.0139 0.0206 0.0177 0.0474
8.0 0.052 -2.20 0.1215 8.4007 0.0192 0.1527 0.0182 0.0462 0.0128 0.0372 0.0196 0.0437
8.0 0.019 -2.13 0.1025 7.9251 0.0151 0.1349 0.0156 0.0395 0.0109 0.0690 0.0196 0.0385
8.0 0.014 -2.11 0.0940 7.4709 0.0136 0.1251 0.0142 0.0360 0.0099 0.0890 0.0188 0.0357
8.0 1.000 -2.51 1.2482 6.8641 0.2428 0.1875 0.0217 0.0555 0.0155 0.0031 0.0102 0.0636
8.0 0.768 -2.44 0.5227 8.1919 0.0784 0.1960 0.0209 0.0534 0.0149 0.0040 0.0132 0.0614
8.0 0.476 -2.31 0.1830 8.6911 0.0318 0.1664 0.0209 0.0532 0.0148 0.0065 0.0187 0.0497
8.0 0.210 -2.10 0.0862 9.2980 0.0121 0.1257 0.0202 0.0514 0.0143 0.0143 0.0264 0.0353
8.0 0.098 -1.92 0.0573 9.8489 0.0060 0.0982 0.0189 0.0481 0.0133 0.0298 0.0322 0.0267
8.0 0.049 -1.79 0.0440 10.0528 0.0037 0.0806 0.0171 0.0436 0.0120 0.0562 0.0355 0.0217
8.0 0.020 -1.66 0.0322 9.3330 0.0012 0.0624 0.0132 0.0336 0.0092 0.1188 0.0359 0.0167
8.0 0.013 -1.59 0.0253 8.0410 0.0000 0.0507 0.0101 0.0258 0.0070 0.1722 0.0326 0.0136
8.0 1.000 -2.28 1.0335 7.9195 0.2030 0.1755 0.0214 0.0549 0.0153 0.0041 0.0150 0.0594
8.0 0.760 -2.20 0.3427 9.3444 0.0524 0.1753 0.0207 0.0530 0.0147 0.0054 0.0195 0.0549
8.0 0.480 -2.07 0.1220 9.8399 0.0185 0.1378 0.0207 0.0527 0.0147 0.0084 0.0266 0.0407
8.0 0.206 -1.84 0.0520 10.5529 0.0053 0.0882 0.0198 0.0504 0.0140 0.0193 0.0361 0.0244
8.0 0.098 -1.65 0.0317 11.1328 0.0011 0.0590 0.0183 0.0466 0.0129 0.0396 0.0426 0.0163
8.0 0.048 -1.47 0.0215 11.4116 0.0000 0.0405 0.0161 0.0410 0.0112 0.0790 0.0473 0.0115
8.0 0.020 -1.28 0.0133 10.3843 0.0000 0.0257 0.0112 0.0284 0.0077 0.1769 0.0484 0.0076
8.0 0.013 -1.18 0.0099 9.1200 0.0000 0.0204 0.0076 0.0194 0.0052 0.2779 0.0477 0.0062
8.0 1.000 -2.03 0.8662 8.9866 0.1729 0.1617 0.0211 0.0543 0.0151 0.0056 0.0203 0.0549
8.0 0.752 -1.95 0.2324 10.5258 0.0351 0.1527 0.0205 0.0524 0.0145 0.0075 0.0266 0.0480
8.0 0.485 -1.83 0.0874 11.0924 0.0112 0.1126 0.0204 0.0520 0.0144 0.0115 0.0348 0.0331
8.0 0.188 -1.56 0.0318 11.8320 0.0012 0.0570 0.0191 0.0487 0.0135 0.0292 0.0458 0.0161
8.0 0.100 -1.39 0.0199 12.3133 0.0000 0.0359 0.0177 0.0450 0.0124 0.0541 0.0516 0.0105
8.0 0.046 -1.17 0.0113 12.0018 0.0000 0.0190 0.0145 0.0369 0.0100 0.1134 0.0554 0.0062
8.0 0.020 -0.95 0.0059 10.2470 0.0000 0.0097 0.0088 0.0225 0.0061 0.2509 0.0570 0.0036
8.0 0.013 -0.80 0.0034 7.8283 0.0000 0.0065 0.0041 0.0105 0.0028 0.4181 0.0574 0.0026
8.0 1.000 -1.78 0.7421 10.0022 0.1508 0.1476 0.0208 0.0536 0.0149 0.0078 0.0258 0.0506
8.0 0.737 -1.70 0.1627 11.7062 0.0236 0.1300 0.0202 0.0517 0.0143 0.0106 0.0341 0.0413
8.0 0.468 -1.58 0.0625 12.4318 0.0065 0.0885 0.0201 0.0513 0.0142 0.0166 0.0436 0.0260
8.0 0.189 -1.32 0.0227 13.0535 0.0000 0.0396 0.0186 0.0473 0.0130 0.0405 0.0540 0.0116
8.0 0.094 -1.12 0.0125 13.0688 0.0000 0.0203 0.0164 0.0419 0.0114 0.0796 0.0588 0.0066
8.0 0.048 -0.92 0.0070 12.1810 0.0000 0.0100 0.0132 0.0335 0.0091 0.1525 0.0610 0.0039
8.0 0.018 -0.65 0.0026 8.3511 0.0000 0.0036 0.0053 0.0134 0.0036 0.3676 0.0602 0.0018
8.0 0.013 -0.51 0.0000 6.0676 0.0000 0.0026 0.0022 0.0058 0.0015 0.5586 0.0643 0.0014
8.0 1.000 -1.54 0.6466 10.9755 0.1334 0.1340 0.0206 0.0529 0.0147 0.0108 0.0313 0.0465
8.0 0.722 -1.46 0.1182 12.8934 0.0160 0.1089 0.0199 0.0510 0.0141 0.0150 0.0419 0.0350
8.0 0.474 -1.34 0.0495 13.6848 0.0042 0.0712 0.0196 0.0502 0.0138 0.0227 0.0514 0.0213
8.0 0.182 -1.07 0.0161 14.1761 0.0000 0.0260 0.0177 0.0453 0.0124 0.0582 0.0617 0.0082
8.0 0.094 -0.87 0.0085 13.5792 0.0000 0.0119 0.0153 0.0389 0.0106 0.1108 0.0643 0.0045
8.0 0.048 -0.68 0.0044 11.8771 0.0000 0.0051 0.0115 0.0292 0.0079 0.2108 0.0644 0.0024
8.0 0.018 -0.40 0.0000 6.8320 0.0000 0.0018 0.0031 0.0080 0.0021 0.5012 0.0639 0.0011
8.0 0.013 -0.25 0.0000 4.0028 0.0000 0.0011 0.0011 0.0030 0.0000 0.7138 0.0628 0.0000
8.3 1.000 -4.00 4.1033 0.1890 1.8505 0.1062 0.0260 0.0667 0.0189 0.0000 0.0000 0.0980
8.3 0.837 -4.00 4.2071 0.2204 1.4166 0.1142 0.0225 0.0577 0.0163 0.0000 0.0000 0.0922
8.3 0.549 -3.98 3.9517 0.2849 1.1927 0.1195 0.0215 0.0551 0.0156 0.0012 0.0000 0.0865
8.3 0.217 -3.97 3.9561 0.3590 1.1183 0.1262 0.0209 0.0535 0.0151 0.0018 0.0000 0.0867
8.3 0.149 -3.97 4.0528 0.3717 1.1195 0.1283 0.0206 0.0527 0.0149 0.0022 0.0000 0.0877
8.3 0.058 -3.97 4.5034 0.4080 1.1882 0.1391 0.0209 0.0531 0.0150 0.0032 0.0000 0.0945
8.3 0.033 -3.97 4.1122 0.3659 1.0621 0.1252 0.0183 0.0464 0.0131 0.0037 0.0000 0.0849
8.3 0.013 -3.96 3.1797 0.2855 0.8113 0.0965 0.0140 0.0356 0.0101 0.0055 0.0000 0.0652
8.3 1.000 -3.74 4.7029 0.6450 1.5710 0.1561 0.0249 0.0639 0.0181 0.0013 0.0000 0.1105
8.3 0.835 -3.73 4.7816 0.7563 1.1798 0.1705 0.0222 0.0567 0.0160 0.0013 0.0000 0.1064
8.3 0.512 -3.71 4.2310 1.0166 0.9465 0.1806 0.0216 0.0551 0.0156 0.0017 0.0000 0.1010
8.3 0.217 -3.69 4.1258 1.2234 0.8819 0.1885 0.0210 0.0537 0.0152 0.0027 0.0000 0.1017
8.3 0.148 -3.68 4.2116 1.2691 0.8783 0.1914 0.0207 0.0528 0.0149 0.0033 0.0000 0.1027
8.3 0.057 -3.68 4.6678 1.3981 0.9257 0.2068 0.0210 0.0533 0.0150 0.0049 0.0000 0.1105
8.3 0.033 -3.68 4.2533 1.2544 0.8225 0.1852 0.0183 0.0464 0.0130 0.0059 0.0000 0.0989
8.3 0.013 -3.68 3.2630 0.9736 0.6236 0.1418 0.0139 0.0354 0.0100 0.0084 0.0000 0.0755
8.3 1.000 -3.50 4.6662 1.7276 1.2617 0.2118 0.0241 0.0617 0.0174 0.0015 0.0000 0.1219
8.3 0.804 -3.47 4.4986 2.1001 0.8665 0.2350 0.0219 0.0559 0.0158 0.0018 0.0000 0.1188
8.3 0.501 -3.44 3.4729 2.6664 0.6665 0.2424 0.0216 0.0550 0.0155 0.0025 0.0000 0.1130
8.3 0.212 -3.40 3.1131 3.0859 0.5985 0.2495 0.0211 0.0537 0.0152 0.0040 0.0000 0.1131
8.3 0.132 -3.39 3.1288 3.2005 0.5872 0.2522 0.0206 0.0526 0.0149 0.0051 0.0000 0.1139
8.3 0.056 -3.38 3.4780 3.5484 0.6220 0.2738 0.0211 0.0536 0.0151 0.0076 0.0000 0.1234
8.3 0.033 -3.38 3.1464 3.1784 0.5464 0.2431 0.0182 0.0462 0.0130 0.0093 0.0000 0.1095
8.3 0.013 -3.38 2.3881 2.4498 0.4110 0.1850 0.0138 0.0351 0.0099 0.0130 0.0000 0.0832
8.3 1.000 -3.24 3.8776 3.5229 0.9385 0.2659 0.0234 0.0599 0.0169 0.0018 0.0000 0.1313
8.3 0.802 -3.20 3.2737 4.2725 0.5651 0.2928 0.0217 0.0555 0.0156 0.0022 0.0000 0.1288
8.3 0.499 -3.14 1.8594 4.9740 0.3860 0.2915 0.0216 0.0551 0.0156 0.0032 0.0012 0.1206
8.3 0.201 -3.07 1.3772 5.3766 0.3156 0.2916 0.0211 0.0537 0.0152 0.0061 0.0016 0.1181
8.3 0.106 -3.04 1.3631 5.6139 0.3032 0.2951 0.0204 0.0519 0.0146 0.0088 0.0018 0.1194
8.3 0.055 -3.03 1.3611 5.6797 0.2924 0.2925 0.0193 0.0492 0.0138 0.0121 0.0018 0.1184
8.3 0.031 -3.02 1.4761 6.1555 0.3102 0.3139 0.0202 0.0513 0.0144 0.0159 0.0020 0.1271
8.3 0.024 -3.02 1.2614 5.2445 0.2597 0.2650 0.0167 0.0424 0.0119 0.0186 0.0017 0.1074
8.3 1.000 -2.98 2.9450 5.4052 0.6776 0.2986 0.0229 0.0586 0.0165 0.0020 0.0028 0.1352
8.3 0.803 -2.93 1.9622 6.4358 0.3345 0.3218 0.0217 0.0553 0.0156 0.0025 0.0035 0.1318
8.3 0.505 -2.84 0.7656 6.7550 0.1893 0.3034 0.0216 0.0552 0.0156 0.0039 0.0048 0.1188
8.3 0.205 -2.71 0.4535 6.9368 0.1280 0.2873 0.0210 0.0535 0.0151 0.0086 0.0067 0.1105
8.3 0.131 -2.67 0.4316 7.1864 0.1192 0.2876 0.0205 0.0521 0.0147 0.0120 0.0074 0.1107
8.3 0.064 -2.63 0.4102 7.3984 0.1097 0.2851 0.0196 0.0499 0.0140 0.0188 0.0082 0.1099
8.3 0.022 -2.60 0.3743 7.0061 0.0960 0.2615 0.0172 0.0435 0.0122 0.0308 0.0080 0.1011
8.3 0.016 -2.59 0.3618 6.7948 0.0914 0.2514 0.0163 0.0411 0.0115 0.0387 0.0078 0.0974
8.3 1.000 -2.73 2.2609 7.0999 0.5043 0.3001 0.0226 0.0578 0.0163 0.0024 0.0079 0.1307
8.3 0.784 -2.66 1.0271 8.2785 0.1849 0.3112 0.0216 0.0552 0.0155 0.0030 0.0099 0.1232
8.3 0.495 -2.54 0.3168 8.0591 0.0824 0.2664 0.0215 0.0548 0.0154 0.0047 0.0136 0.1013
8.3 0.208 -2.36 0.1650 8.3560 0.0419 0.2285 0.0210 0.0535 0.0150 0.0107 0.0195 0.0842
8.3 0.109 -2.26 0.1352 8.6912 0.0311 0.2112 0.0200 0.0509 0.0143 0.0193 0.0230 0.0769
8.3 0.050 -2.17 0.1190 8.9440 0.0250 0.1976 0.0187 0.0474 0.0133 0.0362 0.0257 0.0716
8.3 0.021 -2.12 0.1044 8.4966 0.0206 0.1772 0.0162 0.0410 0.0114 0.0596 0.0256 0.0643
8.3 0.015 -2.10 0.0943 7.8783 0.0182 0.1612 0.0145 0.0366 0.0102 0.0783 0.0241 0.0585
8.3 1.000 -2.49 1.8267 8.6320 0.4020 0.2857 0.0223 0.0572 0.0161 0.0029 0.0146 0.1229
8.3 0.763 -2.40 0.5488 9.7666 0.1056 0.2773 0.0215 0.0548 0.0154 0.0038 0.0189 0.1087
8.3 0.487 -2.28 0.1698 9.3236 0.0398 0.2153 0.0213 0.0544 0.0153 0.0059 0.0249 0.0807
8.3 0.216 -2.07 0.0800 9.6488 0.0146 0.1566 0.0207 0.0526 0.0148 0.0131 0.0340 0.0559
8.3 0.097 -1.89 0.0557 10.3667 0.0074 0.1236 0.0196 0.0499 0.0140 0.0283 0.0417 0.0433
8.3 0.051 -1.77 0.0446 10.5185 0.0048 0.1032 0.0178 0.0453 0.0126 0.0512 0.0453 0.0360
8.3 0.019 -1.65 0.0342 9.9117 0.0030 0.0823 0.0141 0.0358 0.0099 0.1088 0.0460 0.0287
8.3 0.015 -1.60 0.0305 9.3727 0.0026 0.0747 0.0124 0.0313 0.0087 0.1484 0.0449 0.0262
8.3 1.000 -2.24 1.5186 10.1156 0.3349 0.2679 0.0221 0.0567 0.0159 0.0038 0.0221 0.1153
8.3 0.765 -2.16 0.3641 11.1972 0.0700 0.2453 0.0213 0.0545 0.0153 0.0050 0.0283 0.0969
8.3 0.485 -2.02 0.1083 10.6367 0.0213 0.1708 0.0211 0.0538 0.0151 0.0078 0.0362 0.0638
8.3 0.195 -1.77 0.0437 11.0352 0.0051 0.0987 0.0201 0.0512 0.0143 0.0191 0.0477 0.0352
8.3 0.101 -1.60 0.0293 11.5775 0.0013 0.0691 0.0189 0.0480 0.0134 0.0361 0.0546 0.0249
8.3 0.049 -1.43 0.0203 11.8639 0.0000 0.0476 0.0167 0.0423 0.0118 0.0720 0.0601 0.0177
8.3 0.020 -1.24 0.0132 10.8984 0.0000 0.0309 0.0119 0.0300 0.0083 0.1620 0.0614 0.0120
8.3 0.013 -1.15 0.0102 9.7750 0.0000 0.0251 0.0085 0.0214 0.0059 0.2568 0.0608 0.0100
8.3 1.000 -2.05 1.3316 11.2662 0.2960 0.2529 0.0219 0.0563 0.0158 0.0049 0.0285 0.1093
8.3 0.699 -1.94 0.1963 12.2310 0.0372 0.2020 0.0212 0.0540 0.0151 0.0069 0.0386 0.0795
8.3 0.453 -1.81 0.0743 11.7187 0.0118 0.1350 0.0209 0.0532 0.0149 0.0106 0.0461 0.0501
8.3 0.175 -1.54 0.0288 12.1165 0.0013 0.0663 0.0196 0.0498 0.0139 0.0270 0.0576 0.0243
8.3 0.093 -1.37 0.0185 12.5536 0.0000 0.0419 0.0181 0.0459 0.0128 0.0503 0.0641 0.0161
8.3 0.047 -1.18 0.0119 12.4816 0.0000 0.0252 0.0155 0.0391 0.0108 0.0971 0.0687 0.0105
8.3 0.017 -0.94 0.0061 10.4336 0.0000 0.0124 0.0088 0.0222 0.0061 0.2396 0.0693 0.0060
8.3 0.013 -0.83 0.0043 8.9751 0.0000 0.0097 0.0054 0.0137 0.0037 0.3639 0.0711 0.0049
8.3 1.000 -1.75 1.1074 13.0183 0.2502 0.2284 0.0217 0.0557 0.0156 0.0072 0.0391 0.0999
8.3 0.722 -1.65 0.1522 14.0866 0.0262 0.1714 0.0209 0.0535 0.0149 0.0100 0.0514 0.0687
8.3 0.470 -1.53 0.0556 13.6130 0.0067 0.1045 0.0206 0.0525 0.0147 0.0153 0.0598 0.0394
8.3 0.189 -1.26 0.0196 13.5764 0.0000 0.0424 0.0190 0.0483 0.0134 0.0374 0.0693 0.0165
8.3 0.095 -1.06 0.0109 13.5832 0.0000 0.0215 0.0170 0.0431 0.0119 0.0731 0.0749 0.0095
8.3 0.047 -0.85 0.0061 12.7047 0.0000 0.0101 0.0136 0.0344 0.0095 0.1447 0.0778 0.0054
8.3 0.019 -0.60 0.0026 9.4630 0.0000 0.0040 0.0065 0.0163 0.0045 0.3266 0.0782 0.0028
8.3 0.013 -0.43 0.0000 6.1771 0.0000 0.0023 0.0023 0.0058 0.0016 0.5212 0.0800 0.0019
8.3 1.000 -1.51 0.9688 14.3765 0.2216 0.2086 0.0215 0.0552 0.0154 0.0100 0.0481 0.0922
8.3 0.713 -1.41 0.1130 15.5378 0.0176 0.1419 0.0207 0.0528 0.0147 0.0141 0.0629 0.0575
8.3 0.447 -1.27 0.0397 15.0476 0.0035 0.0762 0.0201 0.0513 0.0143 0.0223 0.0714 0.0292
8.3 0.177 -1.00 0.0138 14.9616 0.0000 0.0268 0.0185 0.0470 0.0130 0.0555 0.0802 0.0114
8.3 0.093 -0.81 0.0072 14.0384 0.0000 0.0118 0.0157 0.0398 0.0110 0.1038 0.0815 0.0061
8.3 0.044 -0.58 0.0034 11.8696 0.0000 0.0044 0.0111 0.0280 0.0077 0.2122 0.0809 0.0031
8.3 0.017 -0.32 0.0000 6.6060 0.0000 0.0015 0.0029 0.0073 0.0020 0.4683 0.0790 0.0014
8.3 0.013 -0.17 0.0000 4.0985 0.0000 0.0000 0.0012 0.0030 0.0000 0.6598 0.0798 0.0000
8.6 1.000 -4.00 2.7162 0.1318 2.0644 0.1157 0.0266 0.0688 0.0196 0.0000 0.0000 0.0862
8.6 0.849 -3.99 2.6206 0.1503 1.5558 0.1205 0.0231 0.0597 0.0169 0.0000 0.0000 0.0776
8.6 0.560 -3.98 2.0363 0.1853 1.1585 0.1166 0.0220 0.0567 0.0161 0.0000 0.0000 0.0652
8.6 0.213 -3.97 2.0490 0.2385 1.0956 0.1244 0.0216 0.0556 0.0158 0.0016 0.0000 0.0659
8.6 0.109 -3.97 2.3134 0.2695 1.1595 0.1344 0.0215 0.0553 0.0157 0.0021 0.0000 0.0708
8.6 0.058 -3.97 2.6529 0.3000 1.2632 0.1474 0.0219 0.0560 0.0159 0.0027 0.0000 0.0777
8.6 0.034 -3.97 2.4811 0.2742 1.1370 0.1334 0.0188 0.0482 0.0136 0.0032 0.0000 0.0703
8.6 0.012 -3.96 1.9979 0.2220 0.8973 0.1061 0.0147 0.0379 0.0108 0.0048 0.0000 0.0558
8.6 1.000 -3.73 3.5664 0.4951 1.9102 0.1809 0.0255 0.0658 0.0187 0.0011 0.0000 0.1033
8.6 0.830 -3.72 3.3101 0.5777 1.3482 0.1917 0.0226 0.0582 0.0165 0.0012 0.0000 0.0934
8.6 0.554 -3.70 2.5446 0.7120 1.0208 0.1898 0.0220 0.0566 0.0161 0.0015 0.0000 0.0823
8.6 0.225 -3.69 2.4444 0.8875 0.9372 0.1987 0.0215 0.0553 0.0157 0.0023 0.0000 0.0823
8.6 0.117 -3.68 2.6621 0.9802 0.9592 0.2090 0.0209 0.0538 0.0153 0.0031 0.0000 0.0862
8.6 0.058 -3.68 3.1271 1.1235 1.0667 0.2347 0.0218 0.0558 0.0158 0.0042 0.0000 0.0969
8.6 0.033 -3.68 2.9160 1.0277 0.9568 0.2119 0.0188 0.0481 0.0136 0.0050 0.0000 0.0875
8.6 0.013 -3.68 2.3215 0.8253 0.7479 0.1671 0.0147 0.0376 0.0107 0.0073 0.0000 0.0689
8.6 1.000 -3.48 3.9806 1.4457 1.6305 0.2587 0.0246 0.0634 0.0180 0.0014 0.0000 0.1186
8.6 0.823 -3.46 3.4922 1.7046 1.0703 0.2765 0.0224 0.0574 0.0163 0.0016 0.0000 0.1090
8.6 0.514 -3.43 2.2856 2.0711 0.7537 0.2710 0.0220 0.0565 0.0160 0.0022 0.0000 0.0963
8.6 0.204 -3.40 2.0521 2.4331 0.6782 0.2800 0.0215 0.0552 0.0157 0.0036 0.0000 0.0965
8.6 0.112 -3.39 2.1549 2.6135 0.6799 0.2892 0.0209 0.0537 0.0153 0.0048 0.0000 0.0994
8.6 0.058 -3.38 2.5154 2.9993 0.7523 0.3238 0.0219 0.0558 0.0158 0.0066 0.0000 0.1116
8.6 0.033 -3.38 2.3236 2.7340 0.6678 0.2899 0.0188 0.0480 0.0135 0.0080 0.0000 0.1000
8.6 0.013 -3.38 1.8248 2.1752 0.5171 0.2270 0.0146 0.0373 0.0106 0.0114 0.0000 0.0782
8.6 1.000 -3.22 3.6946 3.1478 1.2630 0.3367 0.0239 0.0615 0.0174 0.0017 0.0000 0.1305
8.6 0.802 -3.17 2.6460 3.7435 0.6904 0.3561 0.0222 0.0569 0.0161 0.0020 0.0000 0.1193
8.6 0.517 -3.12 1.2862 3.9969 0.4470 0.3346 0.0219 0.0564 0.0160 0.0029 0.0000 0.1041
8.6 0.208 -3.06 0.9475 4.2900 0.3672 0.3336 0.0215 0.0552 0.0157 0.0054 0.0000 0.1014
8.6 0.124 -3.04 0.9628 4.5363 0.3614 0.3415 0.0210 0.0538 0.0153 0.0071 0.0010 0.1039
8.6 0.065 -3.03 1.0015 4.7687 0.3581 0.3474 0.0201 0.0514 0.0145 0.0097 0.0011 0.1060
8.6 0.022 -3.02 0.9543 4.5287 0.3222 0.3186 0.0175 0.0447 0.0127 0.0154 0.0011 0.0977
8.6 0.027 -3.02 0.9893 4.6704 0.3324 0.3286 0.0177 0.0451 0.0127 0.0153 0.0011 0.1008
8.6 1.000 -2.95 3.0479 5.0844 0.9331 0.3864 0.0234 0.0601 0.0170 0.0019 0.0019 0.1363
8.6 0.790 -2.89 1.5112 5.8642 0.3899 0.3951 0.0221 0.0566 0.0160 0.0024 0.0023 0.1220
8.6 0.505 -2.80 0.5055 5.4919 0.2106 0.3490 0.0219 0.0563 0.0159 0.0036 0.0030 0.1022
8.6 0.208 -2.69 0.3124 5.5432 0.1467 0.3292 0.0214 0.0549 0.0155 0.0078 0.0041 0.0949
8.6 0.116 -2.65 0.3175 6.1039 0.1432 0.3457 0.0215 0.0550 0.0156 0.0119 0.0048 0.1001
8.6 0.052 -2.61 0.3034 6.1593 0.1292 0.3314 0.0195 0.0498 0.0141 0.0184 0.0051 0.0966
8.6 0.027 -2.60 0.2976 6.1188 0.1226 0.3213 0.0182 0.0463 0.0130 0.0247 0.0051 0.0941
8.6 0.013 -2.59 0.2442 5.0705 0.0977 0.2602 0.0143 0.0364 0.0103 0.0354 0.0043 0.0765
8.6 1.000 -2.70 2.4669 6.9750 0.7046 0.3943 0.0230 0.0593 0.0168 0.0022 0.0055 0.1341
8.6 0.782 -2.62 0.7731 7.6184 0.2115 0.3797 0.0220 0.0564 0.0159 0.0028 0.0069 0.1145
8.6 0.497 -2.50 0.2115 6.7207 0.0886 0.3050 0.0218 0.0560 0.0159 0.0044 0.0090 0.0880
8.6 0.213 -2.33 0.1155 6.8347 0.0461 0.2580 0.0213 0.0544 0.0154 0.0098 0.0124 0.0728
8.6 0.105 -2.23 0.1006 7.3456 0.0355 0.2437 0.0204 0.0522 0.0147 0.0185 0.0150 0.0687
8.6 0.048 -2.15 0.0928 7.6410 0.0295 0.2297 0.0188 0.0480 0.0135 0.0332 0.0168 0.0650
8.6 0.021 -2.11 0.0901 7.8060 0.0270 0.2227 0.0175 0.0445 0.0125 0.0528 0.0177 0.0633
8.6 0.014 -2.09 0.0739 6.5844 0.0214 0.1824 0.0141 0.0359 0.0101 0.0680 0.0153 0.0519
8.6 1.000 -2.45 2.0632 8.8194 0.5695 0.3808 0.0228 0.0587 0.0166 0.0027 0.0108 0.1287
8.6 0.750 -2.35 0.3770 9.1051 0.1119 0.3313 0.0219 0.0561 0.0158 0.0036 0.0139 0.0999
8.6 0.470 -2.22 0.1107 8.1000 0.0391 0.2396 0.0218 0.0558 0.0158 0.0057 0.0177 0.0691
8.6 0.207 -2.02 0.0570 8.4448 0.0148 0.1727 0.0210 0.0538 0.0152 0.0127 0.0237 0.0484
8.6 0.106 -1.87 0.0445 9.1158 0.0086 0.1426 0.0200 0.0510 0.0144 0.0242 0.0284 0.0398
8.6 0.047 -1.73 0.0367 9.6665 0.0054 0.1191 0.0181 0.0460 0.0129 0.0507 0.0325 0.0333
8.6 0.020 -1.64 0.0311 9.4699 0.0039 0.1018 0.0151 0.0383 0.0107 0.0958 0.0338 0.0287
8.6 0.015 -1.59 0.0274 8.7993 0.0032 0.0901 0.0129 0.0325 0.0091 0.1325 0.0324 0.0255
8.6 1.000 -2.21 1.7620 10.7311 0.4809 0.3631 0.0226 0.0582 0.0164 0.0035 0.0172 0.1234
8.6 0.742 -2.11 0.2422 10.7828 0.0695 0.2889 0.0218 0.0557 0.0157 0.0048 0.0221 0.0885
8.6 0.485 -1.98 0.0779 9.7085 0.0218 0.1926 0.0215 0.0550 0.0155 0.0072 0.0265 0.0564
8.6 0.186 -1.72 0.0336 10.4336 0.0051 0.1095 0.0208 0.0531 0.0150 0.0185 0.0358 0.0314
8.6 0.093 -1.54 0.0236 11.2701 0.0012 0.0761 0.0193 0.0491 0.0138 0.0363 0.0419 0.0224
8.6 0.051 -1.40 0.0187 11.8863 0.0000 0.0579 0.0175 0.0444 0.0124 0.0648 0.0468 0.0175
8.6 0.019 -1.22 0.0130 11.4859 0.0000 0.0393 0.0126 0.0319 0.0089 0.1537 0.0501 0.0125
8.6 0.013 -1.13 0.0104 10.3189 0.0000 0.0321 0.0091 0.0229 0.0064 0.2366 0.0492 0.0105
8.6 1.000 -2.02 1.5725 12.2899 0.4293 0.3475 0.0225 0.0578 0.0163 0.0045 0.0230 0.1190
8.6 0.667 -1.88 0.1276 11.8497 0.0340 0.2272 0.0215 0.0552 0.0155 0.0067 0.0308 0.0697
8.6 0.443 -1.76 0.0540 11.0865 0.0115 0.1488 0.0212 0.0543 0.0153 0.0100 0.0350 0.0438
8.6 0.178 -1.50 0.0238 11.8230 0.0023 0.0753 0.0201 0.0512 0.0144 0.0245 0.0441 0.0225
8.6 0.089 -1.32 0.0160 12.7327 0.0000 0.0471 0.0184 0.0469 0.0131 0.0478 0.0511 0.0149
8.6 0.044 -1.13 0.0110 13.2075 0.0000 0.0292 0.0158 0.0400 0.0112 0.0953 0.0571 0.0102
8.6 0.017 -0.92 0.0066 12.0453 0.0000 0.0167 0.0099 0.0250 0.0069 0.2207 0.0608 0.0065
8.6 0.013 -0.80 0.0044 9.7991 0.0000 0.0120 0.0054 0.0137 0.0038 0.3453 0.0600 0.0050
8.6 1.000 -1.72 1.3374 14.7777 0.3677 0.3205 0.0223 0.0573 0.0161 0.0066 0.0333 0.1112
8.6 0.689 -1.60 0.1053 14.4912 0.0236 0.1946 0.0213 0.0546 0.0153 0.0096 0.0433 0.0613
8.6 0.446 -1.47 0.0411 13.5935 0.0060 0.1120 0.0209 0.0533 0.0150 0.0147 0.0479 0.0339
8.6 0.173 -1.19 0.0160 14.1334 0.0000 0.0447 0.0193 0.0492 0.0138 0.0373 0.0572 0.0146
8.6 0.090 -1.00 0.0098 14.5502 0.0000 0.0237 0.0173 0.0439 0.0122 0.0708 0.0632 0.0088
8.6 0.044 -0.80 0.0058 14.1068 0.0000 0.0114 0.0138 0.0348 0.0097 0.1423 0.0683 0.0052
8.6 0.019 -0.57 0.0029 11.5707 0.0000 0.0052 0.0072 0.0181 0.0050 0.3125 0.0731 0.0030
8.6 0.013 -0.40 0.0000 7.6632 0.0000 0.0030 0.0025 0.0063 0.0017 0.4889 0.0741 0.0020
8.6 1.000 -1.48 1.1874 16.7895 0.3287 0.2971 0.0221 0.0568 0.0159 0.0091 0.0425 0.1044
8.6 0.686 -1.36 0.0842 16.6289 0.0160 0.1629 0.0211 0.0539 0.0151 0.0133 0.0545 0.0521
8.6 0.442 -1.23 0.0335 15.8162 0.0037 0.0874 0.0206 0.0525 0.0147 0.0205 0.0593 0.0272
8.6 0.180 -0.97 0.0125 15.8525 0.0000 0.0306 0.0187 0.0475 0.0133 0.0498 0.0666 0.0109
8.6 0.084 -0.74 0.0065 15.5900 0.0000 0.0125 0.0159 0.0403 0.0112 0.1043 0.0718 0.0056
8.6 0.044 -0.55 0.0037 14.0988 0.0000 0.0056 0.0120 0.0303 0.0084 0.1933 0.0741 0.0033
8.6 0.017 -0.28 0.0000 8.4758 0.0000 0.0019 0.0033 0.0083 0.0023 0.4439 0.0756 0.0016
8.6 0.013 -0.14 0.0000 5.4630 0.0000 0.0012 0.0014 0.0034 0.0000 0.6210 0.0776 0.0011
8.9 1.000 -3.99 0.5511 0.0339 1.1507 0.0713 0.0268 0.0703 0.0200 0.0000 0.0000 0.0618
8.9 0.851 -3.99 0.5000 0.0382 0.8676 0.0717 0.0238 0.0623 0.0177 0.0000 0.0000 0.0533
8.9 0.554 -3.98 0.2699 0.0417 0.5340 0.0611 0.0224 0.0589 0.0168 0.0000 0.0000 0.0375
8.9 0.223 -3.97 0.2608 0.0520 0.4913 0.0632 0.0218 0.0570 0.0163 0.0012 0.0000 0.0366
8.9 0.113 -3.97 0.3222 0.0628 0.5441 0.0705 0.0212 0.0556 0.0158 0.0016 0.0000 0.0411
8.9 0.059 -3.97 0.4287 0.0803 0.6700 0.0865 0.0233 0.0607 0.0173 0.0022 0.0000 0.0508
8.9 0.035 -3.97 0.4208 0.0761 0.6138 0.0790 0.0196 0.0509 0.0145 0.0025 0.0000 0.0468
8.9 0.012 -3.96 0.3618 0.0654 0.5096 0.0659 0.0158 0.0413 0.0118 0.0038 0.0000 0.0390
8.9 1.000 -3.72 0.9495 0.1459 1.2626 0.1225 0.0259 0.0678 0.0193 0.0000 0.0000 0.0841
8.9 0.837 -3.71 0.7807 0.1651 0.8544 0.1237 0.0232 0.0607 0.0173 0.0000 0.0000 0.0705
8.9 0.533 -3.70 0.3990 0.1830 0.5233 0.1085 0.0225 0.0588 0.0167 0.0012 0.0000 0.0515
8.9 0.258 -3.68 0.3867 0.2219 0.4894 0.1129 0.0220 0.0575 0.0164 0.0017 0.0000 0.0515
8.9 0.107 -3.68 0.5071 0.2873 0.5526 0.1300 0.0213 0.0556 0.0159 0.0025 0.0000 0.0597
8.9 0.058 -3.68 0.6745 0.3690 0.6805 0.1596 0.0236 0.0612 0.0174 0.0034 0.0000 0.0740
8.9 0.034 -3.68 0.6534 0.3465 0.6140 0.1439 0.0196 0.0508 0.0144 0.0039 0.0000 0.0672
8.9 0.013 -3.68 0.5578 0.2960 0.5058 0.1192 0.0157 0.0409 0.0117 0.0059 0.0000 0.0558
8.9 1.000 -3.46 1.3950 0.5430 1.2540 0.2000 0.0250 0.0653 0.0186 0.0012 0.0000 0.1096
8.9 0.154 -3.39 0.5201 0.9042 0.4568 0.2031 0.0218 0.0567 0.0162 0.0033 0.0000 0.0774
8.9 0.154 -3.39 0.5201 0.9042 0.4568 0.2031 0.0218 0.0567 0.0162 0.0033 0.0000 0.0774
8.9 0.214 -3.39 0.4793 0.8282 0.4417 0.1938 0.0219 0.0572 0.0163 0.0028 0.0000 0.0737
8.9 0.107 -3.38 0.5852 1.0000 0.4813 0.2146 0.0213 0.0555 0.0158 0.0039 0.0000 0.0825
8.9 0.057 -3.38 0.7697 1.2779 0.5861 0.2614 0.0236 0.0610 0.0173 0.0054 0.0000 0.1015
8.9 0.034 -3.38 0.7330 1.1882 0.5216 0.2330 0.0195 0.0505 0.0143 0.0064 0.0000 0.0913
8.9 0.049 -3.38 0.6119 0.9989 0.4232 0.1906 0.0156 0.0404 0.0115 0.0094 0.0000 0.0748
8.9 1.000 -3.18 1.6910 1.4616 1.0961 0.2923 0.0243 0.0633 0.0180 0.0015 0.0000 0.1338
8.9 0.792 -3.14 0.9612 1.6780 0.5383 0.2926 0.0226 0.0589 0.0167 0.0018 0.0000 0.1104
8.9 0.499 -3.10 0.3350 1.5147 0.3064 0.2494 0.0224 0.0585 0.0166 0.0026 0.0000 0.0844
8.9 0.224 -3.05 0.2510 1.5792 0.2574 0.2469 0.0220 0.0573 0.0163 0.0043 0.0000 0.0813
8.9 0.106 -3.03 0.2895 1.8618 0.2695 0.2677 0.0213 0.0554 0.0158 0.0063 0.0000 0.0894
8.9 0.049 -3.02 0.3404 2.1380 0.2846 0.2849 0.0202 0.0525 0.0150 0.0091 0.0000 0.0968
8.9 0.026 -3.02 0.3598 2.2220 0.2845 0.2857 0.0189 0.0487 0.0138 0.0118 0.0000 0.0979
8.9 0.032 -3.02 0.3598 2.2220 0.2845 0.2857 0.0189 0.0487 0.0138 0.0118 0.0000 0.0979
8.9 1.000 -2.91 1.6818 2.7530 0.8742 0.3621 0.0238 0.0619 0.0176 0.0017 0.0000 0.1496
8.9 0.772 -2.84 0.5714 2.9217 0.3059 0.3419 0.0226 0.0586 0.0166 0.0022 0.0012 0.1176
8.9 0.493 -2.76 0.1402 2.1943 0.1471 0.2713 0.0224 0.0583 0.0166 0.0034 0.0014 0.0856
8.9 0.193 -2.67 0.0878 2.1569 0.1041 0.2536 0.0219 0.0569 0.0162 0.0072 0.0018 0.0785
8.9 0.115 -2.64 0.0962 2.4447 0.1054 0.2681 0.0214 0.0555 0.0158 0.0099 0.0022 0.0842
8.9 0.058 -2.61 0.1053 2.7222 0.1062 0.2786 0.0204 0.0528 0.0150 0.0143 0.0025 0.0890
8.9 0.021 -2.59 0.1094 2.8197 0.1005 0.2689 0.0179 0.0463 0.0131 0.0226 0.0027 0.0874
8.9 0.015 -2.59 0.1021 2.6273 0.0913 0.2455 0.0159 0.0408 0.0116 0.0280 0.0025 0.0802
8.9 1.000 -2.65 1.5168 4.2644 0.6936 0.3930 0.0235 0.0610 0.0173 0.0020 0.0034 0.1570
8.9 0.758 -2.55 0.2819 4.0664 0.1610 0.3391 0.0225 0.0583 0.0165 0.0026 0.0042 0.1149
8.9 0.472 -2.44 0.0614 2.9513 0.0596 0.2439 0.0223 0.0580 0.0165 0.0042 0.0049 0.0772
8.9 0.197 -2.28 0.0362 2.9681 0.0324 0.2060 0.0217 0.0564 0.0160 0.0095 0.0066 0.0643
8.9 0.096 -2.19 0.0357 3.3695 0.0273 0.2026 0.0209 0.0541 0.0154 0.0177 0.0083 0.0642
8.9 0.050 -2.14 0.0367 3.6918 0.0254 0.2027 0.0199 0.0514 0.0146 0.0281 0.0096 0.0651
8.9 0.021 -2.10 0.0367 3.7903 0.0230 0.1928 0.0176 0.0453 0.0128 0.0437 0.0102 0.0629
8.9 0.016 -2.09 0.0355 3.6984 0.0216 0.1835 0.0163 0.0417 0.0118 0.0549 0.0100 0.0603
8.9 1.000 -2.40 1.3518 5.9145 0.5804 0.3978 0.0232 0.0604 0.0171 0.0024 0.0077 0.1594
8.9 0.717 -2.28 0.1342 5.1303 0.0805 0.2956 0.0224 0.0580 0.0164 0.0034 0.0098 0.1019
8.9 0.454 -2.16 0.0380 4.0917 0.0271 0.1993 0.0224 0.0580 0.0164 0.0053 0.0114 0.0653
8.9 0.182 -1.94 0.0204 4.3533 0.0097 0.1386 0.0214 0.0554 0.0157 0.0129 0.0156 0.0451
8.9 0.099 -1.82 0.0185 4.9097 0.0066 0.1226 0.0205 0.0528 0.0150 0.0229 0.0190 0.0405
8.9 0.045 -1.70 0.0173 5.4822 0.0046 0.1087 0.0187 0.0480 0.0136 0.0470 0.0227 0.0367
8.9 0.019 -1.62 0.0157 5.5309 0.0036 0.0958 0.0159 0.0406 0.0114 0.0868 0.0242 0.0328
8.9 0.013 -1.58 0.0147 5.3539 0.0032 0.0890 0.0142 0.0361 0.0101 0.1203 0.0240 0.0309
8.9 1.000 -2.16 1.2104 7.7999 0.5051 0.3948 0.0231 0.0598 0.0169 0.0031 0.0139 0.1605
8.9 0.695 -2.03 0.0875 6.6310 0.0467 0.2569 0.0222 0.0574 0.0162 0.0045 0.0178 0.0917
8.9 0.446 -1.90 0.0286 5.6153 0.0140 0.1588 0.0219 0.0567 0.0160 0.0070 0.0200 0.0544
8.9 0.178 -1.66 0.0146 6.2848 0.0036 0.0922 0.0211 0.0543 0.0154 0.0172 0.0272 0.0321
8.9 0.091 -1.50 0.0122 7.3268 0.0010 0.0700 0.0200 0.0512 0.0145 0.0330 0.0340 0.0255
8.9 0.048 -1.36 0.0105 8.1068 0.0000 0.0549 0.0181 0.0462 0.0130 0.0605 0.0397 0.0209
8.9 0.019 -1.19 0.0084 8.2495 0.0000 0.0405 0.0137 0.0348 0.0098 0.1383 0.0441 0.0163
8.9 0.013 -1.11 0.0065 7.2138 0.0000 0.0320 0.0096 0.0244 0.0068 0.2182 0.0423 0.0133
8.9 1.000 -1.92 1.0895 9.8967 0.4499 0.3857 0.0229 0.0594 0.0167 0.0042 0.0222 0.1596
8.9 0.669 -1.78 0.0627 8.4601 0.0272 0.2165 0.0220 0.0568 0.0160 0.0062 0.0284 0.0800
8.9 0.428 -1.65 0.0236 7.5783 0.0076 0.1262 0.0217 0.0559 0.0158 0.0097 0.0312 0.0453
8.9 0.173 -1.40 0.0117 8.5717 0.0000 0.0631 0.0206 0.0531 0.0150 0.0237 0.0408 0.0239
8.9 0.090 -1.22 0.0087 9.7288 0.0000 0.0406 0.0190 0.0486 0.0137 0.0447 0.0493 0.0168
8.9 0.004 -0.63 0.0023 7.5189 0.0000 0.0092 0.0044 0.0110 0.0031 0.4558 0.0666 0.0056
8.9 0.002 -0.59 0.0013 7.5223 0.0000 0.0091 0.0041 0.0104 0.0029 0.6662 0.0721 0.0056
8.9 0.002 -0.56 0.0012 7.4801 0.0000 0.0089 0.0040 0.0101 0.0028 0.9231 0.0746 0.0055
8.9 1.000 -1.68 0.9833 12.2238 0.4052 0.3701 0.0227 0.0589 0.0166 0.0058 0.0327 0.1559
8.9 0.646 -1.53 0.0489 10.7094 0.0163 0.1788 0.0217 0.0560 0.0158 0.0089 0.0416 0.0681
8.9 0.412 -1.40 0.0202 9.9520 0.0042 0.0983 0.0213 0.0548 0.0154 0.0139 0.0449 0.0370
8.9 0.164 -1.14 0.0094 11.0416 0.0000 0.0409 0.0198 0.0506 0.0142 0.0345 0.0561 0.0173
8.9 0.081 -0.94 0.0063 12.1654 0.0000 0.0218 0.0177 0.0451 0.0127 0.0687 0.0662 0.0108
8.9 0.040 -0.74 0.0042 12.4810 0.0000 0.0114 0.0143 0.0364 0.0102 0.1342 0.0748 0.0070
8.9 0.017 -0.51 0.0013 10.4440 0.0000 0.0052 0.0073 0.0186 0.0052 0.3009 0.0814 0.0041
8.9 0.013 -0.37 0.0000 7.7439 0.0000 0.0035 0.0032 0.0080 0.0022 0.4584 0.0853 0.0031
8.9 1.000 -1.45 0.8946 14.6059 0.3689 0.3504 0.0226 0.0584 0.0164 0.0080 0.0445 0.1499
8.9 0.641 -1.30 0.0424 13.2748 0.0110 0.1510 0.0215 0.0552 0.0155 0.0124 0.0563 0.0593
8.9 0.407 -1.17 0.0186 12.6751 0.0026 0.0791 0.0210 0.0540 0.0152 0.0194 0.0602 0.0314
8.9 0.161 -0.90 0.0079 13.5389 0.0000 0.0277 0.0192 0.0490 0.0137 0.0484 0.0714 0.0132
8.9 0.084 -0.71 0.0049 14.0890 0.0000 0.0133 0.0169 0.0430 0.0120 0.0917 0.0798 0.0079
8.9 0.040 -0.49 0.0028 13.1571 0.0000 0.0054 0.0124 0.0314 0.0087 0.1869 0.0859 0.0044
8.9 0.016 -0.23 0.0000 8.2294 0.0000 0.0020 0.0037 0.0092 0.0026 0.4200 0.0882 0.0022
