#Cloudy 17.00 models results grids
# O/H: 7.1 - 8.9, log U: -4.0 - -1.5, T*: 30 - 60 kK
# SED: WM-Basic (Pauldrach et al 2001) 
#plane-paralell geometry
#
12+log(O/H) Teff log(Usp) OII_3727 OIII_5007 SII_6717,31 SIII_9069 He1_4471 He1_5876 HeI_6678 HeII_4686 ArIV_4740 ArIII_7135
7.1000 30000.0000 -1.5000 0.4425 0.0074 0.0123 0.0148 0.0030 0.0079 0.0023 0.0000 0.0000 0.0014
7.1000 30000.0000 -1.7500 0.4672 0.0032 0.0186 0.0149 0.0024 0.0063 0.0018 0.0000 0.0000 0.0010
7.1000 30000.0000 -2.0000 0.4886 0.0014 0.0278 0.0145 0.0019 0.0051 0.0015 0.0000 0.0000 0.0000
7.1000 30000.0000 -2.2500 0.5038 0.0000 0.0404 0.0134 0.0016 0.0042 0.0012 0.0000 0.0000 0.0000
7.1000 30000.0000 -2.5000 0.5074 0.0000 0.0560 0.0114 0.0014 0.0037 0.0011 0.0000 0.0000 0.0000
7.1000 30000.0000 -2.7500 0.4946 0.0000 0.0728 0.0089 0.0013 0.0034 0.0010 0.0000 0.0000 0.0000
7.1000 30000.0000 -3.0000 0.4653 0.0000 0.0879 0.0064 0.0012 0.0032 0.0000 0.0000 0.0000 0.0000
7.1000 30000.0000 -3.2500 0.4173 0.0000 0.0975 0.0041 0.0012 0.0030 0.0000 0.0000 0.0000 0.0000
7.1000 30000.0000 -3.5000 0.3614 0.0000 0.1012 0.0024 0.0011 0.0029 0.0000 0.0000 0.0000 0.0000
7.1000 30000.0000 -3.7500 0.3069 0.0000 0.1011 0.0014 0.0011 0.0028 0.0000 0.0000 0.0000 0.0000
7.1000 30000.0000 -4.0000 0.2570 0.0000 0.0991 0.0000 0.0010 0.0026 0.0000 0.0000 0.0000 0.0000
7.1000 32500.0000 -1.5000 0.9285 0.1266 0.0157 0.0302 0.0094 0.0245 0.0069 0.0000 0.0000 0.0062
7.1000 32500.0000 -1.7500 0.9801 0.0666 0.0227 0.0294 0.0079 0.0205 0.0058 0.0000 0.0000 0.0049
7.1000 32500.0000 -2.0000 0.9956 0.0324 0.0331 0.0279 0.0066 0.0172 0.0049 0.0000 0.0000 0.0039
7.1000 32500.0000 -2.2500 0.9785 0.0146 0.0477 0.0255 0.0057 0.0146 0.0042 0.0000 0.0000 0.0031
7.1000 32500.0000 -2.5000 0.9282 0.0062 0.0666 0.0220 0.0050 0.0128 0.0036 0.0000 0.0000 0.0025
7.1000 32500.0000 -2.7500 0.8473 0.0025 0.0882 0.0175 0.0046 0.0117 0.0033 0.0000 0.0000 0.0021
7.1000 32500.0000 -3.0000 0.7432 0.0000 0.1087 0.0127 0.0043 0.0110 0.0031 0.0000 0.0000 0.0017
7.1000 32500.0000 -3.2500 0.6336 0.0000 0.1240 0.0085 0.0041 0.0106 0.0030 0.0000 0.0000 0.0014
7.1000 32500.0000 -3.5000 0.5313 0.0000 0.1320 0.0052 0.0040 0.0102 0.0029 0.0000 0.0000 0.0012
7.1000 32500.0000 -3.7500 0.4436 0.0000 0.1346 0.0031 0.0038 0.0097 0.0028 0.0000 0.0000 0.0010
7.1000 32500.0000 -4.0000 0.3695 0.0000 0.1342 0.0019 0.0034 0.0088 0.0025 0.0000 0.0000 0.0000
7.1000 35000.0000 -1.5000 0.8125 0.7829 0.0139 0.0449 0.0191 0.0493 0.0137 0.0000 0.0000 0.0162
7.1000 35000.0000 -1.7500 1.0061 0.5518 0.0199 0.0428 0.0177 0.0457 0.0127 0.0000 0.0000 0.0144
7.1000 35000.0000 -2.0000 1.1541 0.3449 0.0285 0.0400 0.0161 0.0414 0.0116 0.0000 0.0000 0.0122
7.1000 35000.0000 -2.2500 1.2136 0.1876 0.0408 0.0362 0.0145 0.0372 0.0104 0.0000 0.0000 0.0102
7.1000 35000.0000 -2.5000 1.1742 0.0887 0.0573 0.0313 0.0132 0.0340 0.0095 0.0000 0.0000 0.0084
7.1000 35000.0000 -2.7500 1.0614 0.0366 0.0775 0.0255 0.0123 0.0316 0.0089 0.0000 0.0000 0.0068
7.1000 35000.0000 -3.0000 0.9169 0.0137 0.0994 0.0195 0.0117 0.0301 0.0085 0.0000 0.0000 0.0056
7.1000 35000.0000 -3.2500 0.7733 0.0047 0.1194 0.0138 0.0113 0.0289 0.0081 0.0000 0.0000 0.0046
7.1000 35000.0000 -3.5000 0.6462 0.0016 0.1344 0.0092 0.0108 0.0278 0.0078 0.0000 0.0000 0.0037
7.1000 35000.0000 -3.7500 0.5382 0.0000 0.1437 0.0058 0.0100 0.0257 0.0073 0.0000 0.0000 0.0030
7.1000 35000.0000 -4.0000 0.4478 0.0000 0.1487 0.0035 0.0089 0.0227 0.0064 0.0000 0.0000 0.0023
7.1000 37500.0000 -1.5000 0.3699 1.3190 0.0107 0.0480 0.0206 0.0533 0.0148 0.0000 0.0000 0.0189
7.1000 37500.0000 -1.7500 0.5005 1.1062 0.0146 0.0464 0.0207 0.0533 0.0148 0.0000 0.0000 0.0181
7.1000 37500.0000 -2.0000 0.6611 0.8627 0.0205 0.0438 0.0207 0.0532 0.0148 0.0000 0.0000 0.0170
7.1000 37500.0000 -2.2500 0.8262 0.6013 0.0292 0.0402 0.0206 0.0528 0.0147 0.0000 0.0000 0.0156
7.1000 37500.0000 -2.5000 0.9468 0.3589 0.0416 0.0356 0.0203 0.0521 0.0146 0.0000 0.0000 0.0139
7.1000 37500.0000 -2.7500 0.9779 0.1775 0.0582 0.0301 0.0199 0.0510 0.0143 0.0000 0.0000 0.0121
7.1000 37500.0000 -3.0000 0.9184 0.0731 0.0782 0.0241 0.0194 0.0496 0.0139 0.0000 0.0000 0.0102
7.1000 37500.0000 -3.2500 0.8073 0.0258 0.0998 0.0181 0.0187 0.0478 0.0134 0.0000 0.0000 0.0084
7.1000 37500.0000 -3.5000 0.6850 0.0083 0.1199 0.0127 0.0177 0.0454 0.0128 0.0000 0.0000 0.0068
7.1000 37500.0000 -3.7500 0.5731 0.0026 0.1356 0.0083 0.0165 0.0422 0.0119 0.0000 0.0000 0.0054
7.1000 37500.0000 -4.0000 0.4761 0.0000 0.1466 0.0052 0.0149 0.0383 0.0108 0.0000 0.0000 0.0042
7.1000 40000.0000 -1.5000 0.1585 1.7498 0.0094 0.0463 0.0206 0.0534 0.0148 0.0000 0.0000 0.0198
7.1000 40000.0000 -1.7500 0.2137 1.5434 0.0121 0.0466 0.0207 0.0536 0.0149 0.0000 0.0000 0.0193
7.1000 40000.0000 -2.0000 0.2936 1.3156 0.0160 0.0454 0.0209 0.0537 0.0149 0.0000 0.0000 0.0184
7.1000 40000.0000 -2.2500 0.4051 1.0591 0.0219 0.0428 0.0209 0.0538 0.0150 0.0000 0.0000 0.0172
7.1000 40000.0000 -2.5000 0.5466 0.7765 0.0307 0.0389 0.0210 0.0540 0.0151 0.0000 0.0000 0.0157
7.1000 40000.0000 -2.7500 0.6921 0.4926 0.0430 0.0341 0.0211 0.0541 0.0151 0.0000 0.0000 0.0142
7.1000 40000.0000 -3.0000 0.7874 0.2547 0.0597 0.0287 0.0212 0.0542 0.0152 0.0000 0.0000 0.0126
7.1000 40000.0000 -3.2500 0.7889 0.1046 0.0803 0.0228 0.0212 0.0542 0.0153 0.0000 0.0000 0.0110
7.1000 40000.0000 -3.5000 0.7135 0.0361 0.1029 0.0171 0.0211 0.0540 0.0152 0.0000 0.0000 0.0094
7.1000 40000.0000 -3.7500 0.6113 0.0113 0.1245 0.0121 0.0209 0.0534 0.0151 0.0000 0.0000 0.0079
7.1000 40000.0000 -4.0000 0.5116 0.0034 0.1430 0.0080 0.0204 0.0521 0.0147 0.0000 0.0000 0.0066
7.1000 45000.0000 -1.5000 0.1301 1.9424 0.0093 0.0443 0.0207 0.0536 0.0149 0.0000 0.0029 0.0174
7.1000 45000.0000 -1.7500 0.1735 1.7138 0.0117 0.0457 0.0208 0.0538 0.0149 0.0000 0.0017 0.0180
7.1000 45000.0000 -2.0000 0.2373 1.4672 0.0152 0.0454 0.0209 0.0539 0.0150 0.0000 0.0000 0.0180
7.1000 45000.0000 -2.2500 0.3303 1.1989 0.0204 0.0435 0.0211 0.0541 0.0151 0.0000 0.0000 0.0173
7.1000 45000.0000 -2.5000 0.4580 0.9090 0.0281 0.0401 0.0212 0.0544 0.0152 0.0000 0.0000 0.0161
7.1000 45000.0000 -2.7500 0.6086 0.6103 0.0393 0.0357 0.0214 0.0547 0.0153 0.0000 0.0000 0.0147
7.1000 45000.0000 -3.0000 0.7362 0.3407 0.0545 0.0305 0.0215 0.0551 0.0155 0.0000 0.0000 0.0132
7.1000 45000.0000 -3.2500 0.7806 0.1507 0.0740 0.0249 0.0217 0.0555 0.0156 0.0000 0.0000 0.0117
7.1000 45000.0000 -3.5000 0.7305 0.0534 0.0968 0.0192 0.0218 0.0559 0.0158 0.0000 0.0000 0.0102
7.1000 45000.0000 -3.7500 0.6343 0.0169 0.1200 0.0140 0.0219 0.0560 0.0158 0.0000 0.0000 0.0088
7.1000 45000.0000 -4.0000 0.5336 0.0051 0.1416 0.0096 0.0218 0.0559 0.0158 0.0000 0.0000 0.0075
7.1000 50000.0000 -1.5000 0.0916 2.0449 0.0100 0.0371 0.0204 0.0528 0.0147 0.0022 0.0049 0.0142
7.1000 50000.0000 -1.7500 0.1205 1.8152 0.0123 0.0403 0.0205 0.0531 0.0148 0.0016 0.0032 0.0156
7.1000 50000.0000 -2.0000 0.1639 1.5715 0.0158 0.0418 0.0207 0.0534 0.0149 0.0013 0.0019 0.0165
7.1000 50000.0000 -2.2500 0.2300 1.3127 0.0210 0.0414 0.0209 0.0537 0.0150 0.0010 0.0000 0.0165
7.1000 50000.0000 -2.5000 0.3279 1.0385 0.0288 0.0392 0.0211 0.0541 0.0151 0.0000 0.0000 0.0159
7.1000 50000.0000 -2.7500 0.4600 0.7509 0.0399 0.0356 0.0214 0.0547 0.0153 0.0000 0.0000 0.0148
7.1000 50000.0000 -3.0000 0.6042 0.4679 0.0552 0.0308 0.0216 0.0553 0.0156 0.0000 0.0000 0.0135
7.1000 50000.0000 -3.2500 0.7025 0.2343 0.0748 0.0255 0.0219 0.0561 0.0158 0.0000 0.0000 0.0121
7.1000 50000.0000 -3.5000 0.7064 0.0921 0.0978 0.0199 0.0223 0.0569 0.0161 0.0000 0.0000 0.0107
7.1000 50000.0000 -3.7500 0.6363 0.0303 0.1223 0.0147 0.0226 0.0577 0.0163 0.0000 0.0000 0.0094
7.1000 50000.0000 -4.0000 0.5424 0.0092 0.1457 0.0102 0.0229 0.0585 0.0166 0.0000 0.0000 0.0082
7.1000 55000.0000 -1.5000 0.0891 2.1391 0.0100 0.0371 0.0204 0.0532 0.0148 0.0000 0.0047 0.0153
7.1000 55000.0000 -1.7500 0.1165 1.8893 0.0122 0.0401 0.0205 0.0534 0.0149 0.0000 0.0030 0.0166
7.1000 55000.0000 -2.0000 0.1579 1.6295 0.0156 0.0417 0.0207 0.0536 0.0149 0.0000 0.0017 0.0172
7.1000 55000.0000 -2.2500 0.2212 1.3596 0.0205 0.0415 0.0209 0.0539 0.0150 0.0000 0.0000 0.0171
7.1000 55000.0000 -2.5000 0.3157 1.0793 0.0279 0.0395 0.0211 0.0543 0.0152 0.0000 0.0000 0.0163
7.1000 55000.0000 -2.7500 0.4452 0.7879 0.0384 0.0361 0.0214 0.0550 0.0154 0.0000 0.0000 0.0151
7.1000 55000.0000 -3.0000 0.5911 0.4997 0.0528 0.0315 0.0217 0.0558 0.0157 0.0000 0.0000 0.0138
7.1000 55000.0000 -3.2500 0.6984 0.2556 0.0716 0.0264 0.0221 0.0567 0.0160 0.0000 0.0000 0.0125
7.1000 55000.0000 -3.5000 0.7121 0.1012 0.0943 0.0209 0.0226 0.0579 0.0164 0.0000 0.0000 0.0112
7.1000 55000.0000 -3.7500 0.6458 0.0338 0.1190 0.0157 0.0231 0.0593 0.0168 0.0000 0.0000 0.0099
7.1000 55000.0000 -4.0000 0.5524 0.0104 0.1438 0.0112 0.0237 0.0608 0.0172 0.0000 0.0000 0.0088
7.1000 60000.0000 -1.5000 0.0700 2.1629 0.0112 0.0301 0.0194 0.0503 0.0139 0.0040 0.0070 0.0111
7.1000 60000.0000 -1.7500 0.0904 1.9173 0.0140 0.0337 0.0197 0.0508 0.0141 0.0029 0.0050 0.0128
7.1000 60000.0000 -2.0000 0.1214 1.6626 0.0180 0.0365 0.0200 0.0513 0.0142 0.0023 0.0031 0.0143
7.1000 60000.0000 -2.2500 0.1696 1.4027 0.0240 0.0377 0.0202 0.0519 0.0144 0.0019 0.0017 0.0152
7.1000 60000.0000 -2.5000 0.2438 1.1372 0.0328 0.0369 0.0205 0.0526 0.0147 0.0017 0.0000 0.0153
7.1000 60000.0000 -2.7500 0.3512 0.8637 0.0453 0.0342 0.0209 0.0534 0.0150 0.0016 0.0000 0.0147
7.1000 60000.0000 -3.0000 0.4865 0.5859 0.0620 0.0300 0.0213 0.0545 0.0153 0.0015 0.0000 0.0137
7.1000 60000.0000 -3.2500 0.6120 0.3295 0.0831 0.0248 0.0218 0.0557 0.0157 0.0014 0.0000 0.0125
7.1000 60000.0000 -3.5000 0.6659 0.1449 0.1075 0.0193 0.0224 0.0572 0.0161 0.0012 0.0000 0.0113
7.1000 60000.0000 -3.7500 0.6308 0.0513 0.1331 0.0142 0.0231 0.0590 0.0167 0.0000 0.0000 0.0101
7.1000 60000.0000 -4.0000 0.5505 0.0162 0.1579 0.0099 0.0239 0.0611 0.0173 0.0000 0.0000 0.0091
7.4000 30000.0000 -1.5000 0.7100 0.0116 0.0226 0.0266 0.0030 0.0079 0.0023 0.0000 0.0000 0.0019
7.4000 30000.0000 -1.7500 0.7490 0.0051 0.0340 0.0268 0.0024 0.0062 0.0018 0.0000 0.0000 0.0014
7.4000 30000.0000 -2.0000 0.7841 0.0022 0.0507 0.0259 0.0020 0.0051 0.0015 0.0000 0.0000 0.0011
7.4000 30000.0000 -2.2500 0.8117 0.0000 0.0734 0.0238 0.0016 0.0043 0.0012 0.0000 0.0000 0.0000
7.4000 30000.0000 -2.5000 0.8248 0.0000 0.1019 0.0204 0.0014 0.0037 0.0011 0.0000 0.0000 0.0000
7.4000 30000.0000 -2.7500 0.8149 0.0000 0.1330 0.0160 0.0013 0.0034 0.0010 0.0000 0.0000 0.0000
7.4000 30000.0000 -3.0000 0.7784 0.0000 0.1610 0.0114 0.0012 0.0032 0.0000 0.0000 0.0000 0.0000
7.4000 30000.0000 -3.2500 0.7094 0.0000 0.1794 0.0074 0.0012 0.0031 0.0000 0.0000 0.0000 0.0000
7.4000 30000.0000 -3.5000 0.6224 0.0000 0.1872 0.0045 0.0011 0.0030 0.0000 0.0000 0.0000 0.0000
7.4000 30000.0000 -3.7500 0.5339 0.0000 0.1879 0.0026 0.0011 0.0029 0.0000 0.0000 0.0000 0.0000
7.4000 30000.0000 -4.0000 0.4489 0.0000 0.1845 0.0015 0.0010 0.0026 0.0000 0.0000 0.0000 0.0000
7.4000 32500.0000 -1.5000 1.4844 0.1913 0.0284 0.0534 0.0094 0.0244 0.0069 0.0000 0.0000 0.0082
7.4000 32500.0000 -1.7500 1.5641 0.1010 0.0414 0.0520 0.0079 0.0204 0.0058 0.0000 0.0000 0.0066
7.4000 32500.0000 -2.0000 1.5960 0.0497 0.0603 0.0495 0.0066 0.0171 0.0049 0.0000 0.0000 0.0052
7.4000 32500.0000 -2.2500 1.5840 0.0229 0.0871 0.0454 0.0057 0.0146 0.0042 0.0000 0.0000 0.0042
7.4000 32500.0000 -2.5000 1.5243 0.0100 0.1222 0.0393 0.0050 0.0129 0.0037 0.0000 0.0000 0.0035
7.4000 32500.0000 -2.7500 1.4160 0.0042 0.1626 0.0316 0.0046 0.0118 0.0034 0.0000 0.0000 0.0029
7.4000 32500.0000 -3.0000 1.2627 0.0017 0.2010 0.0231 0.0043 0.0111 0.0031 0.0000 0.0000 0.0024
7.4000 32500.0000 -3.2500 1.0927 0.0000 0.2299 0.0155 0.0041 0.0107 0.0030 0.0000 0.0000 0.0021
7.4000 32500.0000 -3.5000 0.9275 0.0000 0.2460 0.0097 0.0040 0.0103 0.0029 0.0000 0.0000 0.0018
7.4000 32500.0000 -3.7500 0.7817 0.0000 0.2517 0.0058 0.0038 0.0098 0.0028 0.0000 0.0000 0.0015
7.4000 32500.0000 -4.0000 0.6554 0.0000 0.2519 0.0034 0.0034 0.0088 0.0025 0.0000 0.0000 0.0011
7.4000 35000.0000 -1.5000 1.3578 1.2329 0.0255 0.0792 0.0192 0.0495 0.0138 0.0000 0.0000 0.0223
7.4000 35000.0000 -1.7500 1.6716 0.8665 0.0364 0.0759 0.0178 0.0457 0.0128 0.0000 0.0000 0.0197
7.4000 35000.0000 -2.0000 1.9139 0.5446 0.0526 0.0713 0.0161 0.0414 0.0116 0.0000 0.0000 0.0169
7.4000 35000.0000 -2.2500 2.0228 0.3008 0.0756 0.0650 0.0145 0.0373 0.0105 0.0000 0.0000 0.0142
7.4000 35000.0000 -2.5000 1.9792 0.1457 0.1067 0.0568 0.0133 0.0341 0.0096 0.0000 0.0000 0.0118
7.4000 35000.0000 -2.7500 1.8166 0.0617 0.1451 0.0467 0.0124 0.0318 0.0089 0.0000 0.0000 0.0098
7.4000 35000.0000 -3.0000 1.5933 0.0237 0.1865 0.0359 0.0118 0.0303 0.0085 0.0000 0.0000 0.0081
7.4000 35000.0000 -3.2500 1.3631 0.0084 0.2248 0.0256 0.0113 0.0291 0.0082 0.0000 0.0000 0.0067
7.4000 35000.0000 -3.5000 1.1528 0.0029 0.2538 0.0171 0.0109 0.0279 0.0079 0.0000 0.0000 0.0055
7.4000 35000.0000 -3.7500 0.9683 0.0000 0.2719 0.0108 0.0100 0.0258 0.0073 0.0000 0.0000 0.0044
7.4000 35000.0000 -4.0000 0.8106 0.0000 0.2822 0.0067 0.0089 0.0228 0.0064 0.0000 0.0000 0.0034
7.4000 37500.0000 -1.5000 0.6352 2.1676 0.0197 0.0854 0.0208 0.0538 0.0150 0.0000 0.0000 0.0265
7.4000 37500.0000 -1.7500 0.8589 1.8226 0.0269 0.0830 0.0209 0.0538 0.0150 0.0000 0.0000 0.0255
7.4000 37500.0000 -2.0000 1.1355 1.4302 0.0380 0.0789 0.0209 0.0537 0.0150 0.0000 0.0000 0.0241
7.4000 37500.0000 -2.2500 1.4234 1.0065 0.0547 0.0730 0.0208 0.0533 0.0149 0.0000 0.0000 0.0224
7.4000 37500.0000 -2.5000 1.6411 0.6090 0.0784 0.0652 0.0205 0.0525 0.0147 0.0000 0.0000 0.0202
7.4000 37500.0000 -2.7500 1.7119 0.3063 0.1102 0.0556 0.0201 0.0514 0.0144 0.0000 0.0000 0.0177
7.4000 37500.0000 -3.0000 1.6265 0.1285 0.1485 0.0449 0.0195 0.0499 0.0140 0.0000 0.0000 0.0151
7.4000 37500.0000 -3.2500 1.4471 0.0461 0.1901 0.0339 0.0188 0.0480 0.0135 0.0000 0.0000 0.0126
7.4000 37500.0000 -3.5000 1.2398 0.0151 0.2286 0.0239 0.0178 0.0455 0.0128 0.0000 0.0000 0.0102
7.4000 37500.0000 -3.7500 1.0447 0.0047 0.2590 0.0158 0.0165 0.0423 0.0120 0.0000 0.0000 0.0082
7.4000 37500.0000 -4.0000 0.8726 0.0015 0.2802 0.0100 0.0150 0.0384 0.0109 0.0000 0.0000 0.0063
7.4000 40000.0000 -1.5000 0.2835 2.9932 0.0176 0.0839 0.0209 0.0541 0.0150 0.0000 0.0012 0.0285
7.4000 40000.0000 -1.7500 0.3831 2.6536 0.0226 0.0851 0.0211 0.0543 0.0151 0.0000 0.0000 0.0279
7.4000 40000.0000 -2.0000 0.5279 2.2789 0.0303 0.0835 0.0211 0.0544 0.0151 0.0000 0.0000 0.0267
7.4000 40000.0000 -2.2500 0.7309 1.8517 0.0418 0.0793 0.0212 0.0544 0.0152 0.0000 0.0000 0.0252
7.4000 40000.0000 -2.5000 0.9894 1.3721 0.0586 0.0726 0.0213 0.0545 0.0152 0.0000 0.0000 0.0233
7.4000 40000.0000 -2.7500 1.2578 0.8796 0.0828 0.0642 0.0213 0.0546 0.0153 0.0000 0.0000 0.0212
7.4000 40000.0000 -3.0000 1.4392 0.4602 0.1152 0.0543 0.0213 0.0546 0.0153 0.0000 0.0000 0.0189
7.4000 40000.0000 -3.2500 1.4518 0.1914 0.1554 0.0435 0.0213 0.0546 0.0154 0.0000 0.0000 0.0166
7.4000 40000.0000 -3.5000 1.3220 0.0668 0.1991 0.0328 0.0212 0.0543 0.0153 0.0000 0.0000 0.0143
7.4000 40000.0000 -3.7500 1.1380 0.0210 0.2411 0.0231 0.0210 0.0536 0.0151 0.0000 0.0000 0.0121
7.4000 40000.0000 -4.0000 0.9561 0.0063 0.2768 0.0154 0.0204 0.0524 0.0148 0.0000 0.0000 0.0101
7.4000 45000.0000 -1.5000 0.2366 3.3876 0.0177 0.0811 0.0211 0.0544 0.0152 0.0000 0.0039 0.0254
7.4000 45000.0000 -1.7500 0.3169 3.0065 0.0223 0.0844 0.0212 0.0546 0.0152 0.0000 0.0023 0.0265
7.4000 45000.0000 -2.0000 0.4352 2.5943 0.0291 0.0845 0.0213 0.0547 0.0152 0.0000 0.0013 0.0265
7.4000 45000.0000 -2.2500 0.6080 2.1384 0.0393 0.0815 0.0213 0.0548 0.0153 0.0000 0.0000 0.0256
7.4000 45000.0000 -2.5000 0.8453 1.6366 0.0544 0.0757 0.0215 0.0550 0.0154 0.0000 0.0000 0.0241
7.4000 45000.0000 -2.7500 1.1256 1.1089 0.0761 0.0677 0.0216 0.0553 0.0155 0.0000 0.0000 0.0222
7.4000 45000.0000 -3.0000 1.3664 0.6248 0.1060 0.0583 0.0217 0.0556 0.0156 0.0000 0.0000 0.0201
7.4000 45000.0000 -3.2500 1.4553 0.2792 0.1441 0.0479 0.0219 0.0559 0.0158 0.0000 0.0000 0.0179
7.4000 45000.0000 -3.5000 1.3694 0.0998 0.1886 0.0371 0.0220 0.0562 0.0159 0.0000 0.0000 0.0157
7.4000 45000.0000 -3.7500 1.1940 0.0318 0.2338 0.0270 0.0220 0.0563 0.0159 0.0000 0.0000 0.0136
7.4000 45000.0000 -4.0000 1.0069 0.0096 0.2756 0.0186 0.0219 0.0561 0.0159 0.0000 0.0000 0.0116
7.4000 50000.0000 -1.5000 0.1694 3.6163 0.0189 0.0684 0.0208 0.0538 0.0150 0.0022 0.0067 0.0211
7.4000 50000.0000 -1.7500 0.2241 3.2330 0.0236 0.0749 0.0209 0.0540 0.0150 0.0016 0.0044 0.0232
7.4000 50000.0000 -2.0000 0.3064 2.8225 0.0305 0.0784 0.0211 0.0542 0.0151 0.0012 0.0026 0.0246
7.4000 50000.0000 -2.2500 0.4315 2.3789 0.0408 0.0783 0.0212 0.0544 0.0152 0.0010 0.0013 0.0248
7.4000 50000.0000 -2.5000 0.6162 1.8985 0.0561 0.0747 0.0214 0.0548 0.0153 0.0000 0.0000 0.0240
7.4000 50000.0000 -2.7500 0.8649 1.3841 0.0780 0.0680 0.0216 0.0552 0.0155 0.0000 0.0000 0.0225
7.4000 50000.0000 -3.0000 1.1365 0.8686 0.1079 0.0592 0.0218 0.0558 0.0157 0.0000 0.0000 0.0206
7.4000 50000.0000 -3.2500 1.3242 0.4383 0.1463 0.0492 0.0221 0.0565 0.0159 0.0000 0.0000 0.0186
7.4000 50000.0000 -3.5000 1.3357 0.1736 0.1914 0.0386 0.0224 0.0572 0.0162 0.0000 0.0000 0.0165
7.4000 50000.0000 -3.7500 1.2067 0.0575 0.2391 0.0285 0.0227 0.0581 0.0164 0.0000 0.0000 0.0145
7.4000 50000.0000 -4.0000 1.0317 0.0176 0.2847 0.0199 0.0230 0.0587 0.0166 0.0000 0.0000 0.0127
7.4000 55000.0000 -1.5000 0.1668 3.8454 0.0192 0.0691 0.0209 0.0543 0.0151 0.0000 0.0066 0.0229
7.4000 55000.0000 -1.7500 0.2194 3.4206 0.0237 0.0754 0.0210 0.0544 0.0152 0.0000 0.0043 0.0249
7.4000 55000.0000 -2.0000 0.2989 2.9734 0.0303 0.0791 0.0211 0.0545 0.0152 0.0000 0.0024 0.0259
7.4000 55000.0000 -2.2500 0.4202 2.5018 0.0401 0.0793 0.0212 0.0547 0.0153 0.0000 0.0012 0.0259
7.4000 55000.0000 -2.5000 0.6009 2.0009 0.0546 0.0759 0.0214 0.0550 0.0154 0.0000 0.0000 0.0248
7.4000 55000.0000 -2.7500 0.8473 1.4711 0.0753 0.0696 0.0216 0.0556 0.0156 0.0000 0.0000 0.0232
7.4000 55000.0000 -3.0000 1.1248 0.9385 0.1037 0.0611 0.0219 0.0562 0.0158 0.0000 0.0000 0.0213
7.4000 55000.0000 -3.2500 1.3294 0.4828 0.1405 0.0512 0.0223 0.0571 0.0161 0.0000 0.0000 0.0193
7.4000 55000.0000 -3.5000 1.3587 0.1924 0.1852 0.0407 0.0228 0.0583 0.0165 0.0000 0.0000 0.0173
7.4000 55000.0000 -3.7500 1.2345 0.0644 0.2337 0.0306 0.0233 0.0596 0.0169 0.0000 0.0000 0.0154
7.4000 55000.0000 -4.0000 1.0579 0.0199 0.2821 0.0219 0.0238 0.0611 0.0173 0.0000 0.0000 0.0137
7.4000 60000.0000 -1.5000 0.1326 3.9268 0.0217 0.0562 0.0200 0.0515 0.0143 0.0040 0.0099 0.0168
7.4000 60000.0000 -1.7500 0.1723 3.5072 0.0272 0.0638 0.0202 0.0519 0.0144 0.0030 0.0070 0.0195
7.4000 60000.0000 -2.0000 0.2327 3.0652 0.0352 0.0696 0.0204 0.0523 0.0145 0.0023 0.0045 0.0218
7.4000 60000.0000 -2.2500 0.3259 2.6062 0.0471 0.0724 0.0206 0.0527 0.0147 0.0019 0.0025 0.0232
7.4000 60000.0000 -2.5000 0.4689 2.1278 0.0646 0.0713 0.0208 0.0533 0.0149 0.0017 0.0012 0.0235
7.4000 60000.0000 -2.7500 0.6749 1.6263 0.0892 0.0663 0.0211 0.0541 0.0151 0.0016 0.0000 0.0227
7.4000 60000.0000 -3.0000 0.9334 1.1087 0.1222 0.0582 0.0215 0.0550 0.0154 0.0015 0.0000 0.0212
7.4000 60000.0000 -3.2500 1.1728 0.6262 0.1636 0.0483 0.0220 0.0561 0.0158 0.0014 0.0000 0.0193
7.4000 60000.0000 -3.5000 1.2772 0.2767 0.2115 0.0377 0.0226 0.0576 0.0162 0.0012 0.0000 0.0175
7.4000 60000.0000 -3.7500 1.2113 0.0983 0.2617 0.0278 0.0233 0.0594 0.0168 0.0000 0.0000 0.0157
7.4000 60000.0000 -4.0000 1.0580 0.0311 0.3101 0.0194 0.0240 0.0614 0.0174 0.0000 0.0000 0.0141
7.7000 30000.0000 -1.5000 1.0127 0.0159 0.0393 0.0452 0.0030 0.0079 0.0023 0.0000 0.0000 0.0037
7.7000 30000.0000 -1.7500 1.0654 0.0070 0.0588 0.0452 0.0024 0.0063 0.0018 0.0000 0.0000 0.0028
7.7000 30000.0000 -2.0000 1.1133 0.0031 0.0871 0.0436 0.0020 0.0051 0.0015 0.0000 0.0000 0.0022
7.7000 30000.0000 -2.2500 1.1525 0.0014 0.1258 0.0398 0.0016 0.0043 0.0013 0.0000 0.0000 0.0017
7.7000 30000.0000 -2.5000 1.1742 0.0000 0.1741 0.0339 0.0015 0.0038 0.0011 0.0000 0.0000 0.0015
7.7000 30000.0000 -2.7500 1.1682 0.0000 0.2264 0.0265 0.0013 0.0035 0.0010 0.0000 0.0000 0.0013
7.7000 30000.0000 -3.0000 1.1241 0.0000 0.2731 0.0189 0.0013 0.0033 0.0000 0.0000 0.0000 0.0012
7.7000 30000.0000 -3.2500 1.0363 0.0000 0.3051 0.0123 0.0012 0.0031 0.0000 0.0000 0.0000 0.0010
7.7000 30000.0000 -3.5000 0.9160 0.0000 0.3185 0.0074 0.0012 0.0030 0.0000 0.0000 0.0000 0.0000
7.7000 30000.0000 -3.7500 0.7872 0.0000 0.3197 0.0044 0.0011 0.0029 0.0000 0.0000 0.0000 0.0000
7.7000 30000.0000 -4.0000 0.6593 0.0000 0.3136 0.0025 0.0010 0.0026 0.0000 0.0000 0.0000 0.0000
7.7000 32500.0000 -1.5000 2.0998 0.2539 0.0489 0.0886 0.0094 0.0242 0.0069 0.0000 0.0000 0.0161
7.7000 32500.0000 -1.7500 2.2031 0.1347 0.0710 0.0864 0.0078 0.0202 0.0058 0.0000 0.0000 0.0129
7.7000 32500.0000 -2.0000 2.2473 0.0670 0.1035 0.0822 0.0066 0.0170 0.0048 0.0000 0.0000 0.0103
7.7000 32500.0000 -2.2500 2.2407 0.0315 0.1495 0.0753 0.0056 0.0145 0.0042 0.0000 0.0000 0.0084
7.7000 32500.0000 -2.5000 2.1778 0.0141 0.2098 0.0653 0.0050 0.0129 0.0037 0.0000 0.0000 0.0070
7.7000 32500.0000 -2.7500 2.0495 0.0061 0.2793 0.0526 0.0046 0.0119 0.0034 0.0000 0.0000 0.0059
7.7000 32500.0000 -3.0000 1.8552 0.0025 0.3455 0.0386 0.0043 0.0112 0.0032 0.0000 0.0000 0.0050
7.7000 32500.0000 -3.2500 1.6281 0.0011 0.3957 0.0260 0.0042 0.0108 0.0031 0.0000 0.0000 0.0043
7.7000 32500.0000 -3.5000 1.3971 0.0000 0.4239 0.0163 0.0040 0.0104 0.0030 0.0000 0.0000 0.0037
7.7000 32500.0000 -3.7500 1.1859 0.0000 0.4344 0.0098 0.0038 0.0099 0.0028 0.0000 0.0000 0.0031
7.7000 32500.0000 -4.0000 0.9971 0.0000 0.4351 0.0059 0.0034 0.0088 0.0025 0.0000 0.0000 0.0024
7.7000 35000.0000 -1.5000 2.0233 1.6892 0.0441 0.1295 0.0192 0.0496 0.0139 0.0000 0.0000 0.0445
7.7000 35000.0000 -1.7500 2.4539 1.1770 0.0631 0.1247 0.0177 0.0457 0.0128 0.0000 0.0000 0.0391
7.7000 35000.0000 -2.0000 2.7834 0.7414 0.0913 0.1180 0.0160 0.0412 0.0116 0.0000 0.0000 0.0335
7.7000 35000.0000 -2.2500 2.9425 0.4156 0.1319 0.1084 0.0145 0.0372 0.0105 0.0000 0.0000 0.0284
7.7000 35000.0000 -2.5000 2.9053 0.2064 0.1868 0.0954 0.0133 0.0342 0.0096 0.0000 0.0000 0.0240
7.7000 35000.0000 -2.7500 2.7084 0.0902 0.2548 0.0791 0.0125 0.0320 0.0090 0.0000 0.0000 0.0202
7.7000 35000.0000 -3.0000 2.4188 0.0358 0.3282 0.0612 0.0119 0.0305 0.0086 0.0000 0.0000 0.0170
7.7000 35000.0000 -3.2500 2.1080 0.0131 0.3966 0.0439 0.0114 0.0294 0.0083 0.0000 0.0000 0.0142
7.7000 35000.0000 -3.5000 1.8079 0.0046 0.4485 0.0295 0.0109 0.0281 0.0079 0.0000 0.0000 0.0119
7.7000 35000.0000 -3.7500 1.5366 0.0016 0.4818 0.0189 0.0101 0.0259 0.0073 0.0000 0.0000 0.0095
7.7000 35000.0000 -4.0000 1.2922 0.0000 0.5000 0.0117 0.0088 0.0228 0.0065 0.0000 0.0000 0.0073
7.7000 37500.0000 -1.5000 0.9841 3.1446 0.0343 0.1407 0.0212 0.0545 0.0153 0.0000 0.0000 0.0546
7.7000 37500.0000 -1.7500 1.3207 2.6356 0.0471 0.1371 0.0212 0.0545 0.0153 0.0000 0.0000 0.0526
7.7000 37500.0000 -2.0000 1.7346 2.0671 0.0670 0.1313 0.0212 0.0543 0.0152 0.0000 0.0000 0.0501
7.7000 37500.0000 -2.2500 2.1685 1.4638 0.0969 0.1227 0.0210 0.0538 0.0151 0.0000 0.0000 0.0469
7.7000 37500.0000 -2.5000 2.5076 0.8989 0.1399 0.1109 0.0207 0.0530 0.0149 0.0000 0.0000 0.0429
7.7000 37500.0000 -2.7500 2.6448 0.4628 0.1976 0.0958 0.0203 0.0519 0.0146 0.0000 0.0000 0.0381
7.7000 37500.0000 -3.0000 2.5525 0.1995 0.2673 0.0782 0.0197 0.0503 0.0142 0.0000 0.0000 0.0329
7.7000 37500.0000 -3.2500 2.3102 0.0735 0.3431 0.0595 0.0189 0.0484 0.0136 0.0000 0.0000 0.0277
7.7000 37500.0000 -3.5000 2.0085 0.0246 0.4130 0.0422 0.0179 0.0458 0.0129 0.0000 0.0000 0.0227
7.7000 37500.0000 -3.7500 1.7096 0.0078 0.4683 0.0281 0.0166 0.0425 0.0120 0.0000 0.0000 0.0182
7.7000 37500.0000 -4.0000 1.4356 0.0024 0.5066 0.0178 0.0150 0.0385 0.0109 0.0000 0.0000 0.0142
7.7000 40000.0000 -1.5000 0.4687 4.5938 0.0316 0.1426 0.0213 0.0550 0.0154 0.0000 0.0023 0.0604
7.7000 40000.0000 -1.7500 0.6311 4.0738 0.0407 0.1448 0.0214 0.0551 0.0154 0.0000 0.0013 0.0592
7.7000 40000.0000 -2.0000 0.8679 3.5131 0.0548 0.1427 0.0215 0.0551 0.0154 0.0000 0.0000 0.0572
7.7000 40000.0000 -2.2500 1.2009 2.8755 0.0760 0.1366 0.0215 0.0552 0.0155 0.0000 0.0000 0.0544
7.7000 40000.0000 -2.5000 1.6270 2.1545 0.1075 0.1267 0.0216 0.0552 0.0155 0.0000 0.0000 0.0510
7.7000 40000.0000 -2.7500 2.0748 1.4035 0.1527 0.1135 0.0216 0.0552 0.0155 0.0000 0.0000 0.0470
7.7000 40000.0000 -3.0000 2.3928 0.7498 0.2137 0.0973 0.0216 0.0552 0.0155 0.0000 0.0000 0.0427
7.7000 40000.0000 -3.2500 2.4437 0.3191 0.2893 0.0789 0.0215 0.0551 0.0155 0.0000 0.0000 0.0380
7.7000 40000.0000 -3.5000 2.2497 0.1133 0.3711 0.0598 0.0214 0.0548 0.0155 0.0000 0.0000 0.0330
7.7000 40000.0000 -3.7500 1.9536 0.0362 0.4492 0.0424 0.0211 0.0541 0.0153 0.0000 0.0000 0.0281
7.7000 40000.0000 -4.0000 1.6493 0.0110 0.5153 0.0284 0.0206 0.0527 0.0149 0.0000 0.0000 0.0235
7.7000 45000.0000 -1.5000 0.4015 5.3466 0.0322 0.1400 0.0215 0.0554 0.0155 0.0000 0.0074 0.0553
7.7000 45000.0000 -1.7500 0.5377 4.7542 0.0408 0.1465 0.0216 0.0555 0.0155 0.0000 0.0044 0.0576
7.7000 45000.0000 -2.0000 0.7391 4.1250 0.0535 0.1475 0.0217 0.0556 0.0156 0.0000 0.0024 0.0579
7.7000 45000.0000 -2.2500 1.0338 3.4308 0.0727 0.1432 0.0217 0.0557 0.0156 0.0000 0.0012 0.0565
7.7000 45000.0000 -2.5000 1.4391 2.6550 0.1013 0.1343 0.0218 0.0558 0.0157 0.0000 0.0000 0.0538
7.7000 45000.0000 -2.7500 1.9211 1.8255 0.1427 0.1218 0.0219 0.0560 0.0157 0.0000 0.0000 0.0502
7.7000 45000.0000 -3.0000 2.3411 1.0464 0.1995 0.1062 0.0220 0.0562 0.0158 0.0000 0.0000 0.0461
7.7000 45000.0000 -3.2500 2.5163 0.4767 0.2720 0.0881 0.0221 0.0565 0.0159 0.0000 0.0000 0.0416
7.7000 45000.0000 -3.5000 2.3897 0.1734 0.3564 0.0686 0.0222 0.0567 0.0160 0.0000 0.0000 0.0367
7.7000 45000.0000 -3.7500 2.0962 0.0558 0.4414 0.0502 0.0222 0.0568 0.0161 0.0000 0.0000 0.0319
7.7000 45000.0000 -4.0000 1.7762 0.0170 0.5197 0.0347 0.0221 0.0566 0.0160 0.0000 0.0000 0.0274
7.7000 50000.0000 -1.5000 0.2962 5.8461 0.0352 0.1197 0.0213 0.0549 0.0154 0.0021 0.0130 0.0468
7.7000 50000.0000 -1.7500 0.3927 5.2456 0.0440 0.1320 0.0214 0.0551 0.0154 0.0016 0.0085 0.0517
7.7000 50000.0000 -2.0000 0.5381 4.6101 0.0571 0.1392 0.0215 0.0552 0.0155 0.0012 0.0050 0.0548
7.7000 50000.0000 -2.2500 0.7592 3.9247 0.0769 0.1400 0.0216 0.0554 0.0155 0.0010 0.0026 0.0557
7.7000 50000.0000 -2.5000 1.0852 3.1692 0.1060 0.1346 0.0217 0.0557 0.0156 0.0000 0.0012 0.0545
7.7000 50000.0000 -2.7500 1.5230 2.3397 0.1479 0.1239 0.0219 0.0561 0.0158 0.0000 0.0000 0.0516
7.7000 50000.0000 -3.0000 2.0022 1.4894 0.2053 0.1091 0.0221 0.0565 0.0159 0.0000 0.0000 0.0479
7.7000 50000.0000 -3.2500 2.3399 0.7628 0.2789 0.0914 0.0223 0.0571 0.0161 0.0000 0.0000 0.0436
7.7000 50000.0000 -3.5000 2.3737 0.3063 0.3651 0.0722 0.0226 0.0578 0.0164 0.0000 0.0000 0.0391
7.7000 50000.0000 -3.7500 2.1562 0.1026 0.4558 0.0534 0.0229 0.0586 0.0166 0.0000 0.0000 0.0345
7.7000 50000.0000 -4.0000 1.8496 0.0317 0.5416 0.0374 0.0232 0.0593 0.0168 0.0000 0.0000 0.0301
7.7000 55000.0000 -1.5000 0.2965 6.3663 0.0359 0.1225 0.0214 0.0556 0.0156 0.0000 0.0132 0.0516
7.7000 55000.0000 -1.7500 0.3918 5.6931 0.0445 0.1350 0.0215 0.0556 0.0156 0.0000 0.0085 0.0562
7.7000 55000.0000 -2.0000 0.5363 4.9883 0.0574 0.1429 0.0216 0.0556 0.0156 0.0000 0.0049 0.0588
7.7000 55000.0000 -2.2500 0.7570 4.2403 0.0765 0.1444 0.0217 0.0558 0.0157 0.0000 0.0025 0.0591
7.7000 55000.0000 -2.5000 1.0839 3.4319 0.1046 0.1393 0.0218 0.0560 0.0157 0.0000 0.0011 0.0573
7.7000 55000.0000 -2.7500 1.5279 2.5517 0.1445 0.1288 0.0220 0.0564 0.0159 0.0000 0.0000 0.0541
7.7000 55000.0000 -3.0000 2.0259 1.6467 0.1994 0.1140 0.0222 0.0570 0.0161 0.0000 0.0000 0.0501
7.7000 55000.0000 -3.2500 2.3990 0.8582 0.2704 0.0964 0.0226 0.0579 0.0163 0.0000 0.0000 0.0458
7.7000 55000.0000 -3.5000 2.4625 0.3463 0.3564 0.0771 0.0230 0.0589 0.0167 0.0000 0.0000 0.0414
7.7000 55000.0000 -3.7500 2.2437 0.1168 0.4490 0.0581 0.0235 0.0603 0.0171 0.0000 0.0000 0.0370
7.7000 55000.0000 -4.0000 1.9270 0.0362 0.5411 0.0417 0.0241 0.0617 0.0175 0.0000 0.0000 0.0330
7.7000 60000.0000 -1.5000 0.2403 6.6098 0.0410 0.1008 0.0206 0.0530 0.0147 0.0040 0.0202 0.0386
7.7000 60000.0000 -1.7500 0.3142 5.9421 0.0515 0.1154 0.0208 0.0533 0.0148 0.0030 0.0145 0.0448
7.7000 60000.0000 -2.0000 0.4265 5.2375 0.0672 0.1272 0.0209 0.0536 0.0150 0.0024 0.0092 0.0503
7.7000 60000.0000 -2.2500 0.5998 4.4994 0.0904 0.1334 0.0211 0.0540 0.0151 0.0020 0.0051 0.0539
7.7000 60000.0000 -2.5000 0.8637 3.7160 0.1244 0.1322 0.0213 0.0544 0.0152 0.0017 0.0024 0.0549
7.7000 60000.0000 -2.7500 1.2413 2.8708 0.1722 0.1237 0.0215 0.0550 0.0154 0.0016 0.0000 0.0534
7.7000 60000.0000 -3.0000 1.7107 1.9760 0.2360 0.1095 0.0218 0.0558 0.0157 0.0015 0.0000 0.0502
7.7000 60000.0000 -3.2500 2.1468 1.1273 0.3161 0.0914 0.0223 0.0569 0.0160 0.0014 0.0000 0.0463
7.7000 60000.0000 -3.5000 2.3396 0.5026 0.4086 0.0717 0.0228 0.0583 0.0165 0.0012 0.0000 0.0421
7.7000 60000.0000 -3.7500 2.2236 0.1799 0.5051 0.0529 0.0235 0.0600 0.0170 0.0000 0.0000 0.0380
7.7000 60000.0000 -4.0000 1.9463 0.0572 0.5974 0.0370 0.0243 0.0620 0.0176 0.0000 0.0000 0.0341
8.0000 30000.0000 -1.5000 1.2240 0.0187 0.0631 0.0712 0.0030 0.0079 0.0023 0.0000 0.0000 0.0043
8.0000 30000.0000 -1.7500 1.2772 0.0083 0.0936 0.0707 0.0024 0.0062 0.0018 0.0000 0.0000 0.0032
8.0000 30000.0000 -2.0000 1.3269 0.0038 0.1375 0.0674 0.0020 0.0051 0.0015 0.0000 0.0000 0.0025
8.0000 30000.0000 -2.2500 1.3638 0.0017 0.1968 0.0609 0.0017 0.0043 0.0013 0.0000 0.0000 0.0020
8.0000 30000.0000 -2.5000 1.3816 0.0000 0.2695 0.0513 0.0015 0.0039 0.0011 0.0000 0.0000 0.0017
8.0000 30000.0000 -2.7500 1.3649 0.0000 0.3463 0.0395 0.0014 0.0036 0.0010 0.0000 0.0000 0.0015
8.0000 30000.0000 -3.0000 1.2990 0.0000 0.4121 0.0277 0.0013 0.0034 0.0010 0.0000 0.0000 0.0014
8.0000 30000.0000 -3.2500 1.1779 0.0000 0.4531 0.0178 0.0012 0.0032 0.0000 0.0000 0.0000 0.0012
8.0000 30000.0000 -3.5000 1.0133 0.0000 0.4652 0.0106 0.0012 0.0032 0.0000 0.0000 0.0000 0.0010
8.0000 30000.0000 -3.7500 0.8249 0.0000 0.4522 0.0061 0.0012 0.0030 0.0000 0.0000 0.0000 0.0000
8.0000 30000.0000 -4.0000 0.6426 0.0000 0.4269 0.0034 0.0010 0.0027 0.0000 0.0000 0.0000 0.0000
8.0000 32500.0000 -1.5000 2.5354 0.2884 0.0778 0.1365 0.0092 0.0239 0.0068 0.0000 0.0000 0.0181
8.0000 32500.0000 -1.7500 2.6308 0.1542 0.1126 0.1325 0.0077 0.0199 0.0057 0.0000 0.0000 0.0145
8.0000 32500.0000 -2.0000 2.6659 0.0772 0.1634 0.1254 0.0065 0.0167 0.0048 0.0000 0.0000 0.0116
8.0000 32500.0000 -2.2500 2.6459 0.0369 0.2346 0.1142 0.0056 0.0145 0.0041 0.0000 0.0000 0.0095
8.0000 32500.0000 -2.5000 2.5642 0.0169 0.3267 0.0982 0.0050 0.0130 0.0037 0.0000 0.0000 0.0079
8.0000 32500.0000 -2.7500 2.4068 0.0075 0.4307 0.0783 0.0047 0.0120 0.0034 0.0000 0.0000 0.0067
8.0000 32500.0000 -3.0000 2.1710 0.0032 0.5267 0.0569 0.0044 0.0114 0.0033 0.0000 0.0000 0.0057
8.0000 32500.0000 -3.2500 1.8884 0.0014 0.5951 0.0379 0.0043 0.0110 0.0031 0.0000 0.0000 0.0049
8.0000 32500.0000 -3.5000 1.5880 0.0000 0.6264 0.0235 0.0041 0.0106 0.0030 0.0000 0.0000 0.0041
8.0000 32500.0000 -3.7500 1.3041 0.0000 0.6283 0.0140 0.0039 0.0100 0.0028 0.0000 0.0000 0.0034
8.0000 32500.0000 -4.0000 1.0484 0.0000 0.6136 0.0082 0.0034 0.0088 0.0025 0.0000 0.0000 0.0026
8.0000 35000.0000 -1.5000 2.5878 1.9528 0.0704 0.1948 0.0192 0.0496 0.0139 0.0000 0.0000 0.0503
8.0000 35000.0000 -1.7500 3.0563 1.3488 0.1008 0.1882 0.0176 0.0454 0.0128 0.0000 0.0000 0.0439
8.0000 35000.0000 -2.0000 3.4019 0.8504 0.1458 0.1785 0.0159 0.0410 0.0116 0.0000 0.0000 0.0377
8.0000 35000.0000 -2.2500 3.5582 0.4808 0.2103 0.1642 0.0144 0.0371 0.0105 0.0000 0.0000 0.0322
8.0000 35000.0000 -2.5000 3.5005 0.2427 0.2970 0.1444 0.0133 0.0342 0.0097 0.0000 0.0000 0.0274
8.0000 35000.0000 -2.7500 3.2699 0.1086 0.4028 0.1196 0.0125 0.0322 0.0091 0.0000 0.0000 0.0232
8.0000 35000.0000 -3.0000 2.9342 0.0442 0.5154 0.0922 0.0120 0.0309 0.0087 0.0000 0.0000 0.0196
8.0000 35000.0000 -3.2500 2.5664 0.0166 0.6173 0.0660 0.0116 0.0298 0.0084 0.0000 0.0000 0.0166
8.0000 35000.0000 -3.5000 2.1959 0.0060 0.6912 0.0442 0.0110 0.0283 0.0080 0.0000 0.0000 0.0138
8.0000 35000.0000 -3.7500 1.8401 0.0020 0.7324 0.0280 0.0101 0.0259 0.0074 0.0000 0.0000 0.0110
8.0000 35000.0000 -4.0000 1.5115 0.0000 0.7481 0.0172 0.0088 0.0227 0.0065 0.0000 0.0000 0.0084
8.0000 37500.0000 -1.5000 1.3223 3.8839 0.0552 0.2111 0.0215 0.0554 0.0156 0.0000 0.0000 0.0639
8.0000 37500.0000 -1.7500 1.7417 3.2183 0.0761 0.2061 0.0215 0.0553 0.0156 0.0000 0.0000 0.0616
8.0000 37500.0000 -2.0000 2.2462 2.5044 0.1085 0.1982 0.0215 0.0551 0.0155 0.0000 0.0000 0.0589
8.0000 37500.0000 -2.2500 2.7639 1.7689 0.1576 0.1865 0.0213 0.0546 0.0154 0.0000 0.0000 0.0556
8.0000 37500.0000 -2.5000 3.1679 1.0931 0.2281 0.1698 0.0209 0.0537 0.0151 0.0000 0.0000 0.0512
8.0000 37500.0000 -2.7500 3.3423 0.5721 0.3225 0.1477 0.0204 0.0524 0.0148 0.0000 0.0000 0.0459
8.0000 37500.0000 -3.0000 3.2440 0.2522 0.4348 0.1210 0.0198 0.0508 0.0144 0.0000 0.0000 0.0400
8.0000 37500.0000 -3.2500 2.9611 0.0952 0.5552 0.0923 0.0190 0.0488 0.0138 0.0000 0.0000 0.0339
8.0000 37500.0000 -3.5000 2.5833 0.0325 0.6628 0.0654 0.0180 0.0461 0.0131 0.0000 0.0000 0.0278
8.0000 37500.0000 -3.7500 2.1894 0.0104 0.7437 0.0433 0.0166 0.0427 0.0121 0.0000 0.0000 0.0222
8.0000 37500.0000 -4.0000 1.8135 0.0032 0.7943 0.0273 0.0150 0.0386 0.0109 0.0000 0.0000 0.0172
8.0000 40000.0000 -1.5000 0.6881 6.0762 0.0530 0.2196 0.0217 0.0559 0.0157 0.0000 0.0022 0.0734
8.0000 40000.0000 -1.7500 0.9160 5.3456 0.0686 0.2230 0.0218 0.0560 0.0157 0.0000 0.0012 0.0718
8.0000 40000.0000 -2.0000 1.2453 4.5854 0.0923 0.2205 0.0218 0.0560 0.0157 0.0000 0.0000 0.0694
8.0000 40000.0000 -2.2500 1.7028 3.7456 0.1285 0.2124 0.0219 0.0560 0.0158 0.0000 0.0000 0.0664
8.0000 40000.0000 -2.5000 2.2807 2.8157 0.1826 0.1992 0.0219 0.0561 0.0158 0.0000 0.0000 0.0630
8.0000 40000.0000 -2.7500 2.8896 1.8550 0.2607 0.1810 0.0219 0.0561 0.0158 0.0000 0.0000 0.0592
8.0000 40000.0000 -3.0000 3.3399 1.0120 0.3665 0.1575 0.0219 0.0560 0.0158 0.0000 0.0000 0.0547
8.0000 40000.0000 -3.2500 3.4378 0.4422 0.4963 0.1290 0.0218 0.0558 0.0158 0.0000 0.0000 0.0494
8.0000 40000.0000 -3.5000 3.1888 0.1606 0.6342 0.0983 0.0216 0.0555 0.0157 0.0000 0.0000 0.0433
8.0000 40000.0000 -3.7500 2.7771 0.0520 0.7621 0.0697 0.0213 0.0547 0.0155 0.0000 0.0000 0.0370
8.0000 40000.0000 -4.0000 2.3348 0.0159 0.8658 0.0466 0.0208 0.0533 0.0151 0.0000 0.0000 0.0309
8.0000 45000.0000 -1.5000 0.6110 7.3193 0.0554 0.2204 0.0220 0.0565 0.0159 0.0000 0.0075 0.0692
8.0000 45000.0000 -1.7500 0.8123 6.4673 0.0701 0.2302 0.0220 0.0565 0.0159 0.0000 0.0044 0.0718
8.0000 45000.0000 -2.0000 1.1090 5.5933 0.0922 0.2325 0.0221 0.0566 0.0159 0.0000 0.0024 0.0722
8.0000 45000.0000 -2.2500 1.5401 4.6552 0.1259 0.2273 0.0221 0.0566 0.0159 0.0000 0.0012 0.0708
8.0000 45000.0000 -2.5000 2.1267 3.6228 0.1764 0.2158 0.0222 0.0567 0.0160 0.0000 0.0000 0.0682
8.0000 45000.0000 -2.7500 2.8189 2.5203 0.2495 0.1987 0.0222 0.0569 0.0161 0.0000 0.0000 0.0648
8.0000 45000.0000 -3.0000 3.4334 1.4733 0.3503 0.1761 0.0223 0.0571 0.0161 0.0000 0.0000 0.0606
8.0000 45000.0000 -3.2500 3.7151 0.6874 0.4790 0.1481 0.0224 0.0573 0.0162 0.0000 0.0000 0.0556
8.0000 45000.0000 -3.5000 3.5630 0.2568 0.6262 0.1163 0.0225 0.0575 0.0163 0.0000 0.0000 0.0497
8.0000 45000.0000 -3.7500 3.1408 0.0841 0.7715 0.0853 0.0225 0.0576 0.0163 0.0000 0.0000 0.0434
8.0000 45000.0000 -4.0000 2.6586 0.0259 0.9007 0.0590 0.0224 0.0573 0.0163 0.0000 0.0000 0.0373
8.0000 50000.0000 -1.5000 0.4718 8.2902 0.0617 0.1933 0.0218 0.0561 0.0158 0.0020 0.0138 0.0604
8.0000 50000.0000 -1.7500 0.6231 7.4007 0.0774 0.2126 0.0219 0.0562 0.0158 0.0015 0.0089 0.0664
8.0000 50000.0000 -2.0000 0.8509 6.4955 0.1009 0.2245 0.0220 0.0563 0.0158 0.0012 0.0052 0.0703
8.0000 50000.0000 -2.2500 1.1944 5.5419 0.1363 0.2271 0.0221 0.0565 0.0159 0.0000 0.0027 0.0717
8.0000 50000.0000 -2.5000 1.6953 4.5061 0.1886 0.2206 0.0222 0.0567 0.0160 0.0000 0.0012 0.0707
8.0000 50000.0000 -2.7500 2.3580 3.3651 0.2640 0.2059 0.0223 0.0570 0.0161 0.0000 0.0000 0.0680
8.0000 50000.0000 -3.0000 3.0782 2.1768 0.3674 0.1842 0.0225 0.0575 0.0162 0.0000 0.0000 0.0642
8.0000 50000.0000 -3.2500 3.5989 1.1385 0.5001 0.1564 0.0227 0.0580 0.0164 0.0000 0.0000 0.0595
8.0000 50000.0000 -3.5000 3.6739 0.4676 0.6542 0.1247 0.0229 0.0587 0.0166 0.0000 0.0000 0.0540
8.0000 50000.0000 -3.7500 3.3547 0.1596 0.8132 0.0928 0.0232 0.0595 0.0169 0.0000 0.0000 0.0480
8.0000 50000.0000 -4.0000 2.8759 0.0499 0.9588 0.0650 0.0235 0.0602 0.0171 0.0000 0.0000 0.0420
8.0000 55000.0000 -1.5000 0.4818 9.2904 0.0636 0.2016 0.0220 0.0569 0.0160 0.0000 0.0144 0.0678
8.0000 55000.0000 -1.7500 0.6376 8.2987 0.0796 0.2225 0.0221 0.0569 0.0160 0.0000 0.0092 0.0737
8.0000 55000.0000 -2.0000 0.8739 7.2859 0.1032 0.2361 0.0221 0.0569 0.0160 0.0000 0.0052 0.0772
8.0000 55000.0000 -2.2500 1.2333 6.2303 0.1382 0.2403 0.0222 0.0570 0.0160 0.0000 0.0027 0.0780
8.0000 55000.0000 -2.5000 1.7605 5.0881 0.1897 0.2344 0.0223 0.0572 0.0161 0.0000 0.0012 0.0764
8.0000 55000.0000 -2.7500 2.4673 3.8335 0.2632 0.2197 0.0224 0.0575 0.0162 0.0000 0.0000 0.0732
8.0000 55000.0000 -3.0000 3.2528 2.5145 0.3641 0.1975 0.0227 0.0581 0.0164 0.0000 0.0000 0.0689
8.0000 55000.0000 -3.2500 3.8507 1.3361 0.4948 0.1692 0.0230 0.0589 0.0167 0.0000 0.0000 0.0640
8.0000 55000.0000 -3.5000 3.9731 0.5506 0.6518 0.1366 0.0234 0.0599 0.0170 0.0000 0.0000 0.0586
8.0000 55000.0000 -3.7500 3.6360 0.1888 0.8175 0.1035 0.0239 0.0612 0.0174 0.0000 0.0000 0.0528
8.0000 55000.0000 -4.0000 3.1227 0.0591 0.9783 0.0742 0.0244 0.0627 0.0178 0.0000 0.0000 0.0471
8.0000 60000.0000 -1.5000 0.4029 9.8898 0.0738 0.1689 0.0213 0.0546 0.0153 0.0039 0.0228 0.0521
8.0000 60000.0000 -1.7500 0.5285 8.8921 0.0934 0.1939 0.0214 0.0548 0.0153 0.0029 0.0162 0.0604
8.0000 60000.0000 -2.0000 0.7196 7.8657 0.1225 0.2144 0.0215 0.0551 0.0154 0.0024 0.0103 0.0678
8.0000 60000.0000 -2.2500 1.0134 6.8081 0.1656 0.2262 0.0216 0.0553 0.0155 0.0020 0.0057 0.0730
8.0000 60000.0000 -2.5000 1.4552 5.6778 0.2286 0.2261 0.0218 0.0557 0.0157 0.0018 0.0027 0.0748
8.0000 60000.0000 -2.7500 2.0765 4.4426 0.3169 0.2141 0.0220 0.0562 0.0158 0.0016 0.0011 0.0736
8.0000 60000.0000 -3.0000 2.8386 3.1033 0.4351 0.1918 0.0223 0.0570 0.0161 0.0015 0.0000 0.0702
8.0000 60000.0000 -3.2500 3.5441 1.7991 0.5834 0.1620 0.0227 0.0580 0.0164 0.0014 0.0000 0.0656
8.0000 60000.0000 -3.5000 3.8620 0.8148 0.7532 0.1283 0.0232 0.0594 0.0168 0.0012 0.0000 0.0603
8.0000 60000.0000 -3.7500 3.6781 0.2957 0.9280 0.0950 0.0239 0.0611 0.0173 0.0000 0.0000 0.0547
8.0000 60000.0000 -4.0000 3.2199 0.0949 1.0910 0.0666 0.0247 0.0631 0.0179 0.0000 0.0000 0.0493
8.3000 30000.0000 -1.5000 1.1527 0.0175 0.0893 0.1006 0.0030 0.0079 0.0023 0.0000 0.0000 0.0068
8.3000 30000.0000 -1.7500 1.1839 0.0079 0.1306 0.0985 0.0024 0.0062 0.0018 0.0000 0.0000 0.0051
8.3000 30000.0000 -2.0000 1.2068 0.0037 0.1886 0.0924 0.0020 0.0051 0.0015 0.0000 0.0000 0.0040
8.3000 30000.0000 -2.2500 1.2138 0.0017 0.2647 0.0818 0.0017 0.0044 0.0013 0.0000 0.0000 0.0032
8.3000 30000.0000 -2.5000 1.1892 0.0000 0.3527 0.0669 0.0015 0.0040 0.0012 0.0000 0.0000 0.0027
8.3000 30000.0000 -2.7500 1.1177 0.0000 0.4363 0.0498 0.0014 0.0037 0.0011 0.0000 0.0000 0.0024
8.3000 30000.0000 -3.0000 0.9771 0.0000 0.4900 0.0330 0.0013 0.0035 0.0010 0.0000 0.0000 0.0021
8.3000 30000.0000 -3.2500 0.7704 0.0000 0.4938 0.0195 0.0013 0.0034 0.0000 0.0000 0.0000 0.0017
8.3000 30000.0000 -3.5000 0.5352 0.0000 0.4490 0.0104 0.0013 0.0033 0.0000 0.0000 0.0000 0.0013
8.3000 30000.0000 -3.7500 0.3399 0.0000 0.3806 0.0052 0.0012 0.0031 0.0000 0.0000 0.0000 0.0000
8.3000 30000.0000 -4.0000 0.2149 0.0000 0.3212 0.0027 0.0010 0.0028 0.0000 0.0000 0.0000 0.0000
8.3000 32500.0000 -1.5000 2.4472 0.2610 0.1100 0.1901 0.0090 0.0235 0.0067 0.0000 0.0000 0.0284
8.3000 32500.0000 -1.7500 2.4900 0.1420 0.1578 0.1831 0.0075 0.0195 0.0056 0.0000 0.0000 0.0228
8.3000 32500.0000 -2.0000 2.4764 0.0725 0.2262 0.1712 0.0064 0.0165 0.0047 0.0000 0.0000 0.0183
8.3000 32500.0000 -2.2500 2.4082 0.0350 0.3199 0.1534 0.0055 0.0144 0.0041 0.0000 0.0000 0.0149
8.3000 32500.0000 -2.5000 2.2668 0.0163 0.4353 0.1290 0.0050 0.0130 0.0037 0.0000 0.0000 0.0124
8.3000 32500.0000 -2.7500 2.0346 0.0072 0.5543 0.0994 0.0047 0.0122 0.0035 0.0000 0.0000 0.0104
8.3000 32500.0000 -3.0000 1.7101 0.0031 0.6440 0.0689 0.0045 0.0117 0.0033 0.0000 0.0000 0.0087
8.3000 32500.0000 -3.2500 1.3242 0.0013 0.6747 0.0428 0.0043 0.0113 0.0032 0.0000 0.0000 0.0070
8.3000 32500.0000 -3.5000 0.9372 0.0000 0.6400 0.0241 0.0042 0.0109 0.0031 0.0000 0.0000 0.0053
8.3000 32500.0000 -3.7500 0.6265 0.0000 0.5705 0.0128 0.0039 0.0101 0.0029 0.0000 0.0000 0.0037
8.3000 32500.0000 -4.0000 0.4218 0.0000 0.5055 0.0069 0.0033 0.0088 0.0025 0.0000 0.0000 0.0025
8.3000 35000.0000 -1.5000 2.7050 1.7938 0.0999 0.2650 0.0191 0.0493 0.0139 0.0000 0.0000 0.0788
8.3000 35000.0000 -1.7500 3.0620 1.2363 0.1426 0.2563 0.0174 0.0449 0.0127 0.0000 0.0000 0.0685
8.3000 35000.0000 -2.0000 3.2957 0.7839 0.2051 0.2425 0.0157 0.0405 0.0115 0.0000 0.0000 0.0590
8.3000 35000.0000 -2.2500 3.3477 0.4476 0.2926 0.2213 0.0143 0.0369 0.0105 0.0000 0.0000 0.0504
8.3000 35000.0000 -2.5000 3.2065 0.2264 0.4066 0.1918 0.0132 0.0342 0.0097 0.0000 0.0000 0.0428
8.3000 35000.0000 -2.7500 2.8887 0.1022 0.5360 0.1553 0.0126 0.0325 0.0092 0.0000 0.0000 0.0360
8.3000 35000.0000 -3.0000 2.4634 0.0413 0.6592 0.1158 0.0121 0.0312 0.0089 0.0000 0.0000 0.0299
8.3000 35000.0000 -3.2500 1.9959 0.0152 0.7471 0.0792 0.0117 0.0303 0.0086 0.0000 0.0000 0.0243
8.3000 35000.0000 -3.5000 1.5233 0.0051 0.7776 0.0496 0.0110 0.0286 0.0081 0.0000 0.0000 0.0188
8.3000 35000.0000 -3.7500 1.1084 0.0015 0.7579 0.0290 0.0100 0.0259 0.0074 0.0000 0.0000 0.0136
8.3000 35000.0000 -4.0000 0.7904 0.0000 0.7136 0.0166 0.0086 0.0224 0.0064 0.0000 0.0000 0.0094
8.3000 37500.0000 -1.5000 1.4597 3.8579 0.0790 0.2826 0.0219 0.0565 0.0159 0.0000 0.0000 0.1036
8.3000 37500.0000 -1.7500 1.8603 3.1360 0.1086 0.2758 0.0219 0.0564 0.0159 0.0000 0.0000 0.0997
8.3000 37500.0000 -2.0000 2.3144 2.4054 0.1547 0.2657 0.0218 0.0561 0.0158 0.0000 0.0000 0.0954
8.3000 37500.0000 -2.2500 2.7481 1.6861 0.2241 0.2504 0.0215 0.0554 0.0157 0.0000 0.0000 0.0900
8.3000 37500.0000 -2.5000 3.0495 1.0406 0.3219 0.2275 0.0212 0.0544 0.0154 0.0000 0.0000 0.0829
8.3000 37500.0000 -2.7500 3.1223 0.5454 0.4474 0.1961 0.0206 0.0531 0.0150 0.0000 0.0000 0.0739
8.3000 37500.0000 -3.0000 2.9206 0.2389 0.5872 0.1575 0.0200 0.0514 0.0146 0.0000 0.0000 0.0635
8.3000 37500.0000 -3.2500 2.5189 0.0882 0.7190 0.1160 0.0191 0.0493 0.0140 0.0000 0.0000 0.0521
8.3000 37500.0000 -3.5000 2.0230 0.0286 0.8114 0.0781 0.0180 0.0465 0.0132 0.0000 0.0000 0.0408
8.3000 37500.0000 -3.7500 1.5371 0.0084 0.8496 0.0485 0.0165 0.0428 0.0122 0.0000 0.0000 0.0304
8.3000 37500.0000 -4.0000 1.1310 0.0024 0.8441 0.0288 0.0148 0.0384 0.0109 0.0000 0.0000 0.0219
8.3000 40000.0000 -1.5000 0.8446 6.5716 0.0805 0.3007 0.0221 0.0571 0.0161 0.0000 0.0027 0.1236
8.3000 40000.0000 -1.7500 1.1009 5.6853 0.1036 0.3044 0.0222 0.0571 0.0161 0.0000 0.0014 0.1200
8.3000 40000.0000 -2.0000 1.4600 4.7970 0.1391 0.3005 0.0222 0.0571 0.0161 0.0000 0.0000 0.1156
8.3000 40000.0000 -2.2500 1.9391 3.8613 0.1930 0.2899 0.0222 0.0571 0.0161 0.0000 0.0000 0.1109
8.3000 40000.0000 -2.5000 2.5154 2.8714 0.2738 0.2731 0.0222 0.0571 0.0162 0.0000 0.0000 0.1060
8.3000 40000.0000 -2.7500 3.0935 1.8880 0.3896 0.2497 0.0222 0.0571 0.0162 0.0000 0.0000 0.1007
8.3000 40000.0000 -3.0000 3.4705 1.0320 0.5420 0.2175 0.0222 0.0570 0.0161 0.0000 0.0000 0.0937
8.3000 40000.0000 -3.2500 3.4453 0.4484 0.7174 0.1759 0.0221 0.0568 0.0161 0.0000 0.0000 0.0841
8.3000 40000.0000 -3.5000 3.0537 0.1591 0.8864 0.1306 0.0219 0.0564 0.0160 0.0000 0.0000 0.0723
8.3000 40000.0000 -3.7500 2.4854 0.0490 1.0157 0.0890 0.0215 0.0555 0.0158 0.0000 0.0000 0.0596
8.3000 40000.0000 -4.0000 1.9295 0.0141 1.0928 0.0571 0.0209 0.0540 0.0153 0.0000 0.0000 0.0477
8.3000 45000.0000 -1.5000 0.7838 8.2504 0.0862 0.3080 0.0224 0.0576 0.0162 0.0000 0.0097 0.1208
8.3000 45000.0000 -1.7500 1.0259 7.1784 0.1089 0.3207 0.0224 0.0576 0.0163 0.0000 0.0056 0.1240
8.3000 45000.0000 -2.0000 1.3762 6.1206 0.1433 0.3234 0.0224 0.0576 0.0163 0.0000 0.0030 0.1240
8.3000 45000.0000 -2.2500 1.8695 5.0303 0.1953 0.3169 0.0225 0.0577 0.0163 0.0000 0.0014 0.1216
8.3000 45000.0000 -2.5000 2.5124 3.8795 0.2730 0.3026 0.0225 0.0578 0.0164 0.0000 0.0000 0.1179
8.3000 45000.0000 -2.7500 3.2317 2.6896 0.3852 0.2809 0.0226 0.0579 0.0164 0.0000 0.0000 0.1133
8.3000 45000.0000 -3.0000 3.8324 1.5791 0.5377 0.2507 0.0226 0.0581 0.0165 0.0000 0.0000 0.1073
8.3000 45000.0000 -3.2500 4.0482 0.7370 0.7271 0.2104 0.0227 0.0584 0.0166 0.0000 0.0000 0.0990
8.3000 45000.0000 -3.5000 3.7487 0.2738 0.9252 0.1628 0.0228 0.0586 0.0166 0.0000 0.0000 0.0878
8.3000 45000.0000 -3.7500 3.1522 0.0870 1.0992 0.1162 0.0228 0.0586 0.0167 0.0000 0.0000 0.0751
8.3000 45000.0000 -4.0000 2.5158 0.0257 1.2281 0.0780 0.0226 0.0583 0.0166 0.0000 0.0000 0.0625
8.3000 50000.0000 -1.5000 0.6456 9.7918 0.0990 0.2780 0.0223 0.0573 0.0162 0.0019 0.0188 0.1100
8.3000 50000.0000 -1.7500 0.8429 8.6054 0.1242 0.3041 0.0223 0.0574 0.0162 0.0014 0.0119 0.1193
8.3000 50000.0000 -2.0000 1.1349 7.4489 0.1619 0.3201 0.0224 0.0575 0.0162 0.0011 0.0067 0.1251
8.3000 50000.0000 -2.2500 1.5643 6.2852 0.2181 0.3239 0.0225 0.0577 0.0163 0.0000 0.0034 0.1269
8.3000 50000.0000 -2.5000 2.1652 5.0650 0.3010 0.3157 0.0226 0.0579 0.0164 0.0000 0.0016 0.1255
8.3000 50000.0000 -2.7500 2.9155 3.7600 0.4194 0.2967 0.0227 0.0582 0.0165 0.0000 0.0000 0.1219
8.3000 50000.0000 -3.0000 3.6845 2.4339 0.5808 0.2676 0.0229 0.0586 0.0166 0.0000 0.0000 0.1166
8.3000 50000.0000 -3.2500 4.1854 1.2790 0.7827 0.2282 0.0231 0.0592 0.0168 0.0000 0.0000 0.1092
8.3000 50000.0000 -3.5000 4.1529 0.5242 1.0055 0.1806 0.0233 0.0599 0.0170 0.0000 0.0000 0.0991
8.3000 50000.0000 -3.7500 3.6614 0.1761 1.2151 0.1321 0.0236 0.0607 0.0172 0.0000 0.0000 0.0872
8.3000 50000.0000 -4.0000 2.9969 0.0536 1.3802 0.0906 0.0239 0.0614 0.0174 0.0000 0.0000 0.0747
8.3000 55000.0000 -1.5000 0.6731 1.3397 0.1035 0.2955 0.0225 0.0580 0.0164 0.0000 0.0204 0.1258
8.3000 55000.0000 -1.7500 0.8871 0.0144 0.1298 0.3252 0.0225 0.0580 0.0164 0.0000 0.0127 0.1354
8.3000 55000.0000 -2.0000 1.2084 8.7205 0.1688 0.3453 0.0226 0.0581 0.0164 0.0000 0.0071 0.1410
8.3000 55000.0000 -2.2500 1.6888 7.4139 0.2265 0.3524 0.0226 0.0582 0.0165 0.0000 0.0035 0.1423
8.3000 55000.0000 -2.5000 2.3718 6.0352 0.3109 0.3461 0.0227 0.0584 0.0165 0.0000 0.0016 0.1402
8.3000 55000.0000 -2.7500 3.2444 4.5394 0.4308 0.3274 0.0229 0.0587 0.0166 0.0000 0.0000 0.1359
8.3000 55000.0000 -3.0000 4.1627 2.9872 0.5940 0.2975 0.0231 0.0593 0.0168 0.0000 0.0000 0.1300
8.3000 55000.0000 -3.2500 4.8198 1.6019 0.8029 0.2570 0.0234 0.0601 0.0171 0.0000 0.0000 0.1226
8.3000 55000.0000 -3.5000 4.8724 0.6653 1.0438 0.2073 0.0238 0.0612 0.0174 0.0000 0.0000 0.1128
8.3000 55000.0000 -3.7500 4.3447 0.2264 1.2803 0.1554 0.0243 0.0625 0.0178 0.0000 0.0000 0.1010
8.3000 55000.0000 -4.0000 3.6061 0.0697 1.4862 0.1097 0.0249 0.0641 0.0182 0.0000 0.0000 0.0889
8.3000 60000.0000 -1.5000 0.5884 2.4910 0.1225 0.2538 0.0218 0.0560 0.0157 0.0037 0.0339 0.1001
8.3000 60000.0000 -1.7500 0.7708 1.1095 0.1555 0.2902 0.0220 0.0563 0.0158 0.0028 0.0234 0.1150
8.3000 60000.0000 -2.0000 1.0472 9.7587 0.2044 0.3208 0.0221 0.0565 0.0159 0.0023 0.0145 0.1283
8.3000 60000.0000 -2.2500 1.4642 8.4133 0.2769 0.3390 0.0222 0.0567 0.0160 0.0020 0.0079 0.1374
8.3000 60000.0000 -2.5000 2.0711 7.0065 0.3817 0.3405 0.0223 0.0571 0.0161 0.0018 0.0037 0.1411
8.3000 60000.0000 -2.7500 2.8890 5.4779 0.5277 0.3246 0.0225 0.0576 0.0163 0.0016 0.0016 0.1399
8.3000 60000.0000 -3.0000 3.8333 3.8315 0.7216 0.2932 0.0228 0.0583 0.0165 0.0015 0.0000 0.1352
8.3000 60000.0000 -3.2500 4.6522 2.2339 0.9615 0.2495 0.0232 0.0594 0.0168 0.0014 0.0000 0.1281
8.3000 60000.0000 -3.5000 4.9566 1.0185 1.2282 0.1978 0.0237 0.0608 0.0172 0.0012 0.0000 0.1187
8.3000 60000.0000 -3.7500 4.6155 0.3690 1.4856 0.1455 0.0244 0.0626 0.0177 0.0000 0.0000 0.1077
8.3000 60000.0000 -4.0000 3.9257 0.1171 1.7028 0.1009 0.0252 0.0647 0.0184 0.0000 0.0000 0.0960
8.6000 30000.0000 -1.5000 0.6910 0.0110 0.1003 0.1167 0.0030 0.0078 0.0023 0.0000 0.0000 0.0054
8.6000 30000.0000 -1.7500 0.6795 0.0052 0.1419 0.1114 0.0024 0.0062 0.0018 0.0000 0.0000 0.0040
8.6000 30000.0000 -2.0000 0.6546 0.0025 0.1966 0.1011 0.0020 0.0052 0.0015 0.0000 0.0000 0.0031
8.6000 30000.0000 -2.2500 0.6008 0.0012 0.2591 0.0849 0.0017 0.0045 0.0013 0.0000 0.0000 0.0025
8.6000 30000.0000 -2.5000 0.5047 0.0000 0.3126 0.0637 0.0016 0.0041 0.0012 0.0000 0.0000 0.0021
8.6000 30000.0000 -2.7500 0.3614 0.0000 0.3264 0.0406 0.0015 0.0039 0.0011 0.0000 0.0000 0.0017
8.6000 30000.0000 -3.0000 0.2027 0.0000 0.2805 0.0209 0.0014 0.0038 0.0011 0.0000 0.0000 0.0012
8.6000 30000.0000 -3.2500 0.0946 0.0000 0.2093 0.0091 0.0014 0.0037 0.0011 0.0000 0.0000 0.0000
8.6000 30000.0000 -3.5000 0.0488 0.0000 0.1599 0.0041 0.0014 0.0036 0.0010 0.0000 0.0000 0.0000
8.6000 30000.0000 -3.7500 0.0164 0.0000 0.0682 0.0017 0.0016 0.0044 0.0013 0.0000 0.0000 0.0000
8.6000 30000.0000 -4.0000 0.0107 0.0000 0.0532 0.0000 0.0000 0.0026 0.0000 0.0000 0.0000 0.0000
8.6000 32500.0000 -1.5000 1.6201 0.1615 0.1265 0.2243 0.0087 0.0227 0.0065 0.0000 0.0000 0.0227
8.6000 32500.0000 -1.7500 1.5767 0.0908 0.1772 0.2118 0.0072 0.0189 0.0054 0.0000 0.0000 0.0181
8.6000 32500.0000 -2.0000 1.4919 0.0477 0.2466 0.1929 0.0062 0.0161 0.0046 0.0000 0.0000 0.0146
8.6000 32500.0000 -2.2500 1.3500 0.0235 0.3330 0.1660 0.0055 0.0143 0.0041 0.0000 0.0000 0.0118
8.6000 32500.0000 -2.5000 1.1263 0.0109 0.4195 0.1304 0.0050 0.0131 0.0038 0.0000 0.0000 0.0096
8.6000 32500.0000 -2.7500 0.8114 0.0046 0.4656 0.0891 0.0047 0.0124 0.0036 0.0000 0.0000 0.0075
8.6000 32500.0000 -3.0000 0.4671 0.0016 0.4296 0.0502 0.0046 0.0120 0.0034 0.0000 0.0000 0.0053
8.6000 32500.0000 -3.2500 0.2199 0.0000 0.3369 0.0235 0.0045 0.0118 0.0034 0.0000 0.0000 0.0030
8.6000 32500.0000 -3.5000 0.1076 0.0000 0.2597 0.0107 0.0043 0.0113 0.0032 0.0000 0.0000 0.0015
8.6000 32500.0000 -3.7500 0.0615 0.0000 0.2119 0.0054 0.0038 0.0102 0.0029 0.0000 0.0000 0.0000
8.6000 35000.0000 -4.0000 0.0999 0.0000 0.3069 0.0082 0.0082 0.0217 0.0062 0.0000 0.0000 0.0030
8.6000 35000.0000 -1.5000 2.1009 1.1207 0.1174 0.3125 0.0186 0.0485 0.0137 0.0000 0.0000 0.0640
8.6000 35000.0000 -1.7500 2.1861 0.7832 0.1651 0.2996 0.0169 0.0439 0.0124 0.0000 0.0000 0.0551
8.6000 35000.0000 -2.0000 2.1902 0.5066 0.2322 0.2790 0.0152 0.0396 0.0113 0.0000 0.0000 0.0472
8.6000 35000.0000 -2.2500 2.0674 0.2929 0.3198 0.2476 0.0140 0.0363 0.0103 0.0000 0.0000 0.0401
8.6000 35000.0000 -2.5000 1.7873 0.1473 0.4178 0.2043 0.0131 0.0340 0.0097 0.0000 0.0000 0.0332
8.6000 35000.0000 -2.7500 1.3741 0.0632 0.4989 0.1521 0.0125 0.0327 0.0093 0.0000 0.0000 0.0264
8.6000 35000.0000 -3.0000 0.9075 0.0225 0.5242 0.0989 0.0122 0.0319 0.0091 0.0000 0.0000 0.0193
8.6000 35000.0000 -3.2500 0.5051 0.0062 0.4781 0.0550 0.0118 0.0309 0.0088 0.0000 0.0000 0.0122
8.6000 35000.0000 -3.5000 0.2676 0.0014 0.4073 0.0279 0.0110 0.0288 0.0082 0.0000 0.0000 0.0071
8.6000 35000.0000 -3.7500 0.1584 0.0000 0.3520 0.0148 0.0097 0.0257 0.0073 0.0000 0.0000 0.0045
8.6000 35000.0000 -4.0000 0.0999 0.0000 0.3069 0.0082 0.0082 0.0217 0.0062 0.0000 0.0000 0.0030
8.6000 37500.0000 -1.5000 1.2321 2.6817 0.0921 0.3204 0.0223 0.0581 0.0164 0.0000 0.0000 0.0862
8.6000 37500.0000 -1.7500 1.4621 2.1081 0.1257 0.3116 0.0223 0.0578 0.0164 0.0000 0.0000 0.0825
8.6000 37500.0000 -2.0000 1.6720 1.5826 0.1773 0.2988 0.0221 0.0574 0.0163 0.0000 0.0000 0.0784
8.6000 37500.0000 -2.2500 1.8198 1.0973 0.2517 0.2785 0.0218 0.0565 0.0160 0.0000 0.0000 0.0731
8.6000 37500.0000 -2.5000 1.8443 0.6699 0.3481 0.2472 0.0213 0.0553 0.0157 0.0000 0.0000 0.0657
8.6000 37500.0000 -2.7500 1.6793 0.3394 0.4534 0.2029 0.0208 0.0539 0.0153 0.0000 0.0000 0.0559
8.6000 37500.0000 -3.0000 1.3165 0.1350 0.5372 0.1485 0.0201 0.0522 0.0148 0.0000 0.0000 0.0437
8.6000 37500.0000 -3.2500 0.8595 0.0408 0.5600 0.0938 0.0192 0.0500 0.0142 0.0000 0.0000 0.0304
8.6000 37500.0000 -3.5000 0.4990 0.0097 0.5258 0.0523 0.0179 0.0468 0.0133 0.0000 0.0000 0.0194
8.6000 37500.0000 -3.7500 0.3007 0.0023 0.4786 0.0287 0.0163 0.0427 0.0122 0.0000 0.0000 0.0126
8.6000 37500.0000 -4.0000 0.1914 0.0000 0.4326 0.0163 0.0143 0.0377 0.0108 0.0000 0.0000 0.0084
8.6000 40000.0000 -1.5000 0.7772 5.2908 0.1012 0.3511 0.0226 0.0585 0.0165 0.0000 0.0015 0.1080
8.6000 40000.0000 -1.7500 0.9753 4.4172 0.1289 0.3508 0.0226 0.0586 0.0166 0.0000 0.0000 0.1030
8.6000 40000.0000 -2.0000 1.2332 3.5919 0.1710 0.3424 0.0226 0.0586 0.0166 0.0000 0.0000 0.0980
8.6000 40000.0000 -2.2500 1.5401 2.7877 0.2340 0.3273 0.0226 0.0586 0.0166 0.0000 0.0000 0.0932
8.6000 40000.0000 -2.5000 1.8568 2.0110 0.3257 0.3062 0.0226 0.0585 0.0166 0.0000 0.0000 0.0888
8.6000 40000.0000 -2.7500 2.0956 1.2879 0.4504 0.2765 0.0226 0.0584 0.0166 0.0000 0.0000 0.0837
8.6000 40000.0000 -3.0000 2.1120 0.6746 0.5965 0.2325 0.0225 0.0583 0.0166 0.0000 0.0000 0.0755
8.6000 40000.0000 -3.2500 1.7912 0.2654 0.7236 0.1739 0.0224 0.0581 0.0165 0.0000 0.0000 0.0629
8.6000 40000.0000 -3.5000 1.2781 0.0781 0.7881 0.1139 0.0222 0.0576 0.0164 0.0000 0.0000 0.0479
8.6000 40000.0000 -3.7500 0.8353 0.0195 0.7889 0.0686 0.0217 0.0566 0.0161 0.0000 0.0000 0.0348
8.6000 40000.0000 -4.0000 0.5449 0.0050 0.7562 0.0408 0.0209 0.0546 0.0156 0.0000 0.0000 0.0253
8.6000 45000.0000 -1.5000 0.7588 7.0863 0.1125 0.3704 0.0228 0.0589 0.0167 0.0000 0.0059 0.1113
8.6000 45000.0000 -1.7500 0.9664 5.9774 0.1410 0.3812 0.0228 0.0590 0.0167 0.0000 0.0032 0.1119
8.6000 45000.0000 -2.0000 1.2498 4.9308 0.1836 0.3803 0.0228 0.0590 0.0167 0.0000 0.0016 0.1100
8.6000 45000.0000 -2.2500 1.6209 3.9194 0.2474 0.3695 0.0229 0.0591 0.0168 0.0000 0.0000 0.1067
8.6000 45000.0000 -2.5000 2.0508 2.9302 0.3406 0.3508 0.0229 0.0592 0.0168 0.0000 0.0000 0.1030
8.6000 45000.0000 -2.7500 2.4511 1.9781 0.4703 0.3235 0.0229 0.0593 0.0168 0.0000 0.0000 0.0987
8.6000 45000.0000 -3.0000 2.6595 1.1248 0.6338 0.2830 0.0230 0.0594 0.0169 0.0000 0.0000 0.0921
8.6000 45000.0000 -3.2500 2.4936 0.4922 0.8062 0.2259 0.0231 0.0597 0.0170 0.0000 0.0000 0.0813
8.6000 45000.0000 -3.5000 1.9542 0.1606 0.9318 0.1597 0.0231 0.0599 0.0171 0.0000 0.0000 0.0662
8.6000 45000.0000 -3.7500 1.3606 0.0430 0.9855 0.1024 0.0231 0.0600 0.0171 0.0000 0.0000 0.0511
8.6000 45000.0000 -4.0000 0.9177 0.0113 0.9837 0.0635 0.0228 0.0594 0.0169 0.0000 0.0000 0.0388
8.6000 50000.0000 -1.5000 0.6726 8.9327 0.1350 0.3457 0.0227 0.0586 0.0166 0.0017 0.0122 0.1070
8.6000 50000.0000 -1.7500 0.8594 7.6142 0.1682 0.3729 0.0228 0.0588 0.0166 0.0013 0.0073 0.1131
8.6000 50000.0000 -2.0000 1.1251 6.3996 0.2174 0.3879 0.0228 0.0589 0.0167 0.0011 0.0039 0.1160
8.6000 50000.0000 -2.2500 1.4905 5.2320 0.2893 0.3883 0.0229 0.0591 0.0168 0.0000 0.0019 0.1158
8.6000 50000.0000 -2.5000 1.9511 4.0771 0.3927 0.3748 0.0230 0.0593 0.0168 0.0000 0.0000 0.1133
8.6000 50000.0000 -2.7500 2.4475 2.9268 0.5352 0.3491 0.0231 0.0596 0.0169 0.0000 0.0000 0.1095
8.6000 50000.0000 -3.0000 2.8336 1.8286 0.7184 0.3102 0.0232 0.0600 0.0171 0.0000 0.0000 0.1038
8.6000 50000.0000 -3.2500 2.8979 0.9134 0.9226 0.2557 0.0235 0.0606 0.0172 0.0000 0.0000 0.0947
8.6000 50000.0000 -3.5000 2.5183 0.3409 1.1007 0.1897 0.0237 0.0614 0.0175 0.0000 0.0000 0.0812
8.6000 50000.0000 -3.7500 1.8885 0.1000 1.2038 0.1271 0.0240 0.0622 0.0177 0.0000 0.0000 0.0658
8.6000 50000.0000 -4.0000 1.3161 0.0270 1.2277 0.0807 0.0242 0.0628 0.0179 0.0000 0.0000 0.0518
8.6000 55000.0000 -1.5000 0.7194 0.8325 0.1433 0.3755 0.0229 0.0592 0.0168 0.0000 0.0139 0.1252
8.6000 55000.0000 -1.7500 0.9369 9.3543 0.1795 0.4100 0.0229 0.0592 0.0168 0.0000 0.0083 0.1322
8.6000 55000.0000 -2.0000 1.2552 7.9650 0.2326 0.4321 0.0230 0.0593 0.0168 0.0000 0.0044 0.1354
8.6000 55000.0000 -2.2500 1.7090 6.6211 0.3102 0.4384 0.0230 0.0595 0.0169 0.0000 0.0021 0.1352
8.6000 55000.0000 -2.5000 2.3053 5.2557 0.4211 0.4284 0.0231 0.0597 0.0170 0.0000 0.0000 0.1326
8.6000 55000.0000 -2.7500 2.9801 3.8492 0.5740 0.4035 0.0233 0.0601 0.0171 0.0000 0.0000 0.1285
8.6000 55000.0000 -3.0000 3.5612 2.4630 0.7737 0.3637 0.0235 0.0606 0.0173 0.0000 0.0000 0.1227
8.6000 55000.0000 -3.2500 3.7932 1.2729 1.0105 0.3076 0.0238 0.0615 0.0175 0.0000 0.0000 0.1141
8.6000 55000.0000 -3.5000 3.4242 0.4919 1.2350 0.2358 0.0242 0.0627 0.0179 0.0000 0.0000 0.1005
8.6000 55000.0000 -3.7500 2.6818 0.1510 1.3975 0.1651 0.0248 0.0642 0.0183 0.0000 0.0000 0.0847
8.6000 55000.0000 -4.0000 1.9353 0.0421 1.4763 0.1090 0.0253 0.0658 0.0188 0.0000 0.0000 0.0694
8.6000 60000.0000 -1.5000 0.6646 2.4305 0.1751 0.3309 0.0223 0.0575 0.0162 0.0034 0.0245 0.1039
8.6000 60000.0000 -1.7500 0.8649 0.8153 0.2222 0.3751 0.0224 0.0577 0.0163 0.0026 0.0162 0.1173
8.6000 60000.0000 -2.0000 1.1610 9.3176 0.2914 0.4116 0.0225 0.0579 0.0164 0.0022 0.0096 0.1286
8.6000 60000.0000 -2.2500 1.5879 7.8738 0.3919 0.4320 0.0226 0.0582 0.0165 0.0019 0.0050 0.1357
8.6000 60000.0000 -2.5000 2.1671 6.4126 0.5334 0.4307 0.0228 0.0586 0.0166 0.0017 0.0023 0.1380
8.6000 60000.0000 -2.7500 2.8620 4.8795 0.7244 0.4072 0.0230 0.0591 0.0168 0.0016 0.0000 0.1361
8.6000 60000.0000 -3.0000 3.5356 3.3083 0.9674 0.3640 0.0233 0.0599 0.0170 0.0015 0.0000 0.1311
8.6000 60000.0000 -3.2500 3.9450 1.8588 1.2470 0.3038 0.0237 0.0609 0.0173 0.0013 0.0000 0.1229
8.6000 60000.0000 -3.5000 3.8098 0.7995 1.5148 0.2317 0.0242 0.0625 0.0178 0.0011 0.0000 0.1107
8.6000 60000.0000 -3.7500 3.1587 0.2654 1.7079 0.1609 0.0250 0.0644 0.0183 0.0000 0.0000 0.0956
8.6000 60000.0000 -4.0000 2.3592 0.0770 1.7957 0.1050 0.0258 0.0666 0.0190 0.0000 0.0000 0.0800
8.9000 30000.0000 -1.5000 0.1766 0.0035 0.0730 0.0957 0.0028 0.0076 0.0022 0.0000 0.0000 0.0044
8.9000 30000.0000 -1.7500 0.0037 0.0000 0.0108 0.0091 0.0045 0.0141 0.0055 0.0000 0.0000 0.0014
8.9000 30000.0000 -2.0000 0.0000 0.0000 0.0094 0.0051 0.0045 0.0145 0.0058 0.0000 0.0000 0.0000
8.9000 30000.0000 -2.2500 0.0000 0.0000 0.0083 0.0037 0.0037 0.0118 0.0048 0.0000 0.0000 0.0000
8.9000 30000.0000 -2.5000 0.0010 0.0000 0.0054 0.0028 0.0020 0.0064 0.0026 0.0000 0.0000 0.0000
8.9000 30000.0000 -2.7500 0.0310 0.0000 0.0739 0.0170 0.0051 0.0137 0.0039 0.0000 0.0000 0.0028
8.9000 30000.0000 -3.0000 0.0035 0.0000 0.0156 0.0023 0.0021 0.0066 0.0019 0.0000 0.0000 0.0000
8.9000 30000.0000 -3.2500 0.0000 0.0000 0.0060 0.0000 0.0014 0.0044 0.0013 0.0000 0.0000 0.0000
8.9000 30000.0000 -3.5000 0.0000 0.0000 0.0027 0.0000 0.0000 0.0027 0.0000 0.0000 0.0000 0.0000
8.9000 30000.0000 -3.7500 0.0000 0.0000 0.0000 0.0000 0.0000 0.0016 0.0000 0.0000 0.0000 0.0000
8.9000 30000.0000 -4.0000 0.0000 0.0000 0.0000 0.0000 0.0000 0.0000 0.0000 0.0000 0.0000 0.0000
8.9000 32500.0000 -1.5000 0.5757 0.0490 0.1041 0.2041 0.0081 0.0214 0.0061 0.0000 0.0000 0.0193
8.9000 32500.0000 -1.7500 0.4964 0.0306 0.1355 0.1840 0.0068 0.0180 0.0052 0.0000 0.0000 0.0155
8.9000 32500.0000 -2.0000 0.3999 0.0174 0.1697 0.1560 0.0059 0.0156 0.0045 0.0000 0.0000 0.0126
8.9000 32500.0000 -2.2500 0.2793 0.0087 0.1927 0.1178 0.0053 0.0141 0.0041 0.0000 0.0000 0.0100
8.9000 32500.0000 -2.5000 0.1515 0.0035 0.1822 0.0732 0.0050 0.0132 0.0038 0.0000 0.0000 0.0071
8.9000 32500.0000 -2.7500 0.1109 0.0027 0.1619 0.0571 0.0128 0.0340 0.0097 0.0000 0.0000 0.0109
8.9000 32500.0000 -3.0000 0.0392 0.0000 0.1060 0.0254 0.0112 0.0300 0.0086 0.0000 0.0000 0.0058
8.9000 32500.0000 -3.2500 0.0042 0.0000 0.0269 0.0042 0.0054 0.0159 0.0046 0.0000 0.0000 0.0000
8.9000 32500.0000 -3.5000 0.0000 0.0000 0.0135 0.0014 0.0038 0.0114 0.0033 0.0000 0.0000 0.0000
8.9000 32500.0000 -3.7500 0.0000 0.0000 0.0089 0.0000 0.0026 0.0076 0.0022 0.0000 0.0000 0.0000
8.9000 32500.0000 -3.5000 0.0000 0.0000 0.0135 0.0014 0.0038 0.0114 0.0033 0.0000 0.0000 0.0000
8.9000 35000.0000 -1.5000 1.0309 0.3074 0.1043 0.2926 0.0178 0.0468 0.0133 0.0000 0.0000 0.0581
8.9000 35000.0000 -1.7500 0.8874 0.2330 0.1382 0.2706 0.0160 0.0421 0.0120 0.0000 0.0000 0.0482
8.9000 35000.0000 -2.0000 0.7318 0.1634 0.1783 0.2390 0.0145 0.0382 0.0109 0.0000 0.0000 0.0404
8.9000 35000.0000 -2.2500 0.5402 0.0978 0.2132 0.1931 0.0135 0.0354 0.0101 0.0000 0.0000 0.0330
8.9000 35000.0000 -2.5000 0.3255 0.0457 0.2206 0.1341 0.0128 0.0338 0.0096 0.0000 0.0000 0.0245
8.9000 35000.0000 -2.7500 0.1493 0.0146 0.1884 0.0755 0.0125 0.0331 0.0094 0.0000 0.0000 0.0147
8.9000 35000.0000 -3.0000 0.1010 0.0085 0.1585 0.0613 0.0196 0.0521 0.0149 0.0000 0.0000 0.0160
8.9000 35000.0000 -3.2500 0.0385 0.0019 0.1173 0.0285 0.0162 0.0442 0.0129 0.0000 0.0000 0.0080
8.9000 35000.0000 -3.5000 0.0103 0.0000 0.0631 0.0096 0.0117 0.0331 0.0095 0.0000 0.0000 0.0028
8.9000 35000.0000 -3.7500 0.0046 0.0000 0.0470 0.0044 0.0094 0.0266 0.0076 0.0000 0.0000 0.0014
8.9000 35000.0000 -4.0000 0.0027 0.0000 0.0385 0.0022 0.0071 0.0202 0.0058 0.0000 0.0000 0.0000
8.9000 37500.0000 -1.5000 0.9313 0.7416 0.0813 0.2797 0.0228 0.0602 0.0170 0.0000 0.0000 0.0814
8.9000 37500.0000 -1.7500 0.8490 0.5531 0.1071 0.2670 0.0227 0.0597 0.0169 0.0000 0.0000 0.0760
8.9000 37500.0000 -2.0000 0.6811 0.4127 0.1387 0.2409 0.0224 0.0588 0.0167 0.0000 0.0000 0.0669
8.9000 37500.0000 -2.2500 0.5122 0.2851 0.1734 0.2067 0.0219 0.0576 0.0164 0.0000 0.0000 0.0563
8.9000 37500.0000 -2.5000 0.3593 0.1655 0.2024 0.1641 0.0214 0.0564 0.0161 0.0000 0.0000 0.0447
8.9000 37500.0000 -2.7500 0.2153 0.0700 0.2078 0.1118 0.0208 0.0550 0.0157 0.0000 0.0000 0.0308
8.9000 37500.0000 -3.0000 0.0996 0.0187 0.1811 0.0612 0.0201 0.0533 0.0152 0.0000 0.0000 0.0174
8.9000 37500.0000 -3.2500 0.0723 0.0117 0.1482 0.0508 0.0201 0.0537 0.0155 0.0000 0.0000 0.0156
8.9000 37500.0000 -3.5000 0.0246 0.0019 0.0918 0.0192 0.0136 0.0372 0.0106 0.0000 0.0000 0.0066
8.9000 37500.0000 -3.7500 0.0109 0.0000 0.0708 0.0091 0.0121 0.0332 0.0095 0.0000 0.0000 0.0035
8.9000 37500.0000 -4.0000 0.0063 0.0000 0.0603 0.0047 0.0103 0.0282 0.0081 0.0000 0.0000 0.0021
8.9000 40000.0000 -1.5000 0.4560 2.3112 0.0889 0.2959 0.0231 0.0607 0.0172 0.0000 0.0000 0.0988
8.9000 40000.0000 -1.7500 0.5266 1.7365 0.1094 0.2806 0.0231 0.0607 0.0172 0.0000 0.0000 0.0892
8.9000 40000.0000 -2.0000 0.6182 1.2382 0.1392 0.2635 0.0231 0.0607 0.0172 0.0000 0.0000 0.0815
8.9000 40000.0000 -2.2500 0.6558 0.8488 0.1815 0.2431 0.0231 0.0606 0.0172 0.0000 0.0000 0.0751
8.9000 40000.0000 -2.5000 0.6139 0.5466 0.2347 0.2172 0.0230 0.0605 0.0172 0.0000 0.0000 0.0683
8.9000 40000.0000 -2.7500 0.5009 0.3116 0.2903 0.1823 0.0230 0.0604 0.0172 0.0000 0.0000 0.0594
8.9000 40000.0000 -3.0000 0.3422 0.1342 0.3220 0.1324 0.0229 0.0602 0.0172 0.0000 0.0000 0.0457
8.9000 40000.0000 -3.2500 0.1969 0.0380 0.3124 0.0799 0.0227 0.0599 0.0171 0.0000 0.0000 0.0306
8.9000 40000.0000 -3.5000 0.0751 0.0186 0.1644 0.0516 0.0211 0.0561 0.0161 0.0000 0.0000 0.0179
8.9000 40000.0000 -3.7500 0.0434 0.0046 0.1616 0.0306 0.0214 0.0570 0.0163 0.0000 0.0000 0.0124
8.9000 40000.0000 -4.0000 0.0240 0.0010 0.1182 0.0134 0.0132 0.0351 0.0100 0.0000 0.0000 0.0067
8.9000 45000.0000 -1.5000 0.4623 3.6508 0.1046 0.3403 0.0232 0.0608 0.0172 0.0000 0.0028 0.1158
8.9000 45000.0000 -1.7500 0.5563 2.8237 0.1276 0.3340 0.0233 0.0609 0.0173 0.0000 0.0013 0.1096
8.9000 45000.0000 -2.0000 0.6641 2.1125 0.1610 0.3175 0.0233 0.0610 0.0173 0.0000 0.0000 0.1019
8.9000 45000.0000 -2.2500 0.7669 1.5122 0.2081 0.2953 0.0233 0.0610 0.0174 0.0000 0.0000 0.0945
8.9000 45000.0000 -2.5000 0.8293 1.0126 0.2715 0.2705 0.0233 0.0611 0.0174 0.0000 0.0000 0.0881
8.9000 45000.0000 -2.7500 0.7898 0.6173 0.3479 0.2385 0.0233 0.0611 0.0174 0.0000 0.0000 0.0806
8.9000 45000.0000 -3.0000 0.6402 0.3084 0.4175 0.1919 0.0234 0.0613 0.0175 0.0000 0.0000 0.0687
8.9000 45000.0000 -3.2500 0.4219 0.1035 0.4426 0.1298 0.0234 0.0615 0.0175 0.0000 0.0000 0.0511
8.9000 45000.0000 -3.5000 0.2398 0.0241 0.4191 0.0760 0.0233 0.0615 0.0176 0.0000 0.0000 0.0346
8.9000 45000.0000 -3.7500 0.0846 0.0113 0.2096 0.0481 0.0220 0.0583 0.0168 0.0000 0.0000 0.0192
8.9000 45000.0000 -4.0000 0.0561 0.0030 0.2069 0.0286 0.0203 0.0539 0.0155 0.0000 0.0000 0.0138
8.9000 50000.0000 -1.5000 0.4304 5.1793 0.1336 0.3396 0.0232 0.0604 0.0171 0.0015 0.0071 0.1225
8.9000 50000.0000 -1.7500 0.5274 4.1004 0.1629 0.3499 0.0232 0.0606 0.0172 0.0011 0.0037 0.1217
8.9000 50000.0000 -2.0000 0.6508 3.1732 0.2043 0.3467 0.0233 0.0608 0.0173 0.0000 0.0018 0.1175
8.9000 50000.0000 -2.2500 0.7906 2.3562 0.2614 0.3300 0.0233 0.0610 0.0174 0.0000 0.0000 0.1109
8.9000 50000.0000 -2.5000 0.9133 1.6441 0.3366 0.3035 0.0234 0.0612 0.0174 0.0000 0.0000 0.1035
8.9000 50000.0000 -2.7500 0.9589 1.0498 0.4292 0.2701 0.0235 0.0615 0.0175 0.0000 0.0000 0.0958
8.9000 50000.0000 -3.0000 0.8733 0.5774 0.5255 0.2257 0.0237 0.0619 0.0176 0.0000 0.0000 0.0854
8.9000 50000.0000 -3.2500 0.6666 0.2383 0.5895 0.1658 0.0238 0.0625 0.0178 0.0000 0.0000 0.0694
8.9000 50000.0000 -3.5000 0.4242 0.0664 0.5877 0.1044 0.0240 0.0632 0.0180 0.0000 0.0000 0.0507
8.9000 50000.0000 -3.7500 0.2499 0.0163 0.5451 0.0626 0.0241 0.0635 0.0181 0.0000 0.0000 0.0363
8.9000 50000.0000 -4.0000 0.0669 0.0062 0.2252 0.0324 0.0218 0.0581 0.0168 0.0000 0.0000 0.0161
8.9000 55000.0000 -1.5000 0.4868 7.0036 0.1479 0.3894 0.0233 0.0608 0.0172 0.0000 0.0094 0.1527
8.9000 55000.0000 -1.7500 0.6165 5.7111 0.1826 0.4114 0.0233 0.0609 0.0173 0.0000 0.0050 0.1536
8.9000 55000.0000 -2.0000 0.7936 4.5881 0.2321 0.4193 0.0234 0.0610 0.0173 0.0000 0.0024 0.1505
8.9000 55000.0000 -2.2500 1.0164 3.5589 0.3010 0.4104 0.0234 0.0611 0.0174 0.0000 0.0011 0.1443
8.9000 55000.0000 -2.5000 1.2515 2.6019 0.3930 0.3868 0.0235 0.0614 0.0175 0.0000 0.0000 0.1366
8.9000 55000.0000 -2.7500 1.4169 1.7412 0.5096 0.3519 0.0237 0.0618 0.0176 0.0000 0.0000 0.1283
8.9000 55000.0000 -3.0000 1.4103 1.0133 0.6417 0.3036 0.0239 0.0623 0.0178 0.0000 0.0000 0.1176
8.9000 55000.0000 -3.2500 1.1803 0.4520 0.7547 0.2350 0.0242 0.0633 0.0181 0.0000 0.0000 0.1001
8.9000 55000.0000 -3.5000 0.7977 0.1354 0.7903 0.1557 0.0246 0.0645 0.0184 0.0000 0.0000 0.0764
8.9000 55000.0000 -3.7500 0.4828 0.0333 0.7591 0.0959 0.0250 0.0658 0.0188 0.0000 0.0000 0.0563
8.9000 55000.0000 -4.0000 0.2764 0.0085 0.6855 0.0586 0.0253 0.0666 0.0190 0.0000 0.0000 0.0412
8.9000 60000.0000 -1.5000 0.4724 8.5643 0.1904 0.3556 0.0228 0.0592 0.0167 0.0030 0.0186 0.1348
8.9000 60000.0000 -1.7500 0.6025 7.0811 0.2388 0.3919 0.0229 0.0595 0.0168 0.0024 0.0111 0.1459
8.9000 60000.0000 -2.0000 0.7840 5.7998 0.3077 0.4169 0.0230 0.0597 0.0169 0.0020 0.0060 0.1530
8.9000 60000.0000 -2.2500 1.0194 4.6211 0.4023 0.4223 0.0231 0.0600 0.0171 0.0018 0.0028 0.1545
8.9000 60000.0000 -2.5000 1.2836 3.4953 0.5259 0.4047 0.0233 0.0604 0.0172 0.0016 0.0012 0.1507
8.9000 60000.0000 -2.7500 1.5062 2.4309 0.6776 0.3668 0.0234 0.0610 0.0173 0.0015 0.0000 0.1430
8.9000 60000.0000 -3.0000 1.5849 1.4942 0.8471 0.3132 0.0237 0.0617 0.0176 0.0014 0.0000 0.1322
8.9000 60000.0000 -3.2500 1.4329 0.7373 0.9949 0.2427 0.0241 0.0629 0.0179 0.0012 0.0000 0.1157
8.9000 60000.0000 -3.5000 1.0707 0.2563 1.0568 0.1636 0.0247 0.0645 0.0184 0.0000 0.0000 0.0928
8.9000 60000.0000 -3.7500 0.6941 0.0694 1.0259 0.1011 0.0253 0.0663 0.0189 0.0000 0.0000 0.0711
8.9000 60000.0000 -4.0000 0.4109 0.0183 0.9265 0.0611 0.0259 0.0679 0.0194 0.0000 0.0000 0.0532
