#Constrained by relation between 12+log(O/H), log(U) and log(C/O)
12+log(O/H)     	 log(C/O)        	 log(U)          	 Lya_1216        	 NV_1239         	 CIV_1549        	 HeII_1640       	 OIII_1665       	 CIII_1909       	 OII_3727        	 NeIII_3869      	 OIII_4363       	 OIII_5007      
6.9000000 	 -1.1500000 	 -2.2500000 	 1.6144000 	 0.0000000 	 0.0201000 	 0.0098000 	 0.0794000 	 0.0461000 	 0.0942000 	 0.0928000 	 0.0263000 	 0.9086000
6.9000000 	 -1.1500000 	 -2.0000000 	 1.2096000 	 0.0000000 	 0.0440000 	 0.0132000 	 0.1163000 	 0.0597000 	 0.0679000 	 0.1103000 	 0.0352000 	 1.0765000
6.9000000 	 -1.1500000 	 -1.7500000 	 0.9436000 	 0.0000000 	 0.0875000 	 0.0186000 	 0.1646000 	 0.0735000 	 0.0512000 	 0.1292000 	 0.0459000 	 1.2459000
6.9000000 	 -1.0250000 	 -2.2500000 	 1.6152000 	 0.0000000 	 0.0260000 	 0.0098000 	 0.0793000 	 0.0614000 	 0.0941000 	 0.0927000 	 0.0263000 	 0.9082000
6.9000000 	 -1.0250000 	 -2.0000000 	 1.2094000 	 0.0000000 	 0.0569000 	 0.0132000 	 0.1160000 	 0.0795000 	 0.0679000 	 0.1102000 	 0.0352000 	 1.0758000
6.9000000 	 -1.0250000 	 -1.7500000 	 0.9432000 	 0.0000000 	 0.1137000 	 0.0186000 	 0.1642000 	 0.0977000 	 0.0512000 	 0.1291000 	 0.0458000 	 1.2448000
6.9000000 	 -0.9000000 	 -2.2500000 	 1.6155000 	 0.0000000 	 0.0337000 	 0.0098000 	 0.0792000 	 0.0817000 	 0.0940000 	 0.0927000 	 0.0262000 	 0.9076000
6.9000000 	 -0.9000000 	 -2.0000000 	 1.2111000 	 0.0000000 	 0.0739000 	 0.0132000 	 0.1158000 	 0.1057000 	 0.0679000 	 0.1101000 	 0.0351000 	 1.0749000
6.9000000 	 -0.9000000 	 -1.7500000 	 0.9427000 	 0.0000000 	 0.1477000 	 0.0186000 	 0.1635000 	 0.1298000 	 0.0511000 	 0.1289000 	 0.0457000 	 1.2433000
7.0000000 	 -1.1500000 	 -2.2500000 	 1.5934000 	 0.0000000 	 0.0228000 	 0.0090000 	 0.0971000 	 0.0571000 	 0.1196000 	 0.0728000 	 0.0324000 	 1.1331000
7.0000000 	 -1.1500000 	 -2.0000000 	 1.1955000 	 0.0000000 	 0.0499000 	 0.0122000 	 0.1417000 	 0.0739000 	 0.0861000 	 0.0865000 	 0.0434000 	 1.3419000
7.0000000 	 -1.1500000 	 -1.7500000 	 0.9348000 	 0.0000000 	 0.0999000 	 0.0172000 	 0.1999000 	 0.0910000 	 0.0648000 	 0.1013000 	 0.0563000 	 1.5519000
7.0000000 	 -0.9000000 	 -2.2500000 	 1.6038000 	 0.0000000 	 0.0382000 	 0.0090000 	 0.0967000 	 0.1011000 	 0.1194000 	 0.0727000 	 0.0323000 	 1.1317000
7.0000000 	 -0.9000000 	 -2.0000000 	 1.2013000 	 0.0000000 	 0.0840000 	 0.0122000 	 0.1407000 	 0.1306000 	 0.0861000 	 0.0863000 	 0.0432000 	 1.3393000
7.0000000 	 -0.9000000 	 -1.7500000 	 0.9343000 	 0.0000000 	 0.1685000 	 0.0171000 	 0.1981000 	 0.1607000 	 0.0648000 	 0.1009000 	 0.0560000 	 1.5478000
7.2000000 	 -1.1500000 	 -2.2500000 	 1.5586000 	 0.0000000 	 0.0287000 	 0.0078000 	 0.1402000 	 0.0847000 	 0.1917000 	 0.1112000 	 0.0480000 	 1.7414000
7.2000000 	 -1.1500000 	 -2.0000000 	 1.1739000 	 0.0000000 	 0.0627000 	 0.0105000 	 0.2024000 	 0.1094000 	 0.1377000 	 0.1317000 	 0.0638000 	 2.0581000
7.2000000 	 -1.1500000 	 -1.7500000 	 0.9167000 	 0.0000000 	 0.1256000 	 0.0147000 	 0.2826000 	 0.1345000 	 0.1033000 	 0.1536000 	 0.0823000 	 2.3742000
7.2000000 	 -1.0250000 	 -2.2500000 	 1.5579000 	 0.0000000 	 0.0369000 	 0.0078000 	 0.1399000 	 0.1127000 	 0.1916000 	 0.1111000 	 0.0479000 	 1.7399000
7.2000000 	 -1.0250000 	 -2.0000000 	 1.1739000 	 0.0000000 	 0.0812000 	 0.0105000 	 0.2018000 	 0.1455000 	 0.1377000 	 0.1315000 	 0.0637000 	 2.0559000
7.2000000 	 -1.0250000 	 -1.7500000 	 0.9156000 	 0.0000000 	 0.1628000 	 0.0147000 	 0.2812000 	 0.1785000 	 0.1033000 	 0.1533000 	 0.0820000 	 2.3703000
7.2000000 	 -0.9000000 	 -2.2500000 	 1.5590000 	 0.0000000 	 0.0478000 	 0.0078000 	 0.1394000 	 0.1499000 	 0.1915000 	 0.1110000 	 0.0478000 	 1.7380000
7.2000000 	 -0.9000000 	 -2.0000000 	 1.1688000 	 0.0000000 	 0.1054000 	 0.0105000 	 0.2007000 	 0.1931000 	 0.1376000 	 0.1312000 	 0.0635000 	 2.0524000
7.2000000 	 -0.9000000 	 -1.7500000 	 0.9147000 	 0.0000000 	 0.2108000 	 0.0147000 	 0.2793000 	 0.2366000 	 0.1032000 	 0.1529000 	 0.0816000 	 2.3650000
7.3000000 	 -1.1500000 	 -2.2500000 	 1.5318000 	 0.0000000 	 0.0315000 	 0.0073000 	 0.1651000 	 0.1013000 	 0.2418000 	 0.1363000 	 0.0576000 	 2.1428000
7.3000000 	 -1.1500000 	 -2.0000000 	 1.1546000 	 0.0000000 	 0.0688000 	 0.0098000 	 0.2368000 	 0.1305000 	 0.1735000 	 0.1609000 	 0.0762000 	 2.5286000
7.3000000 	 -1.1500000 	 -1.7500000 	 0.9040000 	 0.0000000 	 0.1378000 	 0.0136000 	 0.3284000 	 0.1598000 	 0.1298000 	 0.1872000 	 0.0979000 	 2.9120000
7.3000000 	 -1.0250000 	 -2.2500000 	 1.5319000 	 0.0000000 	 0.0406000 	 0.0073000 	 0.1646000 	 0.1347000 	 0.2416000 	 0.1361000 	 0.0575000 	 2.1405000
7.3000000 	 -1.0250000 	 -2.0000000 	 1.1560000 	 0.0000000 	 0.0892000 	 0.0098000 	 0.2358000 	 0.1732000 	 0.1735000 	 0.1607000 	 0.0760000 	 2.5249000
7.3000000 	 -1.0250000 	 -1.7500000 	 0.9040000 	 0.0000000 	 0.1783000 	 0.0136000 	 0.3264000 	 0.2119000 	 0.1298000 	 0.1868000 	 0.0975000 	 2.9061000
7.3000000 	 -0.9000000 	 -2.2500000 	 1.5301000 	 0.0000000 	 0.0524000 	 0.0073000 	 0.1639000 	 0.1790000 	 0.2415000 	 0.1359000 	 0.0573000 	 2.1375000
7.3000000 	 -0.9000000 	 -2.0000000 	 1.1547000 	 0.0000000 	 0.1155000 	 0.0098000 	 0.2344000 	 0.2298000 	 0.1733000 	 0.1603000 	 0.0757000 	 2.5199000
7.3000000 	 -0.9000000 	 -1.7500000 	 0.9027000 	 0.0000000 	 0.2304000 	 0.0136000 	 0.3237000 	 0.2805000 	 0.1296000 	 0.1862000 	 0.0969000 	 2.8982000
7.5000000 	 -1.1500000 	 -2.2500000 	 1.4744000 	 0.0000000 	 0.0360000 	 0.0065000 	 0.2160000 	 0.1374000 	 0.3800000 	 0.1995000 	 0.0793000 	 3.1735000
7.5000000 	 -1.1500000 	 -2.0000000 	 1.1149000 	 0.0000000 	 0.0782000 	 0.0086000 	 0.3046000 	 0.1753000 	 0.2719000 	 0.2340000 	 0.1038000 	 3.7285000
7.5000000 	 -1.1500000 	 -1.7500000 	 0.8699000 	 0.0000000 	 0.1558000 	 0.0118000 	 0.4161000 	 0.2128000 	 0.2025000 	 0.2707000 	 0.1320000 	 4.2774000
7.5000000 	 -1.0250000 	 -2.2500000 	 1.4731000 	 0.0000000 	 0.0462000 	 0.0065000 	 0.2149000 	 0.1825000 	 0.3796000 	 0.1991000 	 0.0790000 	 3.1684000
7.5000000 	 -1.0250000 	 -2.0000000 	 1.1142000 	 0.0000000 	 0.1009000 	 0.0086000 	 0.3028000 	 0.2325000 	 0.2715000 	 0.2335000 	 0.1034000 	 3.7205000
7.5000000 	 -1.0250000 	 -1.7500000 	 0.8686000 	 0.0000000 	 0.2005000 	 0.0118000 	 0.4126000 	 0.2817000 	 0.2022000 	 0.2697000 	 0.1312000 	 4.2649000
7.5000000 	 -0.9000000 	 -2.2500000 	 1.4732000 	 0.0000000 	 0.0596000 	 0.0065000 	 0.2137000 	 0.2422000 	 0.3793000 	 0.1987000 	 0.0787000 	 3.1616000
7.5000000 	 -0.9000000 	 -2.0000000 	 1.1127000 	 0.0000000 	 0.1302000 	 0.0085000 	 0.3003000 	 0.3078000 	 0.2712000 	 0.2327000 	 0.1027000 	 3.7099000
7.5000000 	 -0.9000000 	 -1.7500000 	 0.8692000 	 0.0000000 	 0.2570000 	 0.0118000 	 0.4081000 	 0.3720000 	 0.2018000 	 0.2685000 	 0.1302000 	 4.2487000
7.6000000 	 -1.1500000 	 -2.5000000 	 1.9549000 	 0.0000000 	 0.0155000 	 0.0050000 	 0.1615000 	 0.1162000 	 0.6816000 	 0.1993000 	 0.0664000 	 3.1200000
7.6000000 	 -1.1500000 	 -2.2500000 	 1.4331000 	 0.0000000 	 0.0368000 	 0.0063000 	 0.2369000 	 0.1543000 	 0.4730000 	 0.2370000 	 0.0902000 	 3.8000000
7.6000000 	 -1.1500000 	 -2.0000000 	 1.0902000 	 0.0000000 	 0.0796000 	 0.0082000 	 0.3312000 	 0.1956000 	 0.3379000 	 0.2769000 	 0.1174000 	 4.4537000
7.6000000 	 -1.0250000 	 -2.5000000 	 1.9571000 	 0.0000000 	 0.0199000 	 0.0050000 	 0.1608000 	 0.1544000 	 0.6810000 	 0.1990000 	 0.0662000 	 3.1153000
7.6000000 	 -1.0250000 	 -2.2500000 	 1.4318000 	 0.0000000 	 0.0472000 	 0.0063000 	 0.2356000 	 0.2049000 	 0.4726000 	 0.2365000 	 0.0898000 	 3.7927000
7.6000000 	 -1.0250000 	 -2.0000000 	 1.0880000 	 0.0000000 	 0.1025000 	 0.0082000 	 0.3289000 	 0.2594000 	 0.3374000 	 0.2761000 	 0.1168000 	 4.4427000
7.6000000 	 -0.9000000 	 -2.5000000 	 1.9541000 	 0.0000000 	 0.0254000 	 0.0050000 	 0.1599000 	 0.2049000 	 0.6802000 	 0.1986000 	 0.0659000 	 3.1091000
7.6000000 	 -0.9000000 	 -2.2500000 	 1.4317000 	 0.0000000 	 0.0606000 	 0.0063000 	 0.2339000 	 0.2715000 	 0.4719000 	 0.2358000 	 0.0894000 	 3.7830000
7.6000000 	 -0.9000000 	 -2.0000000 	 1.0872000 	 0.0000000 	 0.1317000 	 0.0082000 	 0.3258000 	 0.3429000 	 0.3369000 	 0.2751000 	 0.1160000 	 4.4278000
7.7000000 	 -1.1500000 	 -2.5000000 	 1.8780000 	 0.0000000 	 0.0155000 	 0.0050000 	 0.1710000 	 0.1272000 	 0.8433000 	 0.2335000 	 0.0737000 	 3.6843000
7.7000000 	 -1.1500000 	 -2.2500000 	 1.3946000 	 0.0000000 	 0.0359000 	 0.0062000 	 0.2491000 	 0.1671000 	 0.5850000 	 0.2763000 	 0.0994000 	 4.4748000
7.7000000 	 -1.1500000 	 -2.0000000 	 1.0534000 	 0.0000000 	 0.0772000 	 0.0081000 	 0.3451000 	 0.2103000 	 0.4171000 	 0.3215000 	 0.1285000 	 5.2302000
7.7000000 	 -1.0250000 	 -2.5000000 	 1.8767000 	 0.0000000 	 0.0196000 	 0.0050000 	 0.1702000 	 0.1689000 	 0.8423000 	 0.2330000 	 0.0735000 	 3.6777000
7.7000000 	 -1.0250000 	 -2.2500000 	 1.3926000 	 0.0000000 	 0.0458000 	 0.0062000 	 0.2476000 	 0.2217000 	 0.5842000 	 0.2756000 	 0.0989000 	 4.4644000
7.7000000 	 -1.0250000 	 -2.0000000 	 1.0519000 	 0.0000000 	 0.0989000 	 0.0081000 	 0.3425000 	 0.2785000 	 0.4164000 	 0.3204000 	 0.1277000 	 5.2154000
7.7000000 	 -0.9000000 	 -2.5000000 	 1.8755000 	 0.0000000 	 0.0249000 	 0.0050000 	 0.1692000 	 0.2240000 	 0.8411000 	 0.2324000 	 0.0731000 	 3.6690000
7.7000000 	 -0.9000000 	 -2.2500000 	 1.3915000 	 0.0000000 	 0.0587000 	 0.0062000 	 0.2456000 	 0.2936000 	 0.5833000 	 0.2747000 	 0.0984000 	 4.4516000
7.7000000 	 -0.9000000 	 -2.0000000 	 1.0520000 	 0.0000000 	 0.1266000 	 0.0081000 	 0.3390000 	 0.3682000 	 0.4156000 	 0.3190000 	 0.1268000 	 5.1959000
7.8000000 	 -1.1500000 	 -2.5000000 	 1.8032000 	 0.0000000 	 0.0148000 	 0.0051000 	 0.1736000 	 0.1344000 	 1.0314000 	 0.2684000 	 0.0793000 	 4.2752000
7.8000000 	 -1.1500000 	 -2.2500000 	 1.3346000 	 0.0000000 	 0.0336000 	 0.0062000 	 0.2504000 	 0.1747000 	 0.7156000 	 0.3160000 	 0.1061000 	 5.1798000
7.8000000 	 -1.1500000 	 -2.0000000 	 1.0133000 	 0.0000000 	 0.0712000 	 0.0080000 	 0.3450000 	 0.2180000 	 0.5093000 	 0.3659000 	 0.1362000 	 6.0357000
7.8000000 	 -1.0250000 	 -2.5000000 	 1.8020000 	 0.0000000 	 0.0185000 	 0.0051000 	 0.1725000 	 0.1784000 	 1.0300000 	 0.2678000 	 0.0789000 	 4.2663000
7.8000000 	 -1.0250000 	 -2.2500000 	 1.3329000 	 0.0000000 	 0.0426000 	 0.0062000 	 0.2487000 	 0.2316000 	 0.7144000 	 0.3151000 	 0.1056000 	 5.1667000
7.8000000 	 -1.0250000 	 -2.0000000 	 1.0121000 	 0.0000000 	 0.0909000 	 0.0080000 	 0.3422000 	 0.2886000 	 0.5086000 	 0.3646000 	 0.1354000 	 6.0175000
7.8000000 	 -0.9000000 	 -2.5000000 	 1.8003000 	 0.0000000 	 0.0235000 	 0.0051000 	 0.1713000 	 0.2364000 	 1.0283000 	 0.2670000 	 0.0785000 	 4.2549000
7.8000000 	 -0.9000000 	 -2.2500000 	 1.3309000 	 0.0000000 	 0.0542000 	 0.0062000 	 0.2463000 	 0.3062000 	 0.7129000 	 0.3138000 	 0.1048000 	 5.1481000
7.8000000 	 -0.9000000 	 -2.0000000 	 1.0105000 	 0.0000000 	 0.1156000 	 0.0080000 	 0.3384000 	 0.3811000 	 0.5073000 	 0.3628000 	 0.1343000 	 5.9924000
7.9000000 	 -1.1500000 	 -2.7500000 	 2.3447000 	 0.0000000 	 0.0054000 	 0.0045000 	 0.1079000 	 0.1011000 	 1.7792000 	 0.2506000 	 0.0570000 	 3.7336000
7.9000000 	 -1.1500000 	 -2.5000000 	 1.7125000 	 0.0000000 	 0.0134000 	 0.0052000 	 0.1651000 	 0.1347000 	 1.2391000 	 0.2999000 	 0.0812000 	 4.8315000
7.9000000 	 -1.1500000 	 -2.2500000 	 1.2741000 	 0.0000000 	 0.0295000 	 0.0064000 	 0.2357000 	 0.1730000 	 0.8606000 	 0.3510000 	 0.1079000 	 5.8412000
7.9000000 	 -1.0250000 	 -2.7500000 	 2.3425000 	 0.0000000 	 0.0068000 	 0.0045000 	 0.1073000 	 0.1341000 	 1.7761000 	 0.2499000 	 0.0567000 	 3.7248000
7.9000000 	 -1.0250000 	 -2.5000000 	 1.7119000 	 0.0000000 	 0.0167000 	 0.0052000 	 0.1642000 	 0.1787000 	 1.2374000 	 0.2992000 	 0.0808000 	 4.8218000
7.9000000 	 -1.0250000 	 -2.2500000 	 1.2731000 	 0.0000000 	 0.0370000 	 0.0064000 	 0.2341000 	 0.2293000 	 0.8591000 	 0.3499000 	 0.1074000 	 5.8260000
7.9000000 	 -0.9000000 	 -2.7500000 	 2.3404000 	 0.0000000 	 0.0086000 	 0.0045000 	 0.1065000 	 0.1778000 	 1.7723000 	 0.2492000 	 0.0564000 	 3.7149000
7.9000000 	 -0.9000000 	 -2.5000000 	 1.7087000 	 0.0000000 	 0.0207000 	 0.0052000 	 0.1627000 	 0.2365000 	 1.2345000 	 0.2981000 	 0.0803000 	 4.8054000
7.9000000 	 -0.9000000 	 -2.2500000 	 1.2719000 	 0.0000000 	 0.0468000 	 0.0063000 	 0.2318000 	 0.3032000 	 0.8572000 	 0.3485000 	 0.1066000 	 5.8041000
8.0000000 	 -1.1500000 	 -2.7500000 	 2.1955000 	 0.0000000 	 0.0049000 	 0.0049000 	 0.0970000 	 0.0973000 	 2.0876000 	 0.2731000 	 0.0558000 	 4.1092000
8.0000000 	 -1.1500000 	 -2.5000000 	 1.6113000 	 0.0000000 	 0.0114000 	 0.0057000 	 0.1470000 	 0.1278000 	 1.4612000 	 0.3249000 	 0.0791000 	 5.3111000
8.0000000 	 -1.1500000 	 -2.2500000 	 1.1965000 	 0.0000000 	 0.0244000 	 0.0068000 	 0.2084000 	 0.1625000 	 1.0175000 	 0.3783000 	 0.1046000 	 6.4092000
8.0000000 	 -1.0250000 	 -2.7500000 	 2.1917000 	 0.0000000 	 0.0061000 	 0.0049000 	 0.0964000 	 0.1292000 	 2.0834000 	 0.2723000 	 0.0556000 	 4.0994000
8.0000000 	 -1.0250000 	 -2.5000000 	 1.6086000 	 0.0000000 	 0.0141000 	 0.0057000 	 0.1461000 	 0.1694000 	 1.4582000 	 0.3240000 	 0.0787000 	 5.2980000
8.0000000 	 -1.0250000 	 -2.2500000 	 1.1939000 	 0.0000000 	 0.0304000 	 0.0068000 	 0.2068000 	 0.2152000 	 1.0156000 	 0.3771000 	 0.1040000 	 6.3909000
8.0000000 	 -0.9000000 	 -2.7500000 	 2.1885000 	 0.0000000 	 0.0076000 	 0.0049000 	 0.0956000 	 0.1710000 	 2.0779000 	 0.2714000 	 0.0552000 	 4.0862000
8.0000000 	 -0.9000000 	 -2.5000000 	 1.6049000 	 0.0000000 	 0.0174000 	 0.0057000 	 0.1449000 	 0.2242000 	 1.4545000 	 0.3228000 	 0.0782000 	 5.2799000
8.0000000 	 -0.9000000 	 -2.2500000 	 1.1917000 	 0.0000000 	 0.0379000 	 0.0068000 	 0.2048000 	 0.2846000 	 1.0129000 	 0.3755000 	 0.1033000 	 6.3668000
8.0000000 	 -0.7750000 	 -2.7500000 	 2.1877000 	 0.0000000 	 0.0094000 	 0.0049000 	 0.0946000 	 0.2259000 	 2.0705000 	 0.2701000 	 0.0548000 	 4.0691000
8.0000000 	 -0.7750000 	 -2.5000000 	 1.6026000 	 0.0000000 	 0.0216000 	 0.0057000 	 0.1431000 	 0.2960000 	 1.4494000 	 0.3211000 	 0.0775000 	 5.2564000
8.0000000 	 -0.7750000 	 -2.2500000 	 1.1885000 	 0.0000000 	 0.0475000 	 0.0068000 	 0.2022000 	 0.3754000 	 1.0092000 	 0.3734000 	 0.1023000 	 6.3352000
8.0000000 	 -0.6500000 	 -2.7500000 	 2.1815000 	 0.0000000 	 0.0115000 	 0.0049000 	 0.0932000 	 0.2977000 	 2.0606000 	 0.2684000 	 0.0542000 	 4.0465000
8.0000000 	 -0.6500000 	 -2.5000000 	 1.5991000 	 0.0000000 	 0.0268000 	 0.0057000 	 0.1409000 	 0.3895000 	 1.4425000 	 0.3189000 	 0.0766000 	 5.2241000
8.0000000 	 -0.6500000 	 -2.2500000 	 1.1858000 	 0.0000000 	 0.0593000 	 0.0068000 	 0.1988000 	 0.4933000 	 1.0044000 	 0.3705000 	 0.1010000 	 6.2932000
8.1000000 	 -1.1500000 	 -3.0000000 	 2.7979000 	 0.0000000 	 0.0000000 	 0.0042000 	 0.0476000 	 0.0656000 	 3.2167000 	 0.2341000 	 0.0324000 	 2.9884000
8.1000000 	 -1.1500000 	 -2.7500000 	 2.0366000 	 0.0000000 	 0.0042000 	 0.0047000 	 0.0807000 	 0.0883000 	 2.3839000 	 0.2875000 	 0.0515000 	 4.3719000
8.1000000 	 -1.1500000 	 -2.5000000 	 1.4842000 	 0.0000000 	 0.0093000 	 0.0054000 	 0.1219000 	 0.1145000 	 1.6818000 	 0.3403000 	 0.0728000 	 5.6567000
8.1000000 	 -1.0250000 	 -3.0000000 	 2.7956000 	 0.0000000 	 0.0011000 	 0.0042000 	 0.0472000 	 0.0870000 	 3.2087000 	 0.2334000 	 0.0322000 	 2.9800000
8.1000000 	 -1.0250000 	 -2.7500000 	 2.0333000 	 0.0000000 	 0.0052000 	 0.0047000 	 0.0802000 	 0.1171000 	 2.3780000 	 0.2866000 	 0.0512000 	 4.3601000
8.1000000 	 -1.0250000 	 -2.5000000 	 1.4878000 	 0.0000000 	 0.0112000 	 0.0054000 	 0.1211000 	 0.1518000 	 1.6783000 	 0.3394000 	 0.0724000 	 5.6428000
8.1000000 	 -0.9000000 	 -3.0000000 	 2.7897000 	 0.0000000 	 0.0015000 	 0.0042000 	 0.0468000 	 0.1152000 	 3.1985000 	 0.2326000 	 0.0320000 	 2.9695000
8.1000000 	 -0.9000000 	 -2.7500000 	 2.0296000 	 0.0000000 	 0.0063000 	 0.0047000 	 0.0794000 	 0.1550000 	 2.3703000 	 0.2855000 	 0.0509000 	 4.3441000
8.1000000 	 -0.9000000 	 -2.5000000 	 1.4840000 	 0.0000000 	 0.0135000 	 0.0054000 	 0.1199000 	 0.2008000 	 1.6730000 	 0.3379000 	 0.0719000 	 5.6217000
8.1000000 	 -0.7750000 	 -3.0000000 	 2.7850000 	 0.0000000 	 0.0029000 	 0.0042000 	 0.0462000 	 0.1519000 	 3.1832000 	 0.2313000 	 0.0317000 	 2.9543000
8.1000000 	 -0.7750000 	 -2.7500000 	 2.0107000 	 0.0000000 	 0.0077000 	 0.0047000 	 0.0785000 	 0.2045000 	 2.3602000 	 0.2839000 	 0.0504000 	 4.3232000
8.1000000 	 -0.7750000 	 -2.5000000 	 1.4810000 	 0.0000000 	 0.0164000 	 0.0053000 	 0.1184000 	 0.2649000 	 1.6661000 	 0.3361000 	 0.0712000 	 5.5940000
8.1000000 	 -0.6500000 	 -3.0000000 	 2.7781000 	 0.0000000 	 0.0037000 	 0.0042000 	 0.0454000 	 0.1997000 	 3.1629000 	 0.2295000 	 0.0312000 	 2.9341000
8.1000000 	 -0.6500000 	 -2.7500000 	 2.0081000 	 0.0000000 	 0.0092000 	 0.0047000 	 0.0771000 	 0.2688000 	 2.3466000 	 0.2819000 	 0.0498000 	 4.2951000
8.1000000 	 -0.6500000 	 -2.5000000 	 1.4784000 	 0.0000000 	 0.0200000 	 0.0053000 	 0.1166000 	 0.3485000 	 1.6574000 	 0.3337000 	 0.0704000 	 5.5597000
8.2000000 	 -0.9000000 	 -3.0000000 	 2.5961000 	 0.0000000 	 0.0012000 	 0.0038000 	 0.0356000 	 0.0991000 	 3.5167000 	 0.2347000 	 0.0274000 	 3.0146000
8.2000000 	 -0.9000000 	 -2.7500000 	 1.8579000 	 0.0000000 	 0.0051000 	 0.0042000 	 0.0604000 	 0.1315000 	 2.6425000 	 0.2877000 	 0.0437000 	 4.4337000
8.2000000 	 -0.9000000 	 -2.5000000 	 1.3549000 	 0.0000000 	 0.0100000 	 0.0048000 	 0.0916000 	 0.1690000 	 1.8867000 	 0.3401000 	 0.0621000 	 5.7674000
8.2000000 	 -0.7750000 	 -3.0000000 	 2.5885000 	 0.0000000 	 0.0015000 	 0.0038000 	 0.0350000 	 0.1304000 	 3.4961000 	 0.2331000 	 0.0271000 	 2.9969000
8.2000000 	 -0.7750000 	 -2.7500000 	 1.8530000 	 0.0000000 	 0.0060000 	 0.0042000 	 0.0596000 	 0.1734000 	 2.6289000 	 0.2860000 	 0.0433000 	 4.4104000
8.2000000 	 -0.7750000 	 -2.5000000 	 1.3579000 	 0.0000000 	 0.0118000 	 0.0048000 	 0.0905000 	 0.2229000 	 1.8781000 	 0.3382000 	 0.0615000 	 5.7397000
8.2000000 	 -0.6500000 	 -3.0000000 	 2.5809000 	 0.0000000 	 0.0030000 	 0.0038000 	 0.0343000 	 0.1711000 	 3.4695000 	 0.2311000 	 0.0267000 	 2.9736000
8.2000000 	 -0.6500000 	 -2.7500000 	 1.8550000 	 0.0000000 	 0.0071000 	 0.0042000 	 0.0585000 	 0.2278000 	 2.6116000 	 0.2837000 	 0.0427000 	 4.3805000
8.2000000 	 -0.6500000 	 -2.5000000 	 1.3589000 	 0.0000000 	 0.0141000 	 0.0048000 	 0.0889000 	 0.2930000 	 1.8665000 	 0.3356000 	 0.0607000 	 5.7020000
8.2000000 	 -0.5250000 	 -3.0000000 	 2.5918000 	 0.0000000 	 0.0037000 	 0.0038000 	 0.0334000 	 0.2231000 	 3.4335000 	 0.2284000 	 0.0262000 	 2.9427000
8.2000000 	 -0.5250000 	 -2.7500000 	 1.8498000 	 0.0000000 	 0.0084000 	 0.0042000 	 0.0571000 	 0.2978000 	 2.5886000 	 0.2808000 	 0.0420000 	 4.3409000
8.2000000 	 -0.5250000 	 -2.5000000 	 1.3503000 	 0.0000000 	 0.0169000 	 0.0048000 	 0.0871000 	 0.3835000 	 1.8517000 	 0.3324000 	 0.0597000 	 5.6544000
8.2000000 	 -0.4000000 	 -3.0000000 	 2.5821000 	 0.0000000 	 0.0045000 	 0.0038000 	 0.0322000 	 0.2888000 	 3.3863000 	 0.2249000 	 0.0255000 	 2.9022000
8.2000000 	 -0.4000000 	 -2.7500000 	 1.8557000 	 0.0000000 	 0.0097000 	 0.0042000 	 0.0554000 	 0.3867000 	 2.5585000 	 0.2770000 	 0.0410000 	 4.2889000
8.2000000 	 -0.4000000 	 -2.5000000 	 1.3555000 	 0.0000000 	 0.0200000 	 0.0047000 	 0.0845000 	 0.4984000 	 1.8315000 	 0.3279000 	 0.0584000 	 5.5892000
8.3000000 	 -0.9000000 	 -3.0000000 	 2.3714000 	 0.0000000 	 0.0000000 	 0.0034000 	 0.0229000 	 0.0753000 	 3.6722000 	 0.2176000 	 0.0207000 	 2.8413000
8.3000000 	 -0.9000000 	 -2.7500000 	 1.6984000 	 0.0000000 	 0.0040000 	 0.0038000 	 0.0396000 	 0.0996000 	 2.8185000 	 0.2690000 	 0.0335000 	 4.2379000
8.3000000 	 -0.9000000 	 -2.5000000 	 1.2338000 	 0.0000000 	 0.0074000 	 0.0043000 	 0.0610000 	 0.1274000 	 2.0466000 	 0.3196000 	 0.0481000 	 5.5734000
8.3000000 	 -0.7750000 	 -3.0000000 	 2.3861000 	 0.0000000 	 0.0011000 	 0.0034000 	 0.0225000 	 0.0989000 	 3.6450000 	 0.2158000 	 0.0204000 	 2.8214000
8.3000000 	 -0.7750000 	 -2.7500000 	 1.6925000 	 0.0000000 	 0.0047000 	 0.0038000 	 0.0390000 	 0.1310000 	 2.8007000 	 0.2671000 	 0.0331000 	 4.2130000
8.3000000 	 -0.7750000 	 -2.5000000 	 1.2387000 	 0.0000000 	 0.0085000 	 0.0043000 	 0.0602000 	 0.1679000 	 2.0353000 	 0.3176000 	 0.0476000 	 5.5443000
8.3000000 	 -0.6500000 	 -3.0000000 	 2.3782000 	 0.0000000 	 0.0025000 	 0.0034000 	 0.0220000 	 0.1292000 	 3.6093000 	 0.2135000 	 0.0201000 	 2.7956000
8.3000000 	 -0.6500000 	 -2.7500000 	 1.6850000 	 0.0000000 	 0.0054000 	 0.0038000 	 0.0382000 	 0.1717000 	 2.7782000 	 0.2647000 	 0.0326000 	 4.1806000
8.3000000 	 -0.6500000 	 -2.5000000 	 1.2320000 	 0.0000000 	 0.0097000 	 0.0043000 	 0.0590000 	 0.2202000 	 2.0196000 	 0.3149000 	 0.0470000 	 5.5047000
8.3000000 	 -0.5250000 	 -3.0000000 	 2.3668000 	 0.0000000 	 0.0029000 	 0.0034000 	 0.0213000 	 0.1678000 	 3.5622000 	 0.2105000 	 0.0196000 	 2.7613000
8.3000000 	 -0.5250000 	 -2.7500000 	 1.6784000 	 0.0000000 	 0.0061000 	 0.0038000 	 0.0372000 	 0.2237000 	 2.7473000 	 0.2615000 	 0.0319000 	 4.1375000
8.3000000 	 -0.5250000 	 -2.5000000 	 1.2280000 	 0.0000000 	 0.0110000 	 0.0043000 	 0.0577000 	 0.2875000 	 2.0000000 	 0.3114000 	 0.0461000 	 5.4545000
8.3000000 	 -0.4000000 	 -3.0000000 	 2.3770000 	 0.0000000 	 0.0035000 	 0.0034000 	 0.0204000 	 0.2157000 	 3.5010000 	 0.2065000 	 0.0190000 	 2.7168000
8.3000000 	 -0.4000000 	 -2.7500000 	 1.6807000 	 0.0000000 	 0.0070000 	 0.0038000 	 0.0358000 	 0.2890000 	 2.7063000 	 0.2572000 	 0.0311000 	 4.0812000
8.3000000 	 -0.4000000 	 -2.5000000 	 1.2308000 	 0.0000000 	 0.0127000 	 0.0043000 	 0.0558000 	 0.3728000 	 1.9741000 	 0.3069000 	 0.0451000 	 5.3888000
8.4000000 	 -0.9000000 	 -3.0000000 	 2.2163000 	 0.0000000 	 0.0000000 	 0.0028000 	 0.0134000 	 0.0534000 	 3.6966000 	 0.1903000 	 0.0144000 	 2.5475000
8.4000000 	 -0.9000000 	 -2.7500000 	 1.5506000 	 0.0000000 	 0.0035000 	 0.0031000 	 0.0236000 	 0.0707000 	 2.9113000 	 0.2387000 	 0.0237000 	 3.8700000
8.4000000 	 -0.9000000 	 -2.5000000 	 1.1170000 	 0.0000000 	 0.0060000 	 0.0035000 	 0.0372000 	 0.0901000 	 2.1594000 	 0.2864000 	 0.0347000 	 5.1666000
8.4000000 	 -0.7750000 	 -3.0000000 	 2.2332000 	 0.0000000 	 0.0000000 	 0.0028000 	 0.0131000 	 0.0699000 	 3.6640000 	 0.1884000 	 0.0142000 	 2.5273000
8.4000000 	 -0.7750000 	 -2.7500000 	 1.5464000 	 0.0000000 	 0.0039000 	 0.0031000 	 0.0232000 	 0.0927000 	 2.8886000 	 0.2367000 	 0.0234000 	 3.8438000
8.4000000 	 -0.7750000 	 -2.5000000 	 1.1218000 	 0.0000000 	 0.0066000 	 0.0035000 	 0.0366000 	 0.1184000 	 2.1442000 	 0.2843000 	 0.0343000 	 5.1362000
8.4000000 	 -0.6500000 	 -3.0000000 	 2.2252000 	 0.0000000 	 0.0011000 	 0.0028000 	 0.0127000 	 0.0910000 	 3.6189000 	 0.1860000 	 0.0139000 	 2.4994000
8.4000000 	 -0.6500000 	 -2.7500000 	 1.5394000 	 0.0000000 	 0.0044000 	 0.0031000 	 0.0227000 	 0.1209000 	 2.8590000 	 0.2341000 	 0.0230000 	 3.8095000
8.4000000 	 -0.6500000 	 -2.5000000 	 1.1161000 	 0.0000000 	 0.0072000 	 0.0035000 	 0.0358000 	 0.1551000 	 2.1253000 	 0.2816000 	 0.0338000 	 5.0972000
8.4000000 	 -0.5250000 	 -3.0000000 	 2.2259000 	 0.0000000 	 0.0025000 	 0.0028000 	 0.0122000 	 0.1173000 	 3.5606000 	 0.1827000 	 0.0135000 	 2.4628000
8.4000000 	 -0.5250000 	 -2.7500000 	 1.5353000 	 0.0000000 	 0.0049000 	 0.0031000 	 0.0219000 	 0.1569000 	 2.8198000 	 0.2307000 	 0.0225000 	 3.7644000
8.4000000 	 -0.5250000 	 -2.5000000 	 1.1170000 	 0.0000000 	 0.0079000 	 0.0035000 	 0.0349000 	 0.2017000 	 2.0999000 	 0.2780000 	 0.0331000 	 5.0447000
8.4000000 	 -0.4000000 	 -3.0000000 	 2.2158000 	 0.0000000 	 0.0029000 	 0.0028000 	 0.0117000 	 0.1498000 	 3.4838000 	 0.1785000 	 0.0130000 	 2.4161000
8.4000000 	 -0.4000000 	 -2.7500000 	 1.5379000 	 0.0000000 	 0.0055000 	 0.0031000 	 0.0209000 	 0.2013000 	 2.7679000 	 0.2262000 	 0.0218000 	 3.7048000
8.4000000 	 -0.4000000 	 -2.5000000 	 1.1093000 	 0.0000000 	 0.0088000 	 0.0035000 	 0.0335000 	 0.2604000 	 2.0658000 	 0.2733000 	 0.0323000 	 4.9763000
8.5000000 	 -0.9000000 	 -3.0000000 	 2.1567000 	 0.0000000 	 0.0000000 	 0.0018000 	 0.0061000 	 0.0318000 	 3.4390000 	 0.1434000 	 0.0083000 	 2.0246000
8.5000000 	 -0.9000000 	 -2.7500000 	 1.4396000 	 0.0000000 	 0.0029000 	 0.0020000 	 0.0113000 	 0.0429000 	 2.8288000 	 0.1868000 	 0.0142000 	 3.1887000
8.5000000 	 -0.9000000 	 -2.5000000 	 1.0108000 	 0.0000000 	 0.0051000 	 0.0023000 	 0.0185000 	 0.0552000 	 2.1690000 	 0.2299000 	 0.0214000 	 4.3714000
8.5000000 	 -0.7750000 	 -3.0000000 	 2.1574000 	 0.0000000 	 0.0000000 	 0.0018000 	 0.0059000 	 0.0413000 	 3.3975000 	 0.1415000 	 0.0081000 	 2.0041000
8.5000000 	 -0.7750000 	 -2.7500000 	 1.4403000 	 0.0000000 	 0.0034000 	 0.0020000 	 0.0110000 	 0.0561000 	 2.8002000 	 0.1848000 	 0.0140000 	 3.1625000
8.5000000 	 -0.7750000 	 -2.5000000 	 1.0060000 	 0.0000000 	 0.0054000 	 0.0023000 	 0.0181000 	 0.0723000 	 2.1503000 	 0.2278000 	 0.0211000 	 4.3411000
8.5000000 	 -0.6500000 	 -3.0000000 	 2.1537000 	 0.0000000 	 0.0000000 	 0.0018000 	 0.0058000 	 0.0533000 	 3.3445000 	 0.1392000 	 0.0079000 	 1.9772000
8.5000000 	 -0.6500000 	 -2.7500000 	 1.4331000 	 0.0000000 	 0.0038000 	 0.0020000 	 0.0107000 	 0.0728000 	 2.7628000 	 0.1822000 	 0.0137000 	 3.1278000
8.5000000 	 -0.6500000 	 -2.5000000 	 1.0041000 	 0.0000000 	 0.0059000 	 0.0023000 	 0.0177000 	 0.0942000 	 2.1252000 	 0.2251000 	 0.0208000 	 4.3010000
8.5000000 	 -0.5250000 	 -3.0000000 	 2.1485000 	 0.0000000 	 0.0010000 	 0.0018000 	 0.0055000 	 0.0683000 	 3.2759000 	 0.1361000 	 0.0077000 	 1.9422000
8.5000000 	 -0.5250000 	 -2.7500000 	 1.4436000 	 0.0000000 	 0.0042000 	 0.0020000 	 0.0103000 	 0.0937000 	 2.7147000 	 0.1789000 	 0.0133000 	 3.0832000
8.5000000 	 -0.5250000 	 -2.5000000 	 1.0012000 	 0.0000000 	 0.0063000 	 0.0023000 	 0.0170000 	 0.1218000 	 2.0927000 	 0.2216000 	 0.0203000 	 4.2487000
8.5000000 	 -0.4000000 	 -3.0000000 	 2.1699000 	 0.0000000 	 0.0024000 	 0.0018000 	 0.0051000 	 0.0860000 	 3.1847000 	 0.1321000 	 0.0073000 	 1.8967000
8.5000000 	 -0.4000000 	 -2.7500000 	 1.4398000 	 0.0000000 	 0.0046000 	 0.0020000 	 0.0098000 	 0.1191000 	 2.6493000 	 0.1744000 	 0.0128000 	 3.0231000
8.5000000 	 -0.4000000 	 -2.5000000 	 1.0024000 	 0.0000000 	 0.0068000 	 0.0023000 	 0.0164000 	 0.1560000 	 2.0497000 	 0.2170000 	 0.0196000 	 4.1799000
8.6000000 	 -0.6500000 	 -3.0000000 	 2.3106000 	 0.0000000 	 0.0000000 	 0.0000000 	 0.0015000 	 0.0265000 	 2.8735000 	 0.0879000 	 0.0037000 	 1.3791000
8.6000000 	 -0.6500000 	 -2.7500000 	 1.4429000 	 0.0000000 	 0.0031000 	 0.0011000 	 0.0041000 	 0.0380000 	 2.5280000 	 0.1225000 	 0.0069000 	 2.3039000
8.6000000 	 -0.6500000 	 -2.5000000 	 0.9640000 	 0.0000000 	 0.0052000 	 0.0012000 	 0.0071000 	 0.0502000 	 2.0371000 	 0.1583000 	 0.0109000 	 3.2962000
8.6000000 	 -0.5250000 	 -3.0000000 	 2.3170000 	 0.0000000 	 0.0000000 	 0.0000000 	 0.0014000 	 0.0335000 	 2.7951000 	 0.0853000 	 0.0036000 	 1.3478000
8.6000000 	 -0.5250000 	 -2.7500000 	 1.4634000 	 0.0000000 	 0.0036000 	 0.0011000 	 0.0029000 	 0.0485000 	 2.4693000 	 0.1195000 	 0.0066000 	 2.2615000
8.6000000 	 -0.5250000 	 -2.5000000 	 0.9724000 	 0.0000000 	 0.0056000 	 0.0012000 	 0.0068000 	 0.0643000 	 1.9954000 	 0.1549000 	 0.0105000 	 3.2437000
8.6000000 	 -0.4000000 	 -3.0000000 	 2.3558000 	 0.0000000 	 0.0000000 	 0.0000000 	 0.0013000 	 0.0415000 	 2.6932000 	 0.0820000 	 0.0034000 	 1.3069000
8.6000000 	 -0.4000000 	 -2.7500000 	 1.4726000 	 0.0000000 	 0.0040000 	 0.0011000 	 0.0027000 	 0.0607000 	 2.3920000 	 0.1156000 	 0.0063000 	 2.2049000
8.6000000 	 -0.4000000 	 -2.5000000 	 0.9670000 	 0.0000000 	 0.0059000 	 0.0012000 	 0.0064000 	 0.0812000 	 1.9416000 	 0.1506000 	 0.0101000 	 3.1752000
8.6000000 	 -0.2750000 	 -3.0000000 	 2.3667000 	 0.0000000 	 0.0012000 	 0.0000000 	 0.0012000 	 0.0502000 	 2.5627000 	 0.0778000 	 0.0031000 	 1.2544000
8.6000000 	 -0.2750000 	 -2.7500000 	 1.4813000 	 0.0000000 	 0.0043000 	 0.0011000 	 0.0025000 	 0.0743000 	 2.2930000 	 0.1105000 	 0.0059000 	 2.1317000
8.6000000 	 -0.2750000 	 -2.5000000 	 0.9761000 	 0.0000000 	 0.0062000 	 0.0012000 	 0.0059000 	 0.1008000 	 1.8726000 	 0.1450000 	 0.0095000 	 3.0868000
8.6000000 	 -0.1500000 	 -3.0000000 	 2.4117000 	 0.0000000 	 0.0025000 	 0.0000000 	 0.0010000 	 0.0589000 	 2.4006000 	 0.0725000 	 0.0028000 	 1.1881000
8.6000000 	 -0.1500000 	 -2.7500000 	 1.4974000 	 0.0000000 	 0.0047000 	 0.0011000 	 0.0022000 	 0.0887000 	 2.1682000 	 0.1041000 	 0.0054000 	 2.0376000
8.6000000 	 -0.1500000 	 -2.5000000 	 0.9829000 	 0.0000000 	 0.0064000 	 0.0012000 	 0.0054000 	 0.1221000 	 1.7836000 	 0.1379000 	 0.0088000 	 2.9717000
8.7000000 	 -0.6500000 	 -3.0000000 	 2.7915000 	 0.0000000 	 0.0000000 	 0.0000000 	 0.0000000 	 0.0102000 	 2.1114000 	 0.0471000 	 0.0014000 	 0.8624000
8.7000000 	 -0.6500000 	 -2.7500000 	 1.6697000 	 0.0000000 	 0.0015000 	 0.0000000 	 0.0000000 	 0.0165000 	 2.0397000 	 0.0716000 	 0.0029000 	 1.5477000
8.7000000 	 -0.6500000 	 -2.5000000 	 1.0562000 	 0.0000000 	 0.0047000 	 0.0000000 	 0.0018000 	 0.0233000 	 1.7609000 	 0.0982000 	 0.0049000 	 2.3205000
8.7000000 	 -0.5250000 	 -3.0000000 	 2.8427000 	 0.0000000 	 0.0000000 	 0.0000000 	 0.0000000 	 0.0127000 	 2.0319000 	 0.0452000 	 0.0014000 	 0.8357000
8.7000000 	 -0.5250000 	 -2.7500000 	 1.6859000 	 0.0000000 	 0.0029000 	 0.0000000 	 0.0000000 	 0.0207000 	 1.9759000 	 0.0692000 	 0.0028000 	 1.5089000
8.7000000 	 -0.5250000 	 -2.5000000 	 1.0647000 	 0.0000000 	 0.0051000 	 0.0000000 	 0.0017000 	 0.0294000 	 1.7131000 	 0.0953000 	 0.0047000 	 2.2702000
8.7000000 	 -0.4000000 	 -3.0000000 	 2.8590000 	 0.0000000 	 0.0000000 	 0.0000000 	 0.0000000 	 0.0153000 	 1.9346000 	 0.0429000 	 0.0013000 	 0.8020000
8.7000000 	 -0.4000000 	 -2.7500000 	 1.6906000 	 0.0000000 	 0.0033000 	 0.0000000 	 0.0000000 	 0.0254000 	 1.8941000 	 0.0661000 	 0.0026000 	 1.4583000
8.7000000 	 -0.4000000 	 -2.5000000 	 1.0722000 	 0.0000000 	 0.0053000 	 0.0000000 	 0.0016000 	 0.0364000 	 1.6516000 	 0.0916000 	 0.0045000 	 2.2051000
8.7000000 	 -0.2750000 	 -3.0000000 	 2.9433000 	 0.0000000 	 0.0000000 	 0.0000000 	 0.0000000 	 0.0180000 	 1.8125000 	 0.0400000 	 0.0011000 	 0.7594000
8.7000000 	 -0.2750000 	 -2.7500000 	 1.7270000 	 0.0000000 	 0.0037000 	 0.0000000 	 0.0000000 	 0.0302000 	 1.7907000 	 0.0622000 	 0.0024000 	 1.3931000
8.7000000 	 -0.2750000 	 -2.5000000 	 1.0761000 	 0.0000000 	 0.0056000 	 0.0000000 	 0.0014000 	 0.0440000 	 1.5729000 	 0.0870000 	 0.0041000 	 2.1206000
8.7000000 	 -0.1500000 	 -3.0000000 	 2.9863000 	 0.0000000 	 0.0011000 	 0.0000000 	 0.0000000 	 0.0202000 	 1.6623000 	 0.0364000 	 0.0000000 	 0.7066000
8.7000000 	 -0.1500000 	 -2.7500000 	 1.7620000 	 0.0000000 	 0.0041000 	 0.0000000 	 0.0000000 	 0.0347000 	 1.6597000 	 0.0574000 	 0.0021000 	 1.3097000
8.7000000 	 -0.1500000 	 -2.5000000 	 1.0955000 	 0.0000000 	 0.0059000 	 0.0000000 	 0.0012000 	 0.0516000 	 1.4746000 	 0.0811000 	 0.0037000 	 2.0119000
8.8000000 	 -0.4000000 	 -3.2500000 	 7.4181000 	 0.0000000 	 0.0000000 	 0.0000000 	 0.0000000 	 0.0000000 	 0.7446000 	 0.0068000 	 0.0000000 	 0.1266000
8.8000000 	 -0.4000000 	 -3.0000000 	 3.9072000 	 0.0000000 	 0.0000000 	 0.0000000 	 0.0000000 	 0.0035000 	 1.1034000 	 0.0161000 	 0.0000000 	 0.3875000
8.8000000 	 -0.4000000 	 -2.7500000 	 2.2072000 	 0.0000000 	 0.0014000 	 0.0000000 	 0.0000000 	 0.0075000 	 1.2756000 	 0.0287000 	 0.0000000 	 0.7977000
8.8000000 	 -0.2750000 	 -3.2500000 	 7.5745000 	 0.0000000 	 0.0000000 	 0.0000000 	 0.0000000 	 0.0000000 	 0.6801000 	 0.0062000 	 0.0000000 	 0.1168000
8.8000000 	 -0.2750000 	 -3.0000000 	 4.0036000 	 0.0000000 	 0.0000000 	 0.0000000 	 0.0000000 	 0.0040000 	 1.0108000 	 0.0146000 	 0.0000000 	 0.3597000
8.8000000 	 -0.2750000 	 -2.7500000 	 2.2579000 	 0.0000000 	 0.0017000 	 0.0000000 	 0.0000000 	 0.0087000 	 1.1794000 	 0.0263000 	 0.0000000 	 0.7468000
8.8000000 	 -0.1500000 	 -3.2500000 	 7.8536000 	 0.0000000 	 0.0000000 	 0.0000000 	 0.0000000 	 0.0000000 	 0.6061000 	 0.0055000 	 0.0000000 	 0.1055000
8.8000000 	 -0.1500000 	 -3.0000000 	 4.1158000 	 0.0000000 	 0.0000000 	 0.0000000 	 0.0000000 	 0.0042000 	 0.9011000 	 0.0129000 	 0.0000000 	 0.3259000
8.8000000 	 -0.1500000 	 -2.7500000 	 2.3114000 	 0.0000000 	 0.0031000 	 0.0000000 	 0.0000000 	 0.0093000 	 1.0623000 	 0.0235000 	 0.0000000 	 0.6833000
8.8000000 	 -0.0250000 	 -3.2500000 	 8.1527000 	 0.0000000 	 0.0000000 	 0.0000000 	 0.0000000 	 0.0000000 	 0.5220000 	 0.0046000 	 0.0000000 	 0.0924000
8.8000000 	 -0.0250000 	 -3.0000000 	 4.3066000 	 0.0000000 	 0.0000000 	 0.0000000 	 0.0000000 	 0.0042000 	 0.7757000 	 0.0109000 	 0.0000000 	 0.2866000
8.8000000 	 -0.0250000 	 -2.7500000 	 2.3803000 	 0.0000000 	 0.0035000 	 0.0000000 	 0.0000000 	 0.0094000 	 0.9242000 	 0.0201000 	 0.0000000 	 0.6068000
8.8000000 	 0.1000000 	 -3.2500000 	 8.5104000 	 0.0000000 	 0.0000000 	 0.0000000 	 0.0000000 	 0.0000000 	 0.4326000 	 0.0038000 	 0.0000000 	 0.0783000
8.8000000 	 0.1000000 	 -3.0000000 	 4.5365000 	 0.0000000 	 0.0000000 	 0.0000000 	 0.0000000 	 0.0038000 	 0.6394000 	 0.0089000 	 0.0000000 	 0.2425000
8.8000000 	 0.1000000 	 -2.7500000 	 2.4999000 	 0.0000000 	 0.0037000 	 0.0000000 	 0.0000000 	 0.0086000 	 0.7686000 	 0.0164000 	 0.0000000 	 0.5173000
8.9000000 	 -0.4000000 	 -3.2500000 	 10.9553000 	 0.0000000 	 0.0000000 	 0.0000000 	 0.0000000 	 0.0000000 	 0.1900000 	 0.0010000 	 0.0000000 	 0.0274000
8.9000000 	 -0.4000000 	 -3.0000000 	 5.9518000 	 0.0000000 	 0.0000000 	 0.0000000 	 0.0000000 	 0.0000000 	 0.3763000 	 0.0032000 	 0.0000000 	 0.1150000
8.9000000 	 -0.4000000 	 -2.7500000 	 3.2064000 	 0.0000000 	 0.0000000 	 0.0000000 	 0.0000000 	 0.0000000 	 0.5846000 	 0.0075000 	 0.0000000 	 0.3024000
8.9000000 	 -0.2750000 	 -3.2500000 	 11.1964000 	 0.0000000 	 0.0000000 	 0.0000000 	 0.0000000 	 0.0000000 	 0.1721000 	 0.0000000 	 0.0000000 	 0.0251000
8.9000000 	 -0.2750000 	 -3.0000000 	 6.1067000 	 0.0000000 	 0.0000000 	 0.0000000 	 0.0000000 	 0.0000000 	 0.3379000 	 0.0029000 	 0.0000000 	 0.1042000
8.9000000 	 -0.2750000 	 -2.7500000 	 3.2809000 	 0.0000000 	 0.0000000 	 0.0000000 	 0.0000000 	 0.0000000 	 0.5229000 	 0.0066000 	 0.0000000 	 0.2744000
8.9000000 	 -0.1500000 	 -3.2500000 	 11.4217000 	 0.0000000 	 0.0000000 	 0.0000000 	 0.0000000 	 0.0000000 	 0.1518000 	 0.0000000 	 0.0000000 	 0.0224000
8.9000000 	 -0.1500000 	 -3.0000000 	 6.3260000 	 0.0000000 	 0.0000000 	 0.0000000 	 0.0000000 	 0.0000000 	 0.2929000 	 0.0025000 	 0.0000000 	 0.0916000
8.9000000 	 -0.1500000 	 -2.7500000 	 3.3954000 	 0.0000000 	 0.0011000 	 0.0000000 	 0.0000000 	 0.0000000 	 0.4556000 	 0.0056000 	 0.0000000 	 0.2388000
8.9000000 	 -0.0250000 	 -3.2500000 	 11.7180000 	 0.0000000 	 0.0000000 	 0.0000000 	 0.0000000 	 0.0000000 	 0.1291000 	 0.0000000 	 0.0000000 	 0.0193000
8.9000000 	 -0.0250000 	 -3.0000000 	 6.6242000 	 0.0000000 	 0.0000000 	 0.0000000 	 0.0000000 	 0.0000000 	 0.2435000 	 0.0020000 	 0.0000000 	 0.0776000
8.9000000 	 -0.0250000 	 -2.7500000 	 3.5715000 	 0.0000000 	 0.0014000 	 0.0000000 	 0.0000000 	 0.0000000 	 0.3790000 	 0.0046000 	 0.0000000 	 0.1991000
8.9000000 	 0.1000000 	 -3.2500000 	 12.1803000 	 0.0000000 	 0.0000000 	 0.0000000 	 0.0000000 	 0.0000000 	 0.1048000 	 0.0000000 	 0.0000000 	 0.0160000
8.9000000 	 0.1000000 	 -3.0000000 	 6.9340000 	 0.0000000 	 0.0000000 	 0.0000000 	 0.0000000 	 0.0000000 	 0.1924000 	 0.0015000 	 0.0000000 	 0.0625000
8.9000000 	 0.1000000 	 -2.7500000 	 3.8260000 	 0.0000000 	 0.0016000 	 0.0000000 	 0.0000000 	 0.0000000 	 0.2961000 	 0.0035000 	 0.0000000 	 0.1574000
9.0000000 	 -0.1500000 	 -3.2500000 	 23.2117000 	 0.0000000 	 0.0000000 	 0.0000000 	 0.0000000 	 0.0000000 	 0.0481000 	 0.0000000 	 0.0000000 	 0.0125000
9.0000000 	 -0.1500000 	 -3.0000000 	 22.0784000 	 0.0000000 	 0.0000000 	 0.0000000 	 0.0000000 	 0.0000000 	 0.0942000 	 0.0000000 	 0.0000000 	 0.0487000
9.0000000 	 -0.1500000 	 -2.7500000 	 5.2999000 	 0.0000000 	 0.0000000 	 0.0000000 	 0.0000000 	 0.0000000 	 0.1162000 	 0.0000000 	 0.0000000 	 0.0485000
9.0000000 	 -0.0250000 	 -3.2500000 	 61.9893000 	 0.0000000 	 0.0000000 	 0.0035000 	 0.0000000 	 0.0000000 	 0.0431000 	 0.0000000 	 0.0000000 	 0.0115000
9.0000000 	 -0.0250000 	 -3.0000000 	 22.3947000 	 0.0000000 	 0.0000000 	 0.0000000 	 0.0000000 	 0.0000000 	 0.0790000 	 0.0000000 	 0.0000000 	 0.0423000
9.0000000 	 -0.0250000 	 -2.7500000 	 19.4201000 	 0.0000000 	 0.0013000 	 0.0000000 	 0.0000000 	 0.0000000 	 0.0764000 	 0.0000000 	 0.0000000 	 0.0813000
9.0000000 	 0.1000000 	 -3.2500000 	 61.5070000 	 0.0000000 	 0.0000000 	 0.0035000 	 0.0000000 	 0.0000000 	 0.0332000 	 0.0000000 	 0.0000000 	 0.0093000
9.0000000 	 0.1000000 	 -3.0000000 	 22.5179000 	 0.0000000 	 0.0000000 	 0.0000000 	 0.0000000 	 0.0000000 	 0.0614000 	 0.0000000 	 0.0000000 	 0.0346000
9.0000000 	 0.1000000 	 -2.7500000 	 21.4488000 	 0.0000000 	 0.0028000 	 0.0000000 	 0.0000000 	 0.0000000 	 0.0644000 	 0.0000000 	 0.0000000 	 0.0736000
9.0000000 	 0.2250000 	 -3.2500000 	 60.8893000 	 0.0000000 	 0.0000000 	 0.0034000 	 0.0000000 	 0.0000000 	 0.0237000 	 0.0000000 	 0.0000000 	 0.0071000
9.0000000 	 0.2250000 	 -3.0000000 	 24.7020000 	 0.0000000 	 0.0000000 	 0.0000000 	 0.0000000 	 0.0000000 	 0.0493000 	 0.0000000 	 0.0000000 	 0.0296000
9.0000000 	 0.2250000 	 -2.7500000 	 22.0281000 	 0.0000000 	 0.0038000 	 0.0000000 	 0.0000000 	 0.0000000 	 0.0534000 	 0.0000000 	 0.0000000 	 0.0663000
9.0000000 	 0.3500000 	 -3.2500000 	 60.2795000 	 0.0000000 	 0.0000000 	 0.0033000 	 0.0000000 	 0.0000000 	 0.0153000 	 0.0000000 	 0.0000000 	 0.0050000
9.0000000 	 0.3500000 	 -3.0000000 	 80.8438000 	 0.0000000 	 0.0000000 	 0.0065000 	 0.0000000 	 0.0000000 	 0.0356000 	 0.0000000 	 0.0000000 	 0.0228000
9.0000000 	 0.3500000 	 -2.7500000 	 109.7116000 	 0.0000000 	 0.0053000 	 0.0123000 	 0.0000000 	 0.0011000 	 0.0408000 	 0.0000000 	 0.0000000 	 0.0542000
9.1000000 	 -0.1500000 	 -3.2500000 	 64.1920000 	 0.0000000 	 0.0000000 	 0.0016000 	 0.0000000 	 0.0000000 	 0.0032000 	 0.0000000 	 0.0000000 	 0.0000000
9.1000000 	 -0.1500000 	 -3.0000000 	 87.0344000 	 0.0000000 	 0.0000000 	 0.0033000 	 0.0000000 	 0.0000000 	 0.0177000 	 0.0000000 	 0.0000000 	 0.0077000
9.1000000 	 -0.1500000 	 -2.7500000 	 125.5108000 	 0.0000000 	 0.0000000 	 0.0066000 	 0.0000000 	 0.0000000 	 0.0488000 	 0.0000000 	 0.0000000 	 0.0376000
9.1000000 	 -0.0250000 	 -3.2500000 	 63.8112000 	 0.0000000 	 0.0000000 	 0.0015000 	 0.0000000 	 0.0000000 	 0.0025000 	 0.0000000 	 0.0000000 	 0.0000000
9.1000000 	 -0.0250000 	 -3.0000000 	 85.7265000 	 0.0000000 	 0.0000000 	 0.0032000 	 0.0000000 	 0.0000000 	 0.0128000 	 0.0000000 	 0.0000000 	 0.0060000
9.1000000 	 -0.0250000 	 -2.7500000 	 122.9147000 	 0.0000000 	 0.0000000 	 0.0064000 	 0.0000000 	 0.0000000 	 0.0335000 	 0.0000000 	 0.0000000 	 0.0276000
9.1000000 	 0.1000000 	 -3.2500000 	 63.3232000 	 0.0000000 	 0.0000000 	 0.0015000 	 0.0000000 	 0.0000000 	 0.0010000 	 0.0000000 	 0.0000000 	 0.0000000
9.1000000 	 0.1000000 	 -3.0000000 	 84.0884000 	 0.0000000 	 0.0000000 	 0.0031000 	 0.0000000 	 0.0000000 	 0.0084000 	 0.0000000 	 0.0000000 	 0.0042000
9.1000000 	 0.1000000 	 -2.7500000 	 119.6291000 	 0.0000000 	 0.0010000 	 0.0062000 	 0.0000000 	 0.0000000 	 0.0200000 	 0.0000000 	 0.0000000 	 0.0181000
9.1000000 	 0.2250000 	 -3.2500000 	 64.5035000 	 0.0000000 	 0.0000000 	 0.0015000 	 0.0000000 	 0.0000000 	 0.0000000 	 0.0000000 	 0.0000000 	 0.0000000
9.1000000 	 0.2250000 	 -3.0000000 	 84.6656000 	 0.0000000 	 0.0000000 	 0.0030000 	 0.0000000 	 0.0000000 	 0.0048000 	 0.0000000 	 0.0000000 	 0.0027000
9.1000000 	 0.2250000 	 -2.7500000 	 115.5223000 	 0.0000000 	 0.0012000 	 0.0059000 	 0.0000000 	 0.0000000 	 0.0099000 	 0.0000000 	 0.0000000 	 0.0102000
9.1000000 	 0.3500000 	 -3.2500000 	 63.6152000 	 0.0000000 	 0.0000000 	 0.0014000 	 0.0000000 	 0.0000000 	 0.0000000 	 0.0000000 	 0.0000000 	 0.0000000
9.1000000 	 0.3500000 	 -3.0000000 	 79.5559000 	 0.0000000 	 0.0000000 	 0.0028000 	 0.0000000 	 0.0000000 	 0.0013000 	 0.0000000 	 0.0000000 	 0.0015000
9.1000000 	 0.3500000 	 -2.7500000 	 110.4338000 	 0.0000000 	 0.0014000 	 0.0055000 	 0.0000000 	 0.0000000 	 0.0037000 	 0.0000000 	 0.0000000 	 0.0046000
