#Constrained by relation between 12+log(O/H), log(U) and log(N/O)
12+log(O/H)     	 log(N/O)        	 log(U)          	 HI_4m           	 HI_7m           	 SIV_10m         	 HI_12m          	 NeII_12m        	 NeV_14m         	 NeIII_15m       	 SIII_19m        	 NeV_24m         	 OIV_26m         	 SIII_33m        	 OIII_52m        	 NIII_57m        	 OIII_88m        	 NII_122m        	 NII_205m       
6.9000000 	 -1.5000000 	 -2.0000000 	 0.0571000 	 0.0167000 	 0.0441000 	 0.0062000 	 0.0000000 	 0.0000000 	 0.0324000 	 0.0144000 	 0.0000000 	 0.0000000 	 0.0192000 	 0.0743000 	 0.0033000 	 0.0897000 	 0.0000000 	 0.0000000
6.9000000 	 -1.6250000 	 -2.0000000 	 0.0570000 	 0.0167000 	 0.0441000 	 0.0062000 	 0.0000000 	 0.0000000 	 0.0324000 	 0.0144000 	 0.0000000 	 0.0000000 	 0.0192000 	 0.0743000 	 0.0024000 	 0.0897000 	 0.0000000 	 0.0000000
6.9000000 	 -1.7500000 	 -2.0000000 	 0.0570000 	 0.0167000 	 0.0441000 	 0.0062000 	 0.0000000 	 0.0000000 	 0.0324000 	 0.0144000 	 0.0000000 	 0.0000000 	 0.0192000 	 0.0743000 	 0.0018000 	 0.0897000 	 0.0000000 	 0.0000000
6.9000000 	 -1.5000000 	 -2.2500000 	 0.0581000 	 0.0171000 	 0.0304000 	 0.0063000 	 0.0000000 	 0.0000000 	 0.0313000 	 0.0160000 	 0.0000000 	 0.0000000 	 0.0217000 	 0.0688000 	 0.0034000 	 0.0835000 	 0.0000000 	 0.0000000
6.9000000 	 -1.6250000 	 -2.2500000 	 0.0581000 	 0.0171000 	 0.0304000 	 0.0063000 	 0.0000000 	 0.0000000 	 0.0313000 	 0.0160000 	 0.0000000 	 0.0000000 	 0.0217000 	 0.0688000 	 0.0026000 	 0.0835000 	 0.0000000 	 0.0000000
6.9000000 	 -1.7500000 	 -2.2500000 	 0.0581000 	 0.0171000 	 0.0304000 	 0.0063000 	 0.0000000 	 0.0000000 	 0.0313000 	 0.0160000 	 0.0000000 	 0.0000000 	 0.0217000 	 0.0688000 	 0.0019000 	 0.0835000 	 0.0000000 	 0.0000000
6.9000000 	 -1.5000000 	 -2.5000000 	 0.0592000 	 0.0174000 	 0.0184000 	 0.0064000 	 0.0011000 	 0.0000000 	 0.0300000 	 0.0169000 	 0.0000000 	 0.0000000 	 0.0232000 	 0.0618000 	 0.0034000 	 0.0755000 	 0.0000000 	 0.0000000
6.9000000 	 -1.6250000 	 -2.5000000 	 0.0591000 	 0.0174000 	 0.0184000 	 0.0064000 	 0.0011000 	 0.0000000 	 0.0300000 	 0.0169000 	 0.0000000 	 0.0000000 	 0.0232000 	 0.0618000 	 0.0026000 	 0.0755000 	 0.0000000 	 0.0000000
6.9000000 	 -1.7500000 	 -2.5000000 	 0.0591000 	 0.0174000 	 0.0184000 	 0.0064000 	 0.0011000 	 0.0000000 	 0.0300000 	 0.0169000 	 0.0000000 	 0.0000000 	 0.0232000 	 0.0618000 	 0.0019000 	 0.0755000 	 0.0000000 	 0.0000000
7.0000000 	 -1.5000000 	 -2.0000000 	 0.0573000 	 0.0168000 	 0.0545000 	 0.0062000 	 0.0000000 	 0.0000000 	 0.0258000 	 0.0184000 	 0.0000000 	 0.0000000 	 0.0246000 	 0.0935000 	 0.0042000 	 0.1128000 	 0.0000000 	 0.0000000
7.0000000 	 -1.6750000 	 -2.0000000 	 0.0576000 	 0.0169000 	 0.0547000 	 0.0062000 	 0.0000000 	 0.0000000 	 0.0257000 	 0.0183000 	 0.0000000 	 0.0000000 	 0.0245000 	 0.0932000 	 0.0028000 	 0.1125000 	 0.0000000 	 0.0000000
7.0000000 	 -1.7500000 	 -2.0000000 	 0.0573000 	 0.0168000 	 0.0545000 	 0.0062000 	 0.0000000 	 0.0000000 	 0.0258000 	 0.0184000 	 0.0000000 	 0.0000000 	 0.0246000 	 0.0935000 	 0.0024000 	 0.1128000 	 0.0000000 	 0.0000000
7.0000000 	 -1.5000000 	 -2.2500000 	 0.0583000 	 0.0172000 	 0.0374000 	 0.0063000 	 0.0000000 	 0.0000000 	 0.0248000 	 0.0204000 	 0.0000000 	 0.0000000 	 0.0276000 	 0.0865000 	 0.0044000 	 0.1050000 	 0.0000000 	 0.0000000
7.0000000 	 -1.6750000 	 -2.2500000 	 0.0585000 	 0.0172000 	 0.0374000 	 0.0063000 	 0.0000000 	 0.0000000 	 0.0248000 	 0.0203000 	 0.0000000 	 0.0000000 	 0.0276000 	 0.0863000 	 0.0029000 	 0.1048000 	 0.0000000 	 0.0000000
7.0000000 	 -1.7500000 	 -2.2500000 	 0.0583000 	 0.0172000 	 0.0374000 	 0.0063000 	 0.0000000 	 0.0000000 	 0.0248000 	 0.0204000 	 0.0000000 	 0.0000000 	 0.0276000 	 0.0865000 	 0.0025000 	 0.1050000 	 0.0000000 	 0.0000000
7.0000000 	 -1.5000000 	 -2.5000000 	 0.0593000 	 0.0175000 	 0.0225000 	 0.0064000 	 0.0000000 	 0.0000000 	 0.0238000 	 0.0215000 	 0.0000000 	 0.0000000 	 0.0295000 	 0.0777000 	 0.0043000 	 0.0948000 	 0.0000000 	 0.0000000
7.0000000 	 -1.6750000 	 -2.5000000 	 0.0594000 	 0.0175000 	 0.0225000 	 0.0065000 	 0.0000000 	 0.0000000 	 0.0238000 	 0.0214000 	 0.0000000 	 0.0000000 	 0.0295000 	 0.0776000 	 0.0029000 	 0.0947000 	 0.0000000 	 0.0000000
7.0000000 	 -1.7500000 	 -2.5000000 	 0.0593000 	 0.0175000 	 0.0225000 	 0.0064000 	 0.0000000 	 0.0000000 	 0.0238000 	 0.0215000 	 0.0000000 	 0.0000000 	 0.0295000 	 0.0777000 	 0.0024000 	 0.0949000 	 0.0000000 	 0.0000000
7.1000000 	 -1.5000000 	 -2.0000000 	 0.0578000 	 0.0170000 	 0.0675000 	 0.0063000 	 0.0000000 	 0.0000000 	 0.0324000 	 0.0233000 	 0.0000000 	 0.0000000 	 0.0313000 	 0.1172000 	 0.0053000 	 0.1414000 	 0.0000000 	 0.0000000
7.1000000 	 -1.6250000 	 -2.0000000 	 0.0578000 	 0.0170000 	 0.0675000 	 0.0063000 	 0.0000000 	 0.0000000 	 0.0324000 	 0.0233000 	 0.0000000 	 0.0000000 	 0.0313000 	 0.1172000 	 0.0040000 	 0.1414000 	 0.0000000 	 0.0000000
7.1000000 	 -1.7500000 	 -2.0000000 	 0.0578000 	 0.0170000 	 0.0675000 	 0.0063000 	 0.0000000 	 0.0000000 	 0.0324000 	 0.0233000 	 0.0000000 	 0.0000000 	 0.0313000 	 0.1172000 	 0.0030000 	 0.1414000 	 0.0000000 	 0.0000000
7.1000000 	 -1.5000000 	 -2.2500000 	 0.0587000 	 0.0173000 	 0.0459000 	 0.0064000 	 0.0000000 	 0.0000000 	 0.0312000 	 0.0258000 	 0.0000000 	 0.0000000 	 0.0351000 	 0.1085000 	 0.0056000 	 0.1317000 	 0.0000000 	 0.0000000
7.1000000 	 -1.6250000 	 -2.2500000 	 0.0587000 	 0.0173000 	 0.0459000 	 0.0064000 	 0.0000000 	 0.0000000 	 0.0312000 	 0.0258000 	 0.0000000 	 0.0000000 	 0.0351000 	 0.1085000 	 0.0042000 	 0.1317000 	 0.0000000 	 0.0000000
7.1000000 	 -1.7500000 	 -2.2500000 	 0.0587000 	 0.0173000 	 0.0459000 	 0.0064000 	 0.0000000 	 0.0000000 	 0.0312000 	 0.0258000 	 0.0000000 	 0.0000000 	 0.0351000 	 0.1085000 	 0.0031000 	 0.1317000 	 0.0000000 	 0.0000000
7.1000000 	 -1.5000000 	 -2.5000000 	 0.0596000 	 0.0176000 	 0.0275000 	 0.0065000 	 0.0012000 	 0.0000000 	 0.0299000 	 0.0271000 	 0.0000000 	 0.0000000 	 0.0374000 	 0.0975000 	 0.0055000 	 0.1190000 	 0.0000000 	 0.0000000
7.1000000 	 -1.6250000 	 -2.5000000 	 0.0596000 	 0.0176000 	 0.0275000 	 0.0065000 	 0.0012000 	 0.0000000 	 0.0299000 	 0.0271000 	 0.0000000 	 0.0000000 	 0.0374000 	 0.0975000 	 0.0041000 	 0.1190000 	 0.0000000 	 0.0000000
7.1000000 	 -1.7500000 	 -2.5000000 	 0.0596000 	 0.0176000 	 0.0275000 	 0.0065000 	 0.0012000 	 0.0000000 	 0.0299000 	 0.0271000 	 0.0000000 	 0.0000000 	 0.0374000 	 0.0975000 	 0.0031000 	 0.1190000 	 0.0000000 	 0.0000000
7.2000000 	 -1.5000000 	 -2.0000000 	 0.0579000 	 0.0170000 	 0.0833000 	 0.0063000 	 0.0000000 	 0.0000000 	 0.0407000 	 0.0298000 	 0.0000000 	 0.0000000 	 0.0400000 	 0.1476000 	 0.0068000 	 0.1778000 	 0.0000000 	 0.0000000
7.2000000 	 -1.6250000 	 -2.0000000 	 0.0579000 	 0.0170000 	 0.0833000 	 0.0063000 	 0.0000000 	 0.0000000 	 0.0408000 	 0.0298000 	 0.0000000 	 0.0000000 	 0.0400000 	 0.1477000 	 0.0051000 	 0.1778000 	 0.0000000 	 0.0000000
7.2000000 	 -1.7500000 	 -2.0000000 	 0.0578000 	 0.0170000 	 0.0832000 	 0.0063000 	 0.0000000 	 0.0000000 	 0.0408000 	 0.0298000 	 0.0000000 	 0.0000000 	 0.0400000 	 0.1477000 	 0.0038000 	 0.1779000 	 0.0000000 	 0.0000000
7.2000000 	 -1.5000000 	 -2.2500000 	 0.0588000 	 0.0174000 	 0.0563000 	 0.0064000 	 0.0000000 	 0.0000000 	 0.0393000 	 0.0329000 	 0.0000000 	 0.0000000 	 0.0447000 	 0.1365000 	 0.0071000 	 0.1656000 	 0.0000000 	 0.0000000
7.2000000 	 -1.6250000 	 -2.2500000 	 0.0588000 	 0.0174000 	 0.0563000 	 0.0064000 	 0.0000000 	 0.0000000 	 0.0393000 	 0.0329000 	 0.0000000 	 0.0000000 	 0.0447000 	 0.1365000 	 0.0053000 	 0.1656000 	 0.0000000 	 0.0000000
7.2000000 	 -1.7500000 	 -2.2500000 	 0.0588000 	 0.0174000 	 0.0563000 	 0.0064000 	 0.0000000 	 0.0000000 	 0.0393000 	 0.0329000 	 0.0000000 	 0.0000000 	 0.0447000 	 0.1366000 	 0.0040000 	 0.1656000 	 0.0000000 	 0.0000000
7.2000000 	 -1.5000000 	 -2.5000000 	 0.0598000 	 0.0177000 	 0.0335000 	 0.0065000 	 0.0016000 	 0.0000000 	 0.0375000 	 0.0344000 	 0.0000000 	 0.0000000 	 0.0474000 	 0.1224000 	 0.0069000 	 0.1494000 	 0.0000000 	 0.0000000
7.2000000 	 -1.6250000 	 -2.5000000 	 0.0598000 	 0.0177000 	 0.0335000 	 0.0065000 	 0.0016000 	 0.0000000 	 0.0375000 	 0.0344000 	 0.0000000 	 0.0000000 	 0.0474000 	 0.1225000 	 0.0052000 	 0.1494000 	 0.0000000 	 0.0000000
7.2000000 	 -1.7500000 	 -2.5000000 	 0.0598000 	 0.0177000 	 0.0335000 	 0.0065000 	 0.0016000 	 0.0000000 	 0.0375000 	 0.0344000 	 0.0000000 	 0.0000000 	 0.0474000 	 0.1225000 	 0.0039000 	 0.1494000 	 0.0000000 	 0.0000000
7.3000000 	 -1.5000000 	 -2.0000000 	 0.0582000 	 0.0172000 	 0.1029000 	 0.0063000 	 0.0000000 	 0.0000000 	 0.0512000 	 0.0378000 	 0.0000000 	 0.0000000 	 0.0510000 	 0.1852000 	 0.0087000 	 0.2228000 	 0.0000000 	 0.0000000
7.3000000 	 -1.6250000 	 -2.0000000 	 0.0582000 	 0.0172000 	 0.1029000 	 0.0063000 	 0.0000000 	 0.0000000 	 0.0512000 	 0.0378000 	 0.0000000 	 0.0000000 	 0.0510000 	 0.1853000 	 0.0065000 	 0.2228000 	 0.0000000 	 0.0000000
7.3000000 	 -1.7500000 	 -2.0000000 	 0.0582000 	 0.0172000 	 0.1029000 	 0.0063000 	 0.0000000 	 0.0000000 	 0.0512000 	 0.0378000 	 0.0000000 	 0.0000000 	 0.0510000 	 0.1853000 	 0.0049000 	 0.2229000 	 0.0000000 	 0.0000000
7.3000000 	 -1.5000000 	 -2.2500000 	 0.0592000 	 0.0175000 	 0.0692000 	 0.0064000 	 0.0013000 	 0.0000000 	 0.0493000 	 0.0416000 	 0.0000000 	 0.0000000 	 0.0568000 	 0.1712000 	 0.0090000 	 0.2075000 	 0.0000000 	 0.0000000
7.3000000 	 -1.6250000 	 -2.2500000 	 0.0591000 	 0.0175000 	 0.0692000 	 0.0064000 	 0.0013000 	 0.0000000 	 0.0493000 	 0.0416000 	 0.0000000 	 0.0000000 	 0.0568000 	 0.1713000 	 0.0068000 	 0.2076000 	 0.0000000 	 0.0000000
7.3000000 	 -1.7500000 	 -2.2500000 	 0.0591000 	 0.0175000 	 0.0692000 	 0.0064000 	 0.0013000 	 0.0000000 	 0.0493000 	 0.0416000 	 0.0000000 	 0.0000000 	 0.0568000 	 0.1713000 	 0.0051000 	 0.2076000 	 0.0000000 	 0.0000000
7.3000000 	 -1.5000000 	 -2.5000000 	 0.0600000 	 0.0178000 	 0.0409000 	 0.0065000 	 0.0020000 	 0.0000000 	 0.0470000 	 0.0434000 	 0.0000000 	 0.0000000 	 0.0600000 	 0.1535000 	 0.0087000 	 0.1872000 	 0.0000000 	 0.0000000
7.3000000 	 -1.6250000 	 -2.5000000 	 0.0600000 	 0.0178000 	 0.0409000 	 0.0065000 	 0.0020000 	 0.0000000 	 0.0470000 	 0.0434000 	 0.0000000 	 0.0000000 	 0.0600000 	 0.1535000 	 0.0066000 	 0.1872000 	 0.0000000 	 0.0000000
7.3000000 	 -1.7500000 	 -2.5000000 	 0.0600000 	 0.0178000 	 0.0409000 	 0.0065000 	 0.0020000 	 0.0000000 	 0.0470000 	 0.0435000 	 0.0000000 	 0.0000000 	 0.0600000 	 0.1535000 	 0.0049000 	 0.1873000 	 0.0000000 	 0.0000000
7.4000000 	 -1.5000000 	 -2.0000000 	 0.0589000 	 0.0174000 	 0.1274000 	 0.0064000 	 0.0011000 	 0.0000000 	 0.0640000 	 0.0475000 	 0.0000000 	 0.0000000 	 0.0645000 	 0.2305000 	 0.0111000 	 0.2772000 	 0.0000000 	 0.0000000
7.4000000 	 -1.6250000 	 -2.0000000 	 0.0589000 	 0.0174000 	 0.1274000 	 0.0064000 	 0.0011000 	 0.0000000 	 0.0640000 	 0.0475000 	 0.0000000 	 0.0000000 	 0.0645000 	 0.2305000 	 0.0083000 	 0.2772000 	 0.0000000 	 0.0000000
7.4000000 	 -1.7500000 	 -2.0000000 	 0.0589000 	 0.0174000 	 0.1274000 	 0.0064000 	 0.0011000 	 0.0000000 	 0.0640000 	 0.0475000 	 0.0000000 	 0.0000000 	 0.0645000 	 0.2305000 	 0.0062000 	 0.2772000 	 0.0000000 	 0.0000000
7.4000000 	 -1.5000000 	 -2.2500000 	 0.0597000 	 0.0177000 	 0.0849000 	 0.0065000 	 0.0017000 	 0.0000000 	 0.0616000 	 0.0524000 	 0.0000000 	 0.0000000 	 0.0718000 	 0.2136000 	 0.0114000 	 0.2588000 	 0.0000000 	 0.0000000
7.4000000 	 -1.6250000 	 -2.2500000 	 0.0597000 	 0.0177000 	 0.0849000 	 0.0065000 	 0.0017000 	 0.0000000 	 0.0616000 	 0.0524000 	 0.0000000 	 0.0000000 	 0.0718000 	 0.2136000 	 0.0085000 	 0.2588000 	 0.0000000 	 0.0000000
7.4000000 	 -1.7500000 	 -2.2500000 	 0.0597000 	 0.0177000 	 0.0849000 	 0.0065000 	 0.0017000 	 0.0000000 	 0.0616000 	 0.0524000 	 0.0000000 	 0.0000000 	 0.0718000 	 0.2136000 	 0.0064000 	 0.2588000 	 0.0000000 	 0.0000000
7.4000000 	 -1.5000000 	 -2.5000000 	 0.0605000 	 0.0180000 	 0.0498000 	 0.0066000 	 0.0027000 	 0.0000000 	 0.0588000 	 0.0546000 	 0.0000000 	 0.0000000 	 0.0757000 	 0.1915000 	 0.0110000 	 0.2337000 	 0.0000000 	 0.0000000
7.4000000 	 -1.6250000 	 -2.5000000 	 0.0605000 	 0.0180000 	 0.0498000 	 0.0066000 	 0.0027000 	 0.0000000 	 0.0588000 	 0.0546000 	 0.0000000 	 0.0000000 	 0.0757000 	 0.1915000 	 0.0083000 	 0.2337000 	 0.0000000 	 0.0000000
7.4000000 	 -1.7500000 	 -2.5000000 	 0.0605000 	 0.0180000 	 0.0498000 	 0.0066000 	 0.0027000 	 0.0000000 	 0.0588000 	 0.0546000 	 0.0000000 	 0.0000000 	 0.0757000 	 0.1915000 	 0.0062000 	 0.2337000 	 0.0000000 	 0.0000000
7.5000000 	 -1.5000000 	 -2.0000000 	 0.0591000 	 0.0175000 	 0.1570000 	 0.0064000 	 0.0015000 	 0.0000000 	 0.0804000 	 0.0605000 	 0.0000000 	 0.0000000 	 0.0821000 	 0.2896000 	 0.0141000 	 0.3473000 	 0.0000000 	 0.0000000
7.5000000 	 -1.6250000 	 -2.0000000 	 0.0591000 	 0.0175000 	 0.1570000 	 0.0064000 	 0.0015000 	 0.0000000 	 0.0804000 	 0.0605000 	 0.0000000 	 0.0000000 	 0.0821000 	 0.2898000 	 0.0106000 	 0.3475000 	 0.0000000 	 0.0000000
7.5000000 	 -1.7500000 	 -2.0000000 	 0.0591000 	 0.0175000 	 0.1570000 	 0.0064000 	 0.0015000 	 0.0000000 	 0.0805000 	 0.0605000 	 0.0000000 	 0.0000000 	 0.0822000 	 0.2900000 	 0.0079000 	 0.3476000 	 0.0000000 	 0.0000000
7.5000000 	 -1.5000000 	 -2.2500000 	 0.0599000 	 0.0178000 	 0.1040000 	 0.0065000 	 0.0022000 	 0.0000000 	 0.0773000 	 0.0663000 	 0.0000000 	 0.0000000 	 0.0910000 	 0.2679000 	 0.0144000 	 0.3242000 	 0.0000000 	 0.0000000
7.5000000 	 -1.6250000 	 -2.2500000 	 0.0599000 	 0.0178000 	 0.1041000 	 0.0065000 	 0.0022000 	 0.0000000 	 0.0774000 	 0.0663000 	 0.0000000 	 0.0000000 	 0.0911000 	 0.2681000 	 0.0108000 	 0.3243000 	 0.0000000 	 0.0000000
7.5000000 	 -1.7500000 	 -2.2500000 	 0.0599000 	 0.0178000 	 0.1041000 	 0.0065000 	 0.0022000 	 0.0000000 	 0.0774000 	 0.0664000 	 0.0000000 	 0.0000000 	 0.0911000 	 0.2681000 	 0.0081000 	 0.3244000 	 0.0000000 	 0.0000000
7.5000000 	 -1.5000000 	 -2.5000000 	 0.0607000 	 0.0181000 	 0.0608000 	 0.0066000 	 0.0035000 	 0.0000000 	 0.0737000 	 0.0689000 	 0.0000000 	 0.0000000 	 0.0957000 	 0.2399000 	 0.0139000 	 0.2924000 	 0.0000000 	 0.0000000
7.5000000 	 -1.6250000 	 -2.5000000 	 0.0607000 	 0.0181000 	 0.0608000 	 0.0066000 	 0.0035000 	 0.0000000 	 0.0737000 	 0.0690000 	 0.0000000 	 0.0000000 	 0.0958000 	 0.2400000 	 0.0104000 	 0.2925000 	 0.0000000 	 0.0000000
7.5000000 	 -1.7500000 	 -2.5000000 	 0.0607000 	 0.0180000 	 0.0608000 	 0.0066000 	 0.0035000 	 0.0000000 	 0.0737000 	 0.0690000 	 0.0000000 	 0.0000000 	 0.0958000 	 0.2400000 	 0.0078000 	 0.2926000 	 0.0000000 	 0.0000000
7.6000000 	 -1.5000000 	 -2.0000000 	 0.0597000 	 0.0177000 	 0.1930000 	 0.0065000 	 0.0019000 	 0.0000000 	 0.1004000 	 0.0762000 	 0.0000000 	 0.0000000 	 0.1040000 	 0.3607000 	 0.0178000 	 0.4315000 	 0.0000000 	 0.0000000
7.6000000 	 -1.6250000 	 -2.0000000 	 0.0596000 	 0.0177000 	 0.1930000 	 0.0065000 	 0.0019000 	 0.0000000 	 0.1004000 	 0.0763000 	 0.0000000 	 0.0000000 	 0.1041000 	 0.3610000 	 0.0134000 	 0.4318000 	 0.0000000 	 0.0000000
7.6000000 	 -1.7500000 	 -2.0000000 	 0.0596000 	 0.0177000 	 0.1929000 	 0.0065000 	 0.0019000 	 0.0000000 	 0.1005000 	 0.0763000 	 0.0000000 	 0.0000000 	 0.1041000 	 0.3612000 	 0.0100000 	 0.4320000 	 0.0000000 	 0.0000000
7.6000000 	 -1.5000000 	 -2.2500000 	 0.0604000 	 0.0180000 	 0.1268000 	 0.0066000 	 0.0030000 	 0.0000000 	 0.0965000 	 0.0834000 	 0.0000000 	 0.0000000 	 0.1151000 	 0.3338000 	 0.0182000 	 0.4033000 	 0.0000000 	 0.0000000
7.6000000 	 -1.6250000 	 -2.2500000 	 0.0604000 	 0.0180000 	 0.1268000 	 0.0066000 	 0.0030000 	 0.0000000 	 0.0966000 	 0.0835000 	 0.0000000 	 0.0000000 	 0.1151000 	 0.3340000 	 0.0136000 	 0.4035000 	 0.0000000 	 0.0000000
7.6000000 	 -1.7500000 	 -2.2500000 	 0.0604000 	 0.0180000 	 0.1268000 	 0.0066000 	 0.0030000 	 0.0000000 	 0.0966000 	 0.0835000 	 0.0000000 	 0.0000000 	 0.1151000 	 0.3341000 	 0.0102000 	 0.4037000 	 0.0000000 	 0.0000000
7.6000000 	 -1.5000000 	 -2.5000000 	 0.0612000 	 0.0182000 	 0.0734000 	 0.0067000 	 0.0047000 	 0.0000000 	 0.0919000 	 0.0866000 	 0.0000000 	 0.0000000 	 0.1207000 	 0.2987000 	 0.0174000 	 0.3640000 	 0.0000000 	 0.0000000
7.6000000 	 -1.6250000 	 -2.5000000 	 0.0612000 	 0.0182000 	 0.0735000 	 0.0067000 	 0.0047000 	 0.0000000 	 0.0920000 	 0.0866000 	 0.0000000 	 0.0000000 	 0.1208000 	 0.2989000 	 0.0131000 	 0.3641000 	 0.0000000 	 0.0000000
7.6000000 	 -1.7500000 	 -2.5000000 	 0.0612000 	 0.0182000 	 0.0735000 	 0.0067000 	 0.0047000 	 0.0000000 	 0.0920000 	 0.0866000 	 0.0000000 	 0.0000000 	 0.1208000 	 0.2990000 	 0.0098000 	 0.3642000 	 0.0000000 	 0.0000000
7.7000000 	 -1.5000000 	 -2.0000000 	 0.0603000 	 0.0180000 	 0.2353000 	 0.0066000 	 0.0026000 	 0.0000000 	 0.1248000 	 0.0958000 	 0.0000000 	 0.0000000 	 0.1316000 	 0.4473000 	 0.0225000 	 0.5335000 	 0.0000000 	 0.0000000
7.7000000 	 -1.6250000 	 -2.0000000 	 0.0603000 	 0.0180000 	 0.2353000 	 0.0066000 	 0.0026000 	 0.0000000 	 0.1249000 	 0.0959000 	 0.0000000 	 0.0000000 	 0.1317000 	 0.4477000 	 0.0169000 	 0.5339000 	 0.0000000 	 0.0000000
7.7000000 	 -1.7500000 	 -2.0000000 	 0.0603000 	 0.0179000 	 0.2353000 	 0.0066000 	 0.0026000 	 0.0000000 	 0.1250000 	 0.0960000 	 0.0000000 	 0.0000000 	 0.1318000 	 0.4480000 	 0.0127000 	 0.5342000 	 0.0000000 	 0.0000000
7.7000000 	 -1.5000000 	 -2.2500000 	 0.0610000 	 0.0182000 	 0.1529000 	 0.0067000 	 0.0039000 	 0.0000000 	 0.1200000 	 0.1047000 	 0.0000000 	 0.0000000 	 0.1452000 	 0.4141000 	 0.0228000 	 0.4995000 	 0.0000000 	 0.0000000
7.7000000 	 -1.6250000 	 -2.2500000 	 0.0610000 	 0.0182000 	 0.1529000 	 0.0067000 	 0.0039000 	 0.0000000 	 0.1201000 	 0.1047000 	 0.0000000 	 0.0000000 	 0.1453000 	 0.4143000 	 0.0171000 	 0.4998000 	 0.0000000 	 0.0000000
7.7000000 	 -1.7500000 	 -2.2500000 	 0.0610000 	 0.0182000 	 0.1530000 	 0.0067000 	 0.0039000 	 0.0000000 	 0.1202000 	 0.1048000 	 0.0000000 	 0.0000000 	 0.1453000 	 0.4146000 	 0.0128000 	 0.5000000 	 0.0000000 	 0.0000000
7.7000000 	 -1.5000000 	 -2.5000000 	 0.0617000 	 0.0184000 	 0.0879000 	 0.0068000 	 0.0062000 	 0.0000000 	 0.1143000 	 0.1083000 	 0.0000000 	 0.0000000 	 0.1520000 	 0.3704000 	 0.0218000 	 0.4510000 	 0.0000000 	 0.0000000
7.7000000 	 -1.6250000 	 -2.5000000 	 0.0617000 	 0.0184000 	 0.0879000 	 0.0068000 	 0.0062000 	 0.0000000 	 0.1143000 	 0.1084000 	 0.0000000 	 0.0000000 	 0.1520000 	 0.3706000 	 0.0164000 	 0.4512000 	 0.0000000 	 0.0000000
7.7000000 	 -1.7500000 	 -2.5000000 	 0.0617000 	 0.0184000 	 0.0879000 	 0.0068000 	 0.0062000 	 0.0000000 	 0.1143000 	 0.1084000 	 0.0000000 	 0.0000000 	 0.1521000 	 0.3707000 	 0.0123000 	 0.4513000 	 0.0000000 	 0.0000000
7.8000000 	 -1.5000000 	 -2.0000000 	 0.0610000 	 0.0182000 	 0.2850000 	 0.0067000 	 0.0034000 	 0.0000000 	 0.1545000 	 0.1198000 	 0.0000000 	 0.0000000 	 0.1658000 	 0.5521000 	 0.0283000 	 0.6559000 	 0.0000000 	 0.0000000
7.8000000 	 -1.6250000 	 -2.0000000 	 0.0610000 	 0.0182000 	 0.2851000 	 0.0067000 	 0.0034000 	 0.0000000 	 0.1547000 	 0.1199000 	 0.0000000 	 0.0000000 	 0.1659000 	 0.5527000 	 0.0213000 	 0.6565000 	 0.0000000 	 0.0000000
7.8000000 	 -1.7500000 	 -2.0000000 	 0.0610000 	 0.0182000 	 0.2852000 	 0.0067000 	 0.0034000 	 0.0000000 	 0.1548000 	 0.1200000 	 0.0000000 	 0.0000000 	 0.1660000 	 0.5531000 	 0.0160000 	 0.6569000 	 0.0000000 	 0.0000000
7.8000000 	 -1.5000000 	 -2.2500000 	 0.0617000 	 0.0184000 	 0.1835000 	 0.0068000 	 0.0052000 	 0.0000000 	 0.1487000 	 0.1305000 	 0.0000000 	 0.0000000 	 0.1825000 	 0.5114000 	 0.0285000 	 0.6153000 	 0.0000000 	 0.0000000
7.8000000 	 -1.6250000 	 -2.2500000 	 0.0617000 	 0.0184000 	 0.1836000 	 0.0068000 	 0.0052000 	 0.0000000 	 0.1488000 	 0.1306000 	 0.0000000 	 0.0000000 	 0.1826000 	 0.5118000 	 0.0214000 	 0.6158000 	 0.0000000 	 0.0000000
7.8000000 	 -1.7500000 	 -2.2500000 	 0.0617000 	 0.0184000 	 0.1836000 	 0.0068000 	 0.0052000 	 0.0000000 	 0.1488000 	 0.1307000 	 0.0000000 	 0.0000000 	 0.1827000 	 0.5121000 	 0.0161000 	 0.6161000 	 0.0000000 	 0.0000000
7.8000000 	 -1.5000000 	 -2.5000000 	 0.0624000 	 0.0187000 	 0.1047000 	 0.0069000 	 0.0083000 	 0.0000000 	 0.1415000 	 0.1348000 	 0.0000000 	 0.0000000 	 0.1906000 	 0.4572000 	 0.0272000 	 0.5560000 	 0.0012000 	 0.0000000
7.8000000 	 -1.6250000 	 -2.5000000 	 0.0624000 	 0.0187000 	 0.1048000 	 0.0069000 	 0.0083000 	 0.0000000 	 0.1415000 	 0.1349000 	 0.0000000 	 0.0000000 	 0.1907000 	 0.4574000 	 0.0204000 	 0.5563000 	 0.0000000 	 0.0000000
7.8000000 	 -1.7500000 	 -2.5000000 	 0.0623000 	 0.0187000 	 0.1048000 	 0.0069000 	 0.0083000 	 0.0000000 	 0.1416000 	 0.1350000 	 0.0000000 	 0.0000000 	 0.1907000 	 0.4576000 	 0.0153000 	 0.5565000 	 0.0000000 	 0.0000000
7.9000000 	 -1.5000000 	 -2.2500000 	 0.0625000 	 0.0187000 	 0.2186000 	 0.0069000 	 0.0070000 	 0.0000000 	 0.1831000 	 0.1615000 	 0.0000000 	 0.0000000 	 0.2282000 	 0.6275000 	 0.0355000 	 0.7527000 	 0.0010000 	 0.0000000
7.9000000 	 -1.6250000 	 -2.2500000 	 0.0625000 	 0.0187000 	 0.2187000 	 0.0069000 	 0.0070000 	 0.0000000 	 0.1832000 	 0.1617000 	 0.0000000 	 0.0000000 	 0.2283000 	 0.6281000 	 0.0267000 	 0.7533000 	 0.0000000 	 0.0000000
7.9000000 	 -1.7500000 	 -2.2500000 	 0.0625000 	 0.0187000 	 0.2188000 	 0.0069000 	 0.0070000 	 0.0000000 	 0.1833000 	 0.1618000 	 0.0000000 	 0.0000000 	 0.2284000 	 0.6284000 	 0.0200000 	 0.7537000 	 0.0000000 	 0.0000000
7.9000000 	 -1.5000000 	 -2.5000000 	 0.0632000 	 0.0189000 	 0.1239000 	 0.0070000 	 0.0111000 	 0.0000000 	 0.1741000 	 0.1666000 	 0.0000000 	 0.0000000 	 0.2378000 	 0.5605000 	 0.0337000 	 0.6806000 	 0.0015000 	 0.0000000
7.9000000 	 -1.6250000 	 -2.5000000 	 0.0631000 	 0.0189000 	 0.1239000 	 0.0070000 	 0.0111000 	 0.0000000 	 0.1742000 	 0.1668000 	 0.0000000 	 0.0000000 	 0.2379000 	 0.5609000 	 0.0253000 	 0.6811000 	 0.0011000 	 0.0000000
7.9000000 	 -1.7500000 	 -2.5000000 	 0.0631000 	 0.0189000 	 0.1240000 	 0.0070000 	 0.0111000 	 0.0000000 	 0.1743000 	 0.1668000 	 0.0000000 	 0.0000000 	 0.2380000 	 0.5612000 	 0.0190000 	 0.6813000 	 0.0000000 	 0.0000000
7.9000000 	 -1.5000000 	 -2.7500000 	 0.0638000 	 0.0191000 	 0.0618000 	 0.0070000 	 0.0177000 	 0.0000000 	 0.1623000 	 0.1631000 	 0.0000000 	 0.0000000 	 0.2350000 	 0.4684000 	 0.0298000 	 0.5739000 	 0.0023000 	 0.0000000
7.9000000 	 -1.6250000 	 -2.7500000 	 0.0637000 	 0.0191000 	 0.0618000 	 0.0070000 	 0.0177000 	 0.0000000 	 0.1624000 	 0.1632000 	 0.0000000 	 0.0000000 	 0.2351000 	 0.4686000 	 0.0224000 	 0.5742000 	 0.0017000 	 0.0000000
7.9000000 	 -1.7500000 	 -2.7500000 	 0.0637000 	 0.0191000 	 0.0619000 	 0.0070000 	 0.0177000 	 0.0000000 	 0.1625000 	 0.1632000 	 0.0000000 	 0.0000000 	 0.2352000 	 0.4689000 	 0.0168000 	 0.5745000 	 0.0013000 	 0.0000000
8.0000000 	 -1.2500000 	 -2.2500000 	 0.0636000 	 0.0191000 	 0.2573000 	 0.0070000 	 0.0094000 	 0.0000000 	 0.2235000 	 0.1979000 	 0.0000000 	 0.0000000 	 0.2832000 	 0.7631000 	 0.0779000 	 0.9113000 	 0.0022000 	 0.0000000
8.0000000 	 -1.3750000 	 -2.2500000 	 0.0635000 	 0.0191000 	 0.2576000 	 0.0070000 	 0.0094000 	 0.0000000 	 0.2238000 	 0.1983000 	 0.0000000 	 0.0000000 	 0.2836000 	 0.7642000 	 0.0585000 	 0.9126000 	 0.0017000 	 0.0000000
8.0000000 	 -1.5000000 	 -2.2500000 	 0.0635000 	 0.0191000 	 0.2578000 	 0.0070000 	 0.0094000 	 0.0000000 	 0.2240000 	 0.1985000 	 0.0000000 	 0.0000000 	 0.2838000 	 0.7650000 	 0.0439000 	 0.9136000 	 0.0013000 	 0.0000000
8.0000000 	 -1.6250000 	 -2.2500000 	 0.0635000 	 0.0191000 	 0.2580000 	 0.0070000 	 0.0094000 	 0.0000000 	 0.2242000 	 0.1987000 	 0.0000000 	 0.0000000 	 0.2840000 	 0.7657000 	 0.0330000 	 0.9143000 	 0.0000000 	 0.0000000
8.0000000 	 -1.7500000 	 -2.2500000 	 0.0634000 	 0.0191000 	 0.2581000 	 0.0070000 	 0.0094000 	 0.0000000 	 0.2243000 	 0.1988000 	 0.0000000 	 0.0000000 	 0.2841000 	 0.7662000 	 0.0247000 	 0.9148000 	 0.0000000 	 0.0000000
8.0000000 	 -1.2500000 	 -2.5000000 	 0.0641000 	 0.0193000 	 0.1445000 	 0.0071000 	 0.0149000 	 0.0000000 	 0.2124000 	 0.2039000 	 0.0000000 	 0.0000000 	 0.2945000 	 0.6811000 	 0.0737000 	 0.8252000 	 0.0033000 	 0.0011000
8.0000000 	 -1.3750000 	 -2.5000000 	 0.0641000 	 0.0193000 	 0.1447000 	 0.0071000 	 0.0149000 	 0.0000000 	 0.2127000 	 0.2042000 	 0.0000000 	 0.0000000 	 0.2948000 	 0.6820000 	 0.0554000 	 0.8262000 	 0.0025000 	 0.0000000
8.0000000 	 -1.5000000 	 -2.5000000 	 0.0641000 	 0.0193000 	 0.1449000 	 0.0071000 	 0.0149000 	 0.0000000 	 0.2128000 	 0.2045000 	 0.0000000 	 0.0000000 	 0.2950000 	 0.6827000 	 0.0415000 	 0.8270000 	 0.0019000 	 0.0000000
8.0000000 	 -1.6250000 	 -2.5000000 	 0.0640000 	 0.0193000 	 0.1449000 	 0.0071000 	 0.0149000 	 0.0000000 	 0.2130000 	 0.2046000 	 0.0000000 	 0.0000000 	 0.2952000 	 0.6832000 	 0.0312000 	 0.8276000 	 0.0014000 	 0.0000000
8.0000000 	 -1.7500000 	 -2.5000000 	 0.0640000 	 0.0193000 	 0.1450000 	 0.0071000 	 0.0149000 	 0.0000000 	 0.2131000 	 0.2047000 	 0.0000000 	 0.0000000 	 0.2953000 	 0.6835000 	 0.0234000 	 0.8280000 	 0.0011000 	 0.0000000
8.0000000 	 -1.2500000 	 -2.7500000 	 0.0647000 	 0.0195000 	 0.0716000 	 0.0072000 	 0.0238000 	 0.0000000 	 0.1976000 	 0.1995000 	 0.0000000 	 0.0000000 	 0.2907000 	 0.5676000 	 0.0650000 	 0.6949000 	 0.0051000 	 0.0016000
8.0000000 	 -1.3750000 	 -2.7500000 	 0.0646000 	 0.0195000 	 0.0717000 	 0.0072000 	 0.0237000 	 0.0000000 	 0.1978000 	 0.1998000 	 0.0000000 	 0.0000000 	 0.2909000 	 0.5682000 	 0.0488000 	 0.6957000 	 0.0038000 	 0.0012000
8.0000000 	 -1.5000000 	 -2.7500000 	 0.0646000 	 0.0194000 	 0.0718000 	 0.0071000 	 0.0237000 	 0.0000000 	 0.1979000 	 0.2000000 	 0.0000000 	 0.0000000 	 0.2911000 	 0.5687000 	 0.0366000 	 0.6963000 	 0.0029000 	 0.0000000
8.0000000 	 -1.6250000 	 -2.7500000 	 0.0646000 	 0.0194000 	 0.0718000 	 0.0071000 	 0.0237000 	 0.0000000 	 0.1981000 	 0.2001000 	 0.0000000 	 0.0000000 	 0.2913000 	 0.5691000 	 0.0275000 	 0.6967000 	 0.0022000 	 0.0000000
8.0000000 	 -1.7500000 	 -2.7500000 	 0.0646000 	 0.0194000 	 0.0719000 	 0.0071000 	 0.0237000 	 0.0000000 	 0.1981000 	 0.2002000 	 0.0000000 	 0.0000000 	 0.2914000 	 0.5694000 	 0.0206000 	 0.6971000 	 0.0016000 	 0.0000000
8.1000000 	 -1.2500000 	 -2.2500000 	 0.0646000 	 0.0195000 	 0.3014000 	 0.0072000 	 0.0126000 	 0.0000000 	 0.2719000 	 0.2415000 	 0.0000000 	 0.0011000 	 0.3503000 	 0.9249000 	 0.0961000 	 1.0978000 	 0.0028000 	 0.0000000
8.1000000 	 -1.3750000 	 -2.2500000 	 0.0646000 	 0.0195000 	 0.3018000 	 0.0072000 	 0.0126000 	 0.0000000 	 0.2723000 	 0.2420000 	 0.0000000 	 0.0011000 	 0.3507000 	 0.9263000 	 0.0721000 	 1.0993000 	 0.0021000 	 0.0000000
8.1000000 	 -1.5000000 	 -2.2500000 	 0.0646000 	 0.0194000 	 0.3021000 	 0.0071000 	 0.0126000 	 0.0000000 	 0.2725000 	 0.2422000 	 0.0000000 	 0.0012000 	 0.3510000 	 0.9273000 	 0.0541000 	 1.1005000 	 0.0016000 	 0.0000000
8.1000000 	 -1.6250000 	 -2.2500000 	 0.0645000 	 0.0194000 	 0.3023000 	 0.0071000 	 0.0126000 	 0.0000000 	 0.2727000 	 0.2425000 	 0.0000000 	 0.0012000 	 0.3512000 	 0.9280000 	 0.0406000 	 1.1013000 	 0.0012000 	 0.0000000
8.1000000 	 -1.7500000 	 -2.2500000 	 0.0645000 	 0.0194000 	 0.3025000 	 0.0071000 	 0.0125000 	 0.0000000 	 0.2729000 	 0.2426000 	 0.0000000 	 0.0012000 	 0.3514000 	 0.9286000 	 0.0305000 	 1.1020000 	 0.0000000 	 0.0000000
8.1000000 	 -1.2500000 	 -2.5000000 	 0.0651000 	 0.0196000 	 0.1678000 	 0.0072000 	 0.0200000 	 0.0000000 	 0.2579000 	 0.2485000 	 0.0000000 	 0.0000000 	 0.3634000 	 0.8238000 	 0.0905000 	 0.9946000 	 0.0042000 	 0.0013000
8.1000000 	 -1.3750000 	 -2.5000000 	 0.0651000 	 0.0196000 	 0.1681000 	 0.0072000 	 0.0200000 	 0.0000000 	 0.2583000 	 0.2488000 	 0.0000000 	 0.0000000 	 0.3638000 	 0.8249000 	 0.0679000 	 0.9958000 	 0.0031000 	 0.0000000
8.1000000 	 -1.5000000 	 -2.5000000 	 0.0651000 	 0.0196000 	 0.1682000 	 0.0072000 	 0.0200000 	 0.0000000 	 0.2585000 	 0.2491000 	 0.0000000 	 0.0000000 	 0.3641000 	 0.8257000 	 0.0510000 	 0.9968000 	 0.0023000 	 0.0000000
8.1000000 	 -1.6250000 	 -2.5000000 	 0.0651000 	 0.0196000 	 0.1684000 	 0.0072000 	 0.0200000 	 0.0000000 	 0.2587000 	 0.2494000 	 0.0000000 	 0.0000000 	 0.3643000 	 0.8264000 	 0.0383000 	 0.9976000 	 0.0018000 	 0.0000000
8.1000000 	 -1.7500000 	 -2.5000000 	 0.0650000 	 0.0196000 	 0.1685000 	 0.0072000 	 0.0199000 	 0.0000000 	 0.2588000 	 0.2495000 	 0.0000000 	 0.0000000 	 0.3644000 	 0.8268000 	 0.0287000 	 0.9981000 	 0.0013000 	 0.0000000
8.1000000 	 -1.2500000 	 -2.7500000 	 0.0656000 	 0.0198000 	 0.0825000 	 0.0073000 	 0.0317000 	 0.0000000 	 0.2391000 	 0.2430000 	 0.0000000 	 0.0000000 	 0.3582000 	 0.6834000 	 0.0794000 	 0.8353000 	 0.0064000 	 0.0020000
8.1000000 	 -1.3750000 	 -2.7500000 	 0.0656000 	 0.0198000 	 0.0827000 	 0.0073000 	 0.0317000 	 0.0000000 	 0.2394000 	 0.2434000 	 0.0000000 	 0.0000000 	 0.3586000 	 0.6843000 	 0.0596000 	 0.8365000 	 0.0048000 	 0.0015000
8.1000000 	 -1.5000000 	 -2.7500000 	 0.0656000 	 0.0198000 	 0.0828000 	 0.0073000 	 0.0317000 	 0.0000000 	 0.2397000 	 0.2437000 	 0.0000000 	 0.0000000 	 0.3589000 	 0.6850000 	 0.0447000 	 0.8373000 	 0.0036000 	 0.0011000
8.1000000 	 -1.6250000 	 -2.7500000 	 0.0655000 	 0.0198000 	 0.0828000 	 0.0073000 	 0.0316000 	 0.0000000 	 0.2398000 	 0.2439000 	 0.0000000 	 0.0000000 	 0.3591000 	 0.6856000 	 0.0336000 	 0.8380000 	 0.0027000 	 0.0000000
8.1000000 	 -1.7500000 	 -2.7500000 	 0.0655000 	 0.0198000 	 0.0829000 	 0.0073000 	 0.0316000 	 0.0000000 	 0.2399000 	 0.2440000 	 0.0000000 	 0.0000000 	 0.3592000 	 0.6859000 	 0.0252000 	 0.8384000 	 0.0020000 	 0.0000000
8.1000000 	 -1.2500000 	 -3.0000000 	 0.0661000 	 0.0200000 	 0.0357000 	 0.0073000 	 0.0491000 	 0.0000000 	 0.2139000 	 0.2260000 	 0.0000000 	 0.0000000 	 0.3357000 	 0.5003000 	 0.0621000 	 0.6166000 	 0.0095000 	 0.0030000
8.1000000 	 -1.3750000 	 -3.0000000 	 0.0660000 	 0.0199000 	 0.0357000 	 0.0073000 	 0.0491000 	 0.0000000 	 0.2142000 	 0.2263000 	 0.0000000 	 0.0000000 	 0.3360000 	 0.5010000 	 0.0467000 	 0.6175000 	 0.0072000 	 0.0022000
8.1000000 	 -1.5000000 	 -3.0000000 	 0.0660000 	 0.0199000 	 0.0358000 	 0.0073000 	 0.0490000 	 0.0000000 	 0.2145000 	 0.2266000 	 0.0000000 	 0.0000000 	 0.3363000 	 0.5016000 	 0.0350000 	 0.6182000 	 0.0054000 	 0.0017000
8.1000000 	 -1.6250000 	 -3.0000000 	 0.0660000 	 0.0199000 	 0.0358000 	 0.0073000 	 0.0490000 	 0.0000000 	 0.2146000 	 0.2268000 	 0.0000000 	 0.0000000 	 0.3365000 	 0.5020000 	 0.0263000 	 0.6186000 	 0.0040000 	 0.0013000
8.1000000 	 -1.7500000 	 -3.0000000 	 0.0660000 	 0.0199000 	 0.0358000 	 0.0073000 	 0.0490000 	 0.0000000 	 0.2147000 	 0.2269000 	 0.0000000 	 0.0000000 	 0.3367000 	 0.5023000 	 0.0197000 	 0.6190000 	 0.0030000 	 0.0000000
8.2000000 	 -1.0000000 	 -2.2500000 	 0.0659000 	 0.0199000 	 0.3433000 	 0.0073000 	 0.0173000 	 0.0000000 	 0.3269000 	 0.2926000 	 0.0000000 	 0.0014000 	 0.4313000 	 1.1090000 	 0.2093000 	 1.3053000 	 0.0061000 	 0.0019000
8.2000000 	 -1.1250000 	 -2.2500000 	 0.0659000 	 0.0199000 	 0.3441000 	 0.0073000 	 0.0172000 	 0.0000000 	 0.3277000 	 0.2934000 	 0.0000000 	 0.0014000 	 0.4321000 	 1.1115000 	 0.1572000 	 1.3083000 	 0.0046000 	 0.0014000
8.2000000 	 -1.2500000 	 -2.2500000 	 0.0658000 	 0.0199000 	 0.3447000 	 0.0073000 	 0.0172000 	 0.0000000 	 0.3282000 	 0.2939000 	 0.0000000 	 0.0014000 	 0.4327000 	 1.1134000 	 0.1180000 	 1.3105000 	 0.0034000 	 0.0011000
8.2000000 	 -1.3750000 	 -2.2500000 	 0.0658000 	 0.0199000 	 0.3451000 	 0.0073000 	 0.0172000 	 0.0000000 	 0.3286000 	 0.2944000 	 0.0000000 	 0.0014000 	 0.4331000 	 1.1149000 	 0.0886000 	 1.3123000 	 0.0026000 	 0.0000000
8.2000000 	 -1.5000000 	 -2.2500000 	 0.0657000 	 0.0199000 	 0.3454000 	 0.0073000 	 0.0172000 	 0.0000000 	 0.3290000 	 0.2948000 	 0.0000000 	 0.0014000 	 0.4335000 	 1.1160000 	 0.0665000 	 1.3136000 	 0.0019000 	 0.0000000
8.2000000 	 -1.0000000 	 -2.5000000 	 0.0664000 	 0.0201000 	 0.1890000 	 0.0074000 	 0.0274000 	 0.0000000 	 0.3091000 	 0.3000000 	 0.0000000 	 0.0000000 	 0.4457000 	 0.9839000 	 0.1957000 	 1.1819000 	 0.0092000 	 0.0029000
8.2000000 	 -1.1250000 	 -2.5000000 	 0.0663000 	 0.0200000 	 0.1894000 	 0.0074000 	 0.0273000 	 0.0000000 	 0.3098000 	 0.3009000 	 0.0000000 	 0.0000000 	 0.4465000 	 0.9861000 	 0.1470000 	 1.1846000 	 0.0069000 	 0.0022000
8.2000000 	 -1.2500000 	 -2.5000000 	 0.0663000 	 0.0200000 	 0.1897000 	 0.0074000 	 0.0273000 	 0.0000000 	 0.3103000 	 0.3014000 	 0.0000000 	 0.0000000 	 0.4471000 	 0.9877000 	 0.1104000 	 1.1866000 	 0.0052000 	 0.0016000
8.2000000 	 -1.3750000 	 -2.5000000 	 0.0662000 	 0.0200000 	 0.1900000 	 0.0074000 	 0.0273000 	 0.0000000 	 0.3107000 	 0.3019000 	 0.0000000 	 0.0000000 	 0.4476000 	 0.9891000 	 0.0829000 	 1.1881000 	 0.0039000 	 0.0012000
8.2000000 	 -1.5000000 	 -2.5000000 	 0.0662000 	 0.0200000 	 0.1902000 	 0.0074000 	 0.0273000 	 0.0000000 	 0.3110000 	 0.3022000 	 0.0000000 	 0.0000000 	 0.4479000 	 0.9900000 	 0.0622000 	 1.1893000 	 0.0029000 	 0.0000000
8.2000000 	 -1.0000000 	 -2.7500000 	 0.0668000 	 0.0202000 	 0.0920000 	 0.0074000 	 0.0431000 	 0.0000000 	 0.2847000 	 0.2930000 	 0.0000000 	 0.0000000 	 0.4382000 	 0.8101000 	 0.1702000 	 0.9877000 	 0.0141000 	 0.0044000
8.2000000 	 -1.1250000 	 -2.7500000 	 0.0667000 	 0.0202000 	 0.0922000 	 0.0074000 	 0.0431000 	 0.0000000 	 0.2854000 	 0.2938000 	 0.0000000 	 0.0000000 	 0.4391000 	 0.8121000 	 0.1279000 	 0.9901000 	 0.0106000 	 0.0033000
8.2000000 	 -1.2500000 	 -2.7500000 	 0.0667000 	 0.0202000 	 0.0924000 	 0.0074000 	 0.0430000 	 0.0000000 	 0.2859000 	 0.2944000 	 0.0000000 	 0.0000000 	 0.4397000 	 0.8136000 	 0.0961000 	 0.9919000 	 0.0080000 	 0.0025000
8.2000000 	 -1.3750000 	 -2.7500000 	 0.0667000 	 0.0202000 	 0.0926000 	 0.0074000 	 0.0430000 	 0.0000000 	 0.2863000 	 0.2949000 	 0.0000000 	 0.0000000 	 0.4402000 	 0.8147000 	 0.0721000 	 0.9933000 	 0.0060000 	 0.0019000
8.2000000 	 -1.5000000 	 -2.7500000 	 0.0666000 	 0.0201000 	 0.0927000 	 0.0074000 	 0.0430000 	 0.0000000 	 0.2866000 	 0.2952000 	 0.0000000 	 0.0000000 	 0.4406000 	 0.8156000 	 0.0541000 	 0.9943000 	 0.0045000 	 0.0014000
8.2000000 	 -1.0000000 	 -3.0000000 	 0.0672000 	 0.0204000 	 0.0394000 	 0.0075000 	 0.0659000 	 0.0000000 	 0.2523000 	 0.2723000 	 0.0000000 	 0.0000000 	 0.4101000 	 0.5862000 	 0.1316000 	 0.7216000 	 0.0211000 	 0.0066000
8.2000000 	 -1.1250000 	 -3.0000000 	 0.0671000 	 0.0203000 	 0.0396000 	 0.0075000 	 0.0659000 	 0.0000000 	 0.2530000 	 0.2732000 	 0.0000000 	 0.0000000 	 0.4111000 	 0.5879000 	 0.0990000 	 0.7237000 	 0.0159000 	 0.0049000
8.2000000 	 -1.2500000 	 -3.0000000 	 0.0671000 	 0.0203000 	 0.0397000 	 0.0075000 	 0.0659000 	 0.0000000 	 0.2535000 	 0.2739000 	 0.0000000 	 0.0000000 	 0.4118000 	 0.5892000 	 0.0744000 	 0.7252000 	 0.0119000 	 0.0037000
8.2000000 	 -1.3750000 	 -3.0000000 	 0.0670000 	 0.0203000 	 0.0398000 	 0.0075000 	 0.0659000 	 0.0000000 	 0.2539000 	 0.2744000 	 0.0000000 	 0.0000000 	 0.4123000 	 0.5902000 	 0.0559000 	 0.7265000 	 0.0089000 	 0.0028000
8.2000000 	 -1.5000000 	 -3.0000000 	 0.0670000 	 0.0203000 	 0.0398000 	 0.0075000 	 0.0659000 	 0.0000000 	 0.2542000 	 0.2747000 	 0.0000000 	 0.0000000 	 0.4127000 	 0.5909000 	 0.0420000 	 0.7274000 	 0.0067000 	 0.0021000
8.3000000 	 -1.0000000 	 -2.5000000 	 0.0677000 	 0.0205000 	 0.2038000 	 0.0076000 	 0.0389000 	 0.0000000 	 0.3654000 	 0.3611000 	 0.0000000 	 0.0011000 	 0.5453000 	 1.1632000 	 0.2357000 	 1.3877000 	 0.0116000 	 0.0036000
8.3000000 	 -1.1250000 	 -2.5000000 	 0.0677000 	 0.0205000 	 0.2043000 	 0.0075000 	 0.0389000 	 0.0000000 	 0.3663000 	 0.3621000 	 0.0000000 	 0.0011000 	 0.5464000 	 1.1658000 	 0.1771000 	 1.3910000 	 0.0087000 	 0.0027000
8.3000000 	 -1.2500000 	 -2.5000000 	 0.0676000 	 0.0205000 	 0.2047000 	 0.0075000 	 0.0388000 	 0.0000000 	 0.3669000 	 0.3629000 	 0.0000000 	 0.0011000 	 0.5472000 	 1.1678000 	 0.1330000 	 1.3934000 	 0.0065000 	 0.0020000
8.3000000 	 -1.3750000 	 -2.5000000 	 0.0676000 	 0.0205000 	 0.2050000 	 0.0075000 	 0.0388000 	 0.0000000 	 0.3675000 	 0.3634000 	 0.0000000 	 0.0011000 	 0.5478000 	 1.1694000 	 0.0999000 	 1.3953000 	 0.0049000 	 0.0015000
8.3000000 	 -1.5000000 	 -2.5000000 	 0.0675000 	 0.0205000 	 0.2053000 	 0.0075000 	 0.0387000 	 0.0000000 	 0.3679000 	 0.3639000 	 0.0000000 	 0.0011000 	 0.5482000 	 1.1705000 	 0.0750000 	 1.3967000 	 0.0037000 	 0.0011000
8.3000000 	 -1.0000000 	 -2.7500000 	 0.0681000 	 0.0207000 	 0.0979000 	 0.0076000 	 0.0607000 	 0.0000000 	 0.3325000 	 0.3512000 	 0.0000000 	 0.0000000 	 0.5336000 	 0.9459000 	 0.2023000 	 1.1485000 	 0.0177000 	 0.0055000
8.3000000 	 -1.1250000 	 -2.7500000 	 0.0680000 	 0.0206000 	 0.0982000 	 0.0076000 	 0.0606000 	 0.0000000 	 0.3335000 	 0.3523000 	 0.0000000 	 0.0000000 	 0.5348000 	 0.9484000 	 0.1521000 	 1.1516000 	 0.0133000 	 0.0041000
8.3000000 	 -1.2500000 	 -2.7500000 	 0.0680000 	 0.0206000 	 0.0984000 	 0.0076000 	 0.0605000 	 0.0000000 	 0.3342000 	 0.3531000 	 0.0000000 	 0.0000000 	 0.5358000 	 0.9503000 	 0.1143000 	 1.1540000 	 0.0100000 	 0.0031000
8.3000000 	 -1.3750000 	 -2.7500000 	 0.0679000 	 0.0206000 	 0.0986000 	 0.0076000 	 0.0605000 	 0.0000000 	 0.3347000 	 0.3537000 	 0.0000000 	 0.0000000 	 0.5364000 	 0.9517000 	 0.0858000 	 1.1557000 	 0.0075000 	 0.0023000
8.3000000 	 -1.5000000 	 -2.7500000 	 0.0679000 	 0.0206000 	 0.0988000 	 0.0076000 	 0.0605000 	 0.0000000 	 0.3351000 	 0.3542000 	 0.0000000 	 0.0000000 	 0.5369000 	 0.9528000 	 0.0644000 	 1.1571000 	 0.0056000 	 0.0017000
8.3000000 	 -1.0000000 	 -3.0000000 	 0.0685000 	 0.0208000 	 0.0415000 	 0.0076000 	 0.0911000 	 0.0000000 	 0.2896000 	 0.3257000 	 0.0000000 	 0.0000000 	 0.4977000 	 0.6717000 	 0.1536000 	 0.8249000 	 0.0264000 	 0.0081000
8.3000000 	 -1.1250000 	 -3.0000000 	 0.0684000 	 0.0207000 	 0.0417000 	 0.0076000 	 0.0911000 	 0.0000000 	 0.2906000 	 0.3269000 	 0.0000000 	 0.0000000 	 0.4991000 	 0.6739000 	 0.1155000 	 0.8277000 	 0.0198000 	 0.0061000
8.3000000 	 -1.2500000 	 -3.0000000 	 0.0683000 	 0.0207000 	 0.0418000 	 0.0076000 	 0.0911000 	 0.0000000 	 0.2914000 	 0.3278000 	 0.0000000 	 0.0000000 	 0.5001000 	 0.6756000 	 0.0869000 	 0.8298000 	 0.0149000 	 0.0046000
8.3000000 	 -1.3750000 	 -3.0000000 	 0.0683000 	 0.0207000 	 0.0419000 	 0.0076000 	 0.0911000 	 0.0000000 	 0.2920000 	 0.3285000 	 0.0000000 	 0.0000000 	 0.5009000 	 0.6769000 	 0.0653000 	 0.8314000 	 0.0112000 	 0.0035000
8.3000000 	 -1.5000000 	 -3.0000000 	 0.0682000 	 0.0207000 	 0.0420000 	 0.0076000 	 0.0910000 	 0.0000000 	 0.2924000 	 0.3290000 	 0.0000000 	 0.0000000 	 0.5015000 	 0.6779000 	 0.0490000 	 0.8326000 	 0.0084000 	 0.0026000
8.4000000 	 -1.0000000 	 -2.5000000 	 0.0692000 	 0.0210000 	 0.2130000 	 0.0077000 	 0.0566000 	 0.0000000 	 0.4258000 	 0.4330000 	 0.0000000 	 0.0011000 	 0.6640000 	 1.3610000 	 0.2824000 	 1.6092000 	 0.0144000 	 0.0044000
8.4000000 	 -1.1250000 	 -2.5000000 	 0.0691000 	 0.0210000 	 0.2136000 	 0.0077000 	 0.0565000 	 0.0000000 	 0.4270000 	 0.4342000 	 0.0000000 	 0.0011000 	 0.6654000 	 1.3643000 	 0.2123000 	 1.6133000 	 0.0108000 	 0.0033000
8.4000000 	 -1.2500000 	 -2.5000000 	 0.0690000 	 0.0210000 	 0.2141000 	 0.0077000 	 0.0564000 	 0.0000000 	 0.4279000 	 0.4351000 	 0.0000000 	 0.0011000 	 0.6665000 	 1.3668000 	 0.1595000 	 1.6164000 	 0.0081000 	 0.0025000
8.4000000 	 -1.3750000 	 -2.5000000 	 0.0690000 	 0.0210000 	 0.2145000 	 0.0077000 	 0.0563000 	 0.0000000 	 0.4286000 	 0.4358000 	 0.0000000 	 0.0011000 	 0.6673000 	 1.3686000 	 0.1197000 	 1.6187000 	 0.0061000 	 0.0019000
8.4000000 	 -1.5000000 	 -2.5000000 	 0.0690000 	 0.0209000 	 0.2147000 	 0.0077000 	 0.0563000 	 0.0000000 	 0.4291000 	 0.4364000 	 0.0000000 	 0.0011000 	 0.6679000 	 1.3701000 	 0.0899000 	 1.6204000 	 0.0046000 	 0.0014000
8.4000000 	 -1.0000000 	 -2.7500000 	 0.0695000 	 0.0211000 	 0.1008000 	 0.0078000 	 0.0868000 	 0.0000000 	 0.3809000 	 0.4190000 	 0.0000000 	 0.0000000 	 0.6458000 	 1.0879000 	 0.2393000 	 1.3138000 	 0.0221000 	 0.0068000
8.4000000 	 -1.1250000 	 -2.7500000 	 0.0694000 	 0.0211000 	 0.1012000 	 0.0078000 	 0.0867000 	 0.0000000 	 0.3822000 	 0.4204000 	 0.0000000 	 0.0000000 	 0.6475000 	 1.0911000 	 0.1799000 	 1.3178000 	 0.0166000 	 0.0051000
8.4000000 	 -1.2500000 	 -2.7500000 	 0.0693000 	 0.0211000 	 0.1015000 	 0.0078000 	 0.0866000 	 0.0000000 	 0.3832000 	 0.4215000 	 0.0000000 	 0.0000000 	 0.6488000 	 1.0936000 	 0.1352000 	 1.3209000 	 0.0125000 	 0.0038000
8.4000000 	 -1.3750000 	 -2.7500000 	 0.0693000 	 0.0211000 	 0.1017000 	 0.0077000 	 0.0866000 	 0.0000000 	 0.3839000 	 0.4223000 	 0.0000000 	 0.0000000 	 0.6497000 	 1.0954000 	 0.1016000 	 1.3232000 	 0.0094000 	 0.0029000
8.4000000 	 -1.5000000 	 -2.7500000 	 0.0693000 	 0.0210000 	 0.1019000 	 0.0077000 	 0.0865000 	 0.0000000 	 0.3845000 	 0.4229000 	 0.0000000 	 0.0000000 	 0.6504000 	 1.0968000 	 0.0763000 	 1.3249000 	 0.0070000 	 0.0022000
8.4000000 	 -1.0000000 	 -3.0000000 	 0.0698000 	 0.0212000 	 0.0423000 	 0.0078000 	 0.1272000 	 0.0000000 	 0.3242000 	 0.3872000 	 0.0000000 	 0.0000000 	 0.5996000 	 0.7542000 	 0.1782000 	 0.9231000 	 0.0327000 	 0.0100000
8.4000000 	 -1.1250000 	 -3.0000000 	 0.0697000 	 0.0212000 	 0.0425000 	 0.0078000 	 0.1271000 	 0.0000000 	 0.3256000 	 0.3888000 	 0.0000000 	 0.0000000 	 0.6016000 	 0.7570000 	 0.1342000 	 0.9267000 	 0.0246000 	 0.0075000
8.4000000 	 -1.2500000 	 -3.0000000 	 0.0696000 	 0.0212000 	 0.0427000 	 0.0078000 	 0.1271000 	 0.0000000 	 0.3267000 	 0.3901000 	 0.0000000 	 0.0000000 	 0.6031000 	 0.7592000 	 0.1009000 	 0.9295000 	 0.0185000 	 0.0057000
8.4000000 	 -1.3750000 	 -3.0000000 	 0.0696000 	 0.0211000 	 0.0428000 	 0.0078000 	 0.1271000 	 0.0000000 	 0.3275000 	 0.3910000 	 0.0000000 	 0.0000000 	 0.6043000 	 0.7609000 	 0.0759000 	 0.9316000 	 0.0139000 	 0.0043000
8.4000000 	 -1.5000000 	 -3.0000000 	 0.0695000 	 0.0211000 	 0.0429000 	 0.0078000 	 0.1271000 	 0.0000000 	 0.3281000 	 0.3917000 	 0.0000000 	 0.0000000 	 0.6051000 	 0.7621000 	 0.0570000 	 0.9331000 	 0.0104000 	 0.0032000
8.5000000 	 -1.0000000 	 -2.7500000 	 0.0711000 	 0.0217000 	 0.0944000 	 0.0080000 	 0.1309000 	 0.0000000 	 0.4173000 	 0.4952000 	 0.0000000 	 0.0000000 	 0.7747000 	 1.2014000 	 0.2774000 	 1.4408000 	 0.0276000 	 0.0084000
8.5000000 	 -1.1250000 	 -2.7500000 	 0.0710000 	 0.0216000 	 0.0949000 	 0.0080000 	 0.1308000 	 0.0000000 	 0.4190000 	 0.4971000 	 0.0000000 	 0.0000000 	 0.7772000 	 1.2056000 	 0.2088000 	 1.4462000 	 0.0208000 	 0.0063000
8.5000000 	 -1.2500000 	 -2.7500000 	 0.0710000 	 0.0216000 	 0.0952000 	 0.0080000 	 0.1307000 	 0.0000000 	 0.4202000 	 0.4986000 	 0.0000000 	 0.0000000 	 0.7790000 	 1.2087000 	 0.1570000 	 1.4501000 	 0.0156000 	 0.0047000
8.5000000 	 -1.3750000 	 -2.7500000 	 0.0709000 	 0.0216000 	 0.0955000 	 0.0080000 	 0.1307000 	 0.0000000 	 0.4212000 	 0.4997000 	 0.0000000 	 0.0000000 	 0.7803000 	 1.2111000 	 0.1179000 	 1.4531000 	 0.0117000 	 0.0036000
8.5000000 	 -1.5000000 	 -2.7500000 	 0.0709000 	 0.0216000 	 0.0957000 	 0.0079000 	 0.1306000 	 0.0000000 	 0.4219000 	 0.5005000 	 0.0000000 	 0.0000000 	 0.7814000 	 1.2129000 	 0.0886000 	 1.4554000 	 0.0088000 	 0.0027000
8.5000000 	 -1.0000000 	 -3.0000000 	 0.0714000 	 0.0218000 	 0.0391000 	 0.0080000 	 0.1838000 	 0.0000000 	 0.3420000 	 0.4544000 	 0.0000000 	 0.0000000 	 0.7139000 	 0.8003000 	 0.2011000 	 0.9749000 	 0.0402000 	 0.0122000
8.5000000 	 -1.1250000 	 -3.0000000 	 0.0713000 	 0.0217000 	 0.0394000 	 0.0080000 	 0.1839000 	 0.0000000 	 0.3437000 	 0.4566000 	 0.0000000 	 0.0000000 	 0.7167000 	 0.8038000 	 0.1516000 	 0.9794000 	 0.0303000 	 0.0092000
8.5000000 	 -1.2500000 	 -3.0000000 	 0.0712000 	 0.0217000 	 0.0395000 	 0.0080000 	 0.1839000 	 0.0000000 	 0.3450000 	 0.4583000 	 0.0000000 	 0.0000000 	 0.7189000 	 0.8066000 	 0.1141000 	 0.9830000 	 0.0228000 	 0.0069000
8.5000000 	 -1.3750000 	 -3.0000000 	 0.0711000 	 0.0217000 	 0.0397000 	 0.0080000 	 0.1840000 	 0.0000000 	 0.3459000 	 0.4596000 	 0.0000000 	 0.0000000 	 0.7205000 	 0.8087000 	 0.0858000 	 0.9856000 	 0.0171000 	 0.0052000
8.5000000 	 -1.5000000 	 -3.0000000 	 0.0711000 	 0.0217000 	 0.0398000 	 0.0080000 	 0.1840000 	 0.0000000 	 0.3467000 	 0.4606000 	 0.0000000 	 0.0000000 	 0.7218000 	 0.8102000 	 0.0645000 	 0.9876000 	 0.0129000 	 0.0039000
8.5000000 	 -1.0000000 	 -3.2500000 	 0.0718000 	 0.0219000 	 0.0142000 	 0.0081000 	 0.2412000 	 0.0000000 	 0.2624000 	 0.3935000 	 0.0000000 	 0.0000000 	 0.6217000 	 0.4322000 	 0.1185000 	 0.5309000 	 0.0535000 	 0.0163000
8.5000000 	 -1.1250000 	 -3.2500000 	 0.0717000 	 0.0219000 	 0.0143000 	 0.0081000 	 0.2416000 	 0.0000000 	 0.2640000 	 0.3960000 	 0.0000000 	 0.0000000 	 0.6249000 	 0.4347000 	 0.0895000 	 0.5340000 	 0.0403000 	 0.0123000
8.5000000 	 -1.2500000 	 -3.2500000 	 0.0716000 	 0.0218000 	 0.0144000 	 0.0080000 	 0.2419000 	 0.0000000 	 0.2652000 	 0.3978000 	 0.0000000 	 0.0000000 	 0.6273000 	 0.4365000 	 0.0674000 	 0.5363000 	 0.0303000 	 0.0093000
8.5000000 	 -1.3750000 	 -3.2500000 	 0.0715000 	 0.0218000 	 0.0145000 	 0.0080000 	 0.2420000 	 0.0000000 	 0.2661000 	 0.3993000 	 0.0000000 	 0.0000000 	 0.6292000 	 0.4379000 	 0.0508000 	 0.5383000 	 0.0228000 	 0.0070000
8.5000000 	 -1.5000000 	 -3.2500000 	 0.0714000 	 0.0218000 	 0.0145000 	 0.0080000 	 0.2423000 	 0.0000000 	 0.2668000 	 0.4003000 	 0.0000000 	 0.0000000 	 0.6305000 	 0.4389000 	 0.0382000 	 0.5395000 	 0.0171000 	 0.0052000
8.6000000 	 -0.7500000 	 -2.7500000 	 0.0732000 	 0.0224000 	 0.0775000 	 0.0082000 	 0.2058000 	 0.0000000 	 0.4190000 	 0.5739000 	 0.0000000 	 0.0000000 	 0.9137000 	 1.2351000 	 0.5478000 	 1.4685000 	 0.0618000 	 0.0185000
8.6000000 	 -0.8750000 	 -2.7500000 	 0.0730000 	 0.0223000 	 0.0784000 	 0.0082000 	 0.2057000 	 0.0000000 	 0.4228000 	 0.5787000 	 0.0000000 	 0.0000000 	 0.9198000 	 1.2449000 	 0.4142000 	 1.4809000 	 0.0466000 	 0.0139000
8.6000000 	 -1.0000000 	 -2.7500000 	 0.0729000 	 0.0223000 	 0.0790000 	 0.0082000 	 0.2056000 	 0.0000000 	 0.4257000 	 0.5823000 	 0.0000000 	 0.0000000 	 0.9245000 	 1.2522000 	 0.3125000 	 1.4903000 	 0.0351000 	 0.0105000
8.6000000 	 -1.1250000 	 -2.7500000 	 0.0727000 	 0.0222000 	 0.0795000 	 0.0082000 	 0.2055000 	 0.0000000 	 0.4280000 	 0.5850000 	 0.0000000 	 0.0000000 	 0.9280000 	 1.2578000 	 0.2354000 	 1.4974000 	 0.0264000 	 0.0079000
8.6000000 	 -1.2500000 	 -2.7500000 	 0.0727000 	 0.0222000 	 0.0799000 	 0.0082000 	 0.2054000 	 0.0000000 	 0.4296000 	 0.5870000 	 0.0000000 	 0.0000000 	 0.9307000 	 1.2619000 	 0.1771000 	 1.5026000 	 0.0199000 	 0.0060000
8.6000000 	 -0.7500000 	 -3.0000000 	 0.0735000 	 0.0225000 	 0.0316000 	 0.0083000 	 0.2698000 	 0.0000000 	 0.3241000 	 0.5197000 	 0.0000000 	 0.0000000 	 0.8311000 	 0.7734000 	 0.3800000 	 0.9354000 	 0.0878000 	 0.0263000
8.6000000 	 -0.8750000 	 -3.0000000 	 0.0733000 	 0.0224000 	 0.0320000 	 0.0083000 	 0.2703000 	 0.0000000 	 0.3277000 	 0.5250000 	 0.0000000 	 0.0000000 	 0.8381000 	 0.7809000 	 0.2880000 	 0.9452000 	 0.0664000 	 0.0199000
8.6000000 	 -1.0000000 	 -3.0000000 	 0.0731000 	 0.0223000 	 0.0323000 	 0.0082000 	 0.2707000 	 0.0000000 	 0.3304000 	 0.5291000 	 0.0000000 	 0.0000000 	 0.8435000 	 0.7865000 	 0.2177000 	 0.9525000 	 0.0501000 	 0.0150000
8.6000000 	 -1.1250000 	 -3.0000000 	 0.0730000 	 0.0223000 	 0.0326000 	 0.0082000 	 0.2710000 	 0.0000000 	 0.3324000 	 0.5323000 	 0.0000000 	 0.0000000 	 0.8477000 	 0.7909000 	 0.1643000 	 0.9583000 	 0.0377000 	 0.0113000
8.6000000 	 -1.2500000 	 -3.0000000 	 0.0729000 	 0.0223000 	 0.0328000 	 0.0082000 	 0.2712000 	 0.0000000 	 0.3340000 	 0.5346000 	 0.0000000 	 0.0000000 	 0.8508000 	 0.7942000 	 0.1238000 	 0.9625000 	 0.0284000 	 0.0085000
8.6000000 	 -0.7500000 	 -3.2500000 	 0.0741000 	 0.0227000 	 0.0111000 	 0.0084000 	 0.3306000 	 0.0000000 	 0.2342000 	 0.4414000 	 0.0000000 	 0.0000000 	 0.7108000 	 0.3902000 	 0.2102000 	 0.4758000 	 0.1129000 	 0.0341000
8.6000000 	 -0.8750000 	 -3.2500000 	 0.0738000 	 0.0226000 	 0.0113000 	 0.0083000 	 0.3320000 	 0.0000000 	 0.2372000 	 0.4469000 	 0.0000000 	 0.0000000 	 0.7183000 	 0.3946000 	 0.1598000 	 0.4816000 	 0.0854000 	 0.0258000
8.6000000 	 -1.0000000 	 -3.2500000 	 0.0736000 	 0.0225000 	 0.0114000 	 0.0083000 	 0.3330000 	 0.0000000 	 0.2395000 	 0.4512000 	 0.0000000 	 0.0000000 	 0.7239000 	 0.3975000 	 0.1210000 	 0.4855000 	 0.0646000 	 0.0195000
8.6000000 	 -1.1250000 	 -3.2500000 	 0.0735000 	 0.0225000 	 0.0115000 	 0.0083000 	 0.3339000 	 0.0000000 	 0.2414000 	 0.4545000 	 0.0000000 	 0.0000000 	 0.7284000 	 0.4003000 	 0.0915000 	 0.4891000 	 0.0487000 	 0.0147000
8.6000000 	 -1.2500000 	 -3.2500000 	 0.0734000 	 0.0224000 	 0.0116000 	 0.0083000 	 0.3344000 	 0.0000000 	 0.2427000 	 0.4571000 	 0.0000000 	 0.0000000 	 0.7318000 	 0.4024000 	 0.0691000 	 0.4918000 	 0.0367000 	 0.0111000
8.7000000 	 -0.7500000 	 -3.0000000 	 0.0756000 	 0.0232000 	 0.0258000 	 0.0086000 	 0.3732000 	 0.0000000 	 0.2988000 	 0.5949000 	 0.0000000 	 0.0000000 	 0.9673000 	 0.7367000 	 0.4014000 	 0.8836000 	 0.1075000 	 0.0317000
8.7000000 	 -0.8750000 	 -3.0000000 	 0.0754000 	 0.0231000 	 0.0262000 	 0.0085000 	 0.3745000 	 0.0000000 	 0.3032000 	 0.6023000 	 0.0000000 	 0.0000000 	 0.9774000 	 0.7456000 	 0.3051000 	 0.8953000 	 0.0813000 	 0.0241000
8.7000000 	 -1.0000000 	 -3.0000000 	 0.0752000 	 0.0230000 	 0.0266000 	 0.0085000 	 0.3755000 	 0.0000000 	 0.3066000 	 0.6079000 	 0.0000000 	 0.0000000 	 0.9851000 	 0.7524000 	 0.2311000 	 0.9041000 	 0.0614000 	 0.0182000
8.7000000 	 -1.1250000 	 -3.0000000 	 0.0750000 	 0.0230000 	 0.0268000 	 0.0085000 	 0.3763000 	 0.0000000 	 0.3092000 	 0.6123000 	 0.0000000 	 0.0000000 	 0.9909000 	 0.7575000 	 0.1747000 	 0.9109000 	 0.0463000 	 0.0137000
8.7000000 	 -1.2500000 	 -3.0000000 	 0.0749000 	 0.0229000 	 0.0270000 	 0.0085000 	 0.3770000 	 0.0000000 	 0.3112000 	 0.6156000 	 0.0000000 	 0.0000000 	 0.9954000 	 0.7610000 	 0.1317000 	 0.9156000 	 0.0348000 	 0.0103000
8.7000000 	 -0.7500000 	 -3.2500000 	 0.0765000 	 0.0235000 	 0.0088000 	 0.0087000 	 0.4300000 	 0.0000000 	 0.2042000 	 0.4937000 	 0.0000000 	 0.0000000 	 0.8101000 	 0.3516000 	 0.2090000 	 0.4246000 	 0.1330000 	 0.0396000
8.7000000 	 -0.8750000 	 -3.2500000 	 0.0762000 	 0.0234000 	 0.0090000 	 0.0086000 	 0.4325000 	 0.0000000 	 0.2076000 	 0.5009000 	 0.0000000 	 0.0000000 	 0.8202000 	 0.3565000 	 0.1594000 	 0.4311000 	 0.1008000 	 0.0300000
8.7000000 	 -1.0000000 	 -3.2500000 	 0.0760000 	 0.0233000 	 0.0091000 	 0.0086000 	 0.4346000 	 0.0000000 	 0.2102000 	 0.5064000 	 0.0000000 	 0.0000000 	 0.8278000 	 0.3601000 	 0.1211000 	 0.4358000 	 0.0762000 	 0.0227000
8.7000000 	 -1.1250000 	 -3.2500000 	 0.0758000 	 0.0233000 	 0.0092000 	 0.0086000 	 0.4360000 	 0.0000000 	 0.2122000 	 0.5107000 	 0.0000000 	 0.0000000 	 0.8337000 	 0.3628000 	 0.0917000 	 0.4395000 	 0.0575000 	 0.0172000
8.7000000 	 -1.2500000 	 -3.2500000 	 0.0757000 	 0.0232000 	 0.0093000 	 0.0086000 	 0.4371000 	 0.0000000 	 0.2137000 	 0.5139000 	 0.0000000 	 0.0000000 	 0.8381000 	 0.3650000 	 0.0692000 	 0.4424000 	 0.0433000 	 0.0129000
8.7000000 	 -0.7500000 	 -3.5000000 	 0.0779000 	 0.0240000 	 0.0025000 	 0.0089000 	 0.4701000 	 0.0000000 	 0.1308000 	 0.3770000 	 0.0000000 	 0.0000000 	 0.6256000 	 0.1408000 	 0.0860000 	 0.1701000 	 0.1461000 	 0.0441000
8.7000000 	 -0.8750000 	 -3.5000000 	 0.0776000 	 0.0239000 	 0.0026000 	 0.0088000 	 0.4733000 	 0.0000000 	 0.1331000 	 0.3826000 	 0.0000000 	 0.0000000 	 0.6341000 	 0.1426000 	 0.0656000 	 0.1725000 	 0.1107000 	 0.0335000
8.7000000 	 -1.0000000 	 -3.5000000 	 0.0774000 	 0.0238000 	 0.0026000 	 0.0088000 	 0.4760000 	 0.0000000 	 0.1348000 	 0.3870000 	 0.0000000 	 0.0000000 	 0.6406000 	 0.1439000 	 0.0499000 	 0.1744000 	 0.0837000 	 0.0254000
8.7000000 	 -1.1250000 	 -3.5000000 	 0.0772000 	 0.0237000 	 0.0027000 	 0.0088000 	 0.4779000 	 0.0000000 	 0.1361000 	 0.3906000 	 0.0000000 	 0.0000000 	 0.6458000 	 0.1451000 	 0.0378000 	 0.1759000 	 0.0632000 	 0.0192000
8.7000000 	 -1.2500000 	 -3.5000000 	 0.0771000 	 0.0237000 	 0.0027000 	 0.0088000 	 0.4796000 	 0.0000000 	 0.1371000 	 0.3932000 	 0.0000000 	 0.0000000 	 0.6497000 	 0.1459000 	 0.0286000 	 0.1770000 	 0.0476000 	 0.0144000
8.8000000 	 -0.5000000 	 -3.0000000 	 0.0793000 	 0.0244000 	 0.0174000 	 0.0090000 	 0.4920000 	 0.0000000 	 0.2269000 	 0.6350000 	 0.0000000 	 0.0000000 	 1.0531000 	 0.6095000 	 0.6591000 	 0.7198000 	 0.2292000 	 0.0658000
8.8000000 	 -0.6250000 	 -3.0000000 	 0.0787000 	 0.0242000 	 0.0181000 	 0.0090000 	 0.4969000 	 0.0000000 	 0.2346000 	 0.6506000 	 0.0000000 	 0.0000000 	 1.0767000 	 0.6263000 	 0.5094000 	 0.7415000 	 0.1743000 	 0.0503000
8.8000000 	 -0.7500000 	 -3.0000000 	 0.0783000 	 0.0241000 	 0.0187000 	 0.0089000 	 0.5007000 	 0.0000000 	 0.2408000 	 0.6631000 	 0.0000000 	 0.0000000 	 1.0954000 	 0.6394000 	 0.3909000 	 0.7586000 	 0.1323000 	 0.0383000
8.8000000 	 -0.8750000 	 -3.0000000 	 0.0780000 	 0.0240000 	 0.0192000 	 0.0089000 	 0.5035000 	 0.0000000 	 0.2459000 	 0.6731000 	 0.0000000 	 0.0000000 	 1.1100000 	 0.6502000 	 0.2986000 	 0.7725000 	 0.1001000 	 0.0291000
8.8000000 	 -1.0000000 	 -3.0000000 	 0.0777000 	 0.0239000 	 0.0196000 	 0.0088000 	 0.5059000 	 0.0000000 	 0.2497000 	 0.6808000 	 0.0000000 	 0.0000000 	 1.1215000 	 0.6583000 	 0.2270000 	 0.7830000 	 0.0756000 	 0.0220000
8.8000000 	 -0.5000000 	 -3.2500000 	 0.0806000 	 0.0249000 	 0.0056000 	 0.0092000 	 0.5289000 	 0.0000000 	 0.1461000 	 0.5093000 	 0.0000000 	 0.0000000 	 0.8517000 	 0.2759000 	 0.3156000 	 0.3270000 	 0.2693000 	 0.0777000
8.8000000 	 -0.6250000 	 -3.2500000 	 0.0801000 	 0.0247000 	 0.0059000 	 0.0091000 	 0.5351000 	 0.0000000 	 0.1508000 	 0.5217000 	 0.0000000 	 0.0000000 	 0.8707000 	 0.2826000 	 0.2439000 	 0.3359000 	 0.2050000 	 0.0594000
8.8000000 	 -0.7500000 	 -3.2500000 	 0.0797000 	 0.0246000 	 0.0061000 	 0.0091000 	 0.5402000 	 0.0000000 	 0.1547000 	 0.5319000 	 0.0000000 	 0.0000000 	 0.8863000 	 0.2881000 	 0.1874000 	 0.3431000 	 0.1556000 	 0.0453000
8.8000000 	 -0.8750000 	 -3.2500000 	 0.0794000 	 0.0245000 	 0.0062000 	 0.0091000 	 0.5442000 	 0.0000000 	 0.1578000 	 0.5400000 	 0.0000000 	 0.0000000 	 0.8986000 	 0.2925000 	 0.1432000 	 0.3489000 	 0.1178000 	 0.0344000
8.8000000 	 -1.0000000 	 -3.2500000 	 0.0791000 	 0.0244000 	 0.0064000 	 0.0090000 	 0.5472000 	 0.0000000 	 0.1602000 	 0.5466000 	 0.0000000 	 0.0000000 	 0.9086000 	 0.2960000 	 0.1090000 	 0.3535000 	 0.0891000 	 0.0260000
8.8000000 	 -0.5000000 	 -3.5000000 	 0.0822000 	 0.0254000 	 0.0015000 	 0.0094000 	 0.5495000 	 0.0000000 	 0.0897000 	 0.3796000 	 0.0000000 	 0.0000000 	 0.6420000 	 0.1085000 	 0.1238000 	 0.1285000 	 0.2876000 	 0.0837000
8.8000000 	 -0.6250000 	 -3.5000000 	 0.0817000 	 0.0253000 	 0.0016000 	 0.0094000 	 0.5558000 	 0.0000000 	 0.0922000 	 0.3878000 	 0.0000000 	 0.0000000 	 0.6549000 	 0.1106000 	 0.0953000 	 0.1312000 	 0.2186000 	 0.0639000
8.8000000 	 -0.7500000 	 -3.5000000 	 0.0814000 	 0.0252000 	 0.0016000 	 0.0093000 	 0.5611000 	 0.0000000 	 0.0942000 	 0.3946000 	 0.0000000 	 0.0000000 	 0.6653000 	 0.1123000 	 0.0730000 	 0.1335000 	 0.1657000 	 0.0486000
8.8000000 	 -0.8750000 	 -3.5000000 	 0.0811000 	 0.0251000 	 0.0017000 	 0.0093000 	 0.5652000 	 0.0000000 	 0.0959000 	 0.4000000 	 0.0000000 	 0.0000000 	 0.6737000 	 0.1137000 	 0.0556000 	 0.1353000 	 0.1253000 	 0.0369000
8.8000000 	 -1.0000000 	 -3.5000000 	 0.0809000 	 0.0250000 	 0.0017000 	 0.0093000 	 0.5685000 	 0.0000000 	 0.0971000 	 0.4043000 	 0.0000000 	 0.0000000 	 0.6803000 	 0.1148000 	 0.0423000 	 0.1368000 	 0.0946000 	 0.0279000
8.9000000 	 -0.5000000 	 -3.2500000 	 0.0847000 	 0.0263000 	 0.0032000 	 0.0098000 	 0.6263000 	 0.0000000 	 0.0928000 	 0.5194000 	 0.0000000 	 0.0000000 	 0.8840000 	 0.1965000 	 0.2574000 	 0.2281000 	 0.3084000 	 0.0854000
8.9000000 	 -0.6250000 	 -3.2500000 	 0.0843000 	 0.0262000 	 0.0033000 	 0.0097000 	 0.6344000 	 0.0000000 	 0.0961000 	 0.5314000 	 0.0000000 	 0.0000000 	 0.9027000 	 0.2014000 	 0.1990000 	 0.2344000 	 0.2345000 	 0.0653000
8.9000000 	 -0.7500000 	 -3.2500000 	 0.0839000 	 0.0260000 	 0.0035000 	 0.0097000 	 0.6408000 	 0.0000000 	 0.0987000 	 0.5412000 	 0.0000000 	 0.0000000 	 0.9179000 	 0.2055000 	 0.1529000 	 0.2396000 	 0.1778000 	 0.0497000
8.9000000 	 -0.8750000 	 -3.2500000 	 0.0836000 	 0.0259000 	 0.0036000 	 0.0096000 	 0.6459000 	 0.0000000 	 0.1007000 	 0.5489000 	 0.0000000 	 0.0000000 	 0.9299000 	 0.2086000 	 0.1168000 	 0.2437000 	 0.1344000 	 0.0377000
8.9000000 	 -1.0000000 	 -3.2500000 	 0.0834000 	 0.0259000 	 0.0036000 	 0.0096000 	 0.6498000 	 0.0000000 	 0.1023000 	 0.5551000 	 0.0000000 	 0.0000000 	 0.9394000 	 0.2111000 	 0.0888000 	 0.2469000 	 0.1015000 	 0.0286000
8.9000000 	 -0.5000000 	 -3.5000000 	 0.0842000 	 0.0261000 	 0.0019000 	 0.0097000 	 0.5835000 	 0.0000000 	 0.0664000 	 0.4645000 	 0.0000000 	 0.0000000 	 0.7919000 	 0.1458000 	 0.1957000 	 0.1691000 	 0.2886000 	 0.0772000
8.9000000 	 -0.6250000 	 -3.5000000 	 0.0836000 	 0.0259000 	 0.0019000 	 0.0096000 	 0.5886000 	 0.0000000 	 0.0682000 	 0.4735000 	 0.0000000 	 0.0000000 	 0.8058000 	 0.1488000 	 0.1507000 	 0.1731000 	 0.2185000 	 0.0586000
8.9000000 	 -0.7500000 	 -3.5000000 	 0.0846000 	 0.0262000 	 0.0020000 	 0.0097000 	 0.6051000 	 0.0000000 	 0.0703000 	 0.4882000 	 0.0000000 	 0.0000000 	 0.8303000 	 0.1537000 	 0.1169000 	 0.1788000 	 0.1685000 	 0.0452000
8.9000000 	 -0.8750000 	 -3.5000000 	 0.0838000 	 0.0259000 	 0.0020000 	 0.0096000 	 0.5987000 	 0.0000000 	 0.0693000 	 0.4826000 	 0.0000000 	 0.0000000 	 0.8205000 	 0.1516000 	 0.0865000 	 0.1764000 	 0.1250000 	 0.0336000
8.9000000 	 -1.0000000 	 -3.5000000 	 0.0841000 	 0.0261000 	 0.0020000 	 0.0097000 	 0.5999000 	 0.0000000 	 0.0685000 	 0.4800000 	 0.0000000 	 0.0000000 	 0.8168000 	 0.1498000 	 0.0639000 	 0.1743000 	 0.0940000 	 0.0252000
8.9000000 	 -0.5000000 	 -3.7500000 	 0.0736000 	 0.0217000 	 0.0000000 	 0.0081000 	 0.5251000 	 0.0000000 	 0.0348000 	 0.3050000 	 0.0000000 	 0.0000000 	 0.5231000 	 0.0500000 	 0.0664000 	 0.0582000 	 0.2708000 	 0.0730000
8.9000000 	 -0.6250000 	 -3.7500000 	 0.0825000 	 0.0254000 	 0.0000000 	 0.0095000 	 0.5745000 	 0.0000000 	 0.0377000 	 0.3316000 	 0.0000000 	 0.0000000 	 0.5689000 	 0.0538000 	 0.0534000 	 0.0628000 	 0.2224000 	 0.0600000
8.9000000 	 -0.7500000 	 -3.7500000 	 0.0846000 	 0.0261000 	 0.0000000 	 0.0097000 	 0.5937000 	 0.0000000 	 0.0384000 	 0.3399000 	 0.0000000 	 0.0000000 	 0.5835000 	 0.0555000 	 0.0410000 	 0.0647000 	 0.1723000 	 0.0464000
8.9000000 	 -0.8750000 	 -3.7500000 	 0.0842000 	 0.0260000 	 0.0000000 	 0.0097000 	 0.5942000 	 0.0000000 	 0.0387000 	 0.3419000 	 0.0000000 	 0.0000000 	 0.5864000 	 0.0557000 	 0.0310000 	 0.0650000 	 0.1293000 	 0.0349000
8.9000000 	 -1.0000000 	 -3.7500000 	 0.0840000 	 0.0259000 	 0.0000000 	 0.0097000 	 0.5953000 	 0.0000000 	 0.0390000 	 0.3438000 	 0.0000000 	 0.0000000 	 0.5893000 	 0.0559000 	 0.0234000 	 0.0653000 	 0.0972000 	 0.0263000
9.0000000 	 -0.2500000 	 -3.2500000 	 0.0790000 	 0.0234000 	 0.0034000 	 0.0087000 	 0.6244000 	 0.0000000 	 0.0638000 	 0.5794000 	 0.0000000 	 0.0000000 	 0.9954000 	 0.2275000 	 0.6784000 	 0.2585000 	 0.4986000 	 0.1296000
9.0000000 	 -0.3750000 	 -3.2500000 	 0.0784000 	 0.0232000 	 0.0036000 	 0.0086000 	 0.6390000 	 0.0000000 	 0.0671000 	 0.6004000 	 0.0000000 	 0.0000000 	 1.0284000 	 0.2358000 	 0.5297000 	 0.2692000 	 0.3824000 	 0.1000000
9.0000000 	 -0.5000000 	 -3.2500000 	 0.0780000 	 0.0230000 	 0.0038000 	 0.0085000 	 0.6506000 	 0.0000000 	 0.0698000 	 0.6176000 	 0.0000000 	 0.0000000 	 1.0554000 	 0.2425000 	 0.4102000 	 0.2780000 	 0.2920000 	 0.0768000
9.0000000 	 -0.6250000 	 -3.2500000 	 0.0776000 	 0.0229000 	 0.0040000 	 0.0085000 	 0.6598000 	 0.0000000 	 0.0720000 	 0.6314000 	 0.0000000 	 0.0000000 	 1.0770000 	 0.2479000 	 0.3154000 	 0.2849000 	 0.2221000 	 0.0586000
9.0000000 	 -0.7500000 	 -3.2500000 	 0.0772000 	 0.0231000 	 0.0039000 	 0.0086000 	 0.6442000 	 0.0000000 	 0.0706000 	 0.6188000 	 0.0000000 	 0.0000000 	 1.0546000 	 0.2425000 	 0.2317000 	 0.2793000 	 0.1627000 	 0.0431000
9.0000000 	 -0.2500000 	 -3.5000000 	 0.0802000 	 0.0238000 	 0.0000000 	 0.0088000 	 0.6009000 	 0.0000000 	 0.0327000 	 0.4116000 	 0.0000000 	 0.0000000 	 0.7152000 	 0.0868000 	 0.2517000 	 0.0981000 	 0.5245000 	 0.1354000
9.0000000 	 -0.3750000 	 -3.5000000 	 0.0798000 	 0.0237000 	 0.0000000 	 0.0088000 	 0.6133000 	 0.0000000 	 0.0342000 	 0.4251000 	 0.0000000 	 0.0000000 	 0.7365000 	 0.0893000 	 0.1954000 	 0.1014000 	 0.4012000 	 0.1042000
9.0000000 	 -0.5000000 	 -3.5000000 	 0.0794000 	 0.0235000 	 0.0000000 	 0.0087000 	 0.6224000 	 0.0000000 	 0.0353000 	 0.4351000 	 0.0000000 	 0.0000000 	 0.7523000 	 0.0912000 	 0.1503000 	 0.1038000 	 0.3053000 	 0.0796000
9.0000000 	 -0.6250000 	 -3.5000000 	 0.0792000 	 0.0234000 	 0.0000000 	 0.0087000 	 0.6296000 	 0.0000000 	 0.0362000 	 0.4432000 	 0.0000000 	 0.0000000 	 0.7650000 	 0.0926000 	 0.1150000 	 0.1057000 	 0.2316000 	 0.0605000
9.0000000 	 -0.7500000 	 -3.5000000 	 0.0790000 	 0.0234000 	 0.0000000 	 0.0087000 	 0.6352000 	 0.0000000 	 0.0369000 	 0.4495000 	 0.0000000 	 0.0000000 	 0.7750000 	 0.0938000 	 0.0875000 	 0.1072000 	 0.1752000 	 0.0459000
9.0000000 	 -0.2500000 	 -3.7500000 	 0.0811000 	 0.0241000 	 0.0000000 	 0.0090000 	 0.5794000 	 0.0000000 	 0.0173000 	 0.2789000 	 0.0000000 	 0.0000000 	 0.4902000 	 0.0318000 	 0.0885000 	 0.0360000 	 0.5321000 	 0.1378000
9.0000000 	 -0.3750000 	 -3.7500000 	 0.0807000 	 0.0240000 	 0.0000000 	 0.0089000 	 0.5909000 	 0.0000000 	 0.0180000 	 0.2877000 	 0.0000000 	 0.0000000 	 0.5040000 	 0.0325000 	 0.0684000 	 0.0370000 	 0.4062000 	 0.1057000
9.0000000 	 -0.5000000 	 -3.7500000 	 0.0804000 	 0.0239000 	 0.0000000 	 0.0089000 	 0.5997000 	 0.0000000 	 0.0186000 	 0.2945000 	 0.0000000 	 0.0000000 	 0.5148000 	 0.0331000 	 0.0525000 	 0.0378000 	 0.3088000 	 0.0806000
9.0000000 	 -0.6250000 	 -3.7500000 	 0.0801000 	 0.0238000 	 0.0000000 	 0.0088000 	 0.6065000 	 0.0000000 	 0.0190000 	 0.2998000 	 0.0000000 	 0.0000000 	 0.5233000 	 0.0336000 	 0.0401000 	 0.0384000 	 0.2340000 	 0.0613000
9.0000000 	 -0.7500000 	 -3.7500000 	 0.0800000 	 0.0237000 	 0.0000000 	 0.0088000 	 0.6116000 	 0.0000000 	 0.0194000 	 0.3039000 	 0.0000000 	 0.0000000 	 0.5297000 	 0.0340000 	 0.0305000 	 0.0388000 	 0.1769000 	 0.0464000
9.1000000 	 -0.2500000 	 -3.2500000 	 0.0858000 	 0.0255000 	 0.0014000 	 0.0095000 	 0.6861000 	 0.0000000 	 0.0291000 	 0.5474000 	 0.0000000 	 0.0000000 	 0.9666000 	 0.1299000 	 0.4996000 	 0.1432000 	 0.5674000 	 0.1415000
9.1000000 	 -0.3750000 	 -3.2500000 	 0.0852000 	 0.0253000 	 0.0015000 	 0.0094000 	 0.7069000 	 0.0000000 	 0.0310000 	 0.5711000 	 0.0000000 	 0.0000000 	 1.0033000 	 0.1356000 	 0.3926000 	 0.1502000 	 0.4363000 	 0.1096000
9.1000000 	 -0.5000000 	 -3.2500000 	 0.0847000 	 0.0252000 	 0.0016000 	 0.0093000 	 0.7234000 	 0.0000000 	 0.0326000 	 0.5902000 	 0.0000000 	 0.0000000 	 1.0330000 	 0.1403000 	 0.3055000 	 0.1560000 	 0.3338000 	 0.0843000
9.1000000 	 -0.6250000 	 -3.2500000 	 0.0844000 	 0.0250000 	 0.0017000 	 0.0093000 	 0.7356000 	 0.0000000 	 0.0337000 	 0.6045000 	 0.0000000 	 0.0000000 	 1.0554000 	 0.1438000 	 0.2353000 	 0.1604000 	 0.2540000 	 0.0644000
9.1000000 	 -0.7500000 	 -3.2500000 	 0.0841000 	 0.0249000 	 0.0018000 	 0.0092000 	 0.7449000 	 0.0000000 	 0.0346000 	 0.6155000 	 0.0000000 	 0.0000000 	 1.0726000 	 0.1464000 	 0.1801000 	 0.1637000 	 0.1926000 	 0.0490000
9.1000000 	 -0.2500000 	 -3.5000000 	 0.0869000 	 0.0260000 	 0.0000000 	 0.0096000 	 0.6431000 	 0.0000000 	 0.0146000 	 0.3745000 	 0.0000000 	 0.0000000 	 0.6715000 	 0.0496000 	 0.1812000 	 0.0545000 	 0.5806000 	 0.1440000
9.1000000 	 -0.3750000 	 -3.5000000 	 0.0864000 	 0.0258000 	 0.0000000 	 0.0096000 	 0.6613000 	 0.0000000 	 0.0154000 	 0.3895000 	 0.0000000 	 0.0000000 	 0.6951000 	 0.0514000 	 0.1415000 	 0.0568000 	 0.4450000 	 0.1110000
9.1000000 	 -0.5000000 	 -3.5000000 	 0.0860000 	 0.0257000 	 0.0000000 	 0.0095000 	 0.6750000 	 0.0000000 	 0.0161000 	 0.4012000 	 0.0000000 	 0.0000000 	 0.7134000 	 0.0529000 	 0.1094000 	 0.0585000 	 0.3392000 	 0.0850000
9.1000000 	 -0.6250000 	 -3.5000000 	 0.0857000 	 0.0255000 	 0.0000000 	 0.0095000 	 0.6859000 	 0.0000000 	 0.0166000 	 0.4108000 	 0.0000000 	 0.0000000 	 0.7286000 	 0.0540000 	 0.0841000 	 0.0600000 	 0.2577000 	 0.0649000
9.1000000 	 -0.7500000 	 -3.5000000 	 0.0855000 	 0.0255000 	 0.0000000 	 0.0094000 	 0.6934000 	 0.0000000 	 0.0170000 	 0.4175000 	 0.0000000 	 0.0000000 	 0.7390000 	 0.0548000 	 0.0641000 	 0.0609000 	 0.1950000 	 0.0492000
9.1000000 	 -0.2500000 	 -3.7500000 	 0.0877000 	 0.0263000 	 0.0000000 	 0.0098000 	 0.6072000 	 0.0000000 	 0.0076000 	 0.2468000 	 0.0000000 	 0.0000000 	 0.4487000 	 0.0183000 	 0.0638000 	 0.0203000 	 0.5857000 	 0.1460000
9.1000000 	 -0.3750000 	 -3.7500000 	 0.0873000 	 0.0261000 	 0.0000000 	 0.0097000 	 0.6254000 	 0.0000000 	 0.0080000 	 0.2570000 	 0.0000000 	 0.0000000 	 0.4650000 	 0.0190000 	 0.0498000 	 0.0211000 	 0.4487000 	 0.1125000
9.1000000 	 -0.5000000 	 -3.7500000 	 0.0869000 	 0.0260000 	 0.0000000 	 0.0096000 	 0.6391000 	 0.0000000 	 0.0084000 	 0.2648000 	 0.0000000 	 0.0000000 	 0.4775000 	 0.0195000 	 0.0384000 	 0.0217000 	 0.3419000 	 0.0861000
9.1000000 	 -0.6250000 	 -3.7500000 	 0.0866000 	 0.0259000 	 0.0000000 	 0.0096000 	 0.6494000 	 0.0000000 	 0.0086000 	 0.2707000 	 0.0000000 	 0.0000000 	 0.4870000 	 0.0198000 	 0.0295000 	 0.0221000 	 0.2595000 	 0.0656000
9.1000000 	 -0.7500000 	 -3.7500000 	 0.0864000 	 0.0258000 	 0.0000000 	 0.0096000 	 0.6571000 	 0.0000000 	 0.0088000 	 0.2755000 	 0.0000000 	 0.0000000 	 0.4944000 	 0.0201000 	 0.0225000 	 0.0225000 	 0.1963000 	 0.0497000
