#Constrained by relation between 12+log(O/H), log(U) and log(N/O)
12+log(O/H)     	 log(N/O)        	 log(U)          	 OII_3727        	 NeIII_3868      	 OIII_4363       	 OIII_5007       	 NII_6584        	 SII_6717,31    
6.9000000 	 -1.5000000 	 -1.7500000 	 0.0511000 	 0.1289000 	 0.0457000 	 1.2433000 	 0.0016000 	 0.0086000
6.9000000 	 -1.6250000 	 -1.7500000 	 0.0512000 	 0.1291000 	 0.0458000 	 1.2448000 	 0.0012000 	 0.0086000
6.9000000 	 -1.7500000 	 -1.7500000 	 0.0512000 	 0.1292000 	 0.0459000 	 1.2459000 	 0.0000000 	 0.0086000
6.9000000 	 -1.5000000 	 -2.0000000 	 0.0679000 	 0.1101000 	 0.0351000 	 1.0749000 	 0.0021000 	 0.0111000
6.9000000 	 -1.6250000 	 -2.0000000 	 0.0679000 	 0.1102000 	 0.0352000 	 1.0758000 	 0.0016000 	 0.0111000
6.9000000 	 -1.7500000 	 -2.0000000 	 0.0679000 	 0.1103000 	 0.0352000 	 1.0765000 	 0.0012000 	 0.0111000
6.9000000 	 -1.5000000 	 -2.2500000 	 0.0940000 	 0.0927000 	 0.0262000 	 0.9076000 	 0.0029000 	 0.0149000
6.9000000 	 -1.6250000 	 -2.2500000 	 0.0941000 	 0.0927000 	 0.0263000 	 0.9082000 	 0.0022000 	 0.0149000
6.9000000 	 -1.7500000 	 -2.2500000 	 0.0942000 	 0.0928000 	 0.0263000 	 0.9086000 	 0.0016000 	 0.0149000
7.0000000 	 -1.5000000 	 -1.7500000 	 0.0648000 	 0.1009000 	 0.0560000 	 1.5478000 	 0.0020000 	 0.0107000
7.0000000 	 -1.6750000 	 -1.7500000 	 0.0639000 	 0.0972000 	 0.0522000 	 1.5008000 	 0.0013000 	 0.0107000
7.0000000 	 -1.7500000 	 -1.7500000 	 0.0648000 	 0.1013000 	 0.0563000 	 1.5519000 	 0.0011000 	 0.0107000
7.0000000 	 -1.5000000 	 -2.0000000 	 0.0861000 	 0.0863000 	 0.0432000 	 1.3393000 	 0.0026000 	 0.0140000
7.0000000 	 -1.6750000 	 -2.0000000 	 0.0854000 	 0.0841000 	 0.0411000 	 1.3106000 	 0.0018000 	 0.0139000
7.0000000 	 -1.7500000 	 -2.0000000 	 0.0861000 	 0.0865000 	 0.0434000 	 1.3419000 	 0.0015000 	 0.0140000
7.0000000 	 -1.5000000 	 -2.2500000 	 0.1194000 	 0.0727000 	 0.0323000 	 1.1317000 	 0.0037000 	 0.0187000
7.0000000 	 -1.6750000 	 -2.2500000 	 0.1187000 	 0.0714000 	 0.0312000 	 1.1145000 	 0.0024000 	 0.0187000
7.0000000 	 -1.7500000 	 -2.2500000 	 0.1196000 	 0.0728000 	 0.0324000 	 1.1331000 	 0.0021000 	 0.0187000
7.1000000 	 -1.5000000 	 -1.7500000 	 0.0811000 	 0.1212000 	 0.0647000 	 1.8758000 	 0.0025000 	 0.0134000
7.1000000 	 -1.6250000 	 -1.7500000 	 0.0811000 	 0.1213000 	 0.0647000 	 1.8761000 	 0.0019000 	 0.0134000
7.1000000 	 -1.7500000 	 -1.7500000 	 0.0811000 	 0.1213000 	 0.0647000 	 1.8763000 	 0.0014000 	 0.0134000
7.1000000 	 -1.5000000 	 -2.0000000 	 0.1083000 	 0.1047000 	 0.0508000 	 1.6361000 	 0.0033000 	 0.0174000
7.1000000 	 -1.6250000 	 -2.0000000 	 0.1083000 	 0.1048000 	 0.0508000 	 1.6363000 	 0.0025000 	 0.0174000
7.1000000 	 -1.7500000 	 -2.0000000 	 0.1083000 	 0.1048000 	 0.0508000 	 1.6364000 	 0.0019000 	 0.0174000
7.1000000 	 -1.5000000 	 -2.2500000 	 0.1507000 	 0.0889000 	 0.0385000 	 1.3898000 	 0.0046000 	 0.0233000
7.1000000 	 -1.6250000 	 -2.2500000 	 0.1507000 	 0.0889000 	 0.0385000 	 1.3899000 	 0.0035000 	 0.0234000
7.1000000 	 -1.7500000 	 -2.2500000 	 0.1507000 	 0.0889000 	 0.0385000 	 1.3900000 	 0.0026000 	 0.0234000
7.2000000 	 -1.5000000 	 -1.7500000 	 0.1032000 	 0.1529000 	 0.0816000 	 2.3650000 	 0.0032000 	 0.0168000
7.2000000 	 -1.6250000 	 -1.7500000 	 0.1033000 	 0.1533000 	 0.0820000 	 2.3703000 	 0.0024000 	 0.0168000
7.2000000 	 -1.7500000 	 -1.7500000 	 0.1033000 	 0.1536000 	 0.0823000 	 2.3742000 	 0.0018000 	 0.0168000
7.2000000 	 -1.5000000 	 -2.0000000 	 0.1376000 	 0.1312000 	 0.0635000 	 2.0524000 	 0.0042000 	 0.0217000
7.2000000 	 -1.6250000 	 -2.0000000 	 0.1377000 	 0.1315000 	 0.0637000 	 2.0559000 	 0.0031000 	 0.0217000
7.2000000 	 -1.7500000 	 -2.0000000 	 0.1377000 	 0.1317000 	 0.0638000 	 2.0581000 	 0.0024000 	 0.0217000
7.2000000 	 -1.5000000 	 -2.2500000 	 0.1915000 	 0.1110000 	 0.0478000 	 1.7380000 	 0.0058000 	 0.0292000
7.2000000 	 -1.6250000 	 -2.2500000 	 0.1916000 	 0.1111000 	 0.0479000 	 1.7399000 	 0.0044000 	 0.0292000
7.2000000 	 -1.7500000 	 -2.2500000 	 0.1917000 	 0.1112000 	 0.0480000 	 1.7414000 	 0.0033000 	 0.0293000
7.3000000 	 -1.5000000 	 -1.7500000 	 0.1296000 	 0.1862000 	 0.0969000 	 2.8982000 	 0.0040000 	 0.0210000
7.3000000 	 -1.6250000 	 -1.7500000 	 0.1298000 	 0.1868000 	 0.0975000 	 2.9061000 	 0.0030000 	 0.0210000
7.3000000 	 -1.7500000 	 -1.7500000 	 0.1298000 	 0.1872000 	 0.0979000 	 2.9120000 	 0.0022000 	 0.0210000
7.3000000 	 -1.5000000 	 -2.0000000 	 0.1733000 	 0.1603000 	 0.0757000 	 2.5199000 	 0.0053000 	 0.0272000
7.3000000 	 -1.6250000 	 -2.0000000 	 0.1735000 	 0.1607000 	 0.0760000 	 2.5249000 	 0.0040000 	 0.0272000
7.3000000 	 -1.7500000 	 -2.0000000 	 0.1735000 	 0.1609000 	 0.0762000 	 2.5286000 	 0.0030000 	 0.0272000
7.3000000 	 -1.5000000 	 -2.2500000 	 0.2415000 	 0.1359000 	 0.0573000 	 2.1375000 	 0.0073000 	 0.0366000
7.3000000 	 -1.6250000 	 -2.2500000 	 0.2416000 	 0.1361000 	 0.0575000 	 2.1405000 	 0.0055000 	 0.0366000
7.3000000 	 -1.7500000 	 -2.2500000 	 0.2418000 	 0.1363000 	 0.0576000 	 2.1428000 	 0.0041000 	 0.0366000
7.4000000 	 -1.5000000 	 -1.7500000 	 0.1595000 	 0.2150000 	 0.1048000 	 3.3968000 	 0.0049000 	 0.0259000
7.4000000 	 -1.6250000 	 -1.7500000 	 0.1595000 	 0.2151000 	 0.1049000 	 3.3976000 	 0.0037000 	 0.0259000
7.4000000 	 -1.7500000 	 -1.7500000 	 0.1595000 	 0.2151000 	 0.1049000 	 3.3982000 	 0.0028000 	 0.0259000
7.4000000 	 -1.5000000 	 -2.0000000 	 0.2148000 	 0.1879000 	 0.0840000 	 2.9878000 	 0.0066000 	 0.0336000
7.4000000 	 -1.6250000 	 -2.0000000 	 0.2148000 	 0.1880000 	 0.0840000 	 2.9884000 	 0.0049000 	 0.0336000
7.4000000 	 -1.7500000 	 -2.0000000 	 0.2148000 	 0.1880000 	 0.0840000 	 2.9888000 	 0.0037000 	 0.0336000
7.4000000 	 -1.5000000 	 -2.2500000 	 0.3006000 	 0.1613000 	 0.0649000 	 2.5590000 	 0.0092000 	 0.0453000
7.4000000 	 -1.6250000 	 -2.2500000 	 0.3006000 	 0.1614000 	 0.0650000 	 2.5594000 	 0.0069000 	 0.0453000
7.4000000 	 -1.7500000 	 -2.2500000 	 0.3007000 	 0.1614000 	 0.0650000 	 2.5598000 	 0.0052000 	 0.0453000
7.5000000 	 -1.5000000 	 -1.7500000 	 0.2018000 	 0.2685000 	 0.1302000 	 4.2487000 	 0.0062000 	 0.0324000
7.5000000 	 -1.6250000 	 -1.7500000 	 0.2022000 	 0.2697000 	 0.1312000 	 4.2649000 	 0.0046000 	 0.0324000
7.5000000 	 -1.7500000 	 -1.7500000 	 0.2025000 	 0.2707000 	 0.1320000 	 4.2774000 	 0.0035000 	 0.0324000
7.5000000 	 -1.5000000 	 -2.0000000 	 0.2712000 	 0.2327000 	 0.1027000 	 3.7099000 	 0.0083000 	 0.0420000
7.5000000 	 -1.6250000 	 -2.0000000 	 0.2715000 	 0.2335000 	 0.1034000 	 3.7205000 	 0.0062000 	 0.0420000
7.5000000 	 -1.7500000 	 -2.0000000 	 0.2719000 	 0.2340000 	 0.1038000 	 3.7285000 	 0.0047000 	 0.0420000
7.5000000 	 -1.5000000 	 -2.2500000 	 0.3793000 	 0.1987000 	 0.0787000 	 3.1616000 	 0.0116000 	 0.0565000
7.5000000 	 -1.6250000 	 -2.2500000 	 0.3796000 	 0.1991000 	 0.0790000 	 3.1684000 	 0.0087000 	 0.0566000
7.5000000 	 -1.7500000 	 -2.2500000 	 0.3800000 	 0.1995000 	 0.0793000 	 3.1735000 	 0.0065000 	 0.0566000
7.6000000 	 -1.5000000 	 -2.0000000 	 0.3369000 	 0.2751000 	 0.1160000 	 4.4278000 	 0.0103000 	 0.0518000
7.6000000 	 -1.6250000 	 -2.0000000 	 0.3374000 	 0.2761000 	 0.1168000 	 4.4427000 	 0.0077000 	 0.0520000
7.6000000 	 -1.7500000 	 -2.0000000 	 0.3379000 	 0.2769000 	 0.1174000 	 4.4537000 	 0.0058000 	 0.0520000
7.6000000 	 -1.5000000 	 -2.2500000 	 0.4719000 	 0.2358000 	 0.0894000 	 3.7830000 	 0.0145000 	 0.0699000
7.6000000 	 -1.6250000 	 -2.2500000 	 0.4726000 	 0.2365000 	 0.0898000 	 3.7927000 	 0.0109000 	 0.0699000
7.6000000 	 -1.7500000 	 -2.2500000 	 0.4730000 	 0.2370000 	 0.0902000 	 3.8000000 	 0.0081000 	 0.0700000
7.6000000 	 -1.5000000 	 -2.5000000 	 0.6802000 	 0.1986000 	 0.0659000 	 3.1091000 	 0.0211000 	 0.0963000
7.6000000 	 -1.6250000 	 -2.5000000 	 0.6810000 	 0.1990000 	 0.0662000 	 3.1153000 	 0.0158000 	 0.0965000
7.6000000 	 -1.7500000 	 -2.5000000 	 0.6816000 	 0.1993000 	 0.0664000 	 3.1200000 	 0.0119000 	 0.0965000
7.7000000 	 -1.5000000 	 -2.0000000 	 0.4156000 	 0.3190000 	 0.1268000 	 5.1959000 	 0.0128000 	 0.0636000
7.7000000 	 -1.6250000 	 -2.0000000 	 0.4164000 	 0.3204000 	 0.1277000 	 5.2154000 	 0.0096000 	 0.0637000
7.7000000 	 -1.7500000 	 -2.0000000 	 0.4171000 	 0.3215000 	 0.1285000 	 5.2302000 	 0.0072000 	 0.0637000
7.7000000 	 -1.5000000 	 -2.2500000 	 0.5833000 	 0.2747000 	 0.0984000 	 4.4516000 	 0.0180000 	 0.0858000
7.7000000 	 -1.6250000 	 -2.2500000 	 0.5842000 	 0.2756000 	 0.0989000 	 4.4644000 	 0.0135000 	 0.0858000
7.7000000 	 -1.7500000 	 -2.2500000 	 0.5850000 	 0.2763000 	 0.0994000 	 4.4748000 	 0.0102000 	 0.0859000
7.7000000 	 -1.5000000 	 -2.5000000 	 0.8411000 	 0.2324000 	 0.0731000 	 3.6690000 	 0.0263000 	 0.1184000
7.7000000 	 -1.6250000 	 -2.5000000 	 0.8423000 	 0.2330000 	 0.0735000 	 3.6777000 	 0.0198000 	 0.1185000
7.7000000 	 -1.7500000 	 -2.5000000 	 0.8433000 	 0.2335000 	 0.0737000 	 3.6843000 	 0.0148000 	 0.1185000
7.8000000 	 -1.5000000 	 -2.0000000 	 0.5073000 	 0.3628000 	 0.1343000 	 5.9924000 	 0.0158000 	 0.0775000
7.8000000 	 -1.6250000 	 -2.0000000 	 0.5086000 	 0.3646000 	 0.1354000 	 6.0175000 	 0.0119000 	 0.0776000
7.8000000 	 -1.7500000 	 -2.0000000 	 0.5093000 	 0.3659000 	 0.1362000 	 6.0357000 	 0.0089000 	 0.0777000
7.8000000 	 -1.5000000 	 -2.2500000 	 0.7129000 	 0.3138000 	 0.1048000 	 5.1481000 	 0.0223000 	 0.1047000
7.8000000 	 -1.6250000 	 -2.2500000 	 0.7144000 	 0.3151000 	 0.1056000 	 5.1667000 	 0.0168000 	 0.1047000
7.8000000 	 -1.7500000 	 -2.2500000 	 0.7156000 	 0.3160000 	 0.1061000 	 5.1798000 	 0.0126000 	 0.1049000
7.8000000 	 -1.5000000 	 -2.5000000 	 1.0283000 	 0.2670000 	 0.0785000 	 4.2549000 	 0.0327000 	 0.1446000
7.8000000 	 -1.6250000 	 -2.5000000 	 1.0300000 	 0.2678000 	 0.0789000 	 4.2663000 	 0.0246000 	 0.1448000
7.8000000 	 -1.7500000 	 -2.5000000 	 1.0314000 	 0.2684000 	 0.0793000 	 4.2752000 	 0.0184000 	 0.1448000
7.9000000 	 -1.5000000 	 -2.2500000 	 0.8572000 	 0.3485000 	 0.1066000 	 5.8041000 	 0.0274000 	 0.1268000
7.9000000 	 -1.6250000 	 -2.2500000 	 0.8591000 	 0.3499000 	 0.1074000 	 5.8260000 	 0.0206000 	 0.1269000
7.9000000 	 -1.7500000 	 -2.2500000 	 0.8606000 	 0.3510000 	 0.1079000 	 5.8412000 	 0.0155000 	 0.1270000
7.9000000 	 -1.5000000 	 -2.5000000 	 1.2345000 	 0.2981000 	 0.0803000 	 4.8054000 	 0.0403000 	 0.1754000
7.9000000 	 -1.6250000 	 -2.5000000 	 1.2374000 	 0.2992000 	 0.0808000 	 4.8218000 	 0.0302000 	 0.1756000
7.9000000 	 -1.7500000 	 -2.5000000 	 1.2391000 	 0.2999000 	 0.0812000 	 4.8315000 	 0.0227000 	 0.1757000
7.9000000 	 -1.5000000 	 -2.7500000 	 1.7723000 	 0.2492000 	 0.0564000 	 3.7149000 	 0.0599000 	 0.2445000
7.9000000 	 -1.6250000 	 -2.7500000 	 1.7761000 	 0.2499000 	 0.0567000 	 3.7248000 	 0.0450000 	 0.2447000
7.9000000 	 -1.7500000 	 -2.7500000 	 1.7792000 	 0.2506000 	 0.0570000 	 3.7336000 	 0.0337000 	 0.2449000
8.0000000 	 -1.2500000 	 -2.2500000 	 1.0044000 	 0.3705000 	 0.1010000 	 6.2932000 	 0.0592000 	 0.1518000
8.0000000 	 -1.3750000 	 -2.2500000 	 1.0092000 	 0.3734000 	 0.1023000 	 6.3352000 	 0.0445000 	 0.1522000
8.0000000 	 -1.5000000 	 -2.2500000 	 1.0129000 	 0.3755000 	 0.1033000 	 6.3668000 	 0.0334000 	 0.1525000
8.0000000 	 -1.6250000 	 -2.2500000 	 1.0156000 	 0.3771000 	 0.1040000 	 6.3909000 	 0.0251000 	 0.1527000
8.0000000 	 -1.7500000 	 -2.2500000 	 1.0175000 	 0.3783000 	 0.1046000 	 6.4092000 	 0.0189000 	 0.1529000
8.0000000 	 -1.2500000 	 -2.5000000 	 1.4425000 	 0.3189000 	 0.0766000 	 5.2241000 	 0.0871000 	 0.2105000
8.0000000 	 -1.3750000 	 -2.5000000 	 1.4494000 	 0.3211000 	 0.0775000 	 5.2564000 	 0.0655000 	 0.2109000
8.0000000 	 -1.5000000 	 -2.5000000 	 1.4545000 	 0.3228000 	 0.0782000 	 5.2799000 	 0.0492000 	 0.2112000
8.0000000 	 -1.6250000 	 -2.5000000 	 1.4582000 	 0.3240000 	 0.0787000 	 5.2980000 	 0.0369000 	 0.2115000
8.0000000 	 -1.7500000 	 -2.5000000 	 1.4612000 	 0.3249000 	 0.0791000 	 5.3111000 	 0.0277000 	 0.2117000
8.0000000 	 -1.2500000 	 -2.7500000 	 2.0606000 	 0.2684000 	 0.0542000 	 4.0465000 	 0.1294000 	 0.2938000
8.0000000 	 -1.3750000 	 -2.7500000 	 2.0705000 	 0.2701000 	 0.0548000 	 4.0691000 	 0.0973000 	 0.2944000
8.0000000 	 -1.5000000 	 -2.7500000 	 2.0779000 	 0.2714000 	 0.0552000 	 4.0862000 	 0.0731000 	 0.2949000
8.0000000 	 -1.6250000 	 -2.7500000 	 2.0834000 	 0.2723000 	 0.0556000 	 4.0994000 	 0.0549000 	 0.2952000
8.0000000 	 -1.7500000 	 -2.7500000 	 2.0876000 	 0.2731000 	 0.0558000 	 4.1092000 	 0.0412000 	 0.2956000
8.1000000 	 -1.2500000 	 -2.5000000 	 1.6574000 	 0.3337000 	 0.0704000 	 5.5597000 	 0.1046000 	 0.2480000
8.1000000 	 -1.3750000 	 -2.5000000 	 1.6661000 	 0.3361000 	 0.0712000 	 5.5940000 	 0.0787000 	 0.2487000
8.1000000 	 -1.5000000 	 -2.5000000 	 1.6730000 	 0.3379000 	 0.0719000 	 5.6217000 	 0.0591000 	 0.2492000
8.1000000 	 -1.6250000 	 -2.5000000 	 1.6783000 	 0.3394000 	 0.0724000 	 5.6428000 	 0.0444000 	 0.2496000
8.1000000 	 -1.7500000 	 -2.5000000 	 1.6818000 	 0.3403000 	 0.0728000 	 5.6567000 	 0.0333000 	 0.2498000
8.1000000 	 -1.2500000 	 -2.7500000 	 2.3466000 	 0.2819000 	 0.0498000 	 4.2951000 	 0.1551000 	 0.3464000
8.1000000 	 -1.3750000 	 -2.7500000 	 2.3602000 	 0.2839000 	 0.0504000 	 4.3232000 	 0.1166000 	 0.3471000
8.1000000 	 -1.5000000 	 -2.7500000 	 2.3703000 	 0.2855000 	 0.0509000 	 4.3441000 	 0.0876000 	 0.3478000
8.1000000 	 -1.6250000 	 -2.7500000 	 2.3780000 	 0.2866000 	 0.0512000 	 4.3601000 	 0.0658000 	 0.3484000
8.1000000 	 -1.7500000 	 -2.7500000 	 2.3839000 	 0.2875000 	 0.0515000 	 4.3719000 	 0.0494000 	 0.3488000
8.1000000 	 -1.2500000 	 -3.0000000 	 3.1629000 	 0.2295000 	 0.0312000 	 2.9341000 	 0.2237000 	 0.4796000
8.1000000 	 -1.3750000 	 -3.0000000 	 3.1832000 	 0.2313000 	 0.0317000 	 2.9543000 	 0.1683000 	 0.4810000
8.1000000 	 -1.5000000 	 -3.0000000 	 3.1985000 	 0.2326000 	 0.0320000 	 2.9695000 	 0.1265000 	 0.4819000
8.1000000 	 -1.6250000 	 -3.0000000 	 3.2087000 	 0.2334000 	 0.0322000 	 2.9800000 	 0.0950000 	 0.4826000
8.1000000 	 -1.7500000 	 -3.0000000 	 3.2167000 	 0.2341000 	 0.0324000 	 2.9884000 	 0.0713000 	 0.4831000
8.2000000 	 -1.0000000 	 -2.5000000 	 1.8315000 	 0.3279000 	 0.0584000 	 5.5892000 	 0.2194000 	 0.2838000
8.2000000 	 -1.1250000 	 -2.5000000 	 1.8517000 	 0.3324000 	 0.0597000 	 5.6544000 	 0.1655000 	 0.2852000
8.2000000 	 -1.2500000 	 -2.5000000 	 1.8665000 	 0.3356000 	 0.0607000 	 5.7020000 	 0.1246000 	 0.2864000
8.2000000 	 -1.3750000 	 -2.5000000 	 1.8781000 	 0.3382000 	 0.0615000 	 5.7397000 	 0.0937000 	 0.2873000
8.2000000 	 -1.5000000 	 -2.5000000 	 1.8867000 	 0.3401000 	 0.0621000 	 5.7674000 	 0.0704000 	 0.2878000
8.2000000 	 -1.0000000 	 -2.7500000 	 2.5585000 	 0.2770000 	 0.0410000 	 4.2889000 	 0.3236000 	 0.3959000
8.2000000 	 -1.1250000 	 -2.7500000 	 2.5886000 	 0.2808000 	 0.0420000 	 4.3409000 	 0.2441000 	 0.3980000
8.2000000 	 -1.2500000 	 -2.7500000 	 2.6116000 	 0.2837000 	 0.0427000 	 4.3805000 	 0.1839000 	 0.3997000
8.2000000 	 -1.3750000 	 -2.7500000 	 2.6289000 	 0.2860000 	 0.0433000 	 4.4104000 	 0.1384000 	 0.4010000
8.2000000 	 -1.5000000 	 -2.7500000 	 2.6425000 	 0.2877000 	 0.0437000 	 4.4337000 	 0.1040000 	 0.4020000
8.2000000 	 -1.0000000 	 -3.0000000 	 3.3863000 	 0.2249000 	 0.0255000 	 2.9022000 	 0.4620000 	 0.5478000
8.2000000 	 -1.1250000 	 -3.0000000 	 3.4335000 	 0.2284000 	 0.0262000 	 2.9427000 	 0.3490000 	 0.5512000
8.2000000 	 -1.2500000 	 -3.0000000 	 3.4695000 	 0.2311000 	 0.0267000 	 2.9736000 	 0.2631000 	 0.5538000
8.2000000 	 -1.3750000 	 -3.0000000 	 3.4961000 	 0.2331000 	 0.0271000 	 2.9969000 	 0.1981000 	 0.5557000
8.2000000 	 -1.5000000 	 -3.0000000 	 3.5167000 	 0.2347000 	 0.0274000 	 3.0146000 	 0.1490000 	 0.5571000
8.3000000 	 -1.0000000 	 -2.5000000 	 1.9741000 	 0.3069000 	 0.0451000 	 5.3888000 	 0.2565000 	 0.3175000
8.3000000 	 -1.1250000 	 -2.5000000 	 2.0000000 	 0.3114000 	 0.0461000 	 5.4545000 	 0.1936000 	 0.3196000
8.3000000 	 -1.2500000 	 -2.5000000 	 2.0196000 	 0.3149000 	 0.0470000 	 5.5047000 	 0.1460000 	 0.3210000
8.3000000 	 -1.3750000 	 -2.5000000 	 2.0353000 	 0.3176000 	 0.0476000 	 5.5443000 	 0.1099000 	 0.3223000
8.3000000 	 -1.5000000 	 -2.5000000 	 2.0466000 	 0.3196000 	 0.0481000 	 5.5734000 	 0.0827000 	 0.3231000
8.3000000 	 -1.0000000 	 -2.7500000 	 2.7063000 	 0.2572000 	 0.0311000 	 4.0812000 	 0.3752000 	 0.4426000
8.3000000 	 -1.1250000 	 -2.7500000 	 2.7473000 	 0.2615000 	 0.0319000 	 4.1375000 	 0.2836000 	 0.4457000
8.3000000 	 -1.2500000 	 -2.7500000 	 2.7782000 	 0.2647000 	 0.0326000 	 4.1806000 	 0.2139000 	 0.4480000
8.3000000 	 -1.3750000 	 -2.7500000 	 2.8007000 	 0.2671000 	 0.0331000 	 4.2130000 	 0.1611000 	 0.4498000
8.3000000 	 -1.5000000 	 -2.7500000 	 2.8185000 	 0.2690000 	 0.0335000 	 4.2379000 	 0.1212000 	 0.4511000
8.3000000 	 -1.0000000 	 -3.0000000 	 3.5010000 	 0.2065000 	 0.0190000 	 2.7168000 	 0.5285000 	 0.6116000
8.3000000 	 -1.1250000 	 -3.0000000 	 3.5622000 	 0.2105000 	 0.0196000 	 2.7613000 	 0.4000000 	 0.6165000
8.3000000 	 -1.2500000 	 -3.0000000 	 3.6093000 	 0.2135000 	 0.0201000 	 2.7956000 	 0.3021000 	 0.6202000
8.3000000 	 -1.3750000 	 -3.0000000 	 3.6450000 	 0.2158000 	 0.0204000 	 2.8214000 	 0.2277000 	 0.6230000
8.3000000 	 -1.5000000 	 -3.0000000 	 3.6722000 	 0.2176000 	 0.0207000 	 2.8413000 	 0.1714000 	 0.6252000
8.4000000 	 -1.0000000 	 -2.5000000 	 2.0658000 	 0.2733000 	 0.0323000 	 4.9763000 	 0.2915000 	 0.3482000
8.4000000 	 -1.1250000 	 -2.5000000 	 2.0999000 	 0.2780000 	 0.0331000 	 5.0447000 	 0.2205000 	 0.3511000
8.4000000 	 -1.2500000 	 -2.5000000 	 2.1253000 	 0.2816000 	 0.0338000 	 5.0972000 	 0.1664000 	 0.3532000
8.4000000 	 -1.3750000 	 -2.5000000 	 2.1442000 	 0.2843000 	 0.0343000 	 5.1362000 	 0.1254000 	 0.3548000
8.4000000 	 -1.5000000 	 -2.5000000 	 2.1594000 	 0.2864000 	 0.0347000 	 5.1666000 	 0.0944000 	 0.3560000
8.4000000 	 -1.0000000 	 -2.7500000 	 2.7679000 	 0.2262000 	 0.0218000 	 3.7048000 	 0.4222000 	 0.4847000
8.4000000 	 -1.1250000 	 -2.7500000 	 2.8198000 	 0.2307000 	 0.0225000 	 3.7644000 	 0.3198000 	 0.4891000
8.4000000 	 -1.2500000 	 -2.7500000 	 2.8590000 	 0.2341000 	 0.0230000 	 3.8095000 	 0.2416000 	 0.4923000
8.4000000 	 -1.3750000 	 -2.7500000 	 2.8886000 	 0.2367000 	 0.0234000 	 3.8438000 	 0.1822000 	 0.4947000
8.4000000 	 -1.5000000 	 -2.7500000 	 2.9113000 	 0.2387000 	 0.0237000 	 3.8700000 	 0.1372000 	 0.4966000
8.4000000 	 -1.0000000 	 -3.0000000 	 3.4838000 	 0.1785000 	 0.0130000 	 2.4161000 	 0.5856000 	 0.6684000
8.4000000 	 -1.1250000 	 -3.0000000 	 3.5606000 	 0.1827000 	 0.0135000 	 2.4628000 	 0.4444000 	 0.6752000
8.4000000 	 -1.2500000 	 -3.0000000 	 3.6189000 	 0.1860000 	 0.0139000 	 2.4994000 	 0.3362000 	 0.6804000
8.4000000 	 -1.3750000 	 -3.0000000 	 3.6640000 	 0.1884000 	 0.0142000 	 2.5273000 	 0.2538000 	 0.6844000
8.4000000 	 -1.5000000 	 -3.0000000 	 3.6966000 	 0.1903000 	 0.0144000 	 2.5475000 	 0.1913000 	 0.6873000
8.5000000 	 -1.0000000 	 -2.5000000 	 2.0497000 	 0.2170000 	 0.0196000 	 4.1799000 	 0.3192000 	 0.3623000
8.5000000 	 -1.1250000 	 -2.5000000 	 2.0927000 	 0.2216000 	 0.0203000 	 4.2487000 	 0.2420000 	 0.3661000
8.5000000 	 -1.2500000 	 -2.5000000 	 2.1252000 	 0.2251000 	 0.0208000 	 4.3010000 	 0.1830000 	 0.3691000
8.5000000 	 -1.3750000 	 -2.5000000 	 2.1503000 	 0.2278000 	 0.0211000 	 4.3411000 	 0.1381000 	 0.3712000
8.5000000 	 -1.5000000 	 -2.5000000 	 2.1690000 	 0.2299000 	 0.0214000 	 4.3714000 	 0.1041000 	 0.3728000
8.5000000 	 -1.0000000 	 -2.7500000 	 2.6493000 	 0.1744000 	 0.0128000 	 3.0231000 	 0.4550000 	 0.5031000
8.5000000 	 -1.1250000 	 -2.7500000 	 2.7147000 	 0.1789000 	 0.0133000 	 3.0832000 	 0.3457000 	 0.5090000
8.5000000 	 -1.2500000 	 -2.7500000 	 2.7628000 	 0.1822000 	 0.0137000 	 3.1278000 	 0.2617000 	 0.5134000
8.5000000 	 -1.3750000 	 -2.7500000 	 2.8002000 	 0.1848000 	 0.0140000 	 3.1625000 	 0.1977000 	 0.5167000
8.5000000 	 -1.5000000 	 -2.7500000 	 2.8288000 	 0.1868000 	 0.0142000 	 3.1887000 	 0.1491000 	 0.5193000
8.5000000 	 -1.0000000 	 -3.0000000 	 3.1847000 	 0.1321000 	 0.0073000 	 1.8967000 	 0.6155000 	 0.6886000
8.5000000 	 -1.1250000 	 -3.0000000 	 3.2759000 	 0.1361000 	 0.0077000 	 1.9422000 	 0.4688000 	 0.6982000
8.5000000 	 -1.2500000 	 -3.0000000 	 3.3445000 	 0.1392000 	 0.0079000 	 1.9772000 	 0.3556000 	 0.7052000
8.5000000 	 -1.3750000 	 -3.0000000 	 3.3975000 	 0.1415000 	 0.0081000 	 2.0041000 	 0.2690000 	 0.7106000
8.5000000 	 -1.5000000 	 -3.0000000 	 3.4390000 	 0.1434000 	 0.0083000 	 2.0246000 	 0.2031000 	 0.7148000
8.6000000 	 -0.7500000 	 -2.5000000 	 1.7836000 	 0.1379000 	 0.0088000 	 2.9717000 	 0.5801000 	 0.3422000
8.6000000 	 -0.8750000 	 -2.5000000 	 1.8726000 	 0.1450000 	 0.0095000 	 3.0868000 	 0.4466000 	 0.3509000
8.6000000 	 -1.0000000 	 -2.5000000 	 1.9416000 	 0.1506000 	 0.0101000 	 3.1752000 	 0.3416000 	 0.3575000
8.6000000 	 -1.1250000 	 -2.5000000 	 1.9954000 	 0.1549000 	 0.0105000 	 3.2437000 	 0.2600000 	 0.3626000
8.6000000 	 -1.2500000 	 -2.5000000 	 2.0371000 	 0.1583000 	 0.0109000 	 3.2962000 	 0.1972000 	 0.3664000
8.6000000 	 -0.7500000 	 -2.7500000 	 2.1682000 	 0.1041000 	 0.0054000 	 2.0376000 	 0.8030000 	 0.4713000
8.6000000 	 -0.8750000 	 -2.7500000 	 2.2930000 	 0.1105000 	 0.0059000 	 2.1317000 	 0.6210000 	 0.4849000
8.6000000 	 -1.0000000 	 -2.7500000 	 2.3920000 	 0.1156000 	 0.0063000 	 2.2049000 	 0.4766000 	 0.4953000
8.6000000 	 -1.1250000 	 -2.7500000 	 2.4693000 	 0.1195000 	 0.0066000 	 2.2615000 	 0.3637000 	 0.5033000
8.6000000 	 -1.2500000 	 -2.7500000 	 2.5280000 	 0.1225000 	 0.0069000 	 2.3039000 	 0.2763000 	 0.5092000
8.6000000 	 -0.7500000 	 -3.0000000 	 2.4006000 	 0.0725000 	 0.0028000 	 1.1881000 	 1.0361000 	 0.6333000
8.6000000 	 -0.8750000 	 -3.0000000 	 2.5627000 	 0.0778000 	 0.0031000 	 1.2544000 	 0.8059000 	 0.6543000
8.6000000 	 -1.0000000 	 -3.0000000 	 2.6932000 	 0.0820000 	 0.0034000 	 1.3069000 	 0.6214000 	 0.6707000
8.6000000 	 -1.1250000 	 -3.0000000 	 2.7951000 	 0.0853000 	 0.0036000 	 1.3478000 	 0.4758000 	 0.6833000
8.6000000 	 -1.2500000 	 -3.0000000 	 2.8735000 	 0.0879000 	 0.0037000 	 1.3791000 	 0.3624000 	 0.6928000
8.7000000 	 -0.7500000 	 -2.5000000 	 1.4746000 	 0.0811000 	 0.0037000 	 2.0119000 	 0.5762000 	 0.3150000
8.7000000 	 -0.8750000 	 -2.5000000 	 1.5729000 	 0.0870000 	 0.0041000 	 2.1206000 	 0.4475000 	 0.3258000
8.7000000 	 -1.0000000 	 -2.5000000 	 1.6516000 	 0.0916000 	 0.0045000 	 2.2051000 	 0.3445000 	 0.3341000
8.7000000 	 -1.1250000 	 -2.5000000 	 1.7131000 	 0.0953000 	 0.0047000 	 2.2702000 	 0.2635000 	 0.3406000
8.7000000 	 -1.2500000 	 -2.5000000 	 1.7609000 	 0.0982000 	 0.0049000 	 2.3205000 	 0.2006000 	 0.3455000
8.7000000 	 -0.7500000 	 -2.7500000 	 1.6597000 	 0.0574000 	 0.0021000 	 1.3097000 	 0.7680000 	 0.4284000
8.7000000 	 -0.8750000 	 -2.7500000 	 1.7907000 	 0.0622000 	 0.0024000 	 1.3931000 	 0.6004000 	 0.4452000
8.7000000 	 -1.0000000 	 -2.7500000 	 1.8941000 	 0.0661000 	 0.0026000 	 1.4583000 	 0.4644000 	 0.4580000
8.7000000 	 -1.1250000 	 -2.7500000 	 1.9759000 	 0.0692000 	 0.0028000 	 1.5089000 	 0.3564000 	 0.4680000
8.7000000 	 -1.2500000 	 -2.7500000 	 2.0397000 	 0.0716000 	 0.0029000 	 1.5477000 	 0.2720000 	 0.4755000
8.7000000 	 -0.7500000 	 -3.0000000 	 1.6623000 	 0.0364000 	 0.0000000 	 0.7066000 	 0.9346000 	 0.5593000
8.7000000 	 -0.8750000 	 -3.0000000 	 1.8125000 	 0.0400000 	 0.0011000 	 0.7594000 	 0.7358000 	 0.5841000
8.7000000 	 -1.0000000 	 -3.0000000 	 1.9346000 	 0.0429000 	 0.0013000 	 0.8020000 	 0.5725000 	 0.6035000
8.7000000 	 -1.1250000 	 -3.0000000 	 2.0319000 	 0.0452000 	 0.0014000 	 0.8357000 	 0.4413000 	 0.6186000
8.7000000 	 -1.2500000 	 -3.0000000 	 2.1114000 	 0.0471000 	 0.0014000 	 0.8624000 	 0.3382000 	 0.6308000
8.8000000 	 -0.5000000 	 -2.7500000 	 0.7686000 	 0.0164000 	 0.0000000 	 0.5173000 	 1.0117000 	 0.3058000
8.8000000 	 -0.6250000 	 -2.7500000 	 0.9242000 	 0.0201000 	 0.0000000 	 0.6068000 	 0.8394000 	 0.3352000
8.8000000 	 -0.7500000 	 -2.7500000 	 1.0623000 	 0.0235000 	 0.0000000 	 0.6833000 	 0.6795000 	 0.3592000
8.8000000 	 -0.8750000 	 -2.7500000 	 1.1794000 	 0.0263000 	 0.0000000 	 0.7468000 	 0.5397000 	 0.3784000
8.8000000 	 -1.0000000 	 -2.7500000 	 1.2756000 	 0.0287000 	 0.0000000 	 0.7977000 	 0.4224000 	 0.3935000
8.8000000 	 -0.5000000 	 -3.0000000 	 0.6394000 	 0.0089000 	 0.0000000 	 0.2425000 	 1.0895000 	 0.3715000
8.8000000 	 -0.6250000 	 -3.0000000 	 0.7757000 	 0.0109000 	 0.0000000 	 0.2866000 	 0.9114000 	 0.4093000
8.8000000 	 -0.7500000 	 -3.0000000 	 0.9011000 	 0.0129000 	 0.0000000 	 0.3259000 	 0.7439000 	 0.4413000
8.8000000 	 -0.8750000 	 -3.0000000 	 1.0108000 	 0.0146000 	 0.0000000 	 0.3597000 	 0.5953000 	 0.4675000
8.8000000 	 -1.0000000 	 -3.0000000 	 1.1034000 	 0.0161000 	 0.0000000 	 0.3875000 	 0.4690000 	 0.4884000
8.8000000 	 -0.5000000 	 -3.2500000 	 0.4326000 	 0.0038000 	 0.0000000 	 0.0783000 	 0.9813000 	 0.4018000
8.8000000 	 -0.6250000 	 -3.2500000 	 0.5220000 	 0.0046000 	 0.0000000 	 0.0924000 	 0.8205000 	 0.4426000
8.8000000 	 -0.7500000 	 -3.2500000 	 0.6061000 	 0.0055000 	 0.0000000 	 0.1055000 	 0.6709000 	 0.4779000
8.8000000 	 -0.8750000 	 -3.2500000 	 0.6801000 	 0.0062000 	 0.0000000 	 0.1168000 	 0.5378000 	 0.5070000
8.8000000 	 -1.0000000 	 -3.2500000 	 0.7446000 	 0.0068000 	 0.0000000 	 0.1266000 	 0.4250000 	 0.5308000
8.9000000 	 -0.5000000 	 -2.7500000 	 0.2961000 	 0.0035000 	 0.0000000 	 0.1574000 	 0.6744000 	 0.2020000
8.9000000 	 -0.6250000 	 -2.7500000 	 0.3790000 	 0.0046000 	 0.0000000 	 0.1991000 	 0.5794000 	 0.2284000
8.9000000 	 -0.7500000 	 -2.7500000 	 0.4556000 	 0.0056000 	 0.0000000 	 0.2388000 	 0.4808000 	 0.2506000
8.9000000 	 -0.8750000 	 -2.7500000 	 0.5229000 	 0.0066000 	 0.0000000 	 0.2744000 	 0.3891000 	 0.2689000
8.9000000 	 -1.0000000 	 -2.7500000 	 0.5846000 	 0.0075000 	 0.0000000 	 0.3024000 	 0.3102000 	 0.2841000
8.9000000 	 -0.5000000 	 -3.0000000 	 0.1924000 	 0.0015000 	 0.0000000 	 0.0625000 	 0.6143000 	 0.2189000
8.9000000 	 -0.6250000 	 -3.0000000 	 0.2435000 	 0.0020000 	 0.0000000 	 0.0776000 	 0.5268000 	 0.2468000
8.9000000 	 -0.7500000 	 -3.0000000 	 0.2929000 	 0.0025000 	 0.0000000 	 0.0916000 	 0.4389000 	 0.2709000
8.9000000 	 -0.8750000 	 -3.0000000 	 0.3379000 	 0.0029000 	 0.0000000 	 0.1042000 	 0.3570000 	 0.2912000
8.9000000 	 -1.0000000 	 -3.0000000 	 0.3763000 	 0.0032000 	 0.0000000 	 0.1150000 	 0.2846000 	 0.3076000
8.9000000 	 -0.5000000 	 -3.2500000 	 0.1048000 	 0.0000000 	 0.0000000 	 0.0160000 	 0.4724000 	 0.2095000
8.9000000 	 -0.6250000 	 -3.2500000 	 0.1291000 	 0.0000000 	 0.0000000 	 0.0193000 	 0.3998000 	 0.2340000
8.9000000 	 -0.7500000 	 -3.2500000 	 0.1518000 	 0.0000000 	 0.0000000 	 0.0224000 	 0.3294000 	 0.2548000
8.9000000 	 -0.8750000 	 -3.2500000 	 0.1721000 	 0.0000000 	 0.0000000 	 0.0251000 	 0.2657000 	 0.2723000
8.9000000 	 -1.0000000 	 -3.2500000 	 0.1900000 	 0.0010000 	 0.0000000 	 0.0274000 	 0.2109000 	 0.2865000
9.0000000 	 -0.2500000 	 -2.7500000 	 0.0408000 	 0.0000000 	 0.0000000 	 0.0542000 	 0.3130000 	 0.0464000
9.0000000 	 -0.3750000 	 -2.7500000 	 0.0534000 	 0.0000000 	 0.0000000 	 0.0663000 	 0.2699000 	 0.0526000
9.0000000 	 -0.5000000 	 -2.7500000 	 0.0644000 	 0.0000000 	 0.0000000 	 0.0736000 	 0.2296000 	 0.0593000
9.0000000 	 -0.6250000 	 -2.7500000 	 0.0764000 	 0.0000000 	 0.0000000 	 0.0813000 	 0.1912000 	 0.0653000
9.0000000 	 -0.7500000 	 -2.7500000 	 0.1162000 	 0.0000000 	 0.0000000 	 0.0485000 	 0.2529000 	 0.1382000
9.0000000 	 -0.2500000 	 -3.0000000 	 0.0356000 	 0.0000000 	 0.0000000 	 0.0228000 	 0.3825000 	 0.0625000
9.0000000 	 -0.3750000 	 -3.0000000 	 0.0493000 	 0.0000000 	 0.0000000 	 0.0296000 	 0.3643000 	 0.0790000
9.0000000 	 -0.5000000 	 -3.0000000 	 0.0614000 	 0.0000000 	 0.0000000 	 0.0346000 	 0.2952000 	 0.0844000
9.0000000 	 -0.6250000 	 -3.0000000 	 0.0790000 	 0.0000000 	 0.0000000 	 0.0423000 	 0.2547000 	 0.0962000
9.0000000 	 -0.7500000 	 -3.0000000 	 0.0942000 	 0.0000000 	 0.0000000 	 0.0487000 	 0.2105000 	 0.1054000
9.0000000 	 -0.2500000 	 -3.2500000 	 0.0153000 	 0.0000000 	 0.0000000 	 0.0050000 	 0.2771000 	 0.0559000
9.0000000 	 -0.3750000 	 -3.2500000 	 0.0237000 	 0.0000000 	 0.0000000 	 0.0071000 	 0.2669000 	 0.0706000
9.0000000 	 -0.5000000 	 -3.2500000 	 0.0332000 	 0.0000000 	 0.0000000 	 0.0093000 	 0.2428000 	 0.0847000
9.0000000 	 -0.6250000 	 -3.2500000 	 0.0431000 	 0.0000000 	 0.0000000 	 0.0115000 	 0.2114000 	 0.0973000
9.0000000 	 -0.7500000 	 -3.2500000 	 0.0481000 	 0.0000000 	 0.0000000 	 0.0125000 	 0.1665000 	 0.1016000
9.1000000 	 -0.2500000 	 -2.7500000 	 0.0037000 	 0.0000000 	 0.0000000 	 0.0046000 	 0.1025000 	 0.0153000
9.1000000 	 -0.3750000 	 -2.7500000 	 0.0099000 	 0.0000000 	 0.0000000 	 0.0102000 	 0.1312000 	 0.0257000
9.1000000 	 -0.5000000 	 -2.7500000 	 0.0200000 	 0.0000000 	 0.0000000 	 0.0181000 	 0.1450000 	 0.0372000
9.1000000 	 -0.6250000 	 -2.7500000 	 0.0335000 	 0.0000000 	 0.0000000 	 0.0276000 	 0.1445000 	 0.0488000
9.1000000 	 -0.7500000 	 -2.7500000 	 0.0488000 	 0.0000000 	 0.0000000 	 0.0376000 	 0.1337000 	 0.0595000
9.1000000 	 -0.2500000 	 -3.0000000 	 0.0013000 	 0.0000000 	 0.0000000 	 0.0015000 	 0.0949000 	 0.0170000
9.1000000 	 -0.3750000 	 -3.0000000 	 0.0048000 	 0.0000000 	 0.0000000 	 0.0027000 	 0.1090000 	 0.0256000
9.1000000 	 -0.5000000 	 -3.0000000 	 0.0084000 	 0.0000000 	 0.0000000 	 0.0042000 	 0.1122000 	 0.0345000
9.1000000 	 -0.6250000 	 -3.0000000 	 0.0128000 	 0.0000000 	 0.0000000 	 0.0060000 	 0.1067000 	 0.0431000
9.1000000 	 -0.7500000 	 -3.0000000 	 0.0177000 	 0.0000000 	 0.0000000 	 0.0077000 	 0.0957000 	 0.0512000
9.1000000 	 -0.2500000 	 -3.2500000 	 0.0000000 	 0.0000000 	 0.0000000 	 0.0000000 	 0.0503000 	 0.0116000
9.1000000 	 -0.3750000 	 -3.2500000 	 0.0000000 	 0.0000000 	 0.0000000 	 0.0000000 	 0.0537000 	 0.0162000
9.1000000 	 -0.5000000 	 -3.2500000 	 0.0010000 	 0.0000000 	 0.0000000 	 0.0000000 	 0.0526000 	 0.0209000
9.1000000 	 -0.6250000 	 -3.2500000 	 0.0025000 	 0.0000000 	 0.0000000 	 0.0000000 	 0.0476000 	 0.0251000
9.1000000 	 -0.7500000 	 -3.2500000 	 0.0032000 	 0.0000000 	 0.0000000 	 0.0000000 	 0.0413000 	 0.0287000
