6.90 -1.750 -2.50 0.1029 0.0465 0.0081 0.2820 0.0055 0.0571
6.90 -1.750 -2.25 0.0848 0.0400 0.0069 0.2244 0.0052 0.0520
6.90 -1.750 -2.00 0.0758 0.0348 0.0049 0.1536 0.0052 0.0524
6.90 -1.750 -1.75 0.0744 0.0322 0.0029 0.0910 0.0054 0.0537
6.90 -1.750 -1.50 0.0783 0.0325 0.0015 0.0491 0.0056 0.0675
6.90 -1.750 -1.25 0.0829 0.0332 0.0000 0.0266 0.0057 0.1193
6.90 -1.750 -1.00 0.0849 0.0312 0.0000 0.0167 0.0055 0.2012
6.90 -1.750 -0.75 0.0864 0.0288 0.0000 0.0128 0.0054 0.2568
6.90 -1.750 -0.50 0.0890 0.0267 0.0000 0.0106 0.0054 0.2950
6.90 -1.625 -2.50 0.1029 0.0465 0.0081 0.2820 0.0073 0.0573
6.90 -1.625 -2.25 0.0848 0.0400 0.0069 0.2244 0.0070 0.0520
6.90 -1.625 -2.00 0.0758 0.0348 0.0049 0.1536 0.0069 0.0522
6.90 -1.625 -1.75 0.0744 0.0322 0.0029 0.0910 0.0071 0.0538
6.90 -1.625 -1.50 0.0783 0.0325 0.0015 0.0491 0.0075 0.0679
6.90 -1.625 -1.25 0.0829 0.0332 0.0000 0.0266 0.0076 0.1189
6.90 -1.625 -1.00 0.0849 0.0312 0.0000 0.0167 0.0074 0.2012
6.90 -1.625 -0.75 0.0864 0.0288 0.0000 0.0128 0.0073 0.2568
6.90 -1.625 -0.50 0.0890 0.0267 0.0000 0.0106 0.0073 0.2950
6.90 -1.500 -2.50 0.1029 0.0465 0.0081 0.2819 0.0098 0.0573
6.90 -1.500 -2.25 0.0848 0.0400 0.0069 0.2244 0.0093 0.0522
6.90 -1.500 -2.00 0.0758 0.0348 0.0049 0.1536 0.0092 0.0524
6.90 -1.500 -1.75 0.0744 0.0322 0.0029 0.0910 0.0095 0.0538
6.90 -1.500 -1.50 0.0783 0.0325 0.0015 0.0491 0.0099 0.0676
6.90 -1.500 -1.25 0.0829 0.0332 0.0000 0.0266 0.0101 0.1190
6.90 -1.500 -1.00 0.0849 0.0312 0.0000 0.0167 0.0098 0.2012
6.90 -1.500 -0.75 0.0864 0.0288 0.0000 0.0128 0.0097 0.2568
6.90 -1.500 -0.50 0.0890 0.0267 0.0000 0.0106 0.0097 0.2950
7.00 -1.750 -2.50 0.1295 0.0369 0.0101 0.3542 0.0069 0.0728
7.00 -1.750 -2.25 0.1068 0.0317 0.0087 0.2822 0.0066 0.0660
7.00 -1.750 -2.00 0.0954 0.0277 0.0061 0.1932 0.0065 0.0669
7.00 -1.750 -1.75 0.0937 0.0256 0.0036 0.1145 0.0067 0.0689
7.00 -1.750 -1.50 0.0986 0.0258 0.0019 0.0617 0.0070 0.0870
7.00 -1.750 -1.25 0.1043 0.0263 0.0000 0.0335 0.0071 0.1526
7.00 -1.750 -1.00 0.1068 0.0247 0.0000 0.0210 0.0070 0.2534
7.00 -1.750 -0.75 0.1087 0.0228 0.0000 0.0161 0.0068 0.3221
7.00 -1.750 -0.50 0.1121 0.0212 0.0000 0.0133 0.0068 0.3696
7.00 -1.675 -2.50 0.1295 0.0369 0.0101 0.3542 0.0082 0.0724
7.00 -1.675 -2.25 0.1068 0.0317 0.0087 0.2823 0.0078 0.0660
7.00 -1.675 -2.00 0.0954 0.0276 0.0061 0.1932 0.0078 0.0665
7.00 -1.675 -1.75 0.0937 0.0256 0.0036 0.1145 0.0080 0.0689
7.00 -1.675 -1.50 0.0986 0.0258 0.0019 0.0617 0.0083 0.0877
7.00 -1.675 -1.25 0.1043 0.0262 0.0000 0.0335 0.0085 0.1526
7.00 -1.675 -1.00 0.1068 0.0247 0.0000 0.0210 0.0083 0.2534
7.00 -1.675 -0.75 0.1087 0.0228 0.0000 0.0161 0.0081 0.3221
7.00 -1.675 -0.50 0.1121 0.0212 0.0000 0.0133 0.0081 0.3695
7.00 -1.500 -2.50 0.1295 0.0369 0.0101 0.3542 0.0123 0.0724
7.00 -1.500 -2.25 0.1067 0.0317 0.0087 0.2822 0.0117 0.0663
7.00 -1.500 -2.00 0.0954 0.0276 0.0061 0.1932 0.0116 0.0668
7.00 -1.500 -1.75 0.0937 0.0256 0.0036 0.1144 0.0120 0.0690
7.00 -1.500 -1.50 0.0985 0.0258 0.0019 0.0617 0.0125 0.0878
7.00 -1.500 -1.25 0.1043 0.0263 0.0000 0.0335 0.0127 0.1520
7.00 -1.500 -1.00 0.1068 0.0247 0.0000 0.0210 0.0124 0.2534
7.00 -1.500 -0.75 0.1087 0.0228 0.0000 0.0161 0.0121 0.3221
7.00 -1.500 -0.50 0.1121 0.0212 0.0000 0.0133 0.0122 0.3696
7.10 -1.750 -2.50 0.1628 0.0463 0.0127 0.4455 0.0087 0.0916
7.10 -1.750 -2.25 0.1342 0.0399 0.0109 0.3548 0.0083 0.0842
7.10 -1.750 -2.00 0.1200 0.0347 0.0077 0.2429 0.0082 0.0852
7.10 -1.750 -1.75 0.1178 0.0322 0.0045 0.1439 0.0085 0.0885
7.10 -1.750 -1.50 0.1239 0.0324 0.0023 0.0775 0.0088 0.1128
7.10 -1.750 -1.50 0.1239 0.0324 0.0023 0.0775 0.0088 0.1128
7.10 -1.750 -1.50 0.1239 0.0324 0.0023 0.0775 0.0088 0.1128
7.10 -1.750 -1.50 0.1239 0.0324 0.0023 0.0775 0.0088 0.1128
7.10 -1.750 -1.50 0.1239 0.0324 0.0023 0.0775 0.0088 0.1128
7.10 -1.625 -2.50 0.1628 0.0464 0.0127 0.4454 0.0116 0.0918
7.10 -1.625 -2.25 0.1342 0.0399 0.0109 0.3549 0.0110 0.0841
7.10 -1.625 -2.00 0.1200 0.0348 0.0077 0.2429 0.0110 0.0853
7.10 -1.625 -1.75 0.1178 0.0322 0.0045 0.1438 0.0113 0.0888
7.10 -1.625 -1.50 0.1239 0.0324 0.0023 0.0775 0.0118 0.1128
7.10 -1.625 -1.25 0.1313 0.0329 0.0012 0.0421 0.0119 0.1908
7.10 -1.625 -1.00 0.1345 0.0310 0.0000 0.0265 0.0117 0.3154
7.10 -1.625 -0.75 0.1368 0.0286 0.0000 0.0202 0.0114 0.4037
7.10 -1.625 -0.50 0.1411 0.0265 0.0000 0.0167 0.0115 0.4628
7.10 -1.500 -2.50 0.1628 0.0464 0.0127 0.4454 0.0155 0.0918
7.10 -1.500 -2.25 0.1342 0.0399 0.0109 0.3549 0.0147 0.0839
7.10 -1.500 -2.00 0.1200 0.0347 0.0077 0.2429 0.0146 0.0854
7.10 -1.500 -1.75 0.1178 0.0322 0.0045 0.1439 0.0151 0.0881
7.10 -1.500 -1.50 0.1239 0.0324 0.0023 0.0775 0.0157 0.1130
7.10 -1.500 -1.50 0.1239 0.0324 0.0023 0.0775 0.0157 0.1130
7.10 -1.500 -1.50 0.1239 0.0324 0.0023 0.0775 0.0157 0.1130
7.10 -1.500 -1.50 0.1239 0.0324 0.0023 0.0775 0.0157 0.1130
7.10 -1.500 -1.50 0.1239 0.0324 0.0023 0.0775 0.0157 0.1130
7.20 -1.750 -2.50 0.2048 0.0581 0.0159 0.5590 0.0110 0.1165
7.20 -1.750 -2.25 0.1689 0.0501 0.0136 0.4456 0.0104 0.1076
7.20 -1.750 -2.00 0.1511 0.0437 0.0097 0.3052 0.0103 0.1100
7.20 -1.750 -1.75 0.1483 0.0405 0.0057 0.1808 0.0106 0.1151
7.20 -1.750 -1.50 0.1559 0.0406 0.0029 0.0974 0.0111 0.1469
7.20 -1.750 -1.25 0.1651 0.0410 0.0015 0.0529 0.0112 0.2443
7.20 -1.750 -1.00 0.1693 0.0387 0.0000 0.0333 0.0110 0.3956
7.20 -1.750 -0.75 0.1721 0.0357 0.0000 0.0254 0.0108 0.5038
7.20 -1.750 -0.50 0.1778 0.0332 0.0000 0.0210 0.0108 0.5747
7.20 -1.625 -2.50 0.2048 0.0581 0.0159 0.5590 0.0146 0.1166
7.20 -1.625 -2.25 0.1689 0.0502 0.0136 0.4454 0.0139 0.1086
7.20 -1.625 -2.00 0.1510 0.0437 0.0097 0.3051 0.0138 0.1108
7.20 -1.625 -1.75 0.1483 0.0405 0.0057 0.1808 0.0142 0.1151
7.20 -1.625 -1.50 0.1560 0.0405 0.0029 0.0975 0.0148 0.1449
7.20 -1.625 -1.25 0.1651 0.0410 0.0015 0.0529 0.0150 0.2442
7.20 -1.625 -1.00 0.1693 0.0387 0.0000 0.0333 0.0146 0.3956
7.20 -1.625 -0.75 0.1721 0.0357 0.0000 0.0254 0.0144 0.5038
7.20 -1.625 -0.50 0.1778 0.0332 0.0000 0.0210 0.0144 0.5747
7.20 -1.500 -2.50 0.2047 0.0582 0.0159 0.5588 0.0195 0.1168
7.20 -1.500 -2.25 0.1689 0.0501 0.0136 0.4456 0.0185 0.1078
7.20 -1.500 -2.00 0.1511 0.0437 0.0097 0.3052 0.0184 0.1101
7.20 -1.500 -1.75 0.1484 0.0405 0.0057 0.1809 0.0189 0.1146
7.20 -1.500 -1.50 0.1559 0.0406 0.0029 0.0973 0.0197 0.1480
7.20 -1.500 -1.25 0.1652 0.0411 0.0015 0.0530 0.0200 0.2421
7.20 -1.500 -1.00 0.1693 0.0387 0.0000 0.0333 0.0195 0.3955
7.20 -1.500 -0.75 0.1721 0.0357 0.0000 0.0254 0.0191 0.5038
7.20 -1.500 -0.50 0.1778 0.0332 0.0000 0.0210 0.0192 0.5746
7.30 -1.750 -2.50 0.2574 0.0729 0.0198 0.7002 0.0138 0.1498
7.30 -1.750 -2.25 0.2125 0.0630 0.0170 0.5590 0.0131 0.1395
7.30 -1.750 -2.00 0.1902 0.0550 0.0121 0.3832 0.0130 0.1436
7.30 -1.750 -1.75 0.1867 0.0509 0.0071 0.2271 0.0134 0.1500
7.30 -1.750 -1.50 0.1962 0.0508 0.0037 0.1222 0.0139 0.1913
7.30 -1.750 -1.25 0.2076 0.0511 0.0019 0.0664 0.0141 0.3140
7.30 -1.750 -1.00 0.2124 0.0480 0.0011 0.0416 0.0137 0.5017
7.30 -1.750 -0.75 0.2160 0.0444 0.0000 0.0317 0.0135 0.6323
7.30 -1.750 -0.50 0.2237 0.0415 0.0000 0.0263 0.0135 0.7154
7.30 -1.625 -2.50 0.2574 0.0729 0.0198 0.7002 0.0184 0.1498
7.30 -1.625 -2.25 0.2125 0.0629 0.0170 0.5592 0.0175 0.1392
7.30 -1.625 -2.00 0.1902 0.0550 0.0121 0.3832 0.0173 0.1437
7.30 -1.625 -1.75 0.1867 0.0508 0.0071 0.2272 0.0178 0.1498
7.30 -1.625 -1.50 0.1961 0.0508 0.0037 0.1222 0.0185 0.1926
7.30 -1.625 -1.25 0.2075 0.0511 0.0018 0.0664 0.0188 0.3142
7.30 -1.625 -1.00 0.2130 0.0482 0.0011 0.0418 0.0184 0.4938
7.30 -1.625 -0.75 0.2160 0.0444 0.0000 0.0317 0.0179 0.6323
7.30 -1.625 -0.50 0.2237 0.0415 0.0000 0.0263 0.0180 0.7153
7.30 -1.500 -2.50 0.2573 0.0729 0.0198 0.7002 0.0245 0.1501
7.30 -1.500 -2.25 0.2125 0.0629 0.0170 0.5592 0.0233 0.1391
7.30 -1.500 -2.00 0.1902 0.0550 0.0121 0.3833 0.0231 0.1432
7.30 -1.500 -1.75 0.1867 0.0508 0.0071 0.2272 0.0238 0.1498
7.30 -1.500 -1.50 0.1961 0.0508 0.0037 0.1221 0.0247 0.1930
7.30 -1.500 -1.25 0.2075 0.0511 0.0018 0.0663 0.0250 0.3158
7.30 -1.500 -1.00 0.2130 0.0482 0.0011 0.0418 0.0245 0.4935
7.30 -1.500 -0.75 0.2160 0.0444 0.0000 0.0317 0.0239 0.6320
7.30 -1.500 -0.50 0.2237 0.0415 0.0000 0.0263 0.0240 0.7154
7.40 -1.750 -2.50 0.3234 0.0913 0.0245 0.8764 0.0173 0.1925
7.40 -1.750 -2.25 0.2673 0.0789 0.0212 0.7011 0.0165 0.1798
7.40 -1.750 -2.00 0.2393 0.0690 0.0151 0.4812 0.0163 0.1862
7.40 -1.750 -1.75 0.2349 0.0639 0.0089 0.2849 0.0168 0.1987
7.40 -1.750 -1.50 0.2467 0.0633 0.0046 0.1534 0.0174 0.2495
7.40 -1.750 -1.25 0.2610 0.0635 0.0023 0.0834 0.0176 0.3981
7.40 -1.750 -1.00 0.2671 0.0597 0.0014 0.0523 0.0172 0.6227
7.40 -1.750 -0.75 0.2714 0.0552 0.0000 0.0398 0.0168 0.7832
7.40 -1.750 -0.50 0.2811 0.0517 0.0000 0.0330 0.0169 0.8864
7.40 -1.625 -2.50 0.3234 0.0913 0.0245 0.8764 0.0231 0.1929
7.40 -1.625 -2.25 0.2673 0.0789 0.0212 0.7011 0.0220 0.1798
7.40 -1.625 -2.00 0.2393 0.0690 0.0151 0.4812 0.0218 0.1865
7.40 -1.625 -1.75 0.2349 0.0639 0.0089 0.2849 0.0224 0.1987
7.40 -1.625 -1.50 0.2465 0.0634 0.0046 0.1532 0.0232 0.2536
7.40 -1.625 -1.25 0.2607 0.0634 0.0023 0.0831 0.0235 0.4047
7.40 -1.625 -1.00 0.2675 0.0598 0.0014 0.0524 0.0230 0.6189
7.40 -1.625 -0.75 0.2716 0.0553 0.0000 0.0398 0.0225 0.7808
7.40 -1.625 -0.50 0.2811 0.0517 0.0000 0.0330 0.0226 0.8864
7.40 -1.500 -2.50 0.3233 0.0913 0.0245 0.8764 0.0308 0.1925
7.40 -1.500 -2.25 0.2673 0.0790 0.0212 0.7010 0.0293 0.1803
7.40 -1.500 -2.00 0.2393 0.0690 0.0151 0.4812 0.0291 0.1862
7.40 -1.500 -1.75 0.2349 0.0639 0.0089 0.2850 0.0298 0.1983
7.40 -1.500 -1.50 0.2465 0.0634 0.0046 0.1531 0.0309 0.2545
7.40 -1.500 -1.25 0.2607 0.0633 0.0023 0.0831 0.0313 0.4057
7.40 -1.500 -1.00 0.2670 0.0596 0.0014 0.0523 0.0306 0.6243
7.40 -1.500 -0.75 0.2714 0.0552 0.0000 0.0398 0.0299 0.7832
7.40 -1.500 -0.50 0.2811 0.0517 0.0000 0.0330 0.0301 0.8863
7.50 -1.750 -2.50 0.4060 0.1139 0.0303 1.0957 0.0218 0.2463
7.50 -1.750 -2.25 0.3359 0.0988 0.0263 0.8778 0.0207 0.2337
7.50 -1.750 -2.00 0.3009 0.0864 0.0188 0.6034 0.0205 0.2447
7.50 -1.750 -1.75 0.2953 0.0798 0.0112 0.3574 0.0210 0.2616
7.50 -1.750 -1.50 0.3098 0.0788 0.0058 0.1921 0.0218 0.3316
7.50 -1.750 -1.25 0.3270 0.0782 0.0029 0.1040 0.0220 0.5206
7.50 -1.750 -1.00 0.3348 0.0737 0.0017 0.0655 0.0214 0.7776
7.50 -1.750 -0.75 0.3408 0.0685 0.0012 0.0499 0.0210 0.9592
7.50 -1.750 -0.50 0.3541 0.0645 0.0010 0.0415 0.0212 1.0710
7.50 -1.625 -2.50 0.4059 0.1139 0.0303 1.0956 0.0291 0.2473
7.50 -1.625 -2.25 0.3359 0.0988 0.0263 0.8778 0.0276 0.2337
7.50 -1.625 -2.00 0.3009 0.0864 0.0188 0.6034 0.0274 0.2452
7.50 -1.625 -1.75 0.2953 0.0799 0.0112 0.3573 0.0280 0.2623
7.50 -1.625 -1.50 0.3098 0.0788 0.0058 0.1920 0.0290 0.3334
7.50 -1.625 -1.25 0.3272 0.0783 0.0029 0.1042 0.0293 0.5172
7.50 -1.625 -1.00 0.3347 0.0736 0.0017 0.0655 0.0286 0.7788
7.50 -1.625 -0.75 0.3410 0.0686 0.0012 0.0500 0.0281 0.9581
7.50 -1.625 -0.50 0.3541 0.0645 0.0010 0.0415 0.0282 1.0713
7.50 -1.500 -2.50 0.4060 0.1139 0.0303 1.0955 0.0387 0.2470
7.50 -1.500 -2.25 0.3359 0.0988 0.0263 0.8779 0.0368 0.2336
7.50 -1.500 -2.00 0.3009 0.0864 0.0188 0.6034 0.0365 0.2456
7.50 -1.500 -1.75 0.2953 0.0799 0.0111 0.3573 0.0374 0.2630
7.50 -1.500 -1.50 0.3098 0.0788 0.0058 0.1920 0.0387 0.3333
7.50 -1.500 -1.25 0.3270 0.0782 0.0029 0.1040 0.0390 0.5214
7.50 -1.500 -1.00 0.3350 0.0737 0.0017 0.0656 0.0381 0.7757
7.50 -1.500 -0.75 0.3410 0.0686 0.0012 0.0500 0.0374 0.9579
7.50 -1.500 -0.50 0.3540 0.0645 0.0010 0.0415 0.0377 1.0707
7.60 -1.750 -2.50 0.5090 0.1418 0.0374 1.3665 0.0273 0.3182
7.60 -1.750 -2.25 0.4217 0.1233 0.0326 1.0977 0.0260 0.3036
7.60 -1.750 -2.00 0.3782 0.1079 0.0234 0.7564 0.0257 0.3210
7.60 -1.750 -1.75 0.3711 0.0995 0.0139 0.4483 0.0263 0.3449
7.60 -1.750 -1.50 0.3888 0.0975 0.0072 0.2407 0.0272 0.4363
7.60 -1.750 -1.25 0.4097 0.0962 0.0037 0.1304 0.0274 0.6644
7.60 -1.750 -1.00 0.4197 0.0909 0.0021 0.0822 0.0267 0.9561
7.60 -1.750 -0.75 0.4297 0.0855 0.0016 0.0631 0.0264 1.1419
7.60 -1.750 -0.50 0.4476 0.0808 0.0013 0.0524 0.0266 1.2906
7.60 -1.625 -2.50 0.5090 0.1417 0.0374 1.3666 0.0364 0.3175
7.60 -1.625 -2.25 0.4217 0.1233 0.0326 1.0977 0.0346 0.3048
7.60 -1.625 -2.00 0.3782 0.1079 0.0234 0.7564 0.0343 0.3209
7.60 -1.625 -1.75 0.3711 0.0995 0.0139 0.4483 0.0351 0.3444
7.60 -1.625 -1.50 0.3889 0.0975 0.0072 0.2408 0.0362 0.4360
7.60 -1.625 -1.25 0.4096 0.0962 0.0037 0.1304 0.0365 0.6648
7.60 -1.625 -1.00 0.4194 0.0908 0.0021 0.0822 0.0356 0.9584
7.60 -1.625 -0.75 0.4297 0.0856 0.0016 0.0632 0.0351 1.1354
7.60 -1.625 -0.50 0.4475 0.0808 0.0013 0.0524 0.0355 1.2903
7.60 -1.500 -2.50 0.5090 0.1417 0.0374 1.3668 0.0486 0.3173
7.60 -1.500 -2.25 0.4218 0.1232 0.0326 1.0985 0.0462 0.3019
7.60 -1.500 -2.00 0.3781 0.1079 0.0234 0.7563 0.0457 0.3219
7.60 -1.500 -1.75 0.3711 0.0995 0.0139 0.4484 0.0468 0.3448
7.60 -1.500 -1.50 0.3885 0.0975 0.0072 0.2405 0.0483 0.4409
7.60 -1.500 -1.25 0.4093 0.0961 0.0037 0.1302 0.0486 0.6702
7.60 -1.500 -1.00 0.4198 0.0909 0.0021 0.0823 0.0475 0.9553
7.60 -1.500 -0.75 0.4298 0.0856 0.0016 0.0632 0.0469 1.1351
7.60 -1.500 -0.50 0.4475 0.0808 0.0013 0.0524 0.0473 1.2901
7.70 -1.750 -2.50 0.6365 0.1753 0.0457 1.6996 0.0342 0.4072
7.70 -1.750 -2.25 0.5284 0.1530 0.0401 1.3705 0.0325 0.3941
7.70 -1.750 -2.00 0.4742 0.1341 0.0290 0.9462 0.0321 0.4252
7.70 -1.750 -1.75 0.4651 0.1230 0.0173 0.5613 0.0328 0.4565
7.70 -1.750 -1.50 0.4863 0.1197 0.0090 0.3009 0.0338 0.5789
7.70 -1.750 -1.25 0.5110 0.1171 0.0046 0.1628 0.0339 0.8496
7.70 -1.750 -1.00 0.5252 0.1114 0.0027 0.1034 0.0332 1.1460
7.70 -1.750 -0.75 0.5425 0.1064 0.0020 0.0801 0.0330 1.3453
7.70 -1.750 -0.50 0.5664 0.1010 0.0017 0.0662 0.0334 1.5277
7.70 -1.625 -2.50 0.6365 0.1753 0.0457 1.7000 0.0456 0.4061
7.70 -1.625 -2.25 0.5283 0.1529 0.0401 1.3706 0.0433 0.3938
7.70 -1.625 -2.00 0.4742 0.1341 0.0290 0.9462 0.0429 0.4253
7.70 -1.625 -1.75 0.4650 0.1230 0.0173 0.5612 0.0437 0.4576
7.70 -1.625 -1.50 0.4862 0.1197 0.0090 0.3009 0.0450 0.5794
7.70 -1.625 -1.25 0.5114 0.1172 0.0046 0.1630 0.0452 0.8448
7.70 -1.625 -1.00 0.5266 0.1118 0.0027 0.1038 0.0444 1.1273
7.70 -1.625 -0.75 0.5424 0.1064 0.0020 0.0801 0.0440 1.3450
7.70 -1.625 -0.50 0.5665 0.1010 0.0017 0.0663 0.0445 1.5274
7.70 -1.500 -2.50 0.6365 0.1752 0.0457 1.7003 0.0608 0.4052
7.70 -1.500 -2.25 0.5283 0.1529 0.0401 1.3709 0.0577 0.3940
7.70 -1.500 -2.00 0.4742 0.1340 0.0291 0.9467 0.0571 0.4230
7.70 -1.500 -1.75 0.4651 0.1230 0.0173 0.5613 0.0583 0.4571
7.70 -1.500 -1.50 0.4863 0.1196 0.0090 0.3010 0.0600 0.5779
7.70 -1.500 -1.25 0.5108 0.1170 0.0046 0.1627 0.0602 0.8519
7.70 -1.500 -1.00 0.5263 0.1118 0.0027 0.1038 0.0592 1.1275
7.70 -1.500 -0.75 0.5433 0.1066 0.0020 0.0803 0.0588 1.3383
7.70 -1.500 -0.50 0.5664 0.1010 0.0017 0.0663 0.0593 1.5271
7.80 -1.750 -2.50 0.7944 0.2151 0.0556 2.1101 0.0427 0.5066
7.80 -1.750 -2.25 0.6603 0.1884 0.0492 1.7086 0.0405 0.5021
7.80 -1.750 -2.00 0.5935 0.1653 0.0359 1.1839 0.0401 0.5474
7.80 -1.750 -1.75 0.5814 0.1510 0.0216 0.7031 0.0408 0.5951
7.80 -1.750 -1.50 0.6067 0.1458 0.0113 0.3771 0.0418 0.7471
7.80 -1.750 -1.25 0.6362 0.1421 0.0058 0.2045 0.0419 1.0352
7.80 -1.750 -1.00 0.6628 0.1379 0.0035 0.1320 0.0416 1.3141
7.80 -1.750 -0.75 0.6842 0.1322 0.0026 0.1017 0.0412 1.5491
7.80 -1.750 -0.50 0.7159 0.1260 0.0021 0.0837 0.0417 1.7978
7.80 -1.625 -2.50 0.7944 0.2151 0.0556 2.1099 0.0569 0.5084
7.80 -1.625 -2.25 0.6604 0.1884 0.0492 1.7088 0.0541 0.5021
7.80 -1.625 -2.00 0.5934 0.1653 0.0359 1.1837 0.0534 0.5488
7.80 -1.625 -1.75 0.5814 0.1510 0.0216 0.7032 0.0544 0.5944
7.80 -1.625 -1.50 0.6063 0.1457 0.0113 0.3768 0.0557 0.7511
7.80 -1.625 -1.25 0.6364 0.1421 0.0058 0.2046 0.0559 1.0348
7.80 -1.625 -1.00 0.6625 0.1378 0.0035 0.1319 0.0554 1.3174
7.80 -1.625 -0.75 0.6854 0.1323 0.0026 0.1018 0.0551 1.5549
7.80 -1.625 -0.50 0.7159 0.1259 0.0021 0.0836 0.0557 1.7974
7.80 -1.500 -2.50 0.7943 0.2151 0.0556 2.1101 0.0758 0.5080
7.80 -1.500 -2.25 0.6603 0.1883 0.0492 1.7088 0.0720 0.5020
7.80 -1.500 -2.00 0.5933 0.1653 0.0359 1.1838 0.0712 0.5494
7.80 -1.500 -1.75 0.5814 0.1509 0.0216 0.7034 0.0725 0.5944
7.80 -1.500 -1.50 0.6061 0.1457 0.0113 0.3767 0.0743 0.7534
7.80 -1.500 -1.25 0.6365 0.1421 0.0058 0.2047 0.0745 1.0330
7.80 -1.500 -1.00 0.6636 0.1380 0.0035 0.1322 0.0740 1.3094
7.80 -1.500 -0.75 0.6845 0.1322 0.0026 0.1017 0.0734 1.5488
7.80 -1.500 -0.50 0.7133 0.1254 0.0021 0.0833 0.0739 1.8002
7.90 -1.750 -2.50 0.9939 0.2618 0.0676 2.6323 0.0532 0.5780
7.90 -1.750 -2.25 0.8250 0.2291 0.0603 2.1385 0.0505 0.5885
7.90 -1.750 -2.00 0.7397 0.2007 0.0443 1.4826 0.0497 0.6719
7.90 -1.750 -1.75 0.7241 0.1824 0.0269 0.8831 0.0505 0.7318
7.90 -1.750 -1.50 0.7551 0.1753 0.0142 0.4755 0.0517 0.8965
7.90 -1.750 -1.25 0.7997 0.1728 0.0074 0.2623 0.0522 1.1508
7.90 -1.750 -1.00 0.8331 0.1686 0.0045 0.1687 0.0517 1.4788
7.90 -1.750 -0.75 0.8592 0.1618 0.0033 0.1285 0.0512 1.7952
7.90 -1.750 -0.50 0.9002 0.1553 0.0027 0.1049 0.0518 2.0734
7.90 -1.625 -2.50 0.9937 0.2617 0.0676 2.6327 0.0710 0.5758
7.90 -1.625 -2.25 0.8248 0.2290 0.0603 2.1389 0.0673 0.5872
7.90 -1.625 -2.00 0.7396 0.2007 0.0443 1.4829 0.0663 0.6723
7.90 -1.625 -1.75 0.7240 0.1823 0.0269 0.8831 0.0673 0.7320
7.90 -1.625 -1.50 0.7551 0.1752 0.0142 0.4756 0.0689 0.8963
7.90 -1.625 -1.25 0.7996 0.1728 0.0074 0.2622 0.0696 1.1527
7.90 -1.625 -1.00 0.8333 0.1686 0.0045 0.1688 0.0690 1.4759
7.90 -1.625 -0.75 0.8608 0.1622 0.0033 0.1288 0.0684 1.7891
7.90 -1.625 -0.50 0.9013 0.1555 0.0027 0.1051 0.0692 2.0708
7.90 -1.500 -2.50 0.9936 0.2617 0.0676 2.6325 0.0946 0.5763
7.90 -1.500 -2.25 0.8246 0.2290 0.0603 2.1390 0.0897 0.5873
7.90 -1.500 -2.00 0.7394 0.2007 0.0443 1.4827 0.0883 0.6735
7.90 -1.500 -1.75 0.7240 0.1823 0.0269 0.8834 0.0897 0.7316
7.90 -1.500 -1.50 0.7550 0.1752 0.0142 0.4759 0.0918 0.8961
7.90 -1.500 -1.25 0.7998 0.1728 0.0074 0.2624 0.0928 1.1505
7.90 -1.500 -1.00 0.8335 0.1686 0.0045 0.1689 0.0920 1.4724
7.90 -1.500 -0.75 0.8584 0.1616 0.0033 0.1284 0.0909 1.7956
7.90 -1.500 -0.50 0.9010 0.1555 0.0027 0.1050 0.0922 2.0690
8.00 -1.750 -2.50 1.2410 0.3180 0.0815 3.2741 0.0662 0.6537
8.00 -1.750 -2.25 1.0313 0.2780 0.0737 2.6822 0.0628 0.6606
8.00 -1.750 -2.00 0.9251 0.2427 0.0550 1.8739 0.0618 0.7495
8.00 -1.750 -1.75 0.9060 0.2196 0.0338 1.1236 0.0626 0.8243
8.00 -1.750 -1.50 0.9457 0.2109 0.0181 0.6096 0.0641 0.9955
8.00 -1.750 -1.25 1.0025 0.2089 0.0096 0.3375 0.0648 1.2665
8.00 -1.750 -1.00 1.0455 0.2053 0.0058 0.2167 0.0642 1.6237
8.00 -1.750 -0.75 1.0783 0.1981 0.0043 0.1635 0.0634 2.0091
8.00 -1.750 -0.50 1.1284 0.1906 0.0034 0.1311 0.0641 2.3846
8.00 -1.625 -2.50 1.2408 0.3179 0.0815 3.2743 0.0883 0.6537
8.00 -1.625 -2.25 1.0312 0.2780 0.0738 2.6831 0.0837 0.6610
8.00 -1.625 -2.00 0.9248 0.2426 0.0550 1.8743 0.0824 0.7487
8.00 -1.625 -1.75 0.9058 0.2195 0.0338 1.1240 0.0835 0.8236
8.00 -1.625 -1.50 0.9454 0.2108 0.0181 0.6097 0.0855 0.9954
8.00 -1.625 -1.25 1.0022 0.2088 0.0096 0.3377 0.0864 1.2661
8.00 -1.625 -1.00 1.0451 0.2051 0.0058 0.2167 0.0856 1.6254
8.00 -1.625 -0.75 1.0780 0.1980 0.0043 0.1634 0.0845 2.0099
8.00 -1.625 -0.50 1.1277 0.1904 0.0034 0.1310 0.0854 2.3850
8.00 -1.500 -2.50 1.2406 0.3178 0.0815 3.2744 0.1177 0.6534
8.00 -1.500 -2.25 1.0310 0.2779 0.0738 2.6831 0.1115 0.6608
8.00 -1.500 -2.00 0.9247 0.2426 0.0550 1.8744 0.1098 0.7496
8.00 -1.500 -1.75 0.9057 0.2194 0.0338 1.1242 0.1113 0.8235
8.00 -1.500 -1.50 0.9453 0.2107 0.0181 0.6100 0.1140 0.9950
8.00 -1.500 -1.25 1.0023 0.2088 0.0096 0.3379 0.1152 1.2656
8.00 -1.500 -1.00 1.0440 0.2048 0.0058 0.2165 0.1140 1.6288
8.00 -1.500 -0.75 1.0780 0.1980 0.0043 0.1635 0.1127 2.0072
8.00 -1.500 -0.50 1.1276 0.1904 0.0034 0.1310 0.1139 2.3829
8.00 -1.375 -2.50 1.2400 0.3177 0.0815 3.2737 0.1568 0.6536
8.00 -1.375 -2.25 1.0305 0.2778 0.0737 2.6829 0.1486 0.6610
8.00 -1.375 -2.00 0.9242 0.2424 0.0550 1.8755 0.1463 0.7489
8.00 -1.375 -1.75 0.9055 0.2193 0.0338 1.1245 0.1483 0.8236
8.00 -1.375 -1.50 0.9452 0.2107 0.0181 0.6102 0.1519 0.9945
8.00 -1.375 -1.25 1.0018 0.2086 0.0096 0.3379 0.1534 1.2651
8.00 -1.375 -1.00 1.0444 0.2048 0.0058 0.2167 0.1519 1.6250
8.00 -1.375 -0.75 1.0775 0.1978 0.0043 0.1635 0.1502 2.0065
8.00 -1.375 -0.50 1.1288 0.1906 0.0034 0.1312 0.1521 2.3791
8.00 -1.250 -2.50 1.2395 0.3175 0.0815 3.2737 0.2089 0.6529
8.00 -1.250 -2.25 1.0302 0.2777 0.0737 2.6837 0.1980 0.6608
8.00 -1.250 -2.00 0.9239 0.2423 0.0550 1.8759 0.1948 0.7473
8.00 -1.250 -1.75 0.9052 0.2192 0.0338 1.1251 0.1976 0.8228
8.00 -1.250 -1.50 0.9448 0.2105 0.0181 0.6107 0.2024 0.9930
8.00 -1.250 -1.25 1.0019 0.2084 0.0096 0.3381 0.2045 1.2646
8.00 -1.250 -1.00 1.0441 0.2047 0.0058 0.2167 0.2025 1.6223
8.00 -1.250 -0.75 1.0763 0.1974 0.0043 0.1633 0.2000 2.0091
8.00 -1.250 -0.50 1.1352 0.1918 0.0035 0.1322 0.2038 2.3547
8.10 -1.750 -2.50 1.5399 0.3832 0.0970 4.0510 0.0818 0.7282
8.10 -1.750 -2.25 1.2814 0.3351 0.0894 3.3562 0.0775 0.7314
8.10 -1.750 -2.00 1.1502 0.2907 0.0680 2.3683 0.0762 0.8105
8.10 -1.750 -1.75 1.1268 0.2614 0.0425 1.4319 0.0772 0.9077
8.10 -1.750 -1.50 1.1766 0.2501 0.0231 0.7833 0.0789 1.0860
8.10 -1.750 -1.25 1.2487 0.2485 0.0125 0.4363 0.0797 1.3667
8.10 -1.750 -1.00 1.3011 0.2453 0.0076 0.2788 0.0788 1.7443
8.10 -1.750 -0.75 1.3372 0.2376 0.0055 0.2066 0.0775 2.1989
8.10 -1.750 -0.50 1.4009 0.2298 0.0043 0.1615 0.0784 2.6730
8.10 -1.625 -2.50 1.5391 0.3830 0.0970 4.0503 0.1090 0.7288
8.10 -1.625 -2.25 1.2809 0.3350 0.0894 3.3564 0.1033 0.7292
8.10 -1.625 -2.00 1.1496 0.2906 0.0680 2.3694 0.1015 0.8105
8.10 -1.625 -1.75 1.1264 0.2613 0.0425 1.4321 0.1028 0.9072
8.10 -1.625 -1.50 1.1765 0.2500 0.0231 0.7835 0.1052 1.0857
8.10 -1.625 -1.25 1.2487 0.2485 0.0125 0.4364 0.1063 1.3688
8.10 -1.625 -1.00 1.3012 0.2453 0.0076 0.2789 0.1050 1.7429
8.10 -1.625 -0.75 1.3395 0.2379 0.0055 0.2070 0.1035 2.1962
8.10 -1.625 -0.50 1.4066 0.2308 0.0044 0.1622 0.1049 2.6636
8.10 -1.500 -2.50 1.5387 0.3830 0.0970 4.0505 0.1452 0.7297
8.10 -1.500 -2.25 1.2806 0.3349 0.0894 3.3562 0.1376 0.7297
8.10 -1.500 -2.00 1.1494 0.2905 0.0680 2.3693 0.1353 0.8093
8.10 -1.500 -1.75 1.1261 0.2612 0.0425 1.4327 0.1370 0.9072
8.10 -1.500 -1.50 1.1761 0.2499 0.0232 0.7838 0.1402 1.0859
8.10 -1.500 -1.25 1.2481 0.2482 0.0125 0.4365 0.1416 1.3665
8.10 -1.500 -1.00 1.2994 0.2449 0.0076 0.2786 0.1399 1.7445
8.10 -1.500 -0.75 1.3394 0.2378 0.0055 0.2071 0.1379 2.1927
8.10 -1.500 -0.50 1.4009 0.2298 0.0043 0.1616 0.1393 2.6678
8.10 -1.375 -2.50 1.5378 0.3828 0.0969 4.0504 0.1934 0.7300
8.10 -1.375 -2.25 1.2800 0.3347 0.0894 3.3569 0.1833 0.7289
8.10 -1.375 -2.00 1.1491 0.2904 0.0680 2.3700 0.1803 0.8105
8.10 -1.375 -1.75 1.1259 0.2610 0.0425 1.4330 0.1826 0.9071
8.10 -1.375 -1.50 1.1759 0.2498 0.0232 0.7843 0.1869 1.0847
8.10 -1.375 -1.25 1.2485 0.2484 0.0125 0.4367 0.1888 1.3772
8.10 -1.375 -1.00 1.2987 0.2446 0.0076 0.2785 0.1863 1.7447
8.10 -1.375 -0.75 1.3365 0.2372 0.0055 0.2065 0.1835 2.1969
8.10 -1.375 -0.50 1.4058 0.2305 0.0044 0.1622 0.1864 2.6613
8.10 -1.250 -2.50 1.5372 0.3826 0.0969 4.0511 0.2577 0.7290
8.10 -1.250 -2.25 1.2793 0.3346 0.0894 3.3574 0.2442 0.7295
8.10 -1.250 -2.00 1.1482 0.2901 0.0680 2.3708 0.2401 0.8096
8.10 -1.250 -1.75 1.1252 0.2608 0.0426 1.4340 0.2432 0.9066
8.10 -1.250 -1.50 1.1752 0.2495 0.0232 0.7847 0.2490 1.0852
8.10 -1.250 -1.25 1.2474 0.2478 0.0125 0.4371 0.2515 1.3633
8.10 -1.250 -1.00 1.2986 0.2445 0.0076 0.2787 0.2484 1.7415
8.10 -1.250 -0.75 1.3373 0.2372 0.0055 0.2069 0.2448 2.1900
8.10 -1.250 -0.50 1.4042 0.2302 0.0044 0.1621 0.2484 2.6593
8.20 -1.500 -2.50 1.8985 0.4594 0.1135 4.9732 0.1782 0.8166
8.20 -1.500 -2.25 1.5834 0.4031 0.1072 4.1807 0.1688 0.8114
8.20 -1.500 -2.00 1.4214 0.3480 0.0835 2.9909 0.1657 0.8801
8.20 -1.500 -1.75 1.3923 0.3104 0.0533 1.8257 0.1675 1.0026
8.20 -1.500 -1.50 1.4537 0.2950 0.0296 1.0092 0.1712 1.1929
8.20 -1.500 -1.25 1.5487 0.2950 0.0162 0.5651 0.1733 1.5533
8.20 -1.500 -1.00 1.6048 0.2900 0.0100 0.3592 0.1703 1.8648
8.20 -1.500 -0.75 1.6472 0.2824 0.0072 0.2614 0.1670 2.3749
8.20 -1.500 -0.50 1.7284 0.2753 0.0055 0.1980 0.1693 2.9495
8.20 -1.375 -2.50 1.8977 0.4592 0.1134 4.9740 0.2374 0.8165
8.20 -1.375 -2.25 1.5824 0.4029 0.1072 4.1823 0.2248 0.8092
8.20 -1.375 -2.00 1.4206 0.3478 0.0835 2.9915 0.2207 0.8800
8.20 -1.375 -1.75 1.3913 0.3101 0.0533 1.8272 0.2231 1.0016
8.20 -1.375 -1.50 1.4531 0.2948 0.0297 1.0100 0.2282 1.1923
8.20 -1.375 -1.25 1.5486 0.2949 0.0162 0.5658 0.2310 1.5552
8.20 -1.375 -1.00 1.6051 0.2899 0.0100 0.3595 0.2270 1.8609
8.20 -1.375 -0.75 1.6487 0.2825 0.0072 0.2618 0.2228 2.3698
8.20 -1.375 -0.50 1.7308 0.2756 0.0055 0.1985 0.2261 2.9416
8.20 -1.250 -2.50 1.8961 0.4588 0.1134 4.9731 0.3161 0.8162
8.20 -1.250 -2.25 1.5812 0.4027 0.1071 4.1823 0.2994 0.8107
8.20 -1.250 -2.00 1.4196 0.3476 0.0836 2.9940 0.2938 0.8796
8.20 -1.250 -1.75 1.3907 0.3099 0.0534 1.8279 0.2972 1.0019
8.20 -1.250 -1.50 1.4520 0.2945 0.0297 1.0107 0.3038 1.1923
8.20 -1.250 -1.25 1.5476 0.2945 0.0162 0.5658 0.3076 1.5555
8.20 -1.250 -1.00 1.6043 0.2895 0.0100 0.3596 0.3024 1.8607
8.20 -1.250 -0.75 1.6473 0.2821 0.0072 0.2617 0.2968 2.3671
8.20 -1.250 -0.50 1.7247 0.2744 0.0055 0.1977 0.3006 2.9441
8.20 -1.125 -2.50 1.8934 0.4583 0.1133 4.9728 0.4207 0.8160
8.20 -1.125 -2.25 1.5793 0.4022 0.1071 4.1835 0.3984 0.8095
8.20 -1.125 -2.00 1.4178 0.3471 0.0836 2.9946 0.3911 0.8791
8.20 -1.125 -1.75 1.3891 0.3095 0.0534 1.8297 0.3956 1.0006
8.20 -1.125 -1.50 1.4508 0.2940 0.0297 1.0119 0.4045 1.1918
8.20 -1.125 -1.25 1.5466 0.2941 0.0163 0.5668 0.4098 1.5548
8.20 -1.125 -1.00 1.6021 0.2888 0.0100 0.3596 0.4025 1.8605
8.20 -1.125 -0.75 1.6454 0.2816 0.0072 0.2617 0.3954 2.3651
8.20 -1.125 -0.50 1.7298 0.2751 0.0055 0.1986 0.4020 2.9352
8.20 -1.000 -2.50 1.8905 0.4577 0.1133 4.9725 0.5597 0.8134
8.20 -1.000 -2.25 1.5771 0.4018 0.1071 4.1852 0.5301 0.8103
8.20 -1.000 -2.00 1.4157 0.3467 0.0836 2.9979 0.5202 0.8792
8.20 -1.000 -1.75 1.3865 0.3089 0.0535 1.8324 0.5261 1.0006
8.20 -1.000 -1.50 1.4496 0.2935 0.0298 1.0135 0.5385 1.1898
8.20 -1.000 -1.25 1.5453 0.2935 0.0163 0.5674 0.5455 1.5537
8.20 -1.000 -1.00 1.6006 0.2882 0.0100 0.3599 0.5359 1.8562
8.20 -1.000 -0.75 1.6480 0.2817 0.0072 0.2626 0.5279 2.3538
8.20 -1.000 -0.50 1.7219 0.2736 0.0055 0.1977 0.5341 2.9350
8.30 -1.500 -2.50 2.3149 0.5434 0.1297 6.0395 0.2157 0.8960
8.30 -1.500 -2.25 1.9361 0.4801 0.1263 5.1722 0.2043 0.8838
8.30 -1.500 -2.00 1.7398 0.4135 0.1015 3.7636 0.2003 0.9440
8.30 -1.500 -1.75 1.7016 0.3646 0.0665 2.3267 0.2019 1.0857
8.30 -1.500 -1.50 1.7760 0.3431 0.0379 1.3018 0.2061 1.2902
8.30 -1.500 -1.25 1.8880 0.3417 0.0211 0.7320 0.2080 1.7357
8.30 -1.500 -1.00 1.9539 0.3358 0.0132 0.4640 0.2038 1.9545
8.30 -1.500 -0.75 1.9981 0.3279 0.0093 0.3293 0.1991 2.4964
8.30 -1.500 -0.50 2.0992 0.3222 0.0070 0.2387 0.2023 3.1701
8.30 -1.375 -2.50 2.3133 0.5432 0.1297 6.0413 0.2873 0.8956
8.30 -1.375 -2.25 1.9343 0.4799 0.1263 5.1736 0.2721 0.8839
8.30 -1.375 -2.00 1.7381 0.4132 0.1015 3.7653 0.2666 0.9442
8.30 -1.375 -1.75 1.7009 0.3645 0.0666 2.3290 0.2690 1.0852
8.30 -1.375 -1.50 1.7742 0.3427 0.0379 1.3024 0.2745 1.2894
8.30 -1.375 -1.25 1.8867 0.3412 0.0211 0.7324 0.2771 1.7318
8.30 -1.375 -1.00 1.9525 0.3353 0.0132 0.4639 0.2715 1.9557
8.30 -1.375 -0.75 1.9974 0.3277 0.0093 0.3296 0.2653 2.4941
8.30 -1.375 -0.50 2.1004 0.3224 0.0070 0.2388 0.2701 3.1681
8.30 -1.250 -2.50 2.3101 0.5425 0.1295 6.0386 0.3824 0.8953
8.30 -1.250 -2.25 1.9322 0.4795 0.1263 5.1751 0.3621 0.8831
8.30 -1.250 -2.00 1.7367 0.4128 0.1015 3.7656 0.3550 0.9435
8.30 -1.250 -1.75 1.6989 0.3640 0.0666 2.3310 0.3580 1.0842
8.30 -1.250 -1.50 1.7726 0.3423 0.0380 1.3038 0.3654 1.2898
8.30 -1.250 -1.25 1.8851 0.3408 0.0212 0.7330 0.3690 1.7331
8.30 -1.250 -1.00 1.9505 0.3348 0.0132 0.4642 0.3616 1.9522
8.30 -1.250 -0.75 1.9975 0.3276 0.0094 0.3302 0.3539 2.4903
8.30 -1.250 -0.50 2.0915 0.3208 0.0070 0.2382 0.3588 3.1664
8.30 -1.125 -2.50 2.3067 0.5419 0.1295 6.0392 0.5087 0.8947
8.30 -1.125 -2.25 1.9293 0.4789 0.1263 5.1755 0.4817 0.8824
8.30 -1.125 -2.00 1.7340 0.4124 0.1016 3.7706 0.4722 0.9433
8.30 -1.125 -1.75 1.6964 0.3635 0.0667 2.3336 0.4763 1.0841
8.30 -1.125 -1.50 1.7710 0.3418 0.0380 1.3059 0.4865 1.2894
8.30 -1.125 -1.25 1.8829 0.3401 0.0212 0.7340 0.4912 1.7299
8.30 -1.125 -1.00 1.9486 0.3341 0.0132 0.4647 0.4814 1.9504
8.30 -1.125 -0.75 1.9928 0.3264 0.0094 0.3298 0.4707 2.4899
8.30 -1.125 -0.50 2.0910 0.3206 0.0070 0.2381 0.4787 3.1606
8.30 -1.000 -2.50 2.3024 0.5412 0.1294 6.0386 0.6768 0.8938
8.30 -1.000 -2.25 1.9252 0.4782 0.1262 5.1776 0.6406 0.8819
8.30 -1.000 -2.00 1.7305 0.4117 0.1016 3.7722 0.6278 0.9430
8.30 -1.000 -1.75 1.6935 0.3628 0.0667 2.3372 0.6334 1.0834
8.30 -1.000 -1.50 1.7673 0.3409 0.0381 1.3084 0.6469 1.2877
8.30 -1.000 -1.25 1.8801 0.3393 0.0213 0.7355 0.6537 1.7308
8.30 -1.000 -1.00 1.9439 0.3330 0.0132 0.4649 0.6403 1.9489
8.30 -1.000 -0.75 1.9900 0.3256 0.0094 0.3299 0.6267 2.4828
8.30 -1.000 -0.50 2.0815 0.3188 0.0070 0.2374 0.6359 3.1563
8.40 -1.500 -2.50 2.7891 0.6359 0.1446 7.2429 0.2583 0.9850
8.40 -1.500 -2.25 2.3436 0.5684 0.1460 6.3381 0.2448 0.9624
8.40 -1.500 -2.00 2.1086 0.4905 0.1218 4.7102 0.2395 1.0241
8.40 -1.500 -1.75 2.0616 0.4287 0.0824 2.9629 0.2410 1.1785
8.40 -1.500 -1.50 2.1472 0.3985 0.0484 1.6823 0.2454 1.4049
8.40 -1.500 -1.25 2.2823 0.3939 0.0277 0.9571 0.2477 1.8210
8.40 -1.500 -1.00 2.3539 0.3860 0.0174 0.6006 0.2416 2.0760
8.40 -1.500 -0.75 2.3921 0.3765 0.0122 0.4146 0.2345 2.6363
8.40 -1.500 -0.50 2.5053 0.3711 0.0089 0.2863 0.2382 3.3995
8.40 -1.375 -2.50 2.7862 0.6354 0.1445 7.2421 0.3439 0.9846
8.40 -1.375 -2.25 2.3405 0.5679 0.1459 6.3386 0.3259 0.9618
8.40 -1.375 -2.00 2.1066 0.4901 0.1218 4.7116 0.3188 1.0239
8.40 -1.375 -1.75 2.0591 0.4284 0.0825 2.9666 0.3208 1.1784
8.40 -1.375 -1.50 2.1450 0.3980 0.0484 1.6834 0.3268 1.4053
8.40 -1.375 -1.25 2.2805 0.3934 0.0278 0.9582 0.3299 1.8210
8.40 -1.375 -1.00 2.3505 0.3853 0.0174 0.6007 0.3216 2.0755
8.40 -1.375 -0.75 2.3967 0.3770 0.0123 0.4164 0.3133 2.6347
8.40 -1.375 -0.50 2.5107 0.3718 0.0090 0.2875 0.3184 3.4001
8.40 -1.250 -2.50 2.7820 0.6347 0.1444 7.2410 0.4576 0.9840
8.40 -1.250 -2.25 2.3368 0.5672 0.1459 6.3378 0.4335 0.9613
8.40 -1.250 -2.00 2.1036 0.4896 0.1218 4.7151 0.4242 1.0230
8.40 -1.250 -1.75 2.0560 0.4277 0.0826 2.9683 0.4268 1.1774
8.40 -1.250 -1.50 2.1426 0.3974 0.0485 1.6863 0.4350 1.4040
8.40 -1.250 -1.25 2.2776 0.3926 0.0278 0.9589 0.4392 1.8189
8.40 -1.250 -1.00 2.3473 0.3845 0.0174 0.6011 0.4281 2.0733
8.40 -1.250 -0.75 2.3909 0.3759 0.0123 0.4158 0.4168 2.6300
8.40 -1.250 -0.50 2.4973 0.3697 0.0090 0.2859 0.4228 3.3947
8.40 -1.125 -2.50 2.7764 0.6339 0.1443 7.2408 0.6087 0.9832
8.40 -1.125 -2.25 2.3323 0.5666 0.1459 6.3421 0.5766 0.9603
8.40 -1.125 -2.00 2.0991 0.4889 0.1219 4.7173 0.5640 1.0223
8.40 -1.125 -1.75 2.0526 0.4271 0.0826 2.9720 0.5677 1.1767
8.40 -1.125 -1.50 2.1397 0.3968 0.0486 1.6886 0.5789 1.4052
8.40 -1.125 -1.25 2.2737 0.3917 0.0279 0.9604 0.5843 1.8159
8.40 -1.125 -1.00 2.3451 0.3839 0.0175 0.6024 0.5703 2.0720
8.40 -1.125 -0.75 2.3875 0.3751 0.0123 0.4160 0.5552 2.6288
8.40 -1.125 -0.50 2.4994 0.3698 0.0090 0.2867 0.5646 3.3903
8.40 -1.000 -2.50 2.7692 0.6327 0.1442 7.2395 0.8090 0.9823
8.40 -1.000 -2.25 2.3266 0.5657 0.1459 6.3454 0.7662 0.9596
8.40 -1.000 -2.00 2.0933 0.4880 0.1219 4.7231 0.7492 1.0213
8.40 -1.000 -1.75 2.0472 0.4261 0.0827 2.9767 0.7542 1.1763
8.40 -1.000 -1.50 2.1340 0.3955 0.0487 1.6920 0.7691 1.4032
8.40 -1.000 -1.25 2.2688 0.3905 0.0279 0.9630 0.7767 1.8139
8.40 -1.000 -1.00 2.3400 0.3825 0.0175 0.6027 0.7583 2.0698
8.40 -1.000 -0.75 2.3801 0.3736 0.0123 0.4163 0.7382 2.6224
8.40 -1.000 -0.50 2.4859 0.3675 0.0090 0.2862 0.7494 3.3850
8.50 -1.500 -2.50 3.3046 0.7297 0.1556 8.5449 0.3038 1.0544
8.50 -1.500 -2.25 2.7893 0.6632 0.1647 7.6981 0.2880 1.0290
8.50 -1.500 -2.00 2.5148 0.5756 0.1436 5.8661 0.2812 1.0886
8.50 -1.500 -1.75 2.4512 0.4979 0.1010 3.7637 0.2817 1.2498
8.50 -1.500 -1.50 2.5364 0.4541 0.0612 2.1684 0.2853 1.5000
8.50 -1.500 -1.25 2.6825 0.4415 0.0362 1.2487 0.2866 1.8691
8.50 -1.500 -1.00 2.7602 0.4312 0.0229 0.7760 0.2788 2.1836
8.50 -1.500 -0.75 2.8020 0.4206 0.0161 0.5225 0.2703 2.7396
8.50 -1.500 -0.50 2.9381 0.4167 0.0117 0.3491 0.2753 3.5779
8.50 -1.375 -2.50 3.3003 0.7292 0.1556 8.5466 0.4044 1.0537
8.50 -1.375 -2.25 2.7851 0.6626 0.1646 7.6992 0.3832 1.0284
8.50 -1.375 -2.00 2.5111 0.5751 0.1437 5.8702 0.3743 1.0881
8.50 -1.375 -1.75 2.4454 0.4970 0.1011 3.7649 0.3745 1.2489
8.50 -1.375 -1.50 2.5338 0.4536 0.0613 2.1707 0.3798 1.5001
8.50 -1.375 -1.25 2.6804 0.4411 0.0363 1.2510 0.3819 1.8696
8.50 -1.375 -1.00 2.7557 0.4303 0.0230 0.7761 0.3712 2.1823
8.50 -1.375 -0.75 2.7938 0.4192 0.0161 0.5221 0.3595 2.7384
8.50 -1.375 -0.50 2.9189 0.4138 0.0117 0.3476 0.3650 3.5686
8.50 -1.250 -2.50 3.2926 0.7281 0.1555 8.5450 0.5377 1.0527
8.50 -1.250 -2.25 2.7790 0.6618 0.1647 7.7029 0.5095 1.0273
8.50 -1.250 -2.00 2.5073 0.5747 0.1439 5.8785 0.4979 1.0873
8.50 -1.250 -1.75 2.4424 0.4966 0.1012 3.7718 0.4985 1.2489
8.50 -1.250 -1.50 2.5296 0.4528 0.0614 2.1743 0.5053 1.4994
8.50 -1.250 -1.25 2.6753 0.4401 0.0363 1.2524 0.5080 1.8676
8.50 -1.250 -1.00 2.7503 0.4292 0.0230 0.7766 0.4938 2.1814
8.50 -1.250 -0.75 2.7892 0.4184 0.0161 0.5227 0.4789 2.7363
8.50 -1.250 -0.50 2.9221 0.4143 0.0117 0.3488 0.4877 3.5679
8.50 -1.125 -2.50 3.2831 0.7270 0.1555 8.5478 0.7147 1.0516
8.50 -1.125 -2.25 2.7724 0.6610 0.1647 7.7073 0.6773 1.0263
8.50 -1.125 -2.00 2.5018 0.5739 0.1439 5.8829 0.6618 1.0864
8.50 -1.125 -1.75 2.4365 0.4957 0.1013 3.7766 0.6625 1.2481
8.50 -1.125 -1.50 2.5246 0.4520 0.0615 2.1791 0.6720 1.5001
8.50 -1.125 -1.25 2.6695 0.4388 0.0364 1.2541 0.6755 1.8652
8.50 -1.125 -1.00 2.7448 0.4281 0.0231 0.7780 0.6572 2.1799
8.50 -1.125 -0.75 2.7791 0.4166 0.0161 0.5223 0.6364 2.7311
8.50 -1.125 -0.50 2.9257 0.4146 0.0118 0.3508 0.6518 3.5675
8.50 -1.000 -2.50 3.2717 0.7253 0.1552 8.5430 0.9496 1.0503
8.50 -1.000 -2.25 2.7619 0.6595 0.1646 7.7086 0.8991 1.0248
8.50 -1.000 -2.00 2.4929 0.5726 0.1440 5.8899 0.8784 1.0847
8.50 -1.000 -1.75 2.4272 0.4942 0.1015 3.7827 0.8791 1.2473
8.50 -1.000 -1.50 2.5148 0.4502 0.0617 2.1840 0.8919 1.4947
8.50 -1.000 -1.25 2.6616 0.4371 0.0365 1.2569 0.8975 1.8628
8.50 -1.000 -1.00 2.7358 0.4263 0.0231 0.7799 0.8732 2.1776
8.50 -1.000 -0.75 2.7731 0.4153 0.0162 0.5235 0.8472 2.7290
8.50 -1.000 -0.50 2.8961 0.4102 0.0118 0.3493 0.8614 3.5514
8.60 -1.250 -2.50 3.8399 0.8237 0.1619 9.9242 0.6253 1.1289
8.60 -1.250 -2.25 3.2621 0.7654 0.1809 9.2554 0.5925 1.1022
8.60 -1.250 -2.00 2.9566 0.6735 0.1669 7.2925 0.5787 1.1622
8.60 -1.250 -1.75 2.8795 0.5798 0.1231 4.8020 0.5783 1.3338
8.60 -1.250 -1.50 2.9644 0.5197 0.0776 2.8225 0.5835 1.6124
8.60 -1.250 -1.25 3.1105 0.4948 0.0473 1.6430 0.5833 1.9693
8.60 -1.250 -1.00 3.1858 0.4783 0.0303 1.0085 0.5652 2.3359
8.60 -1.250 -0.75 3.2186 0.4630 0.0211 0.6621 0.5455 2.8885
8.60 -1.250 -0.50 3.3701 0.4581 0.0156 0.4399 0.5547 3.7681
8.60 -1.125 -2.50 3.8262 0.8220 0.1618 9.9225 0.8308 1.1275
8.60 -1.125 -2.25 3.2509 0.7639 0.1809 9.2578 0.7868 1.1007
8.60 -1.125 -2.00 2.9458 0.6721 0.1669 7.2991 0.7682 1.1604
8.60 -1.125 -1.75 2.8708 0.5787 0.1232 4.8097 0.7681 1.3326
8.60 -1.125 -1.50 2.9550 0.5184 0.0778 2.8292 0.7752 1.6114
8.60 -1.125 -1.25 3.0980 0.4926 0.0473 1.6443 0.7743 1.9674
8.60 -1.125 -1.00 3.1772 0.4767 0.0303 1.0100 0.7515 2.3349
8.60 -1.125 -0.75 3.2038 0.4606 0.0211 0.6619 0.7245 2.8834
8.60 -1.125 -0.50 3.3688 0.4577 0.0158 0.4423 0.7402 3.7702
8.60 -1.000 -2.50 3.8076 0.8196 0.1615 9.9197 1.1024 1.1254
8.60 -1.000 -2.25 3.2382 0.7626 0.1810 9.2697 1.0444 1.0984
8.60 -1.000 -2.00 2.9343 0.6710 0.1672 7.3165 1.0194 1.1583
8.60 -1.000 -1.75 2.8591 0.5772 0.1235 4.8222 1.0188 1.3305
8.60 -1.000 -1.50 2.9420 0.5164 0.0779 2.8360 1.0283 1.6122
8.60 -1.000 -1.25 3.0845 0.4905 0.0475 1.6497 1.0276 1.9645
8.60 -1.000 -1.00 3.1649 0.4746 0.0305 1.0137 0.9982 2.3330
8.60 -1.000 -0.75 3.1930 0.4588 0.0212 0.6638 0.9635 2.8822
8.60 -1.000 -0.50 3.3530 0.4555 0.0159 0.4441 0.9837 3.7631
8.60 -0.875 -2.50 3.7838 0.8164 0.1612 9.9118 1.4615 1.1230
8.60 -0.875 -2.25 3.2172 0.7601 0.1810 9.2789 1.3827 1.0955
8.60 -0.875 -2.00 2.9174 0.6691 0.1675 7.3331 1.3498 1.1552
8.60 -0.875 -1.75 2.8419 0.5749 0.1237 4.8359 1.3487 1.3285
8.60 -0.875 -1.50 2.9266 0.5141 0.0782 2.8485 1.3626 1.6077
8.60 -0.875 -1.25 3.0708 0.4882 0.0478 1.6570 1.3633 1.9627
8.60 -0.875 -1.00 3.1505 0.4720 0.0306 1.0162 1.3248 2.3315
8.60 -0.875 -0.75 3.1789 0.4564 0.0214 0.6665 1.2800 2.8809
8.60 -0.875 -0.50 3.3297 0.4520 0.0160 0.4459 1.3043 3.7524
8.60 -0.750 -2.50 3.7536 0.8128 0.1610 9.9140 1.9342 1.1197
8.60 -0.750 -2.25 3.1915 0.7573 0.1811 9.2935 1.8283 1.0915
8.60 -0.750 -2.00 2.8915 0.6660 0.1676 7.3498 1.7820 1.1515
8.60 -0.750 -1.75 2.8180 0.5718 0.1241 4.8549 1.7807 1.3246
8.60 -0.750 -1.50 2.9030 0.5106 0.0786 2.8630 1.8004 1.6033
8.60 -0.750 -1.25 3.0486 0.4845 0.0480 1.6656 1.8034 1.9597
8.60 -0.750 -1.00 3.1248 0.4677 0.0308 1.0196 1.7522 2.3265
8.60 -0.750 -0.75 3.1553 0.4525 0.0215 0.6689 1.6951 2.8743
8.60 -0.750 -0.50 3.3111 0.4493 0.0162 0.4510 1.7327 3.7490
8.70 -1.250 -2.50 4.3437 0.9027 0.1606 11.2454 0.7067 1.1746
8.70 -1.250 -2.25 3.7116 0.8608 0.1900 10.8857 0.6683 1.1440
8.70 -1.250 -2.00 3.3835 0.7741 0.1877 8.9550 0.6532 1.2098
8.70 -1.250 -1.75 3.3033 0.6673 0.1465 6.0917 0.6529 1.3866
8.70 -1.250 -1.50 3.3773 0.5874 0.0967 3.6686 0.6566 1.6944
8.70 -1.250 -1.25 3.5263 0.5480 0.0609 2.1637 0.6552 2.0815
8.70 -1.250 -1.00 3.6075 0.5229 0.0395 1.3167 0.6347 2.4964
8.70 -1.250 -0.75 3.6419 0.5015 0.0273 0.8435 0.6108 3.0531
8.70 -1.250 -0.50 3.8732 0.5010 0.0207 0.5690 0.6277 3.9795
8.70 -1.125 -2.50 4.3235 0.9004 0.1604 11.2433 0.9382 1.1728
8.70 -1.125 -2.25 3.6942 0.8588 0.1900 10.8902 0.8866 1.1422
8.70 -1.125 -2.00 3.3691 0.7726 0.1878 8.9662 0.8665 1.2077
8.70 -1.125 -1.75 3.2863 0.6652 0.1466 6.0987 0.8656 1.3845
8.70 -1.125 -1.50 3.3641 0.5859 0.0969 3.6800 0.8715 1.6930
8.70 -1.125 -1.25 3.5061 0.5451 0.0610 2.1654 0.8686 2.0790
8.70 -1.125 -1.00 3.5969 0.5214 0.0396 1.3206 0.8441 2.4969
8.70 -1.125 -0.75 3.6408 0.5012 0.0275 0.8481 0.8148 3.0565
8.70 -1.125 -0.50 3.8552 0.4984 0.0208 0.5696 0.8342 3.9739
8.70 -1.000 -2.50 4.2943 0.8969 0.1601 11.2346 1.2436 1.1704
8.70 -1.000 -2.25 3.6755 0.8573 0.1902 10.9108 1.1759 1.1390
8.70 -1.000 -2.00 3.3490 0.7705 0.1880 8.9792 1.1479 1.2047
8.70 -1.000 -1.75 3.2651 0.6628 0.1469 6.1141 1.1458 1.3823
8.70 -1.000 -1.50 3.3466 0.5834 0.0971 3.6879 1.1551 1.6910
8.70 -1.000 -1.25 3.4906 0.5430 0.0613 2.1761 1.1529 2.0775
8.70 -1.000 -1.00 3.5780 0.5186 0.0398 1.3242 1.1200 2.4956
8.70 -1.000 -0.75 3.6165 0.4978 0.0276 0.8488 1.0804 3.0527
8.70 -1.000 -0.50 3.8554 0.4983 0.0210 0.5752 1.1142 3.9799
8.70 -0.875 -2.50 4.2591 0.8931 0.1599 11.2354 1.6463 1.1671
8.70 -0.875 -2.25 3.6433 0.8535 0.1901 10.9143 1.5543 1.1348
8.70 -0.875 -2.00 3.3219 0.7679 0.1883 9.0042 1.5169 1.2001
8.70 -0.875 -1.75 3.2413 0.6604 0.1473 6.1377 1.5151 1.3794
8.70 -0.875 -1.50 3.3225 0.5805 0.0976 3.7087 1.5278 1.6863
8.70 -0.875 -1.25 3.4643 0.5391 0.0615 2.1826 1.5250 2.0744
8.70 -0.875 -1.00 3.5560 0.5153 0.0400 1.3308 1.4845 2.4941
8.70 -0.875 -0.75 3.5863 0.4933 0.0277 0.8510 1.4299 3.0461
8.70 -0.875 -0.50 3.8265 0.4945 0.0212 0.5793 1.4769 3.9697
8.70 -0.750 -2.50 4.2100 0.8874 0.1594 11.2259 2.1743 1.1630
8.70 -0.750 -2.25 3.6044 0.8499 0.1903 10.9377 2.0513 1.1298
8.70 -0.750 -2.00 3.2863 0.7642 0.1886 9.0293 1.9992 1.1946
8.70 -0.750 -1.75 3.2068 0.6563 0.1476 6.1604 1.9963 1.3742
8.70 -0.750 -1.50 3.2869 0.5759 0.0980 3.7269 2.0137 1.6817
8.70 -0.750 -1.25 3.4360 0.5354 0.0620 2.2010 2.0161 2.0721
8.70 -0.750 -1.00 3.5248 0.5107 0.0402 1.3373 1.9631 2.4914
8.70 -0.750 -0.75 3.5655 0.4901 0.0279 0.8567 1.8978 3.0467
8.70 -0.750 -0.50 3.7802 0.4882 0.0214 0.5827 1.9489 3.9541
8.80 -1.000 -2.50 4.7195 0.9581 0.1518 12.4130 1.3810 1.2261
8.80 -1.000 -2.25 4.0597 0.9430 0.1912 12.5496 1.2987 1.1827
8.80 -1.000 -2.00 3.7197 0.8699 0.2026 10.8042 1.2648 1.2542
8.80 -1.000 -1.75 3.6362 0.7557 0.1690 7.6653 1.2625 1.4425
8.80 -1.000 -1.50 3.7183 0.6572 0.1174 4.7564 1.2740 1.8107
8.80 -1.000 -1.25 3.8767 0.6006 0.0770 2.8574 1.2764 2.2283
8.80 -1.000 -1.00 4.0292 0.5718 0.0511 1.7457 1.2579 2.7262
8.80 -1.000 -0.75 4.1324 0.5486 0.0354 1.1025 1.2258 3.3267
8.80 -1.000 -0.50 4.4363 0.5476 0.0269 0.7454 1.2646 4.2892
8.80 -0.875 -2.50 4.6672 0.9526 0.1514 12.4096 1.8250 1.2214
8.80 -0.875 -2.25 4.0149 0.9390 0.1913 12.5725 1.7142 1.1768
8.80 -0.875 -2.00 3.6782 0.8659 0.2028 10.8296 1.6672 1.2478
8.80 -0.875 -1.75 3.5956 0.7519 0.1694 7.6947 1.6640 1.4356
8.80 -0.875 -1.50 3.6843 0.6536 0.1178 4.7790 1.6826 1.8211
8.80 -0.875 -1.25 3.8424 0.5964 0.0774 2.8742 1.6868 2.2246
8.80 -0.875 -1.00 3.9870 0.5662 0.0512 1.7498 1.6610 2.7210
8.80 -0.875 -0.75 4.0856 0.5423 0.0354 1.1031 1.6183 3.3174
8.80 -0.875 -0.50 4.4120 0.5443 0.0271 0.7524 1.6795 4.2844
8.80 -0.750 -2.50 4.5935 0.9448 0.1508 12.3968 2.4036 1.2155
8.80 -0.750 -2.25 3.9587 0.9339 0.1915 12.5994 2.2572 1.1702
8.80 -0.750 -2.00 3.6282 0.8619 0.2033 10.8740 2.1933 1.2398
8.80 -0.750 -1.75 3.5463 0.7471 0.1699 7.7307 2.1869 1.4290
8.80 -0.750 -1.50 3.6370 0.6484 0.1183 4.8102 2.2134 1.8117
8.80 -0.750 -1.25 3.8021 0.5917 0.0779 2.8969 2.2261 2.2217
8.80 -0.750 -1.00 3.9436 0.5604 0.0515 1.7605 2.1929 2.7184
8.80 -0.750 -0.75 4.0482 0.5374 0.0357 1.1109 2.1422 3.3164
8.80 -0.750 -0.50 4.3627 0.5381 0.0273 0.7567 2.2196 4.2722
8.80 -0.625 -2.50 4.4983 0.9346 0.1500 12.3775 3.1537 1.2078
8.80 -0.625 -2.25 3.8794 0.9263 0.1915 12.6255 2.9557 1.1606
8.80 -0.625 -2.00 3.5623 0.8563 0.2040 10.9284 2.8716 1.2289
8.80 -0.625 -1.75 3.4805 0.7408 0.1705 7.7813 2.8591 1.4174
8.80 -0.625 -1.50 3.5716 0.6415 0.1190 4.8460 2.8982 1.8176
8.80 -0.625 -1.25 3.7300 0.5827 0.0783 2.9159 2.9136 2.2127
8.80 -0.625 -1.00 3.8801 0.5520 0.0518 1.7721 2.8806 2.7120
8.80 -0.625 -0.75 3.9819 0.5285 0.0358 1.1158 2.8158 3.3062
8.80 -0.625 -0.50 4.3184 0.5324 0.0277 0.7682 2.9367 4.2673
8.80 -0.500 -2.50 4.3712 0.9210 0.1489 12.3497 4.1152 1.1969
8.80 -0.500 -2.25 3.7823 0.9176 0.1917 12.6745 3.8536 1.1478
8.80 -0.500 -2.00 3.4723 0.8487 0.2046 10.9960 3.7347 1.2147
8.80 -0.500 -1.75 3.3919 0.7325 0.1712 7.8439 3.7142 1.4047
8.80 -0.500 -1.50 3.4863 0.6329 0.1200 4.9056 3.7721 1.8134
8.80 -0.500 -1.25 3.6539 0.5737 0.0791 2.9518 3.8076 2.2040
8.80 -0.500 -1.00 3.8110 0.5434 0.0525 1.7963 3.7796 2.7080
8.80 -0.500 -0.75 3.9037 0.5185 0.0362 1.1273 3.6918 3.2988
8.80 -0.500 -0.50 4.2376 0.5222 0.0280 0.7768 3.8549 4.2486
8.90 -1.000 -2.50 4.9062 0.9746 0.1353 13.2423 1.4655 1.2433
8.90 -1.000 -2.25 4.2282 0.9890 0.1800 13.9428 1.3644 1.1793
8.90 -1.000 -2.00 3.8777 0.9397 0.2043 12.5919 1.3182 1.2494
8.90 -1.000 -1.75 3.8071 0.8279 0.1824 9.3178 1.3168 1.4515
8.90 -1.000 -1.50 3.8885 0.7132 0.1342 6.0068 1.3317 1.8308
8.90 -1.000 -1.25 4.0795 0.6412 0.0917 3.6902 1.3495 2.3281
8.90 -1.000 -1.00 4.3149 0.6057 0.0622 2.2642 1.3548 2.9250
8.90 -1.000 -0.75 4.5678 0.5861 0.0432 1.4167 1.3539 3.6061
8.90 -1.000 -0.50 5.0685 0.5935 0.0327 0.9542 1.4275 4.6389
8.90 -0.875 -2.50 4.8315 0.9673 0.1348 13.2344 1.9317 1.2376
8.90 -0.875 -2.25 4.1688 0.9844 0.1802 13.9778 1.7973 1.1729
8.90 -0.875 -2.00 3.8231 0.9354 0.2047 12.6286 1.7347 1.2416
8.90 -0.875 -1.75 3.7529 0.8234 0.1828 9.3580 1.7314 1.4439
8.90 -0.875 -1.50 3.8336 0.7079 0.1345 6.0362 1.7514 1.8230
8.90 -0.875 -1.25 4.0363 0.6367 0.0921 3.7141 1.7813 2.3229
8.90 -0.875 -1.00 4.2703 0.6007 0.0625 2.2792 1.7904 2.9220
8.90 -0.875 -0.75 4.5272 0.5813 0.0434 1.4248 1.7929 3.6024
8.90 -0.875 -0.50 5.0053 0.5862 0.0327 0.9563 1.8846 4.6226
8.90 -0.750 -2.50 4.7284 0.9570 0.1340 13.2145 2.5360 1.2295
8.90 -0.750 -2.25 4.0881 0.9773 0.1802 14.0071 2.3579 1.1647
8.90 -0.750 -2.00 3.7544 0.9305 0.2053 12.6859 2.2747 1.2314
8.90 -0.750 -1.75 3.6812 0.8175 0.1831 9.4073 2.2663 1.4341
8.90 -0.750 -1.50 3.7651 0.7012 0.1350 6.0738 2.2945 1.8113
8.90 -0.750 -1.25 3.9712 0.6298 0.0926 3.7431 2.3396 2.3157
8.90 -0.750 -1.00 4.2079 0.5934 0.0628 2.2926 2.3574 2.9162
8.90 -0.750 -0.75 4.4680 0.5741 0.0435 1.4313 2.3658 3.5989
8.90 -0.750 -0.50 4.9446 0.5790 0.0328 0.9616 2.4891 4.6107
8.90 -0.625 -2.50 4.5948 0.9432 0.1329 13.1805 3.3121 1.2186
8.90 -0.625 -2.25 3.9801 0.9682 0.1802 14.0498 3.0763 1.1529
8.90 -0.625 -2.00 3.6566 0.9226 0.2058 12.7488 2.9600 1.2173
8.90 -0.625 -1.75 3.5903 0.8101 0.1837 9.4754 2.9500 1.4164
8.90 -0.625 -1.50 3.6731 0.6924 0.1355 6.1247 2.9876 1.7948
8.90 -0.625 -1.25 3.8812 0.6201 0.0930 3.7740 3.0545 2.3042
8.90 -0.625 -1.00 4.1184 0.5830 0.0631 2.3101 3.0845 2.9065
8.90 -0.625 -0.75 4.3923 0.5650 0.0438 1.4421 3.1107 3.5914
8.90 -0.625 -0.50 4.8754 0.5712 0.0332 0.9737 3.2847 4.6022
8.90 -0.500 -2.50 4.4208 0.9256 0.1315 13.1396 4.2991 1.2055
8.90 -0.500 -2.25 3.8426 0.9567 0.1803 14.1053 3.9855 1.1377
8.90 -0.500 -2.00 3.5334 0.9134 0.2064 12.8350 3.8277 1.1990
8.90 -0.500 -1.75 3.4688 0.8002 0.1844 9.5567 3.8064 1.3979
8.90 -0.500 -1.50 3.5511 0.6805 0.1360 6.1821 3.8567 1.7738
8.90 -0.500 -1.25 3.7644 0.6075 0.0935 3.8136 3.9598 2.2870
8.90 -0.500 -1.00 4.0145 0.5708 0.0634 2.3323 4.0235 2.8959
8.90 -0.500 -0.75 4.2901 0.5529 0.0441 1.4571 4.0690 3.5804
8.90 -0.500 -0.50 4.7731 0.5591 0.0334 0.9826 4.3065 4.5842
9.00 -0.750 -2.50 4.6563 0.9343 0.1139 13.6625 2.6065 1.2497
9.00 -0.750 -2.25 4.0339 0.9885 0.1607 15.0779 2.3937 1.1639
9.00 -0.750 -2.00 3.6836 0.9732 0.1949 14.3468 2.2732 1.2165
9.00 -0.750 -1.75 3.6051 0.8673 0.1840 11.0612 2.2469 1.4174
9.00 -0.750 -1.50 3.7089 0.7415 0.1426 7.4067 2.2874 1.8002
9.00 -0.750 -1.25 3.9555 0.6566 0.1022 4.7008 2.3695 2.4002
9.00 -0.750 -1.00 4.3439 0.6190 0.0718 2.9309 2.4729 3.1376
9.00 -0.750 -0.75 4.8513 0.6105 0.0509 1.8373 2.5900 3.9636
9.00 -0.750 -0.50 5.5816 0.6256 0.0383 1.2205 2.8005 5.0759
9.00 -0.625 -2.50 4.4778 0.9166 0.1125 13.6104 3.3857 1.2358
9.00 -0.625 -2.25 3.8917 0.9774 0.1607 15.1353 3.1058 1.1491
9.00 -0.625 -2.00 3.5547 0.9638 0.1953 14.4235 2.9410 1.1986
9.00 -0.625 -1.75 3.4784 0.8576 0.1843 11.1324 2.9018 1.3973
9.00 -0.625 -1.50 3.5878 0.7310 0.1429 7.4662 2.9594 1.7801
9.00 -0.625 -1.25 3.8373 0.6451 0.1025 4.7422 3.0764 2.3815
9.00 -0.625 -1.00 4.2305 0.6070 0.0719 2.9532 3.2262 3.1228
9.00 -0.625 -0.75 4.7299 0.5973 0.0509 1.8490 3.3845 3.9436
9.00 -0.625 -0.50 5.4982 0.6167 0.0385 1.2345 3.6953 5.0699
9.00 -0.500 -2.50 4.2575 0.8951 0.1109 13.5540 4.3636 1.2169
9.00 -0.500 -2.25 3.7060 0.9618 0.1603 15.1813 3.9883 1.1305
9.00 -0.500 -2.00 3.3926 0.9526 0.1960 14.5329 3.7703 1.1755
9.00 -0.500 -1.75 3.3210 0.8463 0.1848 11.2401 3.7137 1.3697
9.00 -0.500 -1.50 3.4327 0.7180 0.1433 7.5482 3.7936 1.7523
9.00 -0.500 -1.25 3.6809 0.6297 0.1026 4.7908 3.9559 2.3551
9.00 -0.500 -1.00 4.0824 0.5912 0.0720 2.9812 4.1765 3.1018
9.00 -0.500 -0.75 4.5956 0.5828 0.0510 1.8683 4.4137 3.9279
9.00 -0.500 -0.50 5.3538 0.6013 0.0385 1.2443 4.8287 5.0439
9.00 -0.375 -2.50 3.9819 0.8680 0.1089 13.4786 5.5627 1.1922
9.00 -0.375 -2.25 3.4805 0.9441 0.1603 15.2705 5.0694 1.1045
9.00 -0.375 -2.00 3.1861 0.9386 0.1968 14.6728 4.7707 1.1457
9.00 -0.375 -1.75 3.1180 0.8319 0.1853 11.3764 4.6881 1.3360
9.00 -0.375 -1.50 3.2259 0.7002 0.1434 7.6409 4.7892 1.7171
9.00 -0.375 -1.25 3.4921 0.6121 0.1031 4.8670 5.0442 2.3223
9.00 -0.375 -1.00 3.8930 0.5715 0.0722 3.0231 5.3569 3.0710
9.00 -0.375 -0.75 4.4139 0.5627 0.0510 1.8863 5.7001 3.8989
9.00 -0.375 -0.50 5.1743 0.5820 0.0386 1.2599 6.2694 5.0086
9.00 -0.250 -2.50 3.6420 0.8344 0.1064 13.3802 6.9868 1.1598
9.00 -0.250 -2.25 3.1911 0.9203 0.1598 15.3473 6.3288 1.0715
9.00 -0.250 -2.00 2.9213 0.9196 0.1972 14.8234 5.9241 1.1072
9.00 -0.250 -1.75 2.8648 0.8146 0.1858 11.5471 5.8159 1.2920
9.00 -0.250 -1.50 2.9775 0.6807 0.1439 7.7830 5.9626 1.6706
9.00 -0.250 -1.25 3.2437 0.5882 0.1031 4.9439 6.3196 2.2757
9.00 -0.250 -1.00 3.6609 0.5475 0.0724 3.0791 6.7966 3.0304
9.00 -0.250 -0.75 4.1837 0.5378 0.0510 1.9158 7.2883 3.8590
9.00 -0.250 -0.50 4.9472 0.5576 0.0386 1.2773 8.0749 4.9623
9.10 -0.750 -2.50 4.1819 0.8510 0.0912 13.5429 2.5034 1.2146
9.10 -0.750 -2.25 3.6042 0.9333 0.1330 15.4902 2.2497 1.1096
9.10 -0.750 -2.00 3.2390 0.9524 0.1692 15.4274 2.0822 1.1386
9.10 -0.750 -1.75 3.1332 0.8624 0.1677 12.3761 2.0244 1.3174
9.10 -0.750 -1.50 3.2324 0.7314 0.1347 8.5548 2.0663 1.7053
9.10 -0.750 -1.25 3.5396 0.6393 0.1004 5.6063 2.1977 2.3581
9.10 -0.750 -1.00 4.0805 0.6026 0.0736 3.5980 2.4018 3.2394
9.10 -0.750 -0.75 4.8902 0.6091 0.0542 2.2928 2.6710 4.2517
9.10 -0.750 -0.50 6.0495 0.6489 0.0418 1.5285 3.0573 5.5500
9.10 -0.625 -2.50 3.9839 0.8325 0.0898 13.4879 3.2362 1.1973
9.10 -0.625 -2.25 3.4345 0.9199 0.1326 15.5380 2.8956 1.0925
9.10 -0.625 -2.00 3.0875 0.9434 0.1698 15.5478 2.6723 1.1172
9.10 -0.625 -1.75 2.9828 0.8517 0.1677 12.4562 2.5910 1.2936
9.10 -0.625 -1.50 3.0869 0.7201 0.1347 8.6237 2.6511 1.6766
9.10 -0.625 -1.25 3.3869 0.6252 0.1000 5.6413 2.8262 2.3288
9.10 -0.625 -1.00 3.9321 0.5878 0.0732 3.6155 3.1102 3.2123
9.10 -0.625 -0.75 4.7537 0.5954 0.0540 2.3036 3.4879 4.2320
9.10 -0.625 -0.50 5.8781 0.6318 0.0415 1.5286 3.9884 5.5107
9.10 -0.500 -2.50 3.7337 0.8077 0.0880 13.3870 4.1359 1.1747
9.10 -0.500 -2.25 3.2311 0.9048 0.1323 15.6214 3.6923 1.0701
9.10 -0.500 -2.00 2.8974 0.9309 0.1702 15.6633 3.3867 1.0906
9.10 -0.500 -1.75 2.7983 0.8404 0.1682 12.5883 3.2784 1.2604
9.10 -0.500 -1.50 2.9019 0.7064 0.1347 8.7189 3.3591 1.6419
9.10 -0.500 -1.25 3.2055 0.6096 0.1000 5.7086 3.6039 2.2932
9.10 -0.500 -1.00 3.7567 0.5711 0.0731 3.6539 4.0040 3.1801
9.10 -0.500 -0.75 4.5698 0.5769 0.0537 2.3233 4.5141 4.1966
9.10 -0.500 -0.50 5.7029 0.6147 0.0415 1.5441 5.2027 5.4794
9.10 -0.375 -2.50 3.4344 0.7787 0.0858 13.2836 5.2237 1.1450
9.10 -0.375 -2.25 2.9743 0.8854 0.1318 15.7108 4.6340 1.0410
9.10 -0.375 -2.00 2.6629 0.9164 0.1708 15.8269 4.2260 1.0568
9.10 -0.375 -1.75 2.5648 0.8250 0.1681 12.7295 4.0720 1.2191
9.10 -0.375 -1.50 2.6729 0.6897 0.1347 8.8426 4.1875 1.5966
9.10 -0.375 -1.25 2.9773 0.5897 0.0998 5.7849 4.5305 2.2470
9.10 -0.375 -1.00 3.5163 0.5475 0.0726 3.6899 5.0716 3.1304
9.10 -0.375 -0.75 4.3468 0.5546 0.0535 2.3488 5.8008 4.1582
9.10 -0.375 -0.50 5.4739 0.5923 0.0414 1.5632 6.7321 5.4319
9.10 -0.250 -2.50 3.0796 0.7438 0.0833 13.1458 6.4886 1.1077
9.10 -0.250 -2.25 2.6703 0.8625 0.1314 15.8183 5.7110 1.0045
9.10 -0.250 -2.00 2.3805 0.8989 0.1714 16.0154 5.1597 1.0138
9.10 -0.250 -1.75 2.2846 0.8077 0.1683 12.9199 4.9451 1.1692
9.10 -0.250 -1.50 2.3910 0.6696 0.1346 8.9998 5.1073 1.5403
9.10 -0.250 -1.25 2.6977 0.5661 0.0996 5.8921 5.5918 2.1860
9.10 -0.250 -1.00 3.2459 0.5225 0.0725 3.7658 6.3678 3.0723
9.10 -0.250 -0.75 4.0618 0.5262 0.0531 2.3835 7.3554 4.0962
9.10 -0.250 -0.50 5.1911 0.5646 0.0412 1.5894 8.6374 5.3728
