#Cloudy 17.00 models results grids
# O/H: 6.9 - 9.1, log N/O: -2.0 - 0.0, log U: -4.0 - -1.5 (O/H vs log U and vs N/O empirically constrained)
# SED: BPASS v.2.1, a = -1.35, M_up = 300 M_sun,, age = 1 Myr
# Plane-parallel geometry
#
#12+log(O/H) log(N/O) log(U) HI_4.05m HI_7.46m SIV_10.5m HI_12.4m NeII_12.8m NeIII_15.5m SIII_18.7m SIII_33.7m OIII_52m NIII_57m OIII_88m NII_121.8m NII_205m
6.90 -1.500 -1.75 0.0559 0.0163 0.0571 0.0060 0.0000 0.0335 0.0124 0.0164 0.0790 0.0029 0.0947 0.0000 0.0000
6.90 -1.625 -1.75 0.0559 0.0163 0.0571 0.0060 0.0000 0.0335 0.0124 0.0164 0.0790 0.0022 0.0947 0.0000 0.0000
6.90 -1.750 -1.75 0.0559 0.0163 0.0571 0.0060 0.0000 0.0335 0.0124 0.0164 0.0790 0.0016 0.0947 0.0000 0.0000
6.90 -1.500 -2.00 0.0571 0.0167 0.0441 0.0062 0.0000 0.0324 0.0144 0.0192 0.0743 0.0033 0.0897 0.0000 0.0000
6.90 -1.625 -2.00 0.0570 0.0167 0.0441 0.0062 0.0000 0.0324 0.0144 0.0192 0.0743 0.0024 0.0897 0.0000 0.0000
6.90 -1.750 -2.00 0.0570 0.0167 0.0441 0.0062 0.0000 0.0324 0.0144 0.0192 0.0743 0.0018 0.0897 0.0000 0.0000
6.90 -1.500 -2.25 0.0581 0.0171 0.0304 0.0063 0.0011 0.0313 0.0160 0.0217 0.0688 0.0034 0.0835 0.0000 0.0000
6.90 -1.750 -2.25 0.0581 0.0171 0.0304 0.0063 0.0011 0.0313 0.0160 0.0217 0.0688 0.0019 0.0835 0.0000 0.0000
7.00 -1.500 -1.75 0.0562 0.0164 0.0711 0.0060 0.0000 0.0266 0.0159 0.0210 0.0994 0.0038 0.1190 0.0000 0.0000
7.00 -1.675 -1.75 0.0566 0.0166 0.0716 0.0061 0.0000 0.0265 0.0157 0.0209 0.0989 0.0025 0.1185 0.0000 0.0000
7.00 -1.750 -1.75 0.0561 0.0164 0.0711 0.0060 0.0000 0.0266 0.0159 0.0211 0.0995 0.0021 0.1191 0.0000 0.0000
7.00 -1.675 -2.00 0.0576 0.0169 0.0547 0.0062 0.0000 0.0257 0.0183 0.0245 0.0932 0.0028 0.1125 0.0000 0.0000
7.00 -1.750 -2.00 0.0573 0.0168 0.0545 0.0062 0.0000 0.0258 0.0184 0.0246 0.0935 0.0024 0.1128 0.0000 0.0000
7.00 -1.500 -2.25 0.0583 0.0172 0.0374 0.0063 0.0000 0.0248 0.0204 0.0276 0.0865 0.0044 0.1050 0.0000 0.0000
7.00 -1.675 -2.25 0.0585 0.0172 0.0374 0.0063 0.0000 0.0248 0.0203 0.0276 0.0863 0.0029 0.1048 0.0000 0.0000
7.00 -1.750 -2.25 0.0583 0.0172 0.0374 0.0063 0.0000 0.0248 0.0204 0.0276 0.0865 0.0025 0.1050 0.0000 0.0000
7.10 -1.500 -1.75 0.0568 0.0166 0.0889 0.0061 0.0000 0.0334 0.0201 0.0268 0.1244 0.0049 0.1490 0.0000 0.0000
7.10 -1.625 -1.75 0.0568 0.0166 0.0889 0.0061 0.0000 0.0334 0.0201 0.0268 0.1244 0.0036 0.1490 0.0000 0.0000
7.10 -1.750 -1.75 0.0568 0.0166 0.0889 0.0061 0.0000 0.0334 0.0201 0.0268 0.1244 0.0027 0.1490 0.0000 0.0000
7.10 -1.500 -2.00 0.0578 0.0170 0.0675 0.0063 0.0000 0.0324 0.0233 0.0313 0.1172 0.0053 0.1414 0.0000 0.0000
7.10 -1.625 -2.00 0.0578 0.0170 0.0675 0.0063 0.0000 0.0324 0.0233 0.0313 0.1172 0.0040 0.1414 0.0000 0.0000
7.10 -1.750 -2.00 0.0578 0.0170 0.0675 0.0063 0.0000 0.0324 0.0233 0.0313 0.1172 0.0030 0.1414 0.0000 0.0000
7.10 -1.500 -2.25 0.0587 0.0173 0.0459 0.0064 0.0012 0.0312 0.0258 0.0351 0.1085 0.0056 0.1317 0.0000 0.0000
7.10 -1.750 -2.25 0.0587 0.0173 0.0459 0.0064 0.0012 0.0312 0.0258 0.0351 0.1085 0.0031 0.1317 0.0000 0.0000
7.20 -1.500 -1.75 0.0569 0.0167 0.1102 0.0061 0.0000 0.0421 0.0259 0.0344 0.1569 0.0062 0.1875 0.0000 0.0000
7.20 -1.625 -1.75 0.0568 0.0167 0.1102 0.0061 0.0000 0.0421 0.0259 0.0344 0.1570 0.0047 0.1875 0.0000 0.0000
7.20 -1.750 -1.75 0.0568 0.0167 0.1102 0.0061 0.0000 0.0421 0.0259 0.0344 0.1570 0.0035 0.1876 0.0000 0.0000
7.20 -1.500 -2.00 0.0579 0.0170 0.0833 0.0063 0.0012 0.0407 0.0298 0.0400 0.1476 0.0068 0.1778 0.0000 0.0000
7.20 -1.750 -2.00 0.0578 0.0170 0.0832 0.0063 0.0012 0.0408 0.0298 0.0400 0.1477 0.0038 0.1779 0.0000 0.0000
7.20 -1.500 -2.25 0.0588 0.0174 0.0563 0.0064 0.0016 0.0393 0.0329 0.0447 0.1365 0.0071 0.1656 0.0000 0.0000
7.20 -1.625 -2.25 0.0588 0.0174 0.0563 0.0064 0.0016 0.0393 0.0329 0.0447 0.1365 0.0053 0.1656 0.0000 0.0000
7.20 -1.750 -2.25 0.0588 0.0174 0.0563 0.0064 0.0016 0.0393 0.0329 0.0447 0.1366 0.0040 0.1656 0.0000 0.0000
7.30 -1.500 -1.75 0.0573 0.0168 0.1373 0.0062 0.0012 0.0528 0.0329 0.0439 0.1967 0.0080 0.2347 0.0000 0.0000
7.30 -1.500 -2.00 0.0582 0.0172 0.1029 0.0063 0.0015 0.0512 0.0378 0.0510 0.1852 0.0087 0.2228 0.0000 0.0000
7.30 -1.625 -2.00 0.0582 0.0172 0.1029 0.0063 0.0015 0.0512 0.0378 0.0510 0.1853 0.0065 0.2228 0.0000 0.0000
7.30 -1.750 -2.00 0.0582 0.0172 0.1029 0.0063 0.0015 0.0512 0.0378 0.0510 0.1853 0.0049 0.2229 0.0000 0.0000
7.30 -1.625 -2.25 0.0591 0.0175 0.0692 0.0064 0.0013 0.0493 0.0416 0.0568 0.1713 0.0068 0.2076 0.0000 0.0000
7.30 -1.750 -2.25 0.0591 0.0175 0.0692 0.0064 0.0013 0.0493 0.0416 0.0568 0.1713 0.0051 0.2076 0.0000 0.0000
7.40 -1.500 -1.75 0.0581 0.0172 0.1714 0.0063 0.0016 0.0660 0.0412 0.0554 0.2441 0.0102 0.2910 0.0000 0.0000
7.40 -1.500 -2.00 0.0589 0.0174 0.1274 0.0064 0.0011 0.0640 0.0475 0.0645 0.2305 0.0111 0.2772 0.0000 0.0000
7.40 -1.625 -2.00 0.0589 0.0174 0.1274 0.0064 0.0011 0.0640 0.0475 0.0645 0.2305 0.0083 0.2772 0.0000 0.0000
7.40 -1.750 -2.00 0.0589 0.0174 0.1274 0.0064 0.0011 0.0640 0.0475 0.0645 0.2305 0.0062 0.2772 0.0000 0.0000
7.40 -1.625 -2.25 0.0597 0.0177 0.0849 0.0065 0.0017 0.0616 0.0524 0.0718 0.2136 0.0085 0.2588 0.0000 0.0000
7.40 -1.750 -2.25 0.0597 0.0177 0.0849 0.0065 0.0017 0.0616 0.0524 0.0718 0.2136 0.0064 0.2588 0.0000 0.0000
7.50 -1.500 -1.75 0.0583 0.0172 0.2124 0.0063 0.0021 0.0830 0.0526 0.0708 0.3074 0.0131 0.3649 0.0000 0.0000
7.50 -1.625 -1.75 0.0582 0.0172 0.2124 0.0063 0.0021 0.0830 0.0527 0.0709 0.3077 0.0098 0.3652 0.0000 0.0000
7.50 -1.750 -1.75 0.0582 0.0172 0.2123 0.0063 0.0021 0.0831 0.0528 0.0709 0.3079 0.0074 0.3654 0.0000 0.0000
7.50 -1.500 -2.00 0.0591 0.0175 0.1570 0.0064 0.0015 0.0804 0.0605 0.0821 0.2896 0.0141 0.3473 0.0000 0.0000
7.50 -1.500 -2.25 0.0599 0.0178 0.1040 0.0065 0.0022 0.0773 0.0663 0.0910 0.2679 0.0144 0.3242 0.0000 0.0000
7.50 -1.625 -2.25 0.0599 0.0178 0.1041 0.0065 0.0022 0.0774 0.0663 0.0911 0.2681 0.0108 0.3243 0.0000 0.0000
7.50 -1.750 -2.25 0.0599 0.0178 0.1041 0.0065 0.0022 0.0774 0.0664 0.0911 0.2681 0.0081 0.3244 0.0000 0.0000
7.60 -1.500 -2.00 0.0597 0.0177 0.1930 0.0065 0.0019 0.1004 0.0762 0.1040 0.3607 0.0178 0.4315 0.0000 0.0000
7.60 -1.625 -2.00 0.0596 0.0177 0.1930 0.0065 0.0019 0.1004 0.0763 0.1041 0.3610 0.0134 0.4318 0.0000 0.0000
7.60 -1.750 -2.00 0.0596 0.0177 0.1929 0.0065 0.0019 0.1005 0.0763 0.1041 0.3612 0.0100 0.4320 0.0000 0.0000
7.60 -1.500 -2.25 0.0604 0.0180 0.1268 0.0066 0.0030 0.0965 0.0834 0.1151 0.3338 0.0182 0.4033 0.0000 0.0000
7.60 -1.500 -2.50 0.0612 0.0182 0.0734 0.0067 0.0047 0.0919 0.0866 0.1207 0.2987 0.0174 0.3640 0.0011 0.0000
7.60 -1.625 -2.50 0.0612 0.0182 0.0735 0.0067 0.0047 0.0920 0.0866 0.1208 0.2989 0.0131 0.3641 0.0000 0.0000
7.60 -1.750 -2.50 0.0612 0.0182 0.0735 0.0067 0.0047 0.0920 0.0866 0.1208 0.2990 0.0098 0.3642 0.0000 0.0000
7.70 -1.625 -2.00 0.0603 0.0180 0.2353 0.0066 0.0026 0.1249 0.0959 0.1317 0.4477 0.0169 0.5339 0.0000 0.0000
7.70 -1.750 -2.00 0.0603 0.0179 0.2353 0.0066 0.0026 0.1250 0.0960 0.1318 0.4480 0.0127 0.5342 0.0000 0.0000
7.70 -1.500 -2.25 0.0610 0.0182 0.1529 0.0067 0.0039 0.1200 0.1047 0.1452 0.4141 0.0228 0.4995 0.0010 0.0000
7.70 -1.625 -2.25 0.0610 0.0182 0.1529 0.0067 0.0039 0.1201 0.1047 0.1453 0.4143 0.0171 0.4998 0.0000 0.0000
7.70 -1.750 -2.25 0.0610 0.0182 0.1530 0.0067 0.0039 0.1202 0.1048 0.1453 0.4146 0.0128 0.5000 0.0000 0.0000
7.70 -1.625 -2.50 0.0617 0.0184 0.0879 0.0068 0.0062 0.1143 0.1084 0.1520 0.3706 0.0164 0.4512 0.0010 0.0000
7.70 -1.750 -2.50 0.0617 0.0184 0.0879 0.0068 0.0062 0.1143 0.1084 0.1521 0.3707 0.0123 0.4513 0.0000 0.0000
7.80 -1.625 -2.00 0.0610 0.0182 0.2851 0.0067 0.0034 0.1547 0.1199 0.1659 0.5527 0.0213 0.6565 0.0000 0.0000
7.80 -1.750 -2.00 0.0610 0.0182 0.2852 0.0067 0.0034 0.1548 0.1200 0.1660 0.5531 0.0160 0.6569 0.0000 0.0000
7.80 -1.500 -2.25 0.0617 0.0184 0.1835 0.0068 0.0052 0.1487 0.1305 0.1825 0.5114 0.0285 0.6153 0.0013 0.0000
7.80 -1.625 -2.25 0.0617 0.0184 0.1836 0.0068 0.0052 0.1488 0.1306 0.1826 0.5118 0.0214 0.6158 0.0000 0.0000
7.80 -1.750 -2.25 0.0617 0.0184 0.1836 0.0068 0.0052 0.1488 0.1307 0.1827 0.5121 0.0161 0.6161 0.0000 0.0000
7.80 -1.625 -2.50 0.0624 0.0187 0.1048 0.0069 0.0083 0.1415 0.1349 0.1907 0.4574 0.0204 0.5563 0.0013 0.0000
7.80 -1.750 -2.50 0.0623 0.0187 0.1048 0.0069 0.0083 0.1416 0.1350 0.1907 0.4576 0.0153 0.5565 0.0000 0.0000
7.90 -1.500 -2.25 0.0625 0.0187 0.2186 0.0069 0.0070 0.1831 0.1615 0.2282 0.6275 0.0355 0.7527 0.0010 0.0000
7.90 -1.500 -2.50 0.0632 0.0189 0.1239 0.0070 0.0111 0.1741 0.1666 0.2378 0.5605 0.0337 0.6806 0.0015 0.0000
7.90 -1.625 -2.50 0.0631 0.0189 0.1239 0.0070 0.0111 0.1742 0.1668 0.2379 0.5609 0.0253 0.6811 0.0011 0.0000
7.90 -1.750 -2.50 0.0631 0.0189 0.1240 0.0070 0.0111 0.1743 0.1668 0.2380 0.5612 0.0190 0.6813 0.0012 0.0000
7.90 -1.500 -2.75 0.0638 0.0191 0.0618 0.0070 0.0177 0.1623 0.1631 0.2350 0.4684 0.0298 0.5739 0.0023 0.0000
7.90 -1.625 -2.75 0.0637 0.0191 0.0618 0.0070 0.0177 0.1624 0.1632 0.2351 0.4686 0.0224 0.5742 0.0017 0.0000
8.00 -1.250 -2.25 0.0636 0.0191 0.2573 0.0070 0.0094 0.2235 0.1979 0.2832 0.7631 0.0779 0.9113 0.0022 0.0011
8.00 -1.375 -2.25 0.0635 0.0191 0.2576 0.0070 0.0094 0.2238 0.1983 0.2836 0.7642 0.0585 0.9126 0.0017 0.0000
8.00 -1.625 -2.25 0.0635 0.0191 0.2580 0.0070 0.0094 0.2242 0.1987 0.2840 0.7657 0.0330 0.9143 0.0015 0.0000
8.00 -1.750 -2.25 0.0634 0.0191 0.2581 0.0070 0.0094 0.2243 0.1988 0.2841 0.7662 0.0247 0.9148 0.0011 0.0000
8.00 -1.250 -2.50 0.0641 0.0193 0.1445 0.0071 0.0149 0.2124 0.2039 0.2945 0.6811 0.0737 0.8252 0.0033 0.0011
8.00 -1.375 -2.50 0.0641 0.0193 0.1447 0.0071 0.0149 0.2127 0.2042 0.2948 0.6820 0.0554 0.8262 0.0025 0.0011
8.00 -1.500 -2.50 0.0641 0.0193 0.1449 0.0071 0.0149 0.2128 0.2045 0.2950 0.6827 0.0415 0.8270 0.0019 0.0000
8.00 -1.625 -2.50 0.0640 0.0193 0.1449 0.0071 0.0149 0.2130 0.2046 0.2952 0.6832 0.0312 0.8276 0.0014 0.0000
8.00 -1.750 -2.50 0.0640 0.0193 0.1450 0.0071 0.0149 0.2131 0.2047 0.2953 0.6835 0.0234 0.8280 0.0011 0.0000
8.00 -1.250 -2.75 0.0647 0.0195 0.0716 0.0072 0.0238 0.1976 0.1995 0.2907 0.5676 0.0650 0.6949 0.0051 0.0016
8.00 -1.375 -2.75 0.0646 0.0195 0.0717 0.0072 0.0237 0.1978 0.1998 0.2909 0.5682 0.0488 0.6957 0.0038 0.0012
8.00 -1.625 -2.75 0.0646 0.0194 0.0718 0.0071 0.0237 0.1981 0.2001 0.2913 0.5691 0.0275 0.6967 0.0022 0.0000
8.00 -1.750 -2.75 0.0646 0.0194 0.0719 0.0071 0.0237 0.1981 0.2002 0.2914 0.5694 0.0206 0.6971 0.0016 0.0000
8.10 -1.250 -2.50 0.0651 0.0196 0.1678 0.0072 0.0200 0.2579 0.2485 0.3634 0.8238 0.0905 0.9946 0.0042 0.0013
8.10 -1.375 -2.50 0.0651 0.0196 0.1681 0.0072 0.0200 0.2583 0.2488 0.3638 0.8249 0.0679 0.9958 0.0031 0.0013
8.10 -1.500 -2.50 0.0651 0.0196 0.1682 0.0072 0.0200 0.2585 0.2491 0.3641 0.8257 0.0510 0.9968 0.0023 0.0010
8.10 -1.500 -2.75 0.0656 0.0198 0.0828 0.0073 0.0317 0.2397 0.2437 0.3589 0.6850 0.0447 0.8373 0.0036 0.0011
8.10 -1.625 -2.75 0.0655 0.0198 0.0828 0.0073 0.0316 0.2398 0.2439 0.3591 0.6856 0.0336 0.8380 0.0027 0.0011
8.10 -1.750 -2.75 0.0655 0.0198 0.0829 0.0073 0.0316 0.2399 0.2440 0.3592 0.6859 0.0252 0.8384 0.0020 0.0000
8.10 -1.250 -3.00 0.0661 0.0200 0.0357 0.0073 0.0491 0.2139 0.2260 0.3357 0.5003 0.0621 0.6166 0.0095 0.0030
8.10 -1.375 -3.00 0.0660 0.0199 0.0357 0.0073 0.0491 0.2142 0.2263 0.3360 0.5010 0.0467 0.6175 0.0072 0.0022
8.10 -1.500 -3.00 0.0660 0.0199 0.0358 0.0073 0.0490 0.2145 0.2266 0.3363 0.5016 0.0350 0.6182 0.0054 0.0017
8.10 -1.750 -3.00 0.0660 0.0199 0.0358 0.0073 0.0490 0.2147 0.2269 0.3367 0.5023 0.0197 0.6190 0.0030 0.0011
8.20 -1.000 -2.50 0.0664 0.0201 0.1890 0.0074 0.0274 0.3091 0.3000 0.4457 0.9839 0.1957 1.1819 0.0092 0.0029
8.20 -1.125 -2.50 0.0663 0.0200 0.1894 0.0074 0.0273 0.3098 0.3009 0.4465 0.9861 0.1470 1.1846 0.0069 0.0022
8.20 -1.500 -2.50 0.0662 0.0200 0.1902 0.0074 0.0273 0.3110 0.3022 0.4479 0.9900 0.0622 1.1893 0.0029 0.0012
8.20 -1.000 -2.75 0.0668 0.0202 0.0920 0.0074 0.0431 0.2847 0.2930 0.4382 0.8101 0.1702 0.9877 0.0141 0.0044
8.20 -1.125 -2.75 0.0667 0.0202 0.0922 0.0074 0.0431 0.2854 0.2938 0.4391 0.8121 0.1279 0.9901 0.0106 0.0033
8.20 -1.250 -2.75 0.0667 0.0202 0.0924 0.0074 0.0430 0.2859 0.2944 0.4397 0.8136 0.0961 0.9919 0.0080 0.0025
8.20 -1.375 -2.75 0.0667 0.0202 0.0926 0.0074 0.0430 0.2863 0.2949 0.4402 0.8147 0.0721 0.9933 0.0060 0.0019
8.20 -1.500 -2.75 0.0666 0.0201 0.0927 0.0074 0.0430 0.2866 0.2952 0.4406 0.8156 0.0541 0.9943 0.0045 0.0014
8.20 -1.000 -3.00 0.0672 0.0204 0.0394 0.0075 0.0659 0.2523 0.2723 0.4101 0.5862 0.1316 0.7216 0.0211 0.0066
8.20 -1.125 -3.00 0.0671 0.0203 0.0396 0.0075 0.0659 0.2530 0.2732 0.4111 0.5879 0.0990 0.7237 0.0159 0.0049
8.20 -1.250 -3.00 0.0671 0.0203 0.0397 0.0075 0.0659 0.2535 0.2739 0.4118 0.5892 0.0744 0.7252 0.0119 0.0037
8.20 -1.500 -3.00 0.0670 0.0203 0.0398 0.0075 0.0659 0.2542 0.2747 0.4127 0.5909 0.0420 0.7274 0.0067 0.0021
8.30 -1.000 -2.50 0.0677 0.0205 0.2038 0.0076 0.0389 0.3654 0.3611 0.5453 1.1632 0.2357 1.3877 0.0116 0.0036
8.30 -1.125 -2.50 0.0677 0.0205 0.2043 0.0075 0.0389 0.3663 0.3621 0.5464 1.1658 0.1771 1.3910 0.0087 0.0027
8.30 -1.250 -2.50 0.0676 0.0205 0.2047 0.0075 0.0388 0.3669 0.3629 0.5472 1.1678 0.1330 1.3934 0.0065 0.0020
8.30 -1.375 -2.50 0.0676 0.0205 0.2050 0.0075 0.0388 0.3675 0.3634 0.5478 1.1694 0.0999 1.3953 0.0049 0.0015
8.30 -1.125 -2.75 0.0680 0.0206 0.0982 0.0076 0.0606 0.3335 0.3523 0.5348 0.9484 0.1521 1.1516 0.0133 0.0041
8.30 -1.250 -2.75 0.0680 0.0206 0.0984 0.0076 0.0605 0.3342 0.3531 0.5358 0.9503 0.1143 1.1540 0.0100 0.0031
8.30 -1.375 -2.75 0.0679 0.0206 0.0986 0.0076 0.0605 0.3347 0.3537 0.5364 0.9517 0.0858 1.1557 0.0075 0.0023
8.30 -1.500 -2.75 0.0679 0.0206 0.0988 0.0076 0.0605 0.3351 0.3542 0.5369 0.9528 0.0644 1.1571 0.0056 0.0017
8.30 -1.000 -3.00 0.0685 0.0208 0.0415 0.0076 0.0911 0.2896 0.3257 0.4977 0.6717 0.1536 0.8249 0.0264 0.0081
8.30 -1.125 -3.00 0.0684 0.0207 0.0417 0.0076 0.0911 0.2906 0.3269 0.4991 0.6739 0.1155 0.8277 0.0198 0.0061
8.30 -1.250 -3.00 0.0683 0.0207 0.0418 0.0076 0.0911 0.2914 0.3278 0.5001 0.6756 0.0869 0.8298 0.0149 0.0046
8.30 -1.375 -3.00 0.0683 0.0207 0.0419 0.0076 0.0911 0.2920 0.3285 0.5009 0.6769 0.0653 0.8314 0.0112 0.0035
8.40 -1.000 -2.50 0.0692 0.0210 0.2130 0.0077 0.0566 0.4258 0.4330 0.6640 1.3610 0.2824 1.6092 0.0144 0.0044
8.40 -1.125 -2.50 0.0691 0.0210 0.2136 0.0077 0.0565 0.4270 0.4342 0.6654 1.3643 0.2123 1.6133 0.0108 0.0033
8.40 -1.250 -2.50 0.0690 0.0210 0.2141 0.0077 0.0564 0.4279 0.4351 0.6665 1.3668 0.1595 1.6164 0.0081 0.0025
8.40 -1.375 -2.50 0.0690 0.0210 0.2145 0.0077 0.0563 0.4286 0.4358 0.6673 1.3686 0.1197 1.6187 0.0061 0.0019
8.40 -1.250 -2.75 0.0693 0.0211 0.1015 0.0078 0.0866 0.3832 0.4215 0.6488 1.0936 0.1352 1.3209 0.0125 0.0038
8.40 -1.375 -2.75 0.0693 0.0211 0.1017 0.0077 0.0866 0.3839 0.4223 0.6497 1.0954 0.1016 1.3232 0.0094 0.0029
8.40 -1.500 -2.75 0.0693 0.0210 0.1019 0.0077 0.0865 0.3845 0.4229 0.6504 1.0968 0.0763 1.3249 0.0070 0.0022
8.40 -1.000 -3.00 0.0698 0.0212 0.0423 0.0078 0.1272 0.3242 0.3872 0.5996 0.7542 0.1782 0.9231 0.0327 0.0100
8.40 -1.125 -3.00 0.0697 0.0212 0.0425 0.0078 0.1271 0.3256 0.3888 0.6016 0.7570 0.1342 0.9267 0.0246 0.0075
8.40 -1.250 -3.00 0.0696 0.0212 0.0427 0.0078 0.1271 0.3267 0.3901 0.6031 0.7592 0.1009 0.9295 0.0185 0.0057
8.40 -1.375 -3.00 0.0696 0.0211 0.0428 0.0078 0.1271 0.3275 0.3910 0.6043 0.7609 0.0759 0.9316 0.0139 0.0043
8.50 -1.000 -2.50 0.0708 0.0216 0.2029 0.0079 0.0881 0.4806 0.5158 0.8035 1.5477 0.3336 1.8101 0.0180 0.0055
8.50 -1.125 -2.50 0.0708 0.0215 0.2037 0.0079 0.0879 0.4821 0.5174 0.8055 1.5520 0.2508 1.8153 0.0136 0.0041
8.50 -1.500 -2.50 0.0706 0.0215 0.2050 0.0079 0.0876 0.4848 0.5203 0.8089 1.5595 0.1063 1.8246 0.0057 0.0018
8.50 -1.000 -2.75 0.0711 0.0217 0.0944 0.0080 0.1309 0.4173 0.4952 0.7747 1.2014 0.2774 1.4408 0.0276 0.0084
8.50 -1.125 -2.75 0.0710 0.0216 0.0949 0.0080 0.1308 0.4190 0.4971 0.7772 1.2056 0.2088 1.4462 0.0208 0.0063
8.50 -1.250 -2.75 0.0710 0.0216 0.0952 0.0080 0.1307 0.4202 0.4986 0.7790 1.2087 0.1570 1.4501 0.0156 0.0047
8.50 -1.375 -2.75 0.0709 0.0216 0.0955 0.0080 0.1307 0.4212 0.4997 0.7803 1.2111 0.1179 1.4531 0.0117 0.0036
8.50 -1.500 -2.75 0.0709 0.0216 0.0957 0.0079 0.1306 0.4219 0.5005 0.7814 1.2129 0.0886 1.4554 0.0088 0.0027
8.50 -1.000 -3.00 0.0714 0.0218 0.0391 0.0080 0.1838 0.3420 0.4544 0.7139 0.8003 0.2011 0.9749 0.0402 0.0122
8.50 -1.125 -3.00 0.0713 0.0217 0.0394 0.0080 0.1839 0.3437 0.4566 0.7167 0.8038 0.1516 0.9794 0.0303 0.0092
8.50 -1.500 -3.00 0.0711 0.0217 0.0398 0.0080 0.1840 0.3467 0.4606 0.7218 0.8102 0.0645 0.9876 0.0129 0.0039
8.60 -0.750 -2.50 0.0729 0.0223 0.1699 0.0082 0.1470 0.5084 0.6051 0.9595 1.6721 0.6789 1.9305 0.0408 0.0122
8.60 -0.875 -2.50 0.0728 0.0222 0.1714 0.0082 0.1465 0.5122 0.6091 0.9646 1.6825 0.5124 1.9434 0.0308 0.0092
8.60 -1.000 -2.50 0.0726 0.0222 0.1726 0.0082 0.1461 0.5150 0.6121 0.9685 1.6903 0.3861 1.9531 0.0232 0.0070
8.60 -1.125 -2.50 0.0726 0.0222 0.1735 0.0082 0.1458 0.5172 0.6145 0.9714 1.6963 0.2906 1.9605 0.0174 0.0052
8.60 -1.250 -2.50 0.0725 0.0221 0.1741 0.0082 0.1456 0.5188 0.6162 0.9737 1.7008 0.2185 1.9661 0.0131 0.0039
8.60 -0.875 -2.75 0.0730 0.0223 0.0784 0.0082 0.2057 0.4228 0.5787 0.9198 1.2449 0.4142 1.4809 0.0466 0.0139
8.60 -1.000 -2.75 0.0729 0.0223 0.0790 0.0082 0.2056 0.4257 0.5823 0.9245 1.2522 0.3125 1.4903 0.0351 0.0105
8.60 -1.125 -2.75 0.0727 0.0222 0.0795 0.0082 0.2055 0.4280 0.5850 0.9280 1.2578 0.2354 1.4974 0.0264 0.0079
8.60 -0.750 -3.00 0.0735 0.0225 0.0316 0.0083 0.2698 0.3241 0.5197 0.8311 0.7734 0.3800 0.9354 0.0878 0.0263
8.60 -0.875 -3.00 0.0733 0.0224 0.0320 0.0083 0.2703 0.3277 0.5250 0.8381 0.7809 0.2880 0.9452 0.0664 0.0199
8.60 -1.000 -3.00 0.0731 0.0223 0.0323 0.0082 0.2707 0.3304 0.5291 0.8435 0.7865 0.2177 0.9525 0.0501 0.0150
8.60 -1.125 -3.00 0.0730 0.0223 0.0326 0.0082 0.2710 0.3324 0.5323 0.8477 0.7909 0.1643 0.9583 0.0377 0.0113
8.60 -1.250 -3.00 0.0729 0.0223 0.0328 0.0082 0.2712 0.3340 0.5346 0.8508 0.7942 0.1238 0.9625 0.0284 0.0085
8.70 -0.750 -2.50 0.0750 0.0230 0.1427 0.0085 0.2316 0.5203 0.7094 1.1429 1.7765 0.7737 2.0224 0.0522 0.0154
8.70 -1.250 -2.50 0.0744 0.0228 0.1478 0.0084 0.2299 0.5351 0.7257 1.1641 1.8177 0.2505 2.0733 0.0167 0.0050
8.70 -0.750 -2.75 0.0752 0.0230 0.0643 0.0085 0.3040 0.4074 0.6662 1.0775 1.2475 0.6059 1.4690 0.0777 0.0229
8.70 -0.875 -2.75 0.0750 0.0230 0.0653 0.0085 0.3042 0.4125 0.6730 1.0866 1.2605 0.4592 1.4856 0.0586 0.0173
8.70 -1.000 -2.75 0.0748 0.0229 0.0660 0.0085 0.3043 0.4163 0.6781 1.0934 1.2703 0.3472 1.4981 0.0442 0.0131
8.70 -1.125 -2.75 0.0747 0.0229 0.0666 0.0084 0.3044 0.4192 0.6820 1.0986 1.2778 0.2619 1.5076 0.0333 0.0098
8.70 -1.250 -2.75 0.0746 0.0228 0.0670 0.0084 0.3046 0.4214 0.6849 1.1025 1.2833 0.1973 1.5146 0.0250 0.0074
8.70 -0.750 -3.00 0.0756 0.0232 0.0258 0.0086 0.3732 0.2988 0.5949 0.9673 0.7367 0.4014 0.8836 0.1075 0.0317
8.70 -1.000 -3.00 0.0752 0.0230 0.0266 0.0085 0.3755 0.3066 0.6079 0.9851 0.7524 0.2311 0.9041 0.0614 0.0182
8.70 -1.250 -3.00 0.0749 0.0229 0.0270 0.0085 0.3770 0.3112 0.6156 0.9954 0.7610 0.1317 0.9156 0.0348 0.0103
8.80 -0.500 -2.75 0.0785 0.0242 0.0446 0.0089 0.4356 0.3287 0.7306 1.2050 1.1051 1.0731 1.2829 0.1747 0.0501
8.80 -0.625 -2.75 0.0780 0.0240 0.0464 0.0089 0.4381 0.3396 0.7471 1.2291 1.1344 0.8264 1.3199 0.1325 0.0382
8.80 -0.750 -2.75 0.0776 0.0239 0.0478 0.0088 0.4398 0.3482 0.7599 1.2476 1.1573 0.6323 1.3489 0.1002 0.0290
8.80 -0.875 -2.75 0.0773 0.0238 0.0488 0.0088 0.4412 0.3547 0.7698 1.2618 1.1747 0.4813 1.3708 0.0756 0.0219
8.80 -1.000 -2.75 0.0771 0.0237 0.0496 0.0088 0.4423 0.3595 0.7773 1.2726 1.1877 0.3651 1.3873 0.0570 0.0166
8.80 -0.625 -3.00 0.0787 0.0242 0.0181 0.0090 0.4969 0.2346 0.6506 1.0767 0.6263 0.5094 0.7415 0.1743 0.0503
8.80 -0.750 -3.00 0.0783 0.0241 0.0187 0.0089 0.5007 0.2408 0.6631 1.0954 0.6394 0.3909 0.7586 0.1323 0.0383
8.80 -0.500 -3.25 0.0806 0.0249 0.0056 0.0092 0.5289 0.1461 0.5093 0.8517 0.2759 0.3156 0.3270 0.2693 0.0777
8.80 -0.625 -3.25 0.0801 0.0247 0.0059 0.0091 0.5351 0.1508 0.5217 0.8707 0.2826 0.2439 0.3359 0.2050 0.0594
8.80 -0.750 -3.25 0.0797 0.0246 0.0061 0.0091 0.5402 0.1547 0.5319 0.8863 0.2881 0.1874 0.3431 0.1556 0.0453
8.80 -0.875 -3.25 0.0794 0.0245 0.0062 0.0091 0.5442 0.1578 0.5400 0.8986 0.2925 0.1432 0.3489 0.1178 0.0344
8.80 -1.000 -3.25 0.0791 0.0244 0.0064 0.0090 0.5472 0.1602 0.5466 0.9086 0.2960 0.1090 0.3535 0.0891 0.0260
8.90 -0.500 -2.75 0.0819 0.0253 0.0271 0.0094 0.5867 0.2295 0.7980 1.3341 0.8475 1.0214 0.9715 0.2244 0.0622
8.90 -0.875 -2.75 0.0805 0.0248 0.0318 0.0092 0.6032 0.2539 0.8499 1.4127 0.9618 0.4722 1.1095 0.0965 0.0272
8.90 -1.000 -2.75 0.0802 0.0247 0.0325 0.0092 0.6064 0.2587 0.8606 1.4288 0.9771 0.3598 1.1286 0.0727 0.0206
8.90 -0.500 -3.00 0.0831 0.0257 0.0104 0.0095 0.6161 0.1513 0.6706 1.1293 0.4460 0.5790 0.5177 0.2765 0.0765
8.90 -0.625 -3.00 0.0825 0.0256 0.0110 0.0095 0.6245 0.1575 0.6885 1.1568 0.4629 0.4505 0.5390 0.2102 0.0585
8.90 -0.750 -3.00 0.0820 0.0254 0.0114 0.0094 0.6311 0.1624 0.7032 1.1793 0.4757 0.3477 0.5552 0.1593 0.0446
8.90 -0.875 -3.00 0.0817 0.0253 0.0118 0.0094 0.6364 0.1664 0.7148 1.1970 0.4867 0.2666 0.5691 0.1205 0.0339
8.90 -1.000 -3.00 0.0814 0.0252 0.0121 0.0093 0.6405 0.1695 0.7239 1.2108 0.4964 0.2036 0.5813 0.0909 0.0256
8.90 -0.500 -3.25 0.0847 0.0263 0.0032 0.0098 0.6263 0.0928 0.5194 0.8840 0.1965 0.2574 0.2281 0.3084 0.0854
8.90 -0.625 -3.25 0.0843 0.0262 0.0033 0.0097 0.6344 0.0961 0.5314 0.9027 0.2014 0.1990 0.2344 0.2345 0.0653
8.90 -0.875 -3.25 0.0836 0.0259 0.0036 0.0096 0.6459 0.1007 0.5489 0.9299 0.2086 0.1168 0.2437 0.1344 0.0377
8.90 -1.000 -3.25 0.0834 0.0259 0.0036 0.0096 0.6498 0.1023 0.5551 0.9394 0.2111 0.0888 0.2469 0.1015 0.0286
9.00 -0.250 -2.75 0.0821 0.0243 0.0321 0.0090 0.6305 0.2161 0.9021 1.5337 1.0915 2.6999 1.2485 0.3097 0.0812
9.00 -0.375 -2.75 0.0828 0.0255 0.0321 0.0095 0.6267 0.2129 0.8993 1.5253 1.0786 2.0104 1.2365 0.2297 0.0605
9.00 -0.500 -2.75 0.0847 0.0262 0.0320 0.0098 0.6706 0.2152 0.9512 1.6124 1.0896 1.5619 1.2481 0.1875 0.0495
9.00 -0.625 -2.75 0.0848 0.0263 0.0309 0.0098 0.6803 0.2098 0.9588 1.6229 1.0586 1.1598 1.2115 0.1446 0.0382
9.00 -0.750 -2.75 0.0848 0.0264 0.0156 0.0098 0.7543 0.1394 0.8845 1.4954 0.5911 0.5485 0.6721 0.1616 0.0436
9.00 -0.250 -3.00 0.0804 0.0238 0.0117 0.0088 0.6509 0.1240 0.7682 1.3095 0.5499 1.5664 0.6285 0.4327 0.1133
9.00 -0.375 -3.00 0.0902 0.0279 0.0133 0.0104 0.7478 0.1396 0.8813 1.5004 0.6171 1.3289 0.7070 0.3744 0.0984
9.00 -0.625 -3.00 0.0838 0.0259 0.0131 0.0096 0.7064 0.1348 0.8438 1.4306 0.5909 0.7188 0.6811 0.1982 0.0525
9.00 -0.750 -3.00 0.0839 0.0260 0.0134 0.0097 0.7166 0.1372 0.8589 1.4543 0.6001 0.5487 0.6929 0.1507 0.0400
9.00 -0.250 -3.25 0.0790 0.0234 0.0034 0.0087 0.6244 0.0638 0.5794 0.9954 0.2275 0.6784 0.2585 0.4986 0.1296
9.00 -0.375 -3.25 0.0784 0.0232 0.0036 0.0086 0.6390 0.0671 0.6004 1.0284 0.2358 0.5297 0.2692 0.3824 0.1000
9.00 -0.500 -3.25 0.0780 0.0230 0.0038 0.0085 0.6506 0.0698 0.6176 1.0554 0.2425 0.4102 0.2780 0.2920 0.0768
9.00 -0.625 -3.25 0.0776 0.0229 0.0040 0.0085 0.6598 0.0720 0.6314 1.0770 0.2479 0.3154 0.2849 0.2221 0.0586
9.00 -0.750 -3.25 0.0772 0.0231 0.0039 0.0086 0.6442 0.0706 0.6188 1.0546 0.2425 0.2317 0.2793 0.1627 0.0431
9.10 -0.250 -2.75 0.0887 0.0264 0.0157 0.0098 0.7651 0.1118 0.9361 1.6231 0.6896 2.3970 0.7665 0.4217 0.1064
9.10 -0.375 -2.75 0.0876 0.0260 0.0177 0.0096 0.8020 0.1241 0.9979 1.7181 0.7472 1.9276 0.8387 0.3262 0.0834
9.10 -0.500 -2.75 0.0867 0.0257 0.0194 0.0095 0.8306 0.1342 1.0475 1.7947 0.7942 1.5239 0.8982 0.2505 0.0647
9.10 -0.500 -3.00 0.0855 0.0254 0.0064 0.0094 0.7954 0.0688 0.8336 1.4393 0.3595 0.7769 0.4038 0.3142 0.0804
9.10 -0.625 -3.00 0.0850 0.0252 0.0067 0.0093 0.8132 0.0721 0.8598 1.4801 0.3725 0.6036 0.4202 0.2400 0.0618
9.10 -0.750 -3.00 0.0847 0.0251 0.0070 0.0093 0.8270 0.0748 0.8806 1.5125 0.3828 0.4652 0.4333 0.1826 0.0472
9.10 -0.250 -3.25 0.0858 0.0255 0.0014 0.0095 0.6861 0.0291 0.5474 0.9666 0.1299 0.4996 0.1432 0.5674 0.1415
9.10 -0.375 -3.25 0.0852 0.0253 0.0015 0.0094 0.7069 0.0310 0.5711 1.0033 0.1356 0.3926 0.1502 0.4363 0.1096
9.10 -0.500 -3.25 0.0847 0.0252 0.0016 0.0093 0.7234 0.0326 0.5902 1.0330 0.1403 0.3055 0.1560 0.3338 0.0843
9.10 -0.625 -3.25 0.0844 0.0250 0.0017 0.0093 0.7356 0.0337 0.6045 1.0554 0.1438 0.2353 0.1604 0.2540 0.0644
