#Constrained by relation between 12+log(O/H), log(U) and log(C/O)
12+log(O/H)     	 log(C/O)        	 log(U)          	 Lya_1216        	 CIV_1549        	 HeII_1640       	 OIII_1665       	 CIII_1909       	 OIII_5007      
6.9000000 	 -1.1500000 	 -2.5000000 	 7.6403000 	 0.0438000 	 1.6169000 	 0.0651000 	 0.0480000 	 0.6757000
6.9000000 	 -1.1500000 	 -2.2500000 	 5.7091000 	 0.0794000 	 1.7692000 	 0.0728000 	 0.0540000 	 0.6155000
6.9000000 	 -1.1500000 	 -2.0000000 	 4.2559000 	 0.1154000 	 1.9746000 	 0.0681000 	 0.0501000 	 0.4966000
6.9000000 	 -1.0250000 	 -2.5000000 	 7.6545000 	 0.0564000 	 1.6151000 	 0.0650000 	 0.0639000 	 0.6750000
6.9000000 	 -1.0250000 	 -2.2500000 	 5.7030000 	 0.1026000 	 1.7697000 	 0.0728000 	 0.0720000 	 0.6155000
6.9000000 	 -1.0250000 	 -2.0000000 	 4.3425000 	 0.1486000 	 1.9691000 	 0.0679000 	 0.0665000 	 0.4967000
6.9000000 	 -0.9000000 	 -2.5000000 	 7.6892000 	 0.0727000 	 1.6117000 	 0.0647000 	 0.0850000 	 0.6738000
6.9000000 	 -0.9000000 	 -2.2500000 	 5.6977000 	 0.1329000 	 1.7708000 	 0.0727000 	 0.0959000 	 0.6155000
6.9000000 	 -0.9000000 	 -2.0000000 	 4.3119000 	 0.1931000 	 1.9718000 	 0.0679000 	 0.0887000 	 0.4966000
7.0000000 	 -1.1500000 	 -2.5000000 	 7.6683000 	 0.0531000 	 1.6141000 	 0.0809000 	 0.0598000 	 0.8469000
7.0000000 	 -1.1500000 	 -2.2500000 	 5.6846000 	 0.0970000 	 1.7732000 	 0.0910000 	 0.0675000 	 0.7740000
7.0000000 	 -1.1500000 	 -2.0000000 	 4.2720000 	 0.1412000 	 1.9773000 	 0.0853000 	 0.0627000 	 0.6249000
7.0000000 	 -0.9000000 	 -2.5000000 	 7.7076000 	 0.0885000 	 1.6116000 	 0.0806000 	 0.1059000 	 0.8455000
7.0000000 	 -0.9000000 	 -2.2500000 	 5.5858000 	 0.1644000 	 1.7864000 	 0.0914000 	 0.1206000 	 0.7770000
7.0000000 	 -0.9000000 	 -2.0000000 	 4.3049000 	 0.2374000 	 1.9760000 	 0.0850000 	 0.1112000 	 0.6249000
7.2000000 	 -1.1500000 	 -2.5000000 	 7.6081000 	 0.0780000 	 1.6224000 	 0.1244000 	 0.0921000 	 1.3326000
7.2000000 	 -1.1500000 	 -2.2500000 	 5.6094000 	 0.1440000 	 1.7875000 	 0.1410000 	 0.1046000 	 1.2224000
7.2000000 	 -1.1500000 	 -2.0000000 	 4.3402000 	 0.2097000 	 1.9864000 	 0.1323000 	 0.0971000 	 0.9888000
7.2000000 	 -1.0250000 	 -2.5000000 	 7.6392000 	 0.1006000 	 1.6186000 	 0.1240000 	 0.1224000 	 1.3301000
7.2000000 	 -1.0250000 	 -2.2500000 	 5.6099000 	 0.1870000 	 1.7882000 	 0.1408000 	 0.1392000 	 1.2222000
7.2000000 	 -1.0250000 	 -2.0000000 	 4.3496000 	 0.2726000 	 1.9866000 	 0.1321000 	 0.1294000 	 0.9888000
7.2000000 	 -0.9000000 	 -2.5000000 	 7.5777000 	 0.1307000 	 1.6228000 	 0.1240000 	 0.1632000 	 1.3310000
7.2000000 	 -0.9000000 	 -2.2500000 	 5.5993000 	 0.2433000 	 1.7882000 	 0.1405000 	 0.1853000 	 1.2220000
7.2000000 	 -0.9000000 	 -2.0000000 	 4.3031000 	 0.3563000 	 1.9920000 	 0.1321000 	 0.1728000 	 0.9888000
7.3000000 	 -1.1500000 	 -2.5000000 	 7.4106000 	 0.0945000 	 1.6350000 	 0.1539000 	 0.1139000 	 1.6711000
7.3000000 	 -1.1500000 	 -2.2500000 	 5.5460000 	 0.1747000 	 1.7954000 	 0.1743000 	 0.1293000 	 1.5345000
7.3000000 	 -1.1500000 	 -2.0000000 	 4.3286000 	 0.2552000 	 1.9946000 	 0.1643000 	 0.1205000 	 1.2432000
7.3000000 	 -1.0250000 	 -2.5000000 	 7.4344000 	 0.1223000 	 1.6340000 	 0.1536000 	 0.1516000 	 1.6700000
7.3000000 	 -1.0250000 	 -2.2500000 	 5.5341000 	 0.2274000 	 1.7982000 	 0.1742000 	 0.1722000 	 1.5353000
7.3000000 	 -1.0250000 	 -2.0000000 	 4.3042000 	 0.3329000 	 1.9976000 	 0.1641000 	 0.1607000 	 1.2431000
7.3000000 	 -0.9000000 	 -2.5000000 	 7.5385000 	 0.1579000 	 1.6280000 	 0.1526000 	 0.2011000 	 1.6660000
7.3000000 	 -0.9000000 	 -2.2500000 	 5.5435000 	 0.2959000 	 1.7973000 	 0.1736000 	 0.2290000 	 1.5329000
7.3000000 	 -0.9000000 	 -2.0000000 	 4.2348000 	 0.4354000 	 2.0041000 	 0.1641000 	 0.2147000 	 1.2431000
7.5000000 	 -1.1500000 	 -2.5000000 	 7.4348000 	 0.1342000 	 1.6413000 	 0.2280000 	 0.1695000 	 2.6009000
7.5000000 	 -1.1500000 	 -2.2500000 	 5.4810000 	 0.2543000 	 1.8183000 	 0.2628000 	 0.1947000 	 2.4079000
7.5000000 	 -1.1500000 	 -2.0000000 	 4.3388000 	 0.3766000 	 2.0256000 	 0.2509000 	 0.1838000 	 1.9616000
7.5000000 	 -1.0250000 	 -2.5000000 	 7.4876000 	 0.1737000 	 1.6391000 	 0.2270000 	 0.2251000 	 2.5975000
7.5000000 	 -1.0250000 	 -2.2500000 	 5.3514000 	 0.3322000 	 1.8241000 	 0.2625000 	 0.2596000 	 2.4083000
7.5000000 	 -1.0250000 	 -2.0000000 	 4.2449000 	 0.4906000 	 2.0269000 	 0.2502000 	 0.2451000 	 1.9612000
7.5000000 	 -0.9000000 	 -2.5000000 	 7.4833000 	 0.2256000 	 1.6400000 	 0.2262000 	 0.2991000 	 2.5956000
7.5000000 	 -0.9000000 	 -2.2500000 	 5.5386000 	 0.4290000 	 1.8146000 	 0.2600000 	 0.3434000 	 2.4025000
7.5000000 	 -0.9000000 	 -2.0000000 	 4.2699000 	 0.6377000 	 2.0267000 	 0.2491000 	 0.3265000 	 1.9609000
7.6000000 	 -1.1500000 	 -2.5000000 	 7.1904000 	 0.1596000 	 1.6593000 	 0.2757000 	 0.2054000 	 3.2428000
7.6000000 	 -1.1500000 	 -2.2500000 	 5.2798000 	 0.3045000 	 1.8358000 	 0.3196000 	 0.2369000 	 3.0105000
7.6000000 	 -1.1500000 	 -2.0000000 	 4.2534000 	 0.4542000 	 2.0455000 	 0.3078000 	 0.2254000 	 2.4607000
7.6000000 	 -1.0250000 	 -2.5000000 	 7.2468000 	 0.2064000 	 1.6554000 	 0.2741000 	 0.2724000 	 3.2363000
7.6000000 	 -1.0250000 	 -2.2500000 	 5.2662000 	 0.3964000 	 1.8378000 	 0.3186000 	 0.3151000 	 3.0092000
7.6000000 	 -1.0250000 	 -2.0000000 	 4.1294000 	 0.5919000 	 2.0497000 	 0.3071000 	 0.3008000 	 2.4600000
7.6000000 	 -0.9000000 	 -2.5000000 	 7.3080000 	 0.2675000 	 1.6529000 	 0.2724000 	 0.3612000 	 3.2296000
7.6000000 	 -0.9000000 	 -2.2500000 	 5.3665000 	 0.5126000 	 1.8321000 	 0.3159000 	 0.4173000 	 3.0026000
7.6000000 	 -0.9000000 	 -2.0000000 	 4.2293000 	 0.7641000 	 2.0442000 	 0.3048000 	 0.3996000 	 2.4594000
7.7000000 	 -1.1500000 	 -2.5000000 	 7.4039000 	 0.1840000 	 1.6579000 	 0.3251000 	 0.2431000 	 4.0030000
7.7000000 	 -1.1500000 	 -2.2500000 	 5.2967000 	 0.3574000 	 1.8447000 	 0.3823000 	 0.2836000 	 3.7458000
7.7000000 	 -1.1500000 	 -2.0000000 	 4.1415000 	 0.5407000 	 2.0637000 	 0.3737000 	 0.2735000 	 3.0817000
7.7000000 	 -1.0250000 	 -2.5000000 	 7.3945000 	 0.2388000 	 1.6587000 	 0.3237000 	 0.3230000 	 3.9989000
7.7000000 	 -1.0250000 	 -2.2500000 	 5.2745000 	 0.4666000 	 1.8531000 	 0.3818000 	 0.3779000 	 3.7471000
7.7000000 	 -1.0250000 	 -2.0000000 	 4.2257000 	 0.7012000 	 2.0656000 	 0.3719000 	 0.3642000 	 3.0803000
7.7000000 	 -0.9000000 	 -2.5000000 	 7.3702000 	 0.3105000 	 1.6608000 	 0.3224000 	 0.4291000 	 3.9957000
7.7000000 	 -0.9000000 	 -2.2500000 	 5.2933000 	 0.6016000 	 1.8477000 	 0.3781000 	 0.5000000 	 3.7379000
7.7000000 	 -0.9000000 	 -2.0000000 	 4.1562000 	 0.9050000 	 2.0675000 	 0.3698000 	 0.4847000 	 3.0785000
7.8000000 	 -1.1500000 	 -2.5000000 	 7.0230000 	 0.2119000 	 1.6746000 	 0.3811000 	 0.2862000 	 4.9404000
7.8000000 	 -1.1500000 	 -2.2500000 	 5.0741000 	 0.4183000 	 1.8706000 	 0.4550000 	 0.3376000 	 4.6552000
7.8000000 	 -1.1500000 	 -2.0000000 	 4.0894000 	 0.6365000 	 2.0854000 	 0.4496000 	 0.3289000 	 3.8512000
7.8000000 	 -1.0250000 	 -2.5000000 	 7.2858000 	 0.2742000 	 1.6734000 	 0.3788000 	 0.3796000 	 4.9324000
7.8000000 	 -1.0250000 	 -2.2500000 	 5.2649000 	 0.5377000 	 1.8602000 	 0.4501000 	 0.4462000 	 4.6429000
7.8000000 	 -1.0250000 	 -2.0000000 	 4.1103000 	 0.8208000 	 2.0846000 	 0.4470000 	 0.4374000 	 3.8496000
7.8000000 	 -0.9000000 	 -2.5000000 	 7.1520000 	 0.3576000 	 1.6825000 	 0.3780000 	 0.5051000 	 4.9337000
7.8000000 	 -0.9000000 	 -2.2500000 	 5.2745000 	 0.6944000 	 1.8639000 	 0.4469000 	 0.5917000 	 4.6366000
7.8000000 	 -0.9000000 	 -2.0000000 	 4.0814000 	 1.0560000 	 2.0926000 	 0.4448000 	 0.5821000 	 3.8463000
7.9000000 	 -1.1500000 	 -2.7500000 	 10.3342000 	 0.0972000 	 1.5299000 	 0.3140000 	 0.2401000 	 5.7281000
7.9000000 	 -1.1500000 	 -2.5000000 	 7.0331000 	 0.2366000 	 1.6884000 	 0.4348000 	 0.3286000 	 6.0411000
7.9000000 	 -1.1500000 	 -2.2500000 	 4.9707000 	 0.4752000 	 1.8893000 	 0.5285000 	 0.3927000 	 5.7432000
7.9000000 	 -1.0250000 	 -2.7500000 	 10.2221000 	 0.1257000 	 1.5350000 	 0.3134000 	 0.3195000 	 5.7265000
7.9000000 	 -1.0250000 	 -2.5000000 	 6.9046000 	 0.3083000 	 1.6976000 	 0.4342000 	 0.4375000 	 6.0437000
7.9000000 	 -1.0250000 	 -2.2500000 	 5.1005000 	 0.6119000 	 1.8872000 	 0.5239000 	 0.5201000 	 5.7311000
7.9000000 	 -0.9000000 	 -2.7500000 	 10.3654000 	 0.1601000 	 1.5244000 	 0.3092000 	 0.4214000 	 5.6911000
7.9000000 	 -0.9000000 	 -2.5000000 	 6.9296000 	 0.3975000 	 1.6963000 	 0.4302000 	 0.5785000 	 6.0263000
7.9000000 	 -0.9000000 	 -2.2500000 	 5.0839000 	 0.7850000 	 1.8894000 	 0.5193000 	 0.6885000 	 5.7202000
8.0000000 	 -1.1500000 	 -2.7500000 	 10.0291000 	 0.1026000 	 1.5304000 	 0.3406000 	 0.2647000 	 6.8494000
8.0000000 	 -1.1500000 	 -2.5000000 	 6.8180000 	 0.2554000 	 1.6973000 	 0.4820000 	 0.3670000 	 7.3073000
8.0000000 	 -1.1500000 	 -2.2500000 	 4.9432000 	 0.5230000 	 1.9008000 	 0.5982000 	 0.4458000 	 7.0238000
8.0000000 	 -1.0250000 	 -2.7500000 	 10.3904000 	 0.1316000 	 1.5297000 	 0.3385000 	 0.3511000 	 6.8426000
8.0000000 	 -1.0250000 	 -2.5000000 	 6.7077000 	 0.3313000 	 1.7046000 	 0.4799000 	 0.4874000 	 7.3020000
8.0000000 	 -1.0250000 	 -2.2500000 	 4.9358000 	 0.6703000 	 1.8990000 	 0.5930000 	 0.5902000 	 7.0087000
8.0000000 	 -0.9000000 	 -2.7500000 	 10.1965000 	 0.1707000 	 1.5416000 	 0.3377000 	 0.4666000 	 6.8415000
8.0000000 	 -0.9000000 	 -2.5000000 	 6.8554000 	 0.4242000 	 1.7000000 	 0.4746000 	 0.6436000 	 7.2830000
8.0000000 	 -0.9000000 	 -2.2500000 	 4.9190000 	 0.8551000 	 1.9049000 	 0.5873000 	 0.7806000 	 6.9925000
8.0000000 	 -0.7750000 	 -2.7500000 	 10.1895000 	 0.2191000 	 1.5407000 	 0.3341000 	 0.6165000 	 6.8166000
8.0000000 	 -0.7750000 	 -2.5000000 	 6.6701000 	 0.5452000 	 1.7063000 	 0.4697000 	 0.8498000 	 7.2550000
8.0000000 	 -0.7750000 	 -2.2500000 	 5.0519000 	 1.0691000 	 1.8989000 	 0.5771000 	 1.0244000 	 6.9617000
8.0000000 	 -0.6500000 	 -2.7500000 	 10.2451000 	 0.2788000 	 1.5338000 	 0.3284000 	 0.8100000 	 6.7697000
8.0000000 	 -0.6500000 	 -2.5000000 	 6.7959000 	 0.6854000 	 1.6964000 	 0.4597000 	 1.1116000 	 7.2011000
8.0000000 	 -0.6500000 	 -2.2500000 	 4.8725000 	 1.3326000 	 1.9126000 	 0.5692000 	 1.3476000 	 6.9397000
8.1000000 	 -1.1500000 	 -3.0000000 	 14.7527000 	 0.0378000 	 1.3666000 	 0.2148000 	 0.1822000 	 6.6783000
8.1000000 	 -1.1500000 	 -2.7500000 	 9.8416000 	 0.1042000 	 1.5458000 	 0.3538000 	 0.2811000 	 8.0943000
8.1000000 	 -1.1500000 	 -2.5000000 	 6.4660000 	 0.2646000 	 1.7152000 	 0.5141000 	 0.3954000 	 8.7202000
8.1000000 	 -1.1500000 	 -2.2500000 	 4.7910000 	 0.5525000 	 1.9145000 	 0.6558000 	 0.4905000 	 8.4964000
8.1000000 	 -1.0250000 	 -3.0000000 	 14.7715000 	 0.0475000 	 1.3656000 	 0.2137000 	 0.2419000 	 6.6641000
8.1000000 	 -1.0250000 	 -2.7500000 	 9.8417000 	 0.1327000 	 1.5396000 	 0.3502000 	 0.3714000 	 8.0490000
8.1000000 	 -1.0250000 	 -2.5000000 	 6.4369000 	 0.3397000 	 1.7135000 	 0.5095000 	 0.5231000 	 8.6950000
8.1000000 	 -1.0250000 	 -2.2500000 	 4.7943000 	 0.7049000 	 1.9178000 	 0.6498000 	 0.6492000 	 8.4767000
8.1000000 	 -0.9000000 	 -3.0000000 	 14.7651000 	 0.0599000 	 1.3656000 	 0.2120000 	 0.3204000 	 6.6464000
8.1000000 	 -0.9000000 	 -2.7500000 	 9.7993000 	 0.1700000 	 1.5414000 	 0.3472000 	 0.4916000 	 8.0283000
8.1000000 	 -0.9000000 	 -2.5000000 	 6.4387000 	 0.4350000 	 1.7156000 	 0.5042000 	 0.6910000 	 8.6658000
8.1000000 	 -0.9000000 	 -2.2500000 	 4.8482000 	 0.8865000 	 1.9165000 	 0.6410000 	 0.8553000 	 8.4460000
8.1000000 	 -0.7750000 	 -3.0000000 	 14.7305000 	 0.0757000 	 1.3661000 	 0.2099000 	 0.4234000 	 6.6225000
8.1000000 	 -0.7750000 	 -2.7500000 	 9.8343000 	 0.2171000 	 1.5377000 	 0.3429000 	 0.6485000 	 7.9896000
8.1000000 	 -0.7750000 	 -2.5000000 	 6.3738000 	 0.5510000 	 1.7126000 	 0.4962000 	 0.9084000 	 8.6204000
8.1000000 	 -0.7750000 	 -2.2500000 	 4.7510000 	 1.1051000 	 1.9251000 	 0.6318000 	 1.1250000 	 8.4112000
8.1000000 	 -0.6500000 	 -3.0000000 	 14.7221000 	 0.0955000 	 1.3652000 	 0.2068000 	 0.5575000 	 6.5867000
8.1000000 	 -0.6500000 	 -2.7500000 	 9.7281000 	 0.2778000 	 1.5421000 	 0.3379000 	 0.8533000 	 7.9542000
8.1000000 	 -0.6500000 	 -2.5000000 	 6.4289000 	 0.6905000 	 1.7102000 	 0.4865000 	 1.1896000 	 8.5641000
8.1000000 	 -0.6500000 	 -2.2500000 	 4.6976000 	 1.3463000 	 1.9280000 	 0.6191000 	 1.4708000 	 8.3642000
8.2000000 	 -0.9000000 	 -3.0000000 	 14.3702000 	 0.0559000 	 1.3491000 	 0.2020000 	 0.3175000 	 7.5281000
8.2000000 	 -0.9000000 	 -2.7500000 	 9.4343000 	 0.1602000 	 1.5425000 	 0.3399000 	 0.4966000 	 9.2601000
8.2000000 	 -0.9000000 	 -2.5000000 	 6.1820000 	 0.4139000 	 1.7071000 	 0.5065000 	 0.7071000 	 10.0990000
8.2000000 	 -0.9000000 	 -2.2500000 	 4.4805000 	 0.8769000 	 1.9362000 	 0.6750000 	 0.9052000 	 10.0561000
8.2000000 	 -0.7750000 	 -3.0000000 	 14.3365000 	 0.0700000 	 1.3485000 	 0.1994000 	 0.4186000 	 7.4924000
8.2000000 	 -0.7750000 	 -2.7500000 	 9.4166000 	 0.2026000 	 1.5331000 	 0.3337000 	 0.6517000 	 9.1739000
8.2000000 	 -0.7750000 	 -2.5000000 	 6.1825000 	 0.5205000 	 1.7062000 	 0.4981000 	 0.9290000 	 10.0425000
8.2000000 	 -0.7750000 	 -2.2500000 	 4.5976000 	 1.0647000 	 1.9265000 	 0.6605000 	 1.1828000 	 9.9962000
8.2000000 	 -0.6500000 	 -3.0000000 	 14.3080000 	 0.0878000 	 1.3478000 	 0.1963000 	 0.5507000 	 7.4492000
8.2000000 	 -0.6500000 	 -2.7500000 	 9.3375000 	 0.2577000 	 1.5336000 	 0.3286000 	 0.8571000 	 9.1296000
8.2000000 	 -0.6500000 	 -2.5000000 	 6.1118000 	 0.6483000 	 1.7080000 	 0.4884000 	 1.2171000 	 9.9799000
8.2000000 	 -0.6500000 	 -2.2500000 	 4.4341000 	 1.2813000 	 1.9374000 	 0.6470000 	 1.5459000 	 9.9322000
8.2000000 	 -0.5250000 	 -3.0000000 	 14.3692000 	 0.1091000 	 1.3387000 	 0.1916000 	 0.7208000 	 7.3674000
8.2000000 	 -0.5250000 	 -2.7500000 	 9.3587000 	 0.3226000 	 1.5274000 	 0.3209000 	 1.1203000 	 9.0438000
8.2000000 	 -0.5250000 	 -2.5000000 	 6.0511000 	 0.7927000 	 1.7099000 	 0.4761000 	 1.5860000 	 9.8985000
8.2000000 	 -0.5250000 	 -2.2500000 	 4.5383000 	 1.4812000 	 1.9253000 	 0.6255000 	 1.9962000 	 9.8371000
8.2000000 	 -0.4000000 	 -3.0000000 	 14.2277000 	 0.1373000 	 1.3427000 	 0.1870000 	 0.9392000 	 7.3109000
8.2000000 	 -0.4000000 	 -2.7500000 	 9.3406000 	 0.4012000 	 1.5269000 	 0.3114000 	 1.4553000 	 8.9477000
8.2000000 	 -0.4000000 	 -2.5000000 	 5.9444000 	 0.9496000 	 1.7133000 	 0.4606000 	 2.0534000 	 9.7955000
8.2000000 	 -0.4000000 	 -2.2500000 	 4.3844000 	 1.6813000 	 1.9332000 	 0.6030000 	 2.5681000 	 9.7235000
8.3000000 	 -0.9000000 	 -3.0000000 	 14.4610000 	 0.0487000 	 1.3333000 	 0.1774000 	 0.2926000 	 8.2745000
8.3000000 	 -0.9000000 	 -2.7500000 	 8.9265000 	 0.1381000 	 1.5303000 	 0.3057000 	 0.4652000 	 10.2839000
8.3000000 	 -0.9000000 	 -2.5000000 	 5.9578000 	 0.3640000 	 1.7075000 	 0.4745000 	 0.6824000 	 11.4759000
8.3000000 	 -0.7750000 	 -3.0000000 	 14.4447000 	 0.0604000 	 1.3315000 	 0.1751000 	 0.3860000 	 8.2323000
8.3000000 	 -0.7750000 	 -2.7500000 	 8.9712000 	 0.1740000 	 1.5218000 	 0.3018000 	 0.6140000 	 10.2345000
8.3000000 	 -0.7750000 	 -2.5000000 	 6.0396000 	 0.4508000 	 1.6978000 	 0.4653000 	 0.8952000 	 11.3973000
8.3000000 	 -0.6500000 	 -3.0000000 	 14.4461000 	 0.0749000 	 1.3287000 	 0.1721000 	 0.5071000 	 8.1751000
8.3000000 	 -0.6500000 	 -2.7500000 	 8.9697000 	 0.2189000 	 1.5207000 	 0.2962000 	 0.8054000 	 10.1609000
8.3000000 	 -0.6500000 	 -2.5000000 	 5.9231000 	 0.5568000 	 1.7040000 	 0.4562000 	 1.1727000 	 11.3221000
8.3000000 	 -0.5250000 	 -3.0000000 	 14.4100000 	 0.0933000 	 1.3273000 	 0.1685000 	 0.6633000 	 8.1107000
8.3000000 	 -0.5250000 	 -2.7500000 	 8.8536000 	 0.2747000 	 1.5260000 	 0.2897000 	 1.0526000 	 10.0843000
8.3000000 	 -0.5250000 	 -2.5000000 	 5.9205000 	 0.6702000 	 1.6995000 	 0.4437000 	 1.5265000 	 11.2147000
8.3000000 	 -0.4000000 	 -3.0000000 	 14.4063000 	 0.1152000 	 1.3222000 	 0.1635000 	 0.8627000 	 8.0135000
8.3000000 	 -0.4000000 	 -2.7500000 	 8.8376000 	 0.3387000 	 1.5223000 	 0.2811000 	 1.3677000 	 9.9741000
8.3000000 	 -0.4000000 	 -2.5000000 	 5.8583000 	 0.7892000 	 1.6989000 	 0.4283000 	 1.9737000 	 11.0793000
8.4000000 	 -0.9000000 	 -3.0000000 	 14.0258000 	 0.0408000 	 1.3190000 	 0.1450000 	 0.2526000 	 8.8420000
8.4000000 	 -0.9000000 	 -2.7500000 	 8.9486000 	 0.1101000 	 1.5132000 	 0.2566000 	 0.4106000 	 11.1323000
8.4000000 	 -0.9000000 	 -2.5000000 	 5.6507000 	 0.2896000 	 1.6875000 	 0.4125000 	 0.6185000 	 12.6443000
8.4000000 	 -0.7750000 	 -3.0000000 	 14.0381000 	 0.0500000 	 1.3202000 	 0.1434000 	 0.3336000 	 8.8146000
8.4000000 	 -0.7750000 	 -2.7500000 	 9.0168000 	 0.1375000 	 1.5047000 	 0.2535000 	 0.5423000 	 11.0761000
8.4000000 	 -0.7750000 	 -2.5000000 	 5.4444000 	 0.3591000 	 1.6914000 	 0.4061000 	 0.8135000 	 12.5718000
8.4000000 	 -0.6500000 	 -3.0000000 	 13.9972000 	 0.0612000 	 1.3164000 	 0.1406000 	 0.4368000 	 8.7373000
8.4000000 	 -0.6500000 	 -2.7500000 	 8.9064000 	 0.1725000 	 1.5100000 	 0.2489000 	 0.7112000 	 11.0085000
8.4000000 	 -0.6500000 	 -2.5000000 	 5.4436000 	 0.4363000 	 1.6891000 	 0.3985000 	 1.0681000 	 12.5021000
8.4000000 	 -0.5250000 	 -3.0000000 	 13.9974000 	 0.0748000 	 1.3099000 	 0.1373000 	 0.5717000 	 8.6483000
8.4000000 	 -0.5250000 	 -2.7500000 	 8.9090000 	 0.2137000 	 1.5064000 	 0.2437000 	 0.9314000 	 10.9250000
8.4000000 	 -0.5250000 	 -2.5000000 	 5.5069000 	 0.5160000 	 1.6750000 	 0.3876000 	 1.3913000 	 12.3685000
8.4000000 	 -0.4000000 	 -3.0000000 	 13.9823000 	 0.0916000 	 1.3068000 	 0.1331000 	 0.7421000 	 8.5466000
8.4000000 	 -0.4000000 	 -2.7500000 	 8.8844000 	 0.2612000 	 1.5007000 	 0.2365000 	 1.2101000 	 10.7997000
8.4000000 	 -0.4000000 	 -2.5000000 	 5.4889000 	 0.5992000 	 1.6699000 	 0.3747000 	 1.8021000 	 12.2216000
8.5000000 	 -0.9000000 	 -3.2500000 	 19.2347000 	 0.0147000 	 1.0366000 	 0.0498000 	 0.1107000 	 5.9734000
8.5000000 	 -0.9000000 	 -3.0000000 	 13.8521000 	 0.0321000 	 1.2922000 	 0.1061000 	 0.1980000 	 9.0344000
8.5000000 	 -0.9000000 	 -2.7500000 	 8.7924000 	 0.0797000 	 1.4811000 	 0.1954000 	 0.3336000 	 11.5686000
8.5000000 	 -0.7750000 	 -3.2500000 	 19.2919000 	 0.0172000 	 1.0302000 	 0.0489000 	 0.1462000 	 5.9167000
8.5000000 	 -0.7750000 	 -3.0000000 	 13.9189000 	 0.0381000 	 1.2837000 	 0.1051000 	 0.2628000 	 8.9849000
8.5000000 	 -0.7750000 	 -2.7500000 	 8.8403000 	 0.0982000 	 1.4736000 	 0.1933000 	 0.4413000 	 11.5150000
8.5000000 	 -0.6500000 	 -3.2500000 	 19.2434000 	 0.0207000 	 1.0397000 	 0.0476000 	 0.1880000 	 5.8940000
8.5000000 	 -0.6500000 	 -3.0000000 	 13.8900000 	 0.0460000 	 1.2844000 	 0.1033000 	 0.3450000 	 8.9350000
8.5000000 	 -0.6500000 	 -2.7500000 	 8.7587000 	 0.1225000 	 1.4827000 	 0.1902000 	 0.5792000 	 11.4655000
8.5000000 	 -0.5250000 	 -3.2500000 	 19.2698000 	 0.0237000 	 1.0334000 	 0.0461000 	 0.2447000 	 5.8051000
8.5000000 	 -0.5250000 	 -3.0000000 	 13.9650000 	 0.0558000 	 1.2871000 	 0.1007000 	 0.4487000 	 8.8616000
8.5000000 	 -0.5250000 	 -2.7500000 	 8.7268000 	 0.1503000 	 1.4796000 	 0.1860000 	 0.7573000 	 11.3655000
8.5000000 	 -0.4000000 	 -3.2500000 	 19.3094000 	 0.0269000 	 1.0247000 	 0.0442000 	 0.3163000 	 5.6872000
8.5000000 	 -0.4000000 	 -3.0000000 	 13.7882000 	 0.0675000 	 1.2848000 	 0.0975000 	 0.5808000 	 8.7543000
8.5000000 	 -0.4000000 	 -2.7500000 	 8.7473000 	 0.1820000 	 1.4720000 	 0.1817000 	 0.9903000 	 11.2657000
8.6000000 	 -0.6500000 	 -3.2500000 	 19.2288000 	 0.0183000 	 1.0140000 	 0.0311000 	 0.1327000 	 5.7932000
8.6000000 	 -0.6500000 	 -3.0000000 	 14.4513000 	 0.0346000 	 1.2590000 	 0.0700000 	 0.2522000 	 8.8889000
8.6000000 	 -0.6500000 	 -2.7500000 	 8.7433000 	 0.0822000 	 1.4495000 	 0.1345000 	 0.4409000 	 11.5689000
8.6000000 	 -0.5250000 	 -3.2500000 	 19.1750000 	 0.0208000 	 1.0111000 	 0.0300000 	 0.1716000 	 5.7164000
8.6000000 	 -0.5250000 	 -3.0000000 	 14.5226000 	 0.0404000 	 1.2488000 	 0.0687000 	 0.3322000 	 8.8082000
8.6000000 	 -0.5250000 	 -2.7500000 	 8.7686000 	 0.0988000 	 1.4375000 	 0.1328000 	 0.5826000 	 11.5081000
8.6000000 	 -0.4000000 	 -3.2500000 	 19.5209000 	 0.0234000 	 1.0071000 	 0.0286000 	 0.2198000 	 5.6062000
8.6000000 	 -0.4000000 	 -3.0000000 	 14.4519000 	 0.0480000 	 1.2511000 	 0.0665000 	 0.4292000 	 8.7197000
8.6000000 	 -0.4000000 	 -2.7500000 	 8.6919000 	 0.1188000 	 1.4387000 	 0.1296000 	 0.7598000 	 11.4148000
8.6000000 	 -0.2750000 	 -3.2500000 	 19.4836000 	 0.0261000 	 1.0005000 	 0.0271000 	 0.2796000 	 5.4761000
8.6000000 	 -0.2750000 	 -3.0000000 	 14.4427000 	 0.0571000 	 1.2524000 	 0.0640000 	 0.5516000 	 8.6123000
8.6000000 	 -0.2750000 	 -2.7500000 	 8.6953000 	 0.1410000 	 1.4304000 	 0.1261000 	 0.9906000 	 11.3057000
8.6000000 	 -0.1500000 	 -3.2500000 	 19.5081000 	 0.0282000 	 0.9838000 	 0.0251000 	 0.3524000 	 5.2792000
8.6000000 	 -0.1500000 	 -3.0000000 	 14.5542000 	 0.0657000 	 1.2300000 	 0.0614000 	 0.7144000 	 8.4386000
8.6000000 	 -0.1500000 	 -2.7500000 	 8.6526000 	 0.1693000 	 1.4256000 	 0.1213000 	 1.2764000 	 11.1555000
8.7000000 	 -0.6500000 	 -3.5000000 	 65.0445000 	 0.0096000 	 0.6319000 	 0.0072000 	 0.0506000 	 2.5129000
8.7000000 	 -0.6500000 	 -3.2500000 	 19.6475000 	 0.0164000 	 0.9770000 	 0.0175000 	 0.0833000 	 5.3717000
8.7000000 	 -0.6500000 	 -3.0000000 	 14.7386000 	 0.0256000 	 1.2144000 	 0.0425000 	 0.1698000 	 8.4619000
8.7000000 	 -0.5250000 	 -3.5000000 	 64.9299000 	 0.0127000 	 0.6300000 	 0.0068000 	 0.0644000 	 2.4632000
8.7000000 	 -0.5250000 	 -3.2500000 	 19.6541000 	 0.0177000 	 0.9666000 	 0.0170000 	 0.1090000 	 5.2829000
8.7000000 	 -0.5250000 	 -3.0000000 	 14.7364000 	 0.0292000 	 1.2105000 	 0.0417000 	 0.2229000 	 8.4020000
8.7000000 	 -0.4000000 	 -3.5000000 	 64.7816000 	 0.0167000 	 0.6274000 	 0.0064000 	 0.0809000 	 2.3995000
8.7000000 	 -0.4000000 	 -3.2500000 	 19.6699000 	 0.0201000 	 0.9712000 	 0.0161000 	 0.1381000 	 5.2075000
8.7000000 	 -0.4000000 	 -3.0000000 	 14.7342000 	 0.0334000 	 1.2052000 	 0.0406000 	 0.2905000 	 8.3167000
8.7000000 	 -0.2750000 	 -3.5000000 	 64.5907000 	 0.0218000 	 0.6242000 	 0.0058000 	 0.0998000 	 2.3191000
8.7000000 	 -0.2750000 	 -3.2500000 	 19.6388000 	 0.0215000 	 0.9608000 	 0.0152000 	 0.1762000 	 5.0741000
8.7000000 	 -0.2750000 	 -3.0000000 	 14.6542000 	 0.0391000 	 1.2147000 	 0.0389000 	 0.3702000 	 8.2279000
8.7000000 	 -0.1500000 	 -3.5000000 	 64.3481000 	 0.0284000 	 0.6200000 	 0.0052000 	 0.1203000 	 2.2191000
8.7000000 	 -0.1500000 	 -3.2500000 	 19.6583000 	 0.0228000 	 0.9477000 	 0.0141000 	 0.2216000 	 4.9023000
8.7000000 	 -0.1500000 	 -3.0000000 	 14.6723000 	 0.0447000 	 1.2050000 	 0.0372000 	 0.4750000 	 8.0874000
8.8000000 	 -0.4000000 	 -3.5000000 	 62.9863000 	 0.0177000 	 0.5965000 	 0.0032000 	 0.0466000 	 2.1466000
8.8000000 	 -0.4000000 	 -3.2500000 	 19.8566000 	 0.0175000 	 0.9249000 	 0.0086000 	 0.0845000 	 4.7112000
8.8000000 	 -0.4000000 	 -3.0000000 	 15.3279000 	 0.0256000 	 1.1802000 	 0.0228000 	 0.1827000 	 7.7616000
8.8000000 	 -0.2750000 	 -3.5000000 	 62.8080000 	 0.0232000 	 0.5934000 	 0.0029000 	 0.0572000 	 2.0703000
8.8000000 	 -0.2750000 	 -3.2500000 	 20.1006000 	 0.0192000 	 0.9225000 	 0.0081000 	 0.1066000 	 4.6045000
8.8000000 	 -0.2750000 	 -3.0000000 	 15.3726000 	 0.0285000 	 1.1770000 	 0.0222000 	 0.2386000 	 7.7066000
8.8000000 	 -0.1500000 	 -3.5000000 	 62.5811000 	 0.0303000 	 0.5894000 	 0.0026000 	 0.0685000 	 1.9758000
8.8000000 	 -0.1500000 	 -3.2500000 	 20.1158000 	 0.0214000 	 0.9256000 	 0.0074000 	 0.1317000 	 4.4875000
8.8000000 	 -0.1500000 	 -3.0000000 	 15.3189000 	 0.0317000 	 1.1652000 	 0.0212000 	 0.3056000 	 7.5642000
8.8000000 	 -0.0250000 	 -3.5000000 	 62.2959000 	 0.0394000 	 0.5844000 	 0.0022000 	 0.0798000 	 1.8614000
8.8000000 	 -0.0250000 	 -3.2500000 	 20.1675000 	 0.0228000 	 0.9173000 	 0.0067000 	 0.1607000 	 4.3085000
8.8000000 	 -0.0250000 	 -3.0000000 	 15.3473000 	 0.0356000 	 1.1514000 	 0.0201000 	 0.3895000 	 7.4118000
8.8000000 	 0.1000000 	 -3.5000000 	 61.9425000 	 0.0508000 	 0.5783000 	 0.0018000 	 0.0896000 	 1.7264000
8.8000000 	 0.1000000 	 -3.2500000 	 20.2021000 	 0.0241000 	 0.9106000 	 0.0059000 	 0.1926000 	 4.1132000
8.8000000 	 0.1000000 	 -3.0000000 	 15.3171000 	 0.0403000 	 1.1432000 	 0.0187000 	 0.4875000 	 7.2313000
8.9000000 	 -0.4000000 	 -3.7500000 	 58.5822000 	 0.0026000 	 0.3031000 	 0.0000000 	 0.0040000 	 0.4230000
8.9000000 	 -0.4000000 	 -3.5000000 	 60.9352000 	 0.0186000 	 0.5606000 	 0.0012000 	 0.0212000 	 1.7234000
8.9000000 	 -0.4000000 	 -3.2500000 	 20.4081000 	 0.0172000 	 0.8941000 	 0.0037000 	 0.0437000 	 4.0050000
8.9000000 	 -0.2750000 	 -3.7500000 	 58.4212000 	 0.0034000 	 0.3013000 	 0.0000000 	 0.0048000 	 0.4040000
8.9000000 	 -0.2750000 	 -3.5000000 	 60.7724000 	 0.0244000 	 0.5578000 	 0.0011000 	 0.0260000 	 1.6604000
8.9000000 	 -0.2750000 	 -3.2500000 	 20.4098000 	 0.0195000 	 0.9000000 	 0.0035000 	 0.0552000 	 3.9377000
8.9000000 	 -0.1500000 	 -3.7500000 	 58.2197000 	 0.0045000 	 0.2990000 	 0.0000000 	 0.0057000 	 0.3813000
8.9000000 	 -0.1500000 	 -3.5000000 	 60.5699000 	 0.0319000 	 0.5542000 	 0.0000000 	 0.0312000 	 1.5829000
8.9000000 	 -0.1500000 	 -3.2500000 	 20.3649000 	 0.0189000 	 0.8736000 	 0.0032000 	 0.0690000 	 3.7593000
8.9000000 	 -0.0250000 	 -3.7500000 	 57.9720000 	 0.0058000 	 0.2963000 	 0.0000000 	 0.0065000 	 0.3546000
8.9000000 	 -0.0250000 	 -3.5000000 	 60.3156000 	 0.0416000 	 0.5497000 	 0.0000000 	 0.0364000 	 1.4894000
8.9000000 	 -0.0250000 	 -3.2500000 	 20.4018000 	 0.0216000 	 0.8836000 	 0.0029000 	 0.0844000 	 3.6642000
8.9000000 	 0.1000000 	 -3.7500000 	 57.6734000 	 0.0075000 	 0.2929000 	 0.0000000 	 0.0072000 	 0.3245000
8.9000000 	 0.1000000 	 -3.5000000 	 60.0462000 	 0.0540000 	 0.5446000 	 0.0000000 	 0.0412000 	 1.3808000
8.9000000 	 0.1000000 	 -3.2500000 	 20.4216000 	 0.0227000 	 0.8746000 	 0.0026000 	 0.1017000 	 3.4927000
9.0000000 	 -0.1500000 	 -3.7500000 	 56.1031000 	 0.0046000 	 0.2757000 	 0.0000000 	 0.0021000 	 0.2457000
9.0000000 	 -0.1500000 	 -3.5000000 	 58.6141000 	 0.0338000 	 0.5199000 	 0.0000000 	 0.0137000 	 1.2004000
9.0000000 	 -0.1500000 	 -3.2500000 	 20.8765000 	 0.0191000 	 0.8367000 	 0.0012000 	 0.0354000 	 3.0592000
9.0000000 	 -0.0250000 	 -3.7500000 	 55.9228000 	 0.0060000 	 0.2737000 	 0.0000000 	 0.0025000 	 0.2311000
9.0000000 	 -0.0250000 	 -3.5000000 	 58.3969000 	 0.0442000 	 0.5161000 	 0.0000000 	 0.0163000 	 1.1315000
9.0000000 	 -0.0250000 	 -3.2500000 	 20.8837000 	 0.0202000 	 0.8301000 	 0.0011000 	 0.0438000 	 2.9435000
9.0000000 	 0.1000000 	 -3.7500000 	 55.7056000 	 0.0079000 	 0.2713000 	 0.0000000 	 0.0030000 	 0.2143000
9.0000000 	 0.1000000 	 -3.5000000 	 58.1778000 	 0.0575000 	 0.5119000 	 0.0000000 	 0.0190000 	 1.0526000
9.0000000 	 0.1000000 	 -3.2500000 	 20.9093000 	 0.0220000 	 0.8294000 	 0.0010000 	 0.0537000 	 2.8312000
9.0000000 	 0.2250000 	 -3.7500000 	 55.4483000 	 0.0102000 	 0.2684000 	 0.0000000 	 0.0036000 	 0.1958000
9.0000000 	 0.2250000 	 -3.5000000 	 57.8609000 	 0.0745000 	 0.5064000 	 0.0000000 	 0.0217000 	 0.9632000
9.0000000 	 0.2250000 	 -3.2500000 	 20.9140000 	 0.0227000 	 0.8117000 	 0.0000000 	 0.0634000 	 2.6412000
9.0000000 	 0.3500000 	 -3.7500000 	 55.1515000 	 0.0132000 	 0.2652000 	 0.0000000 	 0.0043000 	 0.1761000
9.0000000 	 0.3500000 	 -3.5000000 	 57.6143000 	 0.0970000 	 0.5024000 	 0.0000000 	 0.0244000 	 0.8701000
9.0000000 	 0.3500000 	 -3.2500000 	 20.9042000 	 0.0240000 	 0.8029000 	 0.0000000 	 0.0745000 	 2.4700000
9.1000000 	 -0.1500000 	 -3.7500000 	 53.7195000 	 0.0046000 	 0.2498000 	 0.0000000 	 0.0011000 	 0.1248000
9.1000000 	 -0.1500000 	 -3.5000000 	 56.3058000 	 0.0344000 	 0.4792000 	 0.0000000 	 0.0058000 	 0.7451000
9.1000000 	 -0.1500000 	 -3.2500000 	 21.2110000 	 0.0207000 	 0.8020000 	 0.0000000 	 0.0180000 	 2.1955000
9.1000000 	 -0.0250000 	 -3.7500000 	 53.6227000 	 0.0060000 	 0.2487000 	 0.0000000 	 0.0015000 	 0.1201000
9.1000000 	 -0.0250000 	 -3.5000000 	 56.2038000 	 0.0452000 	 0.4771000 	 0.0000000 	 0.0074000 	 0.7121000
9.1000000 	 -0.0250000 	 -3.2500000 	 21.1981000 	 0.0216000 	 0.7967000 	 0.0000000 	 0.0229000 	 2.1329000
9.1000000 	 0.1000000 	 -3.7500000 	 53.5042000 	 0.0079000 	 0.2474000 	 0.0000000 	 0.0019000 	 0.1145000
9.1000000 	 0.1000000 	 -3.5000000 	 56.1453000 	 0.0599000 	 0.4763000 	 0.0000000 	 0.0093000 	 0.6753000
9.1000000 	 0.1000000 	 -3.2500000 	 21.1971000 	 0.0229000 	 0.7885000 	 0.0000000 	 0.0289000 	 2.0503000
9.1000000 	 0.2250000 	 -3.7500000 	 53.3611000 	 0.0104000 	 0.2459000 	 0.0000000 	 0.0025000 	 0.1082000
9.1000000 	 0.2250000 	 -3.5000000 	 55.8073000 	 0.0772000 	 0.4705000 	 0.0000000 	 0.0116000 	 0.6289000
9.1000000 	 0.2250000 	 -3.2500000 	 21.1555000 	 0.0241000 	 0.7800000 	 0.0000000 	 0.0363000 	 1.9580000
9.1000000 	 0.3500000 	 -3.7500000 	 53.1922000 	 0.0136000 	 0.2441000 	 0.0000000 	 0.0032000 	 0.1011000
9.1000000 	 0.3500000 	 -3.5000000 	 55.6798000 	 0.1017000 	 0.4686000 	 0.0000000 	 0.0145000 	 0.5831000
9.1000000 	 0.3500000 	 -3.2500000 	 21.1668000 	 0.0246000 	 0.7623000 	 0.0000000 	 0.0444000 	 1.8296000
