#Cloudy 17.00 models results grids
# O/H: 7.1 - 8.9, log U: -4.0 - -1.5, T*: 30 - 60 kK
# SED: WM-Basic (Pauldrach et al 2001) 
#spherical geometry
#
#12+log(O/H) Teff log(Usp) OII_3727 OIII_5007 SII_6717,31 SIII_9069 He1_4471 He1_5876 He2_4686
7.1 30000 -3.99 0.2725 0.0000 0.1050 0.0000 0.0000 0.0025 0.0000
7.1 32500 -3.99 0.3654 0.0000 0.1331 0.0016 0.0026 0.0068 0.0000
7.1 35000 -4.00 0.4372 0.0000 0.1463 0.0032 0.0062 0.0159 0.0000
7.1 37500 -4.00 0.4752 0.0011 0.1440 0.0052 0.0141 0.0362 0.0000
7.1 40000 -4.00 0.5232 0.0067 0.1431 0.0086 0.0210 0.0539 0.0000
7.1 45000 -4.00 0.5450 0.0103 0.1439 0.0100 0.0224 0.0572 0.0000
7.1 50000 -4.00 0.5485 0.0156 0.1492 0.0105 0.0233 0.0597 0.0000
7.1 55000 -4.00 0.5631 0.0122 0.1420 0.0117 0.0237 0.0608 0.0000
7.1 60000 -4.00 0.5600 0.0189 0.1562 0.0104 0.0239 0.0610 0.0000
7.1 30000 -3.75 0.3290 0.0000 0.1085 0.0012 0.0011 0.0027 0.0000
7.1 32500 -3.75 0.4434 0.0000 0.1348 0.0028 0.0029 0.0075 0.0000
7.1 35000 -3.75 0.5311 0.0000 0.1424 0.0054 0.0069 0.0179 0.0000
7.1 37500 -3.75 0.5770 0.0038 0.1325 0.0085 0.0157 0.0402 0.0000
7.1 40000 -3.75 0.6225 0.0243 0.1222 0.0130 0.0213 0.0546 0.0000
7.1 45000 -3.75 0.6413 0.0367 0.1201 0.0148 0.0223 0.0570 0.0000
7.1 50000 -3.75 0.6324 0.0549 0.1235 0.0153 0.0229 0.0586 0.0000
7.1 55000 -3.75 0.6585 0.0431 0.1158 0.0166 0.0231 0.0593 0.0000
7.1 60000 -3.75 0.6387 0.0648 0.1299 0.0151 0.0231 0.0590 0.0000
7.1 30000 -3.52 0.3714 0.0000 0.1008 0.0027 0.0011 0.0030 0.0000
7.1 32500 -3.52 0.5491 0.0000 0.1308 0.0058 0.0040 0.0103 0.0000
7.1 35000 -3.52 0.6689 0.0022 0.1318 0.0100 0.0109 0.0280 0.0000
7.1 37500 -3.52 0.7068 0.0114 0.1163 0.0137 0.0179 0.0457 0.0000
7.1 40000 -3.51 0.7303 0.0501 0.0986 0.0184 0.0212 0.0542 0.0000
7.1 45000 -3.51 0.7437 0.0761 0.0920 0.0206 0.0219 0.0560 0.0000
7.1 50000 -3.51 0.7051 0.1270 0.0932 0.0213 0.0223 0.0569 0.0000
7.1 55000 -3.51 0.7080 0.1393 0.0898 0.0222 0.0226 0.0579 0.0000
7.1 60000 -3.50 0.6480 0.1983 0.1020 0.0209 0.0224 0.0572 0.0013
7.1 30000 -3.28 0.4297 0.0000 0.0946 0.0047 0.0012 0.0031 0.0000
7.1 32500 -3.28 0.6626 0.0000 0.1194 0.0097 0.0042 0.0107 0.0000
7.1 35000 -3.27 0.8170 0.0086 0.1130 0.0156 0.0115 0.0294 0.0000
7.1 37500 -3.27 0.8387 0.0430 0.0932 0.0200 0.0188 0.0482 0.0000
7.1 40000 -3.27 0.7797 0.1619 0.0744 0.0248 0.0213 0.0544 0.0000
7.1 45000 -3.26 0.7512 0.2345 0.0677 0.0271 0.0217 0.0556 0.0000
7.1 50000 -3.27 0.6497 0.3362 0.0689 0.0275 0.0219 0.0561 0.0000
7.1 55000 -3.26 0.6376 0.3695 0.0656 0.0284 0.0221 0.0567 0.0000
7.1 60000 -3.27 0.5449 0.4469 0.0764 0.0269 0.0218 0.0557 0.0014
7.1 30000 -3.04 0.4709 0.0000 0.0807 0.0074 0.0013 0.0033 0.0000
7.1 32500 -3.06 0.7770 0.0024 0.1006 0.0145 0.0044 0.0114 0.0000
7.1 35000 -3.04 0.9375 0.0187 0.0935 0.0203 0.0081 0.0210 0.0000
7.1 37500 -3.04 0.9220 0.1405 0.0701 0.0267 0.0195 0.0500 0.0000
7.1 40000 -3.03 0.7084 0.4015 0.0532 0.0313 0.0212 0.0544 0.0000
7.1 45000 -3.02 0.6391 0.5119 0.0487 0.0331 0.0216 0.0552 0.0000
7.1 50000 -3.02 0.5080 0.6421 0.0495 0.0332 0.0216 0.0554 0.0000
7.1 55000 -3.02 0.4934 0.6806 0.0476 0.0338 0.0217 0.0558 0.0000
7.1 60000 -3.02 0.4001 0.7649 0.0551 0.0321 0.0213 0.0544 0.0016
7.1 30000 -2.80 0.4871 0.0000 0.0624 0.0102 0.0014 0.0037 0.0000
7.1 32500 -2.80 0.8702 0.0100 0.0761 0.0197 0.0049 0.0127 0.0000
7.1 35000 -2.80 1.0729 0.1022 0.0681 0.0283 0.0131 0.0335 0.0000
7.1 37500 -2.80 0.8951 0.3277 0.0512 0.0327 0.0201 0.0515 0.0000
7.1 40000 -2.79 0.5822 0.6825 0.0388 0.0365 0.0212 0.0543 0.0000
7.1 45000 -2.78 0.5042 0.8174 0.0357 0.0379 0.0214 0.0548 0.0000
7.1 50000 -2.78 0.3843 0.9453 0.0367 0.0370 0.0213 0.0547 0.0000
7.1 55000 -2.78 0.3750 0.9848 0.0359 0.0374 0.0214 0.0550 0.0000
7.1 60000 -2.78 0.3024 1.0462 0.0419 0.0346 0.0208 0.0534 0.0017
7.1 30000 -2.55 0.4832 0.0017 0.0464 0.0121 0.0017 0.0045 0.0000
7.1 32500 -2.56 0.9074 0.0285 0.0572 0.0232 0.0057 0.0148 0.0000
7.1 35000 -2.56 1.0786 0.2188 0.0510 0.0331 0.0145 0.0373 0.0000
7.1 37500 -2.55 0.8002 0.5434 0.0377 0.0373 0.0204 0.0525 0.0000
7.1 40000 -2.54 0.4677 0.9408 0.0293 0.0400 0.0210 0.0541 0.0000
7.1 45000 -2.54 0.4023 1.0776 0.0278 0.0406 0.0212 0.0545 0.0000
7.1 50000 -2.54 0.3021 1.1940 0.0291 0.0385 0.0211 0.0542 0.0011
7.1 55000 -2.54 0.2959 1.2415 0.0287 0.0386 0.0211 0.0545 0.0000
7.1 60000 -2.53 0.2369 1.2925 0.0335 0.0349 0.0205 0.0526 0.0021
7.1 30000 -2.30 0.4713 0.0051 0.0340 0.0133 0.0022 0.0057 0.0000
7.1 32500 -2.30 0.9110 0.0613 0.0428 0.0256 0.0068 0.0177 0.0000
7.1 35000 -2.30 1.0262 0.3588 0.0382 0.0368 0.0163 0.0419 0.0000
7.1 37500 -2.30 0.6909 0.7465 0.0284 0.0405 0.0206 0.0530 0.0000
7.1 40000 -2.29 0.3780 1.1564 0.0231 0.0418 0.0209 0.0539 0.0000
7.1 45000 -2.29 0.3243 1.2994 0.0226 0.0417 0.0210 0.0542 0.0000
7.1 50000 -2.28 0.2411 1.4082 0.0240 0.0383 0.0209 0.0537 0.0015
7.1 55000 -2.29 0.2380 1.4607 0.0240 0.0383 0.0209 0.0539 0.0000
7.1 60000 -2.28 0.1910 1.4967 0.0279 0.0338 0.0202 0.0518 0.0026
7.1 30000 -2.04 0.4573 0.0121 0.0249 0.0139 0.0027 0.0071 0.0000
7.1 32500 -2.05 0.8944 0.1070 0.0320 0.0274 0.0081 0.0211 0.0000
7.1 35000 -2.05 0.9413 0.5111 0.0288 0.0396 0.0180 0.0464 0.0000
7.1 37500 -2.05 0.5836 0.9349 0.0220 0.0426 0.0206 0.0532 0.0000
7.1 40000 -2.04 0.3089 1.3415 0.0191 0.0425 0.0208 0.0536 0.0000
7.1 45000 -2.03 0.2630 1.4966 0.0190 0.0416 0.0208 0.0538 0.0000
7.1 50000 -2.07 0.2025 1.5628 0.0210 0.0374 0.0206 0.0532 0.0019
7.1 55000 -2.09 0.2025 1.6133 0.0212 0.0375 0.0206 0.0535 0.0000
7.1 60000 -2.10 0.1646 1.6293 0.0248 0.0326 0.0199 0.0512 0.0032
7.1 30000 -1.79 0.4424 0.0221 0.0184 0.0143 0.0034 0.0088 0.0000
7.1 32500 -1.80 0.8633 0.1626 0.0244 0.0287 0.0096 0.0248 0.0000
7.1 35000 -1.80 0.8394 0.6686 0.0221 0.0416 0.0192 0.0497 0.0000
7.1 37500 -1.80 0.4840 1.1135 0.0175 0.0440 0.0206 0.0532 0.0000
7.1 40000 -1.78 0.2515 1.5198 0.0161 0.0423 0.0206 0.0532 0.0000
7.1 45000 -1.78 0.2158 1.6742 0.0164 0.0407 0.0206 0.0533 0.0000
7.1 50000 -1.82 0.1663 1.7305 0.0183 0.0355 0.0203 0.0526 0.0027
7.1 55000 -1.78 0.1603 1.8233 0.0181 0.0354 0.0203 0.0527 0.0011
7.1 60000 -1.78 0.1305 1.8252 0.0208 0.0300 0.0194 0.0501 0.0047
7.1 30000 -1.54 0.4252 0.0353 0.0136 0.0144 0.0041 0.0106 0.0000
7.1 32500 -1.55 0.8154 0.2331 0.0185 0.0297 0.0111 0.0288 0.0000
7.1 35000 -1.55 0.7289 0.8317 0.0171 0.0432 0.0198 0.0514 0.0000
7.1 37500 -1.55 0.4003 1.2775 0.0145 0.0447 0.0205 0.0531 0.0000
7.1 40000 -1.53 0.2084 1.6796 0.0141 0.0414 0.0203 0.0528 0.0000
7.1 45000 -1.53 0.1796 1.8341 0.0146 0.0391 0.0204 0.0528 0.0000
7.1 50000 -1.52 0.1349 1.9021 0.0160 0.0329 0.0200 0.0517 0.0041
7.1 55000 -1.53 0.1348 1.9724 0.0163 0.0332 0.0200 0.0521 0.0016
7.1 60000 -1.53 0.1105 1.9594 0.0185 0.0277 0.0191 0.0492 0.0064
7.4 30000 -3.99 0.4745 0.0000 0.1951 0.0013 0.0000 0.0025 0.0000
7.4 32500 -3.99 0.6452 0.0000 0.2490 0.0029 0.0027 0.0068 0.0000
7.4 35000 -3.99 0.7862 0.0000 0.2764 0.0059 0.0062 0.0159 0.0000
7.4 37500 -3.99 0.8691 0.0020 0.2751 0.0099 0.0141 0.0362 0.0000
7.4 40000 -4.00 0.9821 0.0127 0.2776 0.0165 0.0211 0.0541 0.0000
7.4 45000 -4.00 1.0329 0.0195 0.2807 0.0194 0.0225 0.0575 0.0000
7.4 50000 -4.00 1.0461 0.0299 0.2921 0.0204 0.0235 0.0600 0.0000
7.4 55000 -4.00 1.0780 0.0233 0.2785 0.0228 0.0238 0.0611 0.0000
7.4 60000 -4.00 1.0764 0.0364 0.3069 0.0202 0.0240 0.0614 0.0000
7.4 30000 -3.74 0.5694 0.0000 0.2008 0.0023 0.0011 0.0028 0.0000
7.4 32500 -3.74 0.7770 0.0000 0.2512 0.0052 0.0029 0.0075 0.0000
7.4 35000 -3.74 0.9484 0.0000 0.2683 0.0101 0.0070 0.0179 0.0000
7.4 37500 -3.74 1.0500 0.0070 0.2528 0.0161 0.0157 0.0403 0.0000
7.4 40000 -3.75 1.1649 0.0455 0.2372 0.0250 0.0214 0.0549 0.0000
7.4 45000 -3.75 1.2121 0.0693 0.2344 0.0286 0.0224 0.0573 0.0000
7.4 50000 -3.75 1.2035 0.1043 0.2419 0.0297 0.0230 0.0589 0.0000
7.4 55000 -3.75 1.2586 0.0823 0.2272 0.0323 0.0233 0.0596 0.0000
7.4 60000 -3.75 1.2260 0.1242 0.2554 0.0294 0.0232 0.0593 0.0000
7.4 30000 -3.51 0.6382 0.0000 0.1863 0.0050 0.0012 0.0030 0.0000
7.4 32500 -3.51 0.9565 0.0000 0.2435 0.0107 0.0040 0.0104 0.0000
7.4 35000 -3.51 1.1908 0.0040 0.2486 0.0187 0.0110 0.0282 0.0000
7.4 37500 -3.51 1.2781 0.0207 0.2218 0.0258 0.0179 0.0459 0.0000
7.4 40000 -3.51 1.3512 0.0926 0.1907 0.0352 0.0213 0.0545 0.0000
7.4 45000 -3.50 1.3925 0.1422 0.1789 0.0398 0.0220 0.0563 0.0000
7.4 50000 -3.51 1.3314 0.2392 0.1821 0.0412 0.0224 0.0573 0.0000
7.4 55000 -3.51 1.3496 0.2647 0.1763 0.0433 0.0228 0.0583 0.0000
7.4 60000 -3.50 1.2419 0.3784 0.2005 0.0407 0.0225 0.0575 0.0013
7.4 30000 -3.27 0.7272 0.0000 0.1738 0.0086 0.0012 0.0031 0.0000
7.4 32500 -3.28 1.1382 0.0012 0.2211 0.0177 0.0042 0.0108 0.0000
7.4 35000 -3.27 1.4334 0.0151 0.2122 0.0290 0.0115 0.0296 0.0000
7.4 37500 -3.27 1.4971 0.0768 0.1770 0.0375 0.0189 0.0485 0.0000
7.4 40000 -3.27 1.4302 0.2957 0.1433 0.0472 0.0214 0.0548 0.0000
7.4 45000 -3.26 1.3966 0.4333 0.1315 0.0519 0.0219 0.0560 0.0000
7.4 50000 -3.26 1.2226 0.6279 0.1343 0.0530 0.0221 0.0565 0.0000
7.4 55000 -3.26 1.2121 0.6970 0.1286 0.0552 0.0223 0.0572 0.0000
7.4 60000 -3.26 1.0439 0.8486 0.1500 0.0523 0.0220 0.0561 0.0014
7.4 30000 -3.04 0.7825 0.0000 0.1472 0.0134 0.0013 0.0033 0.0000
7.4 32500 -3.05 1.3111 0.0041 0.1852 0.0264 0.0045 0.0115 0.0000
7.4 35000 -3.03 1.6034 0.0318 0.1735 0.0373 0.0082 0.0211 0.0000
7.4 37500 -3.03 1.6230 0.2460 0.1322 0.0497 0.0197 0.0504 0.0000
7.4 40000 -3.02 1.2883 0.7226 0.1019 0.0591 0.0214 0.0548 0.0000
7.4 45000 -3.02 1.1817 0.9354 0.0940 0.0631 0.0218 0.0557 0.0000
7.4 50000 -3.02 0.9528 1.1878 0.0962 0.0637 0.0218 0.0559 0.0000
7.4 55000 -3.02 0.9366 1.2741 0.0931 0.0654 0.0219 0.0563 0.0000
7.4 60000 -3.01 0.7661 1.4427 0.1080 0.0623 0.0215 0.0549 0.0016
7.4 30000 -2.79 0.7979 0.0000 0.1131 0.0183 0.0015 0.0038 0.0000
7.4 32500 -2.79 1.4411 0.0162 0.1389 0.0355 0.0050 0.0128 0.0000
7.4 35000 -2.79 1.8226 0.1705 0.1261 0.0518 0.0131 0.0337 0.0000
7.4 37500 -2.79 1.5578 0.5628 0.0959 0.0604 0.0203 0.0519 0.0000
7.4 40000 -2.78 1.0527 1.2123 0.0739 0.0684 0.0214 0.0548 0.0000
7.4 45000 -2.77 0.9287 1.4769 0.0686 0.0717 0.0216 0.0554 0.0000
7.4 50000 -2.77 0.7192 1.7315 0.0711 0.0706 0.0216 0.0553 0.0000
7.4 55000 -2.77 0.7107 1.8279 0.0699 0.0718 0.0217 0.0557 0.0000
7.4 60000 -2.78 0.5786 1.9588 0.0819 0.0668 0.0211 0.0541 0.0018
7.4 30000 -2.54 0.7861 0.0028 0.0839 0.0218 0.0018 0.0046 0.0000
7.4 32500 -2.55 1.4857 0.0453 0.1039 0.0416 0.0058 0.0149 0.0000
7.4 35000 -2.55 1.8162 0.3584 0.0940 0.0601 0.0146 0.0375 0.0000
7.4 37500 -2.54 1.3855 0.9207 0.0701 0.0683 0.0206 0.0529 0.0000
7.4 40000 -2.53 0.8442 1.6552 0.0554 0.0745 0.0213 0.0546 0.0000
7.4 45000 -2.53 0.7400 1.9311 0.0532 0.0764 0.0215 0.0551 0.0000
7.4 50000 -2.53 0.5650 2.1705 0.0561 0.0729 0.0214 0.0549 0.0011
7.4 55000 -2.53 0.5602 2.2895 0.0558 0.0738 0.0214 0.0552 0.0000
7.4 60000 -2.53 0.4531 2.4059 0.0653 0.0669 0.0208 0.0533 0.0021
7.4 30000 -2.29 0.7646 0.0082 0.0616 0.0239 0.0022 0.0057 0.0000
7.4 32500 -2.29 1.4848 0.0967 0.0776 0.0459 0.0069 0.0177 0.0000
7.4 35000 -2.29 1.7252 0.5832 0.0701 0.0663 0.0164 0.0421 0.0000
7.4 37500 -2.29 1.1970 1.2575 0.0526 0.0737 0.0208 0.0535 0.0000
7.4 40000 -2.28 0.6839 2.0268 0.0437 0.0775 0.0212 0.0545 0.0000
7.4 45000 -2.28 0.5971 2.3198 0.0431 0.0781 0.0213 0.0548 0.0000
7.4 50000 -2.28 0.4512 2.5490 0.0462 0.0723 0.0212 0.0545 0.0015
7.4 55000 -2.28 0.4505 2.6838 0.0465 0.0729 0.0212 0.0547 0.0000
7.4 60000 -2.28 0.3653 2.7756 0.0543 0.0647 0.0205 0.0527 0.0027
7.4 30000 -2.03 0.7411 0.0193 0.0451 0.0251 0.0028 0.0072 0.0000
7.4 32500 -2.04 1.4565 0.1683 0.0581 0.0491 0.0082 0.0212 0.0000
7.4 35000 -2.04 1.5871 0.8299 0.0528 0.0711 0.0181 0.0466 0.0000
7.4 37500 -2.04 1.0152 1.5737 0.0407 0.0775 0.0209 0.0537 0.0000
7.4 40000 -2.03 0.5609 2.3508 0.0361 0.0785 0.0210 0.0542 0.0000
7.4 45000 -2.02 0.4855 2.6713 0.0362 0.0777 0.0212 0.0545 0.0000
7.4 50000 -2.06 0.3795 2.8268 0.0404 0.0703 0.0210 0.0540 0.0019
7.4 55000 -2.08 0.3835 2.9606 0.0412 0.0711 0.0210 0.0544 0.0000
7.4 60000 -2.09 0.3148 3.0184 0.0483 0.0621 0.0203 0.0521 0.0033
7.4 30000 -1.78 0.7172 0.0352 0.0335 0.0257 0.0034 0.0090 0.0000
7.4 32500 -1.79 1.4090 0.2552 0.0442 0.0513 0.0097 0.0250 0.0000
7.4 35000 -1.79 1.4230 1.0884 0.0404 0.0747 0.0194 0.0501 0.0000
7.4 37500 -1.79 0.8467 1.8780 0.0325 0.0798 0.0208 0.0538 0.0000
7.4 40000 -1.77 0.4588 2.6703 0.0305 0.0781 0.0209 0.0539 0.0000
7.4 45000 -1.77 0.3996 2.9937 0.0314 0.0758 0.0210 0.0541 0.0000
7.4 50000 -1.81 0.3121 3.1329 0.0352 0.0667 0.0207 0.0535 0.0027
7.4 55000 -1.77 0.3038 3.3489 0.0352 0.0669 0.0207 0.0537 0.0012
7.4 60000 -1.77 0.2498 3.3834 0.0406 0.0570 0.0199 0.0512 0.0048
7.4 30000 -1.53 0.6907 0.0562 0.0247 0.0260 0.0042 0.0109 0.0000
7.4 32500 -1.54 1.3378 0.3657 0.0336 0.0530 0.0112 0.0291 0.0000
7.4 35000 -1.54 1.2446 1.3603 0.0314 0.0775 0.0200 0.0518 0.0000
7.4 37500 -1.54 0.7046 2.1635 0.0268 0.0811 0.0207 0.0537 0.0000
7.4 40000 -1.52 0.3818 2.9629 0.0266 0.0764 0.0207 0.0535 0.0000
7.4 45000 -1.52 0.3334 3.2906 0.0280 0.0729 0.0207 0.0537 0.0000
7.4 50000 -1.52 0.2537 3.4525 0.0309 0.0616 0.0204 0.0527 0.0041
7.4 55000 -1.53 0.2558 3.6287 0.0316 0.0628 0.0205 0.0531 0.0017
7.4 60000 -1.52 0.2116 3.6396 0.0360 0.0526 0.0195 0.0503 0.0066
7.7 30000 -3.99 0.6936 0.0000 0.3300 0.0021 0.0000 0.0026 0.0000
7.7 32500 -3.99 0.9722 0.0000 0.4275 0.0050 0.0027 0.0069 0.0000
7.7 35000 -3.99 1.2339 0.0000 0.4853 0.0103 0.0062 0.0160 0.0000
7.7 37500 -3.99 1.4252 0.0033 0.4962 0.0176 0.0142 0.0364 0.0000
7.7 40000 -3.99 1.7123 0.0223 0.5198 0.0305 0.0213 0.0546 0.0000
7.7 45000 -4.00 1.8392 0.0349 0.5317 0.0364 0.0226 0.0580 0.0000
7.7 50000 -4.00 1.8900 0.0542 0.5580 0.0387 0.0237 0.0606 0.0000
7.7 55000 -4.00 1.9633 0.0426 0.5339 0.0434 0.0241 0.0617 0.0000
7.7 60000 -4.00 1.9795 0.0670 0.5910 0.0387 0.0243 0.0620 0.0000
7.7 30000 -3.74 0.8357 0.0000 0.3401 0.0038 0.0011 0.0028 0.0000
7.7 32500 -3.74 1.1680 0.0000 0.4309 0.0087 0.0030 0.0076 0.0000
7.7 35000 -3.74 1.4799 0.0013 0.4705 0.0174 0.0070 0.0180 0.0000
7.7 37500 -3.74 1.7070 0.0116 0.4555 0.0286 0.0158 0.0405 0.0000
7.7 40000 -3.75 2.0179 0.0790 0.4443 0.0462 0.0216 0.0554 0.0000
7.7 45000 -3.75 2.1482 0.1230 0.4445 0.0535 0.0226 0.0579 0.0000
7.7 50000 -3.75 2.1652 0.1873 0.4625 0.0560 0.0232 0.0595 0.0000
7.7 55000 -3.75 2.2854 0.1491 0.4365 0.0613 0.0235 0.0603 0.0000
7.7 60000 -3.75 2.2493 0.2272 0.4926 0.0561 0.0235 0.0600 0.0000
7.7 30000 -3.51 0.9393 0.0000 0.3168 0.0084 0.0012 0.0031 0.0000
7.7 32500 -3.51 1.4392 0.0000 0.4192 0.0181 0.0041 0.0105 0.0000
7.7 35000 -3.51 1.8629 0.0064 0.4387 0.0324 0.0111 0.0284 0.0000
7.7 37500 -3.51 2.0624 0.0336 0.3999 0.0456 0.0180 0.0462 0.0000
7.7 40000 -3.51 2.2914 0.1569 0.3545 0.0641 0.0215 0.0550 0.0000
7.7 45000 -3.50 2.4220 0.2465 0.3373 0.0736 0.0222 0.0569 0.0000
7.7 50000 -3.50 2.3605 0.4215 0.3466 0.0770 0.0226 0.0579 0.0000
7.7 55000 -3.51 2.4413 0.4755 0.3387 0.0819 0.0230 0.0590 0.0000
7.7 60000 -3.50 2.2722 0.6866 0.3866 0.0773 0.0228 0.0582 0.0013
7.7 30000 -3.26 1.0608 0.0000 0.2950 0.0144 0.0012 0.0032 0.0000
7.7 32500 -3.27 1.6913 0.0018 0.3796 0.0299 0.0043 0.0110 0.0000
7.7 35000 -3.26 2.2033 0.0235 0.3729 0.0499 0.0116 0.0299 0.0000
7.7 37500 -3.26 2.3757 0.1221 0.3179 0.0658 0.0191 0.0489 0.0000
7.7 40000 -3.26 2.3926 0.4907 0.2652 0.0852 0.0216 0.0553 0.0000
7.7 45000 -3.25 2.4007 0.7363 0.2466 0.0952 0.0221 0.0566 0.0000
7.7 50000 -3.26 2.1513 1.0882 0.2547 0.0982 0.0224 0.0572 0.0000
7.7 55000 -3.26 2.1812 1.2339 0.2463 0.1035 0.0226 0.0579 0.0000
7.7 60000 -3.26 1.9079 1.5231 0.2887 0.0987 0.0223 0.0569 0.0015
7.7 30000 -3.02 1.1305 0.0000 0.2495 0.0225 0.0013 0.0034 0.0000
7.7 32500 -3.04 1.9199 0.0060 0.3168 0.0444 0.0045 0.0116 0.0000
7.7 35000 -3.02 2.3829 0.0473 0.2997 0.0634 0.0083 0.0213 0.0000
7.7 37500 -3.02 2.5264 0.3805 0.2355 0.0865 0.0199 0.0509 0.0000
7.7 40000 -3.01 2.1255 1.1694 0.1867 0.1053 0.0217 0.0554 0.0000
7.7 45000 -3.01 2.0120 1.5553 0.1747 0.1142 0.0220 0.0564 0.0000
7.7 50000 -3.01 1.6691 2.0219 0.1810 0.1165 0.0221 0.0566 0.0000
7.7 55000 -3.01 1.6804 2.2212 0.1772 0.1214 0.0223 0.0571 0.0000
7.7 60000 -3.01 1.3992 2.5544 0.2068 0.1166 0.0218 0.0558 0.0016
7.7 30000 -2.77 1.1453 0.0012 0.1914 0.0309 0.0015 0.0038 0.0000
7.7 32500 -2.78 2.0806 0.0231 0.2363 0.0597 0.0050 0.0129 0.0000
7.7 35000 -2.78 2.7048 0.2486 0.2183 0.0879 0.0132 0.0340 0.0000
7.7 37500 -2.78 2.3947 0.8503 0.1691 0.1037 0.0205 0.0525 0.0000
7.7 40000 -2.77 1.7278 1.9272 0.1340 0.1202 0.0216 0.0554 0.0000
7.7 45000 -2.76 1.5754 2.4161 0.1264 0.1281 0.0219 0.0562 0.0000
7.7 50000 -2.76 1.2584 2.9046 0.1328 0.1278 0.0219 0.0562 0.0000
7.7 55000 -2.76 1.2732 3.1449 0.1321 0.1321 0.0220 0.0566 0.0000
7.7 60000 -2.77 1.0560 3.4275 0.1562 0.1241 0.0215 0.0551 0.0018
7.7 30000 -2.52 1.1256 0.0040 0.1419 0.0368 0.0018 0.0046 0.0000
7.7 32500 -2.53 2.1314 0.0638 0.1761 0.0699 0.0058 0.0150 0.0000
7.7 35000 -2.53 2.6798 0.5149 0.1618 0.1013 0.0147 0.0378 0.0000
7.7 37500 -2.53 2.1256 1.3748 0.1227 0.1162 0.0209 0.0536 0.0000
7.7 40000 -2.52 1.3899 2.6095 0.0999 0.1298 0.0216 0.0554 0.0000
7.7 45000 -2.52 1.2586 3.1373 0.0975 0.1355 0.0218 0.0560 0.0000
7.7 50000 -2.52 0.9907 3.6176 0.1045 0.1312 0.0218 0.0558 0.0011
7.7 55000 -2.52 1.0043 3.9115 0.1052 0.1349 0.0219 0.0562 0.0000
7.7 60000 -2.52 0.8277 4.1805 0.1241 0.1235 0.0213 0.0545 0.0022
7.7 30000 -2.27 1.0966 0.0117 0.1045 0.0405 0.0022 0.0059 0.0000
7.7 32500 -2.28 2.1279 0.1357 0.1316 0.0771 0.0069 0.0179 0.0000
7.7 35000 -2.28 2.5534 0.8327 0.1207 0.1113 0.0165 0.0423 0.0000
7.7 37500 -2.28 1.8479 1.8724 0.0918 0.1248 0.0211 0.0541 0.0000
7.7 40000 -2.27 1.1360 3.1972 0.0788 0.1347 0.0215 0.0552 0.0000
7.7 45000 -2.27 1.0219 3.7701 0.0790 0.1381 0.0217 0.0557 0.0000
7.7 50000 -2.26 0.7958 4.2478 0.0859 0.1297 0.0216 0.0554 0.0015
7.7 55000 -2.27 0.8097 4.5809 0.0876 0.1329 0.0217 0.0558 0.0000
7.7 60000 -2.27 0.6685 4.8167 0.1031 0.1190 0.0210 0.0539 0.0028
7.7 30000 -2.02 1.0653 0.0277 0.0769 0.0427 0.0028 0.0074 0.0000
7.7 32500 -2.02 2.0909 0.2355 0.0989 0.0823 0.0083 0.0214 0.0000
7.7 35000 -2.02 2.3693 1.1846 0.0911 0.1189 0.0182 0.0469 0.0000
7.7 37500 -2.03 1.5857 2.3507 0.0712 0.1308 0.0211 0.0544 0.0000
7.7 40000 -2.02 0.9411 3.7273 0.0651 0.1366 0.0214 0.0551 0.0000
7.7 45000 -2.01 0.8378 4.3617 0.0665 0.1376 0.0216 0.0555 0.0000
7.7 50000 -2.05 0.6726 4.7246 0.0752 0.1262 0.0214 0.0551 0.0019
7.7 55000 -2.07 0.6913 5.0638 0.0776 0.1294 0.0215 0.0555 0.0000
7.7 60000 -2.08 0.5771 5.2452 0.0916 0.1142 0.0208 0.0534 0.0034
7.7 30000 -1.77 1.0332 0.0504 0.0574 0.0438 0.0035 0.0092 0.0000
7.7 32500 -1.78 2.0342 0.3554 0.0755 0.0859 0.0097 0.0253 0.0000
7.7 35000 -1.78 2.1487 1.5610 0.0699 0.1247 0.0196 0.0505 0.0000
7.7 37500 -1.77 1.3402 2.8243 0.0569 0.1349 0.0211 0.0545 0.0000
7.7 40000 -1.76 0.7781 4.2677 0.0552 0.1363 0.0213 0.0548 0.0000
7.7 45000 -1.76 0.6948 4.9226 0.0578 0.1345 0.0214 0.0551 0.0000
7.7 50000 -1.80 0.5566 5.2667 0.0658 0.1199 0.0212 0.0546 0.0027
7.7 55000 -1.76 0.5499 5.7550 0.0663 0.1217 0.0213 0.0550 0.0012
7.7 60000 -1.76 0.4595 5.9065 0.0771 0.1047 0.0205 0.0526 0.0050
7.7 30000 -1.52 0.9978 0.0801 0.0425 0.0442 0.0043 0.0112 0.0000
7.7 32500 -1.52 1.9486 0.5076 0.0576 0.0887 0.0113 0.0294 0.0000
7.7 35000 -1.53 1.9042 1.9675 0.0543 0.1293 0.0203 0.0525 0.0000
7.7 37500 -1.53 1.1300 3.2823 0.0471 0.1374 0.0211 0.0544 0.0000
7.7 40000 -1.51 0.6536 4.7791 0.0485 0.1338 0.0211 0.0545 0.0000
7.7 45000 -1.51 0.5837 5.4544 0.0516 0.1295 0.0212 0.0548 0.0000
7.7 50000 -1.51 0.4553 5.8482 0.0579 0.1109 0.0209 0.0540 0.0041
7.7 55000 -1.52 0.4643 6.2647 0.0596 0.1143 0.0211 0.0546 0.0017
7.7 60000 -1.51 0.3901 6.3816 0.0685 0.0967 0.0202 0.0519 0.0068
8.0 30000 -3.99 0.6737 0.0000 0.4466 0.0028 0.0010 0.0026 0.0000
8.0 32500 -3.99 1.0061 0.0000 0.5963 0.0069 0.0027 0.0069 0.0000
8.0 35000 -3.99 1.3979 0.0000 0.7117 0.0149 0.0062 0.0159 0.0000
8.0 37500 -3.99 1.7857 0.0044 0.7735 0.0270 0.0142 0.0365 0.0000
8.0 40000 -3.99 2.4945 0.0330 0.8872 0.0510 0.0215 0.0552 0.0000
8.0 45000 -3.99 2.8205 0.0543 0.9330 0.0628 0.0229 0.0588 0.0000
8.0 50000 -3.99 2.9960 0.0866 0.9978 0.0679 0.0240 0.0615 0.0000
8.0 55000 -4.00 3.1821 0.0694 0.9647 0.0774 0.0244 0.0627 0.0000
8.0 60000 -4.00 3.2744 0.1112 1.0786 0.0696 0.0247 0.0631 0.0000
8.0 30000 -3.73 0.8768 0.0000 0.4794 0.0053 0.0011 0.0029 0.0000
8.0 32500 -3.74 1.2742 0.0000 0.6189 0.0124 0.0030 0.0078 0.0000
8.0 35000 -3.74 1.7280 0.0016 0.7034 0.0256 0.0070 0.0182 0.0000
8.0 37500 -3.74 2.1734 0.0155 0.7200 0.0441 0.0159 0.0408 0.0000
8.0 40000 -3.74 2.9423 0.1163 0.7643 0.0771 0.0218 0.0561 0.0000
8.0 45000 -3.74 3.2907 0.1892 0.7852 0.0921 0.0229 0.0587 0.0000
8.0 50000 -3.75 3.4269 0.2953 0.8322 0.0982 0.0236 0.0604 0.0000
8.0 55000 -3.75 3.7000 0.2409 0.7934 0.1092 0.0239 0.0612 0.0000
8.0 60000 -3.75 3.7202 0.3734 0.9040 0.1007 0.0239 0.0610 0.0000
8.0 30000 -3.50 1.0463 0.0000 0.4632 0.0121 0.0012 0.0032 0.0000
8.0 32500 -3.50 1.6473 0.0000 0.6213 0.0264 0.0042 0.0107 0.0000
8.0 35000 -3.50 2.2687 0.0083 0.6762 0.0488 0.0112 0.0287 0.0000
8.0 37500 -3.50 2.6553 0.0448 0.6410 0.0710 0.0182 0.0466 0.0000
8.0 40000 -3.50 3.2439 0.2229 0.6042 0.1056 0.0217 0.0557 0.0000
8.0 45000 -3.50 3.6040 0.3652 0.5911 0.1248 0.0225 0.0577 0.0000
8.0 50000 -3.50 3.6443 0.6424 0.6187 0.1330 0.0230 0.0588 0.0000
8.0 55000 -3.50 3.9314 0.7548 0.6170 0.1450 0.0234 0.0599 0.0000
8.0 60000 -3.50 3.7461 1.1111 0.7103 0.1382 0.0232 0.0593 0.0013
8.0 30000 -3.25 1.2174 0.0000 0.4393 0.0212 0.0013 0.0033 0.0000
8.0 32500 -3.25 1.9768 0.0023 0.5723 0.0444 0.0043 0.0112 0.0000
8.0 35000 -3.25 2.6876 0.0299 0.5792 0.0758 0.0118 0.0302 0.0000
8.0 37500 -3.25 3.0410 0.1593 0.5118 0.1027 0.0193 0.0494 0.0000
8.0 40000 -3.25 3.3537 0.6799 0.4511 0.1395 0.0219 0.0561 0.0000
8.0 45000 -3.24 3.5250 1.0593 0.4297 0.1595 0.0224 0.0575 0.0000
8.0 50000 -3.25 3.3016 1.6190 0.4523 0.1675 0.0227 0.0581 0.0000
8.0 55000 -3.25 3.4899 1.9109 0.4463 0.1808 0.0230 0.0589 0.0000
8.0 60000 -3.25 3.1445 2.4191 0.5284 0.1743 0.0227 0.0580 0.0015
8.0 30000 -3.00 1.3199 0.0000 0.3764 0.0339 0.0013 0.0035 0.0000
8.0 32500 -3.02 2.2646 0.0076 0.4795 0.0671 0.0046 0.0118 0.0000
8.0 35000 -3.01 3.0712 0.1033 0.4573 0.1064 0.0124 0.0318 0.0000
8.0 37500 -3.00 3.2094 0.4865 0.3780 0.1348 0.0201 0.0515 0.0000
8.0 40000 -3.00 2.9500 1.5854 0.3133 0.1698 0.0220 0.0562 0.0000
8.0 45000 -2.99 2.9407 2.1836 0.3011 0.1880 0.0224 0.0572 0.0000
8.0 50000 -2.99 2.5624 2.9425 0.3184 0.1952 0.0225 0.0576 0.0000
8.0 55000 -3.00 2.6906 3.3674 0.3181 0.2085 0.0227 0.0582 0.0000
8.0 60000 -2.99 2.3162 3.9778 0.3754 0.2028 0.0223 0.0570 0.0016
8.0 30000 -2.75 1.3514 0.0015 0.2906 0.0474 0.0015 0.0039 0.0000
8.0 32500 -2.75 2.4696 0.0283 0.3603 0.0912 0.0051 0.0131 0.0000
8.0 35000 -2.75 3.2927 0.3056 0.3394 0.1349 0.0133 0.0343 0.0000
8.0 37500 -2.75 3.0367 1.0737 0.2697 0.1607 0.0207 0.0532 0.0000
8.0 40000 -2.75 2.4127 2.5746 0.2233 0.1912 0.0220 0.0563 0.0000
8.0 45000 -2.74 2.3124 3.3539 0.2158 0.2079 0.0223 0.0570 0.0000
8.0 50000 -2.74 1.9451 4.1833 0.2316 0.2113 0.0223 0.0572 0.0000
8.0 55000 -2.75 2.0459 4.7092 0.2354 0.2237 0.0225 0.0577 0.0000
8.0 60000 -2.75 1.7546 5.2772 0.2816 0.2133 0.0220 0.0563 0.0018
8.0 30000 -2.50 1.3387 0.0050 0.2165 0.0571 0.0018 0.0047 0.0000
8.0 32500 -2.51 2.5468 0.0779 0.2697 0.1075 0.0058 0.0151 0.0000
8.0 35000 -2.51 3.2795 0.6294 0.2518 0.1554 0.0148 0.0379 0.0000
8.0 37500 -2.50 2.7201 1.7302 0.1953 0.1790 0.0212 0.0543 0.0000
8.0 40000 -2.49 1.9674 3.4983 0.1659 0.2051 0.0219 0.0562 0.0000
8.0 45000 -2.49 1.8667 4.3769 0.1656 0.2186 0.0222 0.0569 0.0000
8.0 50000 -2.49 1.5446 5.2399 0.1816 0.2158 0.0222 0.0568 0.0011
8.0 55000 -2.50 1.6260 5.8610 0.1869 0.2272 0.0223 0.0573 0.0000
8.0 60000 -2.50 1.3844 6.4366 0.2234 0.2114 0.0218 0.0557 0.0022
8.0 30000 -2.25 1.3151 0.0147 0.1608 0.0633 0.0023 0.0060 0.0000
8.0 32500 -2.26 2.5590 0.1651 0.2027 0.1190 0.0069 0.0180 0.0000
8.0 35000 -2.25 3.1590 1.0141 0.1884 0.1706 0.0165 0.0425 0.0000
8.0 37500 -2.25 2.4067 2.3630 0.1466 0.1918 0.0214 0.0550 0.0000
8.0 40000 -2.24 1.6434 4.3182 0.1316 0.2127 0.0219 0.0561 0.0000
8.0 45000 -2.25 1.5457 5.2929 0.1351 0.2227 0.0221 0.0567 0.0000
8.0 50000 -2.24 1.2637 6.1953 0.1504 0.2137 0.0220 0.0565 0.0015
8.0 55000 -2.25 1.3225 6.9151 0.1558 0.2241 0.0222 0.0571 0.0000
8.0 60000 -2.25 1.1259 7.4642 0.1859 0.2039 0.0216 0.0553 0.0028
8.0 30000 -2.00 1.2878 0.0346 0.1194 0.0670 0.0029 0.0076 0.0000
8.0 32500 -2.00 2.5346 0.2849 0.1532 0.1272 0.0083 0.0215 0.0000
8.0 35000 -2.00 2.9821 1.4408 0.1432 0.1820 0.0183 0.0472 0.0000
8.0 37500 -2.00 2.1099 2.9893 0.1142 0.2010 0.0215 0.0553 0.0000
8.0 40000 -2.00 1.3892 5.0983 0.1094 0.2162 0.0218 0.0560 0.0000
8.0 45000 -1.99 1.2878 6.2025 0.1143 0.2226 0.0220 0.0565 0.0000
8.0 50000 -1.99 1.0482 7.1176 0.1291 0.2075 0.0219 0.0562 0.0020
8.0 55000 -2.00 1.0937 7.9064 0.1345 0.2173 0.0220 0.0568 0.0000
8.0 60000 -2.00 0.9339 8.4175 0.1597 0.1938 0.0214 0.0548 0.0037
8.0 30000 -1.75 1.2585 0.0627 0.0898 0.0691 0.0036 0.0094 0.0000
8.0 32500 -1.76 2.4906 0.4266 0.1178 0.1330 0.0098 0.0255 0.0000
8.0 35000 -1.76 2.7587 1.9065 0.1107 0.1907 0.0198 0.0510 0.0000
8.0 37500 -1.75 1.8264 3.6338 0.0918 0.2075 0.0215 0.0553 0.0000
8.0 40000 -1.74 1.1721 5.9298 0.0934 0.2169 0.0217 0.0558 0.0000
8.0 45000 -1.74 1.0842 7.1019 0.0999 0.2192 0.0219 0.0563 0.0000
8.0 50000 -1.74 0.8824 8.0154 0.1141 0.1985 0.0217 0.0558 0.0028
8.0 55000 -1.75 0.9134 8.8713 0.1187 0.2075 0.0219 0.0565 0.0012
8.0 60000 -1.75 0.7845 9.3329 0.1398 0.1814 0.0211 0.0542 0.0051
8.0 30000 -1.50 1.2255 0.0985 0.0671 0.0700 0.0044 0.0115 0.0000
8.0 32500 -1.51 2.4210 0.6046 0.0906 0.1374 0.0115 0.0298 0.0000
8.0 35000 -1.51 2.5014 2.4276 0.0864 0.1979 0.0206 0.0532 0.0000
8.0 37500 -1.51 1.5754 4.2810 0.0766 0.2120 0.0214 0.0553 0.0000
8.0 40000 -1.49 1.0012 6.7480 0.0826 0.2148 0.0216 0.0556 0.0000
8.0 45000 -1.49 0.9229 7.9853 0.0897 0.2128 0.0218 0.0561 0.0000
8.0 50000 -1.49 0.7504 8.8883 0.1028 0.1870 0.0215 0.0554 0.0040
8.0 55000 -1.50 0.7765 9.7559 0.1069 0.1957 0.0217 0.0562 0.0017
8.0 60000 -1.50 0.6697 10.1829 0.1245 0.1681 0.0209 0.0536 0.0069
8.3 30000 -3.98 0.2251 0.0000 0.3325 0.0022 0.0010 0.0027 0.0000
8.3 32500 -3.98 0.3941 0.0000 0.4808 0.0058 0.0026 0.0069 0.0000
8.3 35000 -3.98 0.6824 0.0000 0.6495 0.0139 0.0060 0.0157 0.0000
8.3 37500 -3.99 1.1085 0.0033 0.8165 0.0285 0.0140 0.0363 0.0000
8.3 40000 -3.99 2.2302 0.0314 1.1698 0.0652 0.0217 0.0561 0.0000
8.3 45000 -3.99 2.8413 0.0572 1.3143 0.0860 0.0232 0.0599 0.0000
8.3 50000 -3.99 3.2841 0.0974 1.4747 0.0972 0.0244 0.0628 0.0000
8.3 55000 -3.99 3.6927 0.0823 1.4665 0.1147 0.0249 0.0641 0.0000
8.3 60000 -3.99 4.0103 0.1379 1.6836 0.1057 0.0252 0.0646 0.0000
8.3 30000 -3.72 0.3730 0.0000 0.4063 0.0046 0.0012 0.0031 0.0000
8.3 32500 -3.73 0.6148 0.0000 0.5591 0.0115 0.0030 0.0079 0.0000
8.3 35000 -3.73 1.0010 0.0013 0.7066 0.0262 0.0070 0.0183 0.0000
8.3 37500 -3.73 1.5368 0.0129 0.8213 0.0500 0.0158 0.0410 0.0000
8.3 40000 -3.73 2.8286 0.1170 1.0585 0.1026 0.0221 0.0570 0.0000
8.3 45000 -3.74 3.4970 0.2063 1.1517 0.1295 0.0232 0.0597 0.0000
8.3 50000 -3.74 3.9190 0.3387 1.2724 0.1432 0.0240 0.0616 0.0000
8.3 55000 -3.74 4.4446 0.2915 1.2416 0.1647 0.0243 0.0625 0.0000
8.3 60000 -3.74 4.6892 0.4691 1.4464 0.1549 0.0244 0.0625 0.0000
8.3 30000 -3.48 0.5929 0.0000 0.4627 0.0124 0.0013 0.0034 0.0000
8.3 32500 -3.49 1.0283 0.0000 0.6516 0.0284 0.0042 0.0110 0.0000
8.3 35000 -3.49 1.6323 0.0074 0.7722 0.0565 0.0112 0.0291 0.0000
8.3 37500 -3.49 2.1363 0.0409 0.7918 0.0869 0.0183 0.0471 0.0000
8.3 40000 -3.49 3.1518 0.2266 0.8461 0.1423 0.0220 0.0566 0.0000
8.3 45000 -3.48 3.8371 0.3967 0.8734 0.1766 0.0228 0.0587 0.0000
8.3 50000 -3.49 4.1549 0.7301 0.9487 0.1940 0.0233 0.0599 0.0000
8.3 55000 -3.49 4.8512 0.9202 0.9846 0.2212 0.0238 0.0611 0.0000
8.3 60000 -3.49 4.8392 1.3977 1.1542 0.2138 0.0237 0.0606 0.0013
8.3 30000 -3.23 0.8542 0.0000 0.4950 0.0248 0.0013 0.0035 0.0000
8.3 32500 -3.23 1.4680 0.0023 0.6646 0.0529 0.0044 0.0115 0.0000
8.3 35000 -3.23 2.1783 0.0284 0.7103 0.0945 0.0119 0.0307 0.0000
8.3 37500 -3.23 2.6672 0.1544 0.6662 0.1330 0.0194 0.0501 0.0000
8.3 40000 -3.23 3.4168 0.7088 0.6494 0.1930 0.0222 0.0570 0.0000
8.3 45000 -3.23 3.8753 1.1595 0.6448 0.2283 0.0228 0.0585 0.0000
8.3 50000 -3.23 3.8771 1.8406 0.7004 0.2451 0.0231 0.0592 0.0000
8.3 55000 -3.23 4.3989 2.3060 0.7150 0.2747 0.0234 0.0600 0.0000
8.3 60000 -3.24 4.1660 3.0205 0.8615 0.2686 0.0232 0.0593 0.0015
8.3 30000 -2.98 1.0482 0.0000 0.4559 0.0430 0.0014 0.0037 0.0000
8.3 32500 -2.99 1.8661 0.0075 0.5935 0.0854 0.0046 0.0120 0.0000
8.3 35000 -2.97 2.4276 0.0574 0.5803 0.1249 0.0084 0.0218 0.0000
8.3 37500 -2.98 2.9585 0.4839 0.5049 0.1802 0.0203 0.0523 0.0000
8.3 40000 -2.97 3.1067 1.6511 0.4548 0.2360 0.0223 0.0572 0.0000
8.3 45000 -2.97 3.3190 2.3844 0.4518 0.2681 0.0227 0.0583 0.0000
8.3 50000 -2.97 3.1066 3.3444 0.4925 0.2837 0.0229 0.0587 0.0000
8.3 55000 -2.97 3.4773 4.0452 0.5074 0.3132 0.0231 0.0593 0.0000
8.3 60000 -2.97 3.1566 4.9576 0.6101 0.3097 0.0228 0.0582 0.0017
8.3 30000 -2.72 1.1461 0.0015 0.3647 0.0631 0.0016 0.0041 0.0000
8.3 32500 -2.72 2.1742 0.0283 0.4601 0.1219 0.0051 0.0132 0.0000
8.3 35000 -2.72 3.0054 0.3036 0.4433 0.1816 0.0134 0.0345 0.0000
8.3 37500 -2.72 2.8879 1.0742 0.3640 0.2173 0.0210 0.0541 0.0000
8.3 40000 -2.72 2.6138 2.7076 0.3234 0.2650 0.0223 0.0573 0.0000
8.3 45000 -2.71 2.6861 3.6889 0.3233 0.2947 0.0226 0.0581 0.0000
8.3 50000 -2.71 2.4319 4.8068 0.3582 0.3056 0.0227 0.0583 0.0000
8.3 55000 -2.72 2.7029 5.6966 0.3741 0.3336 0.0229 0.0588 0.0000
8.3 60000 -2.72 2.4409 6.6215 0.4567 0.3239 0.0225 0.0576 0.0019
8.3 30000 -2.47 1.1791 0.0051 0.2777 0.0779 0.0019 0.0049 0.0000
8.3 32500 -2.48 2.3152 0.0777 0.3505 0.1465 0.0059 0.0152 0.0000
8.3 35000 -2.47 3.0813 0.6244 0.3335 0.2115 0.0147 0.0380 0.0000
8.3 37500 -2.47 2.6710 1.7371 0.2662 0.2429 0.0215 0.0553 0.0000
8.3 40000 -2.46 2.2137 3.7314 0.2424 0.2844 0.0223 0.0573 0.0000
8.3 45000 -2.46 2.2403 4.8811 0.2501 0.3097 0.0226 0.0579 0.0000
8.3 50000 -2.47 1.9946 6.1201 0.2834 0.3126 0.0226 0.0580 0.0011
8.3 55000 -2.47 2.1888 7.1995 0.2978 0.3385 0.0228 0.0585 0.0000
8.3 60000 -2.47 1.9593 8.2013 0.3633 0.3211 0.0223 0.0571 0.0022
8.3 30000 -2.22 1.1894 0.0147 0.2101 0.0876 0.0023 0.0061 0.0000
8.3 32500 -2.23 2.3807 0.1630 0.2676 0.1638 0.0069 0.0180 0.0000
8.3 35000 -2.22 3.0509 0.9962 0.2532 0.2330 0.0165 0.0426 0.0000
8.3 37500 -2.22 2.4482 2.3881 0.2021 0.2607 0.0217 0.0560 0.0000
8.3 40000 -2.21 1.9158 4.7073 0.1941 0.2960 0.0222 0.0572 0.0000
8.3 45000 -2.22 1.9071 6.0474 0.2053 0.3167 0.0225 0.0578 0.0000
8.3 50000 -2.22 1.6715 7.4307 0.2361 0.3115 0.0225 0.0577 0.0014
8.3 55000 -2.22 1.8140 8.6591 0.2496 0.3353 0.0227 0.0583 0.0000
8.3 60000 -2.22 1.6197 9.6935 0.3041 0.3116 0.0221 0.0567 0.0028
8.3 30000 -1.97 1.1912 0.0348 0.1590 0.0938 0.0030 0.0078 0.0000
8.3 32500 -1.98 2.4078 0.2772 0.2054 0.1763 0.0083 0.0216 0.0000
8.3 35000 -1.97 2.9698 1.4079 0.1948 0.2492 0.0183 0.0473 0.0000
8.3 37500 -1.97 2.2299 3.0567 0.1596 0.2738 0.0218 0.0564 0.0000
8.3 40000 -1.97 1.6756 5.6802 0.1633 0.3027 0.0222 0.0571 0.0000
8.3 45000 -1.96 1.6340 7.2481 0.1755 0.3187 0.0224 0.0577 0.0000
8.3 50000 -2.01 1.4599 8.5286 0.2092 0.3069 0.0224 0.0575 0.0018
8.3 55000 -2.03 1.5798 9.7986 0.2227 0.3294 0.0226 0.0581 0.0000
8.3 60000 -2.04 1.4208 10.7836 0.2720 0.3021 0.0220 0.0564 0.0034
8.3 30000 -1.73 1.1866 0.0623 0.1215 0.0975 0.0037 0.0097 0.0000
8.3 32500 -1.73 2.4182 0.4084 0.1601 0.1853 0.0098 0.0256 0.0000
8.3 35000 -1.73 2.8422 1.8659 0.1526 0.2615 0.0198 0.0514 0.0000
8.3 37500 -1.73 2.0045 3.7791 0.1300 0.2837 0.0219 0.0565 0.0000
8.3 40000 -1.71 1.4574 6.7708 0.1411 0.3062 0.0221 0.0570 0.0000
8.3 45000 -1.72 1.4093 8.4880 0.1550 0.3165 0.0223 0.0575 0.0000
8.3 50000 -1.76 1.2505 9.8789 0.1856 0.2973 0.0222 0.0572 0.0026
8.3 55000 -1.72 1.2922 11.5577 0.1924 0.3154 0.0225 0.0579 0.0011
8.3 60000 -1.73 1.1587 12.5975 0.2314 0.2824 0.0218 0.0559 0.0050
8.3 30000 -1.48 1.1796 0.0956 0.0923 0.0996 0.0045 0.0119 0.0000
8.3 32500 -1.48 2.4124 0.5708 0.1247 0.1923 0.0115 0.0300 0.0000
8.3 35000 -1.49 2.6702 2.4005 0.1203 0.2718 0.0209 0.0541 0.0000
8.3 37500 -1.48 1.7896 4.5433 0.1098 0.2913 0.0218 0.0565 0.0000
8.3 40000 -1.47 1.2763 7.8878 0.1261 0.3060 0.0220 0.0568 0.0000
8.3 45000 -1.47 1.2240 9.7534 0.1403 0.3102 0.0223 0.0573 0.0000
8.3 50000 -1.47 1.0585 11.4569 0.1658 0.2817 0.0221 0.0568 0.0038
8.3 55000 -1.48 1.1122 12.9405 0.1742 0.3003 0.0223 0.0577 0.0016
8.3 60000 -1.48 0.9988 13.9887 0.2070 0.2643 0.0216 0.0554 0.0068
8.6 30000 -3.96 0.0121 0.0000 0.0545 0.0000 0.0011 0.0029 0.0000
8.6 32500 -3.96 0.0340 0.0000 0.1303 0.0034 0.0044 0.0119 0.0000
8.6 35000 -3.98 0.1116 0.0000 0.3124 0.0089 0.0084 0.0223 0.0000
8.6 37500 -3.98 0.2091 0.0000 0.4377 0.0176 0.0146 0.0384 0.0000
8.6 40000 -3.98 0.5826 0.0061 0.7594 0.0437 0.0210 0.0550 0.0000
8.6 45000 -3.98 0.9733 0.0137 0.9835 0.0677 0.0229 0.0596 0.0000
8.6 50000 -3.99 1.3870 0.0327 1.2243 0.0856 0.0242 0.0628 0.0000
8.6 55000 -3.99 2.0276 0.0506 1.4672 0.1151 0.0253 0.0657 0.0000
8.6 60000 -3.99 2.4601 0.0922 1.7861 0.1110 0.0257 0.0665 0.0000
8.6 30000 -3.69 0.0208 0.0000 0.0800 0.0022 0.0020 0.0053 0.0000
8.6 32500 -3.71 0.0727 0.0000 0.2202 0.0063 0.0040 0.0105 0.0000
8.6 35000 -3.72 0.1816 0.0000 0.3622 0.0171 0.0100 0.0265 0.0000
8.6 37500 -3.72 0.3408 0.0033 0.4884 0.0329 0.0166 0.0437 0.0000
8.6 40000 -3.72 0.9201 0.0275 0.7904 0.0769 0.0218 0.0569 0.0000
8.6 45000 -3.73 1.4779 0.0597 0.9773 0.1132 0.0231 0.0601 0.0000
8.6 50000 -3.73 2.0200 0.1356 1.1877 0.1391 0.0240 0.0622 0.0000
8.6 55000 -3.73 2.8335 0.2017 1.3697 0.1785 0.0247 0.0640 0.0000
8.6 60000 -3.73 3.2972 0.3485 1.6754 0.1742 0.0249 0.0642 0.0000
8.6 30000 -3.46 0.0607 0.0000 0.1723 0.0052 0.0014 0.0037 0.0000
8.6 32500 -3.46 0.1350 0.0000 0.2786 0.0136 0.0044 0.0116 0.0000
8.6 35000 -3.47 0.3272 0.0024 0.4258 0.0345 0.0113 0.0296 0.0000
8.6 37500 -3.47 0.5913 0.0161 0.5371 0.0626 0.0182 0.0477 0.0000
8.6 40000 -3.47 1.4286 0.1236 0.7751 0.1311 0.0223 0.0579 0.0000
8.6 45000 -3.47 2.1341 0.2531 0.8976 0.1810 0.0232 0.0600 0.0000
8.6 50000 -3.47 2.6441 0.5052 1.0509 0.2105 0.0237 0.0613 0.0000
8.6 55000 -3.48 3.5466 0.7153 1.1729 0.2581 0.0242 0.0625 0.0000
8.6 60000 -3.47 3.8514 1.1444 1.4314 0.2561 0.0242 0.0622 0.0012
8.6 30000 -3.19 0.1458 0.0000 0.2447 0.0144 0.0014 0.0037 0.0000
8.6 32500 -3.20 0.3310 0.0011 0.3807 0.0353 0.0045 0.0119 0.0000
8.6 35000 -3.20 0.6963 0.0148 0.5003 0.0760 0.0120 0.0314 0.0000
8.6 37500 -3.20 1.0698 0.0858 0.5507 0.1195 0.0196 0.0509 0.0000
8.6 40000 -3.21 1.9226 0.4638 0.6672 0.2015 0.0225 0.0583 0.0000
8.6 45000 -3.20 2.5429 0.8350 0.7204 0.2551 0.0231 0.0597 0.0000
8.6 50000 -3.21 2.8184 1.3903 0.8252 0.2823 0.0234 0.0605 0.0000
8.6 55000 -3.21 3.5980 1.9168 0.8931 0.3352 0.0237 0.0613 0.0000
8.6 60000 -3.21 3.6692 2.6166 1.1120 0.3333 0.0236 0.0607 0.0015
8.6 30000 -2.94 0.3139 0.0000 0.3090 0.0350 0.0015 0.0039 0.0000
8.6 32500 -2.95 0.6807 0.0049 0.4462 0.0753 0.0047 0.0123 0.0000
8.6 35000 -2.93 1.2244 0.0681 0.4960 0.1377 0.0125 0.0325 0.0000
8.6 37500 -2.94 1.5144 0.3174 0.4736 0.1858 0.0205 0.0533 0.0000
8.6 40000 -2.94 2.0109 1.1600 0.4958 0.2613 0.0226 0.0586 0.0000
8.6 45000 -2.93 2.4176 1.7980 0.5229 0.3095 0.0230 0.0595 0.0000
8.6 50000 -2.94 2.5034 2.6531 0.5985 0.3354 0.0232 0.0600 0.0000
8.6 55000 -2.94 3.0804 3.4943 0.6462 0.3881 0.0235 0.0605 0.0000
8.6 60000 -2.94 3.0125 4.4872 0.8032 0.3911 0.0232 0.0596 0.0016
8.6 30000 -2.68 0.4704 0.0011 0.2964 0.0618 0.0016 0.0043 0.0000
8.6 32500 -2.68 1.0564 0.0199 0.4065 0.1259 0.0051 0.0133 0.0000
8.6 35000 -2.68 1.6464 0.2136 0.4184 0.1964 0.0132 0.0345 0.0000
8.6 37500 -2.68 1.6771 0.7349 0.3628 0.2370 0.0212 0.0551 0.0000
8.6 40000 -2.68 1.8574 1.9678 0.3620 0.2992 0.0227 0.0587 0.0000
8.6 45000 -2.67 2.1181 2.8905 0.3816 0.3450 0.0230 0.0594 0.0000
8.6 50000 -2.67 2.1097 3.9974 0.4437 0.3668 0.0231 0.0596 0.0000
8.6 55000 -2.68 2.5294 5.1111 0.4819 0.4171 0.0233 0.0601 0.0000
8.6 60000 -2.68 2.4470 6.2158 0.6082 0.4131 0.0229 0.0590 0.0018
8.6 30000 -2.43 0.5625 0.0036 0.2469 0.0825 0.0019 0.0050 0.0000
8.6 32500 -2.43 1.2717 0.0549 0.3329 0.1611 0.0058 0.0152 0.0000
8.6 35000 -2.43 1.8584 0.4380 0.3326 0.2383 0.0145 0.0378 0.0000
8.6 37500 -2.43 1.7039 1.1995 0.2757 0.2710 0.0218 0.0566 0.0000
8.6 40000 -2.42 1.7070 2.8309 0.2785 0.3264 0.0227 0.0587 0.0000
8.6 45000 -2.42 1.8793 3.9903 0.3010 0.3672 0.0229 0.0593 0.0000
8.6 50000 -2.43 1.8292 5.3263 0.3577 0.3805 0.0230 0.0593 0.0011
8.6 55000 -2.43 2.1297 6.7000 0.3882 0.4269 0.0232 0.0598 0.0000
8.6 60000 -2.43 2.0366 7.9817 0.4900 0.4137 0.0228 0.0585 0.0022
8.6 30000 -2.18 0.6209 0.0102 0.1986 0.0965 0.0024 0.0063 0.0000
8.6 32500 -2.19 1.4053 0.1121 0.2669 0.1858 0.0068 0.0179 0.0000
8.6 35000 -2.18 1.9857 0.6814 0.2630 0.2678 0.0162 0.0422 0.0000
8.6 37500 -2.18 1.7045 1.6758 0.2162 0.2952 0.0221 0.0574 0.0000
8.6 40000 -2.17 1.5797 3.7331 0.2288 0.3452 0.0226 0.0587 0.0000
8.6 45000 -2.18 1.6860 5.1565 0.2522 0.3808 0.0229 0.0591 0.0000
8.6 50000 -2.18 1.6047 6.7559 0.3037 0.3851 0.0229 0.0590 0.0014
8.6 55000 -2.19 1.8245 8.3442 0.3297 0.4276 0.0231 0.0595 0.0000
8.6 60000 -2.19 1.7330 9.7551 0.4154 0.4062 0.0226 0.0581 0.0027
8.6 30000 -1.93 0.6666 0.0240 0.1579 0.1063 0.0030 0.0080 0.0000
8.6 32500 -1.94 1.5066 0.1836 0.2129 0.2042 0.0082 0.0214 0.0000
8.6 35000 -1.94 2.0817 0.9482 0.2093 0.2904 0.0181 0.0471 0.0000
8.6 37500 -1.94 1.6764 2.2015 0.1754 0.3137 0.0222 0.0578 0.0000
8.6 40000 -1.93 1.4610 4.7036 0.1972 0.3588 0.0226 0.0586 0.0000
8.6 45000 -1.93 1.5115 6.4343 0.2199 0.3889 0.0228 0.0590 0.0000
8.6 50000 -1.97 1.4482 8.0152 0.2732 0.3846 0.0228 0.0588 0.0017
8.6 55000 -1.99 1.6223 9.6851 0.2969 0.4240 0.0230 0.0594 0.0000
8.6 60000 -2.00 1.5477 11.1162 0.3747 0.3977 0.0225 0.0578 0.0033
8.6 30000 -1.69 0.7019 0.0417 0.1256 0.1130 0.0038 0.0099 0.0000
8.6 32500 -1.70 1.5976 0.2616 0.1711 0.2184 0.0097 0.0254 0.0000
8.6 35000 -1.70 2.1454 1.2572 0.1682 0.3083 0.0197 0.0514 0.0000
8.6 37500 -1.69 1.6145 2.8206 0.1465 0.3291 0.0223 0.0580 0.0000
8.6 40000 -1.68 1.3320 5.8518 0.1741 0.3691 0.0225 0.0584 0.0000
8.6 45000 -1.68 1.3526 7.8209 0.1975 0.3919 0.0228 0.0588 0.0000
8.6 50000 -1.72 1.2838 9.6515 0.2462 0.3793 0.0227 0.0585 0.0024
8.6 55000 -1.69 1.3652 11.8581 0.2598 0.4121 0.0229 0.0591 0.0011
8.6 60000 -1.70 1.2940 13.4872 0.3229 0.3780 0.0223 0.0573 0.0047
8.6 30000 -1.45 0.7367 0.0610 0.0990 0.1179 0.0046 0.0122 0.0000
8.6 32500 -1.45 1.6911 0.3561 0.1370 0.2304 0.0114 0.0300 0.0000
8.6 35000 -1.46 2.1759 1.6436 0.1357 0.3236 0.0210 0.0548 0.0000
8.6 37500 -1.45 1.5254 3.5297 0.1266 0.3422 0.0223 0.0580 0.0000
8.6 40000 -1.44 1.2098 7.0877 0.1583 0.3748 0.0224 0.0582 0.0000
8.6 45000 -1.44 1.2108 9.3014 0.1815 0.3897 0.0227 0.0586 0.0000
8.6 50000 -1.44 1.1214 11.6564 0.2233 0.3663 0.0225 0.0581 0.0035
8.6 55000 -1.45 1.1975 13.6509 0.2373 0.3970 0.0228 0.0589 0.0015
8.6 60000 -1.45 1.1339 15.3998 0.2913 0.3583 0.0221 0.0569 0.0064
8.9 30000 -3.95 0.0000 0.0000 0.0011 0.0000 0.0000 0.0010 0.0000
8.9 32500 -3.95 0.0022 0.0000 0.0070 0.0000 0.0018 0.0054 0.0000
8.9 35000 -3.95 0.0091 0.0000 0.0399 0.0025 0.0075 0.0213 0.0000
8.9 37500 -3.95 0.0145 0.0000 0.0620 0.0053 0.0106 0.0292 0.0000
8.9 45000 -3.96 0.0751 0.0037 0.2028 0.0306 0.0206 0.0545 0.0000
8.9 50000 -3.98 0.1751 0.0051 0.4790 0.0399 0.0239 0.0631 0.0000
8.9 55000 -3.98 0.3310 0.0105 0.6959 0.0629 0.0253 0.0666 0.0000
8.9 60000 -3.98 0.4750 0.0223 0.9364 0.0654 0.0258 0.0678 0.0000
8.9 30000 -3.67 0.0000 0.0000 0.0019 0.0000 0.0000 0.0019 0.0000
8.9 32500 -3.67 0.0026 0.0000 0.0099 0.0000 0.0029 0.0087 0.0000
8.9 35000 -3.67 0.0118 0.0000 0.0504 0.0055 0.0101 0.0286 0.0000
8.9 40000 -3.95 0.0366 0.0013 0.1202 0.0149 0.0134 0.0356 0.0000
8.9 40000 -3.68 0.0675 0.0072 0.1671 0.0366 0.0215 0.0572 0.0000
8.9 45000 -3.71 0.1746 0.0080 0.3842 0.0499 0.0231 0.0611 0.0000
8.9 50000 -3.72 0.3059 0.0230 0.5522 0.0702 0.0241 0.0635 0.0000
8.9 55000 -3.72 0.5668 0.0470 0.7639 0.1069 0.0250 0.0656 0.0000
8.9 60000 -3.72 0.7934 0.0961 1.0307 0.1126 0.0252 0.0660 0.0000
8.9 30000 -3.39 0.0000 0.0000 0.0037 0.0000 0.0010 0.0033 0.0000
8.9 32500 -3.39 0.0037 0.0000 0.0174 0.0021 0.0045 0.0133 0.0000
8.9 35000 -3.39 0.0230 0.0000 0.0767 0.0142 0.0127 0.0357 0.0000
8.9 37500 -3.67 0.0209 0.0000 0.0752 0.0112 0.0126 0.0345 0.0000
8.9 37500 -3.40 0.0471 0.0040 0.1205 0.0312 0.0193 0.0517 0.0000
8.9 40000 -3.40 0.0997 0.0302 0.1567 0.0614 0.0218 0.0578 0.0000
8.9 45000 -3.45 0.3158 0.0452 0.4282 0.0936 0.0234 0.0616 0.0000
8.9 50000 -3.45 0.5220 0.1143 0.5901 0.1248 0.0240 0.0630 0.0000
8.9 55000 -3.46 0.9432 0.2258 0.7811 0.1822 0.0245 0.0642 0.0000
8.9 60000 -3.45 1.2225 0.4141 1.0371 0.1925 0.0245 0.0640 0.0011
8.9 30000 -3.06 0.0027 0.0000 0.0121 0.0016 0.0019 0.0060 0.0000
8.9 32500 -3.07 0.0243 0.0000 0.0676 0.0143 0.0078 0.0214 0.0000
8.9 35000 -3.08 0.0917 0.0063 0.1521 0.0527 0.0189 0.0505 0.0000
8.9 37500 -3.09 0.1174 0.0275 0.1464 0.0715 0.0213 0.0564 0.0000
8.9 40000 -3.17 0.2809 0.0883 0.3176 0.1076 0.0228 0.0601 0.0000
8.9 45000 -3.17 0.5509 0.2214 0.4287 0.1661 0.0234 0.0615 0.0000
8.9 50000 -3.17 0.7813 0.4221 0.5520 0.1989 0.0238 0.0623 0.0000
8.9 55000 -3.18 1.3076 0.7722 0.6877 0.2740 0.0241 0.0629 0.0000
8.9 60000 -3.18 1.5174 1.1548 0.9091 0.2821 0.0240 0.0624 0.0014
8.9 30000 -2.73 0.0407 0.0000 0.0826 0.0206 0.0053 0.0141 0.0000
8.9 32500 -2.78 0.1302 0.0035 0.1644 0.0611 0.0134 0.0356 0.0000
8.9 35000 -2.82 0.2094 0.0291 0.1684 0.0971 0.0188 0.0498 0.0000
8.9 37500 -2.89 0.2006 0.0735 0.1952 0.1031 0.0207 0.0546 0.0000
8.9 40000 -2.89 0.4536 0.2834 0.2908 0.1700 0.0230 0.0605 0.0000
8.9 45000 -2.89 0.7442 0.5617 0.3568 0.2265 0.0234 0.0613 0.0000
8.9 50000 -2.89 0.9402 0.9577 0.4472 0.2592 0.0236 0.0618 0.0000
8.9 55000 -2.89 1.4053 1.6033 0.5365 0.3390 0.0238 0.0621 0.0000
8.9 60000 -2.89 1.5257 2.2789 0.7076 0.3550 0.0236 0.0613 0.0016
8.9 30000 -2.22 0.0018 0.0000 0.0050 0.0039 0.0030 0.0096 0.0000
8.9 32500 -2.57 0.2048 0.0096 0.1561 0.0921 0.0063 0.0166 0.0000
8.9 35000 -2.63 0.3301 0.0762 0.1981 0.1365 0.0130 0.0343 0.0000
8.9 37500 -2.62 0.3233 0.1942 0.1874 0.1583 0.0215 0.0566 0.0000
8.9 40000 -2.62 0.6026 0.5514 0.2397 0.2130 0.0231 0.0607 0.0000
8.9 45000 -2.61 0.8407 1.0527 0.2830 0.2697 0.0234 0.0613 0.0000
8.9 50000 -2.61 0.9638 1.7058 0.3556 0.3047 0.0235 0.0614 0.0000
8.9 55000 -2.63 1.3245 2.6610 0.4197 0.3842 0.0236 0.0616 0.0000
8.9 60000 -2.63 1.3884 3.5424 0.5612 0.3959 0.0234 0.0607 0.0017
8.9 30000 -1.73 0.0038 0.0000 0.0078 0.0077 0.0039 0.0124 0.0000
8.9 32500 -2.38 0.2765 0.0209 0.1664 0.1196 0.0057 0.0149 0.0000
8.9 35000 -2.38 0.4839 0.1479 0.1909 0.1873 0.0141 0.0371 0.0000
8.9 37500 -2.37 0.5007 0.3183 0.1711 0.2043 0.0221 0.0581 0.0000
8.9 40000 -2.36 0.7065 0.9480 0.2015 0.2497 0.0231 0.0608 0.0000
8.9 45000 -2.36 0.8769 1.6906 0.2376 0.3066 0.0234 0.0611 0.0000
8.9 50000 -2.37 0.9425 2.6172 0.3025 0.3378 0.0234 0.0611 0.0000
8.9 55000 -2.38 1.2173 3.8751 0.3515 0.4127 0.0235 0.0613 0.0000
8.9 60000 -2.38 1.2455 4.9980 0.4693 0.4148 0.0232 0.0602 0.0020
8.9 30000 -2.12 0.1121 0.0035 0.0952 0.0685 0.0024 0.0064 0.0000
8.9 32500 -2.13 0.3604 0.0369 0.1547 0.1497 0.0066 0.0175 0.0000
8.9 35000 -2.13 0.6564 0.2068 0.1737 0.2260 0.0157 0.0413 0.0000
8.9 37500 -2.13 0.6993 0.4660 0.1525 0.2405 0.0225 0.0592 0.0000
8.9 40000 -2.12 0.7508 1.4860 0.1779 0.2812 0.0231 0.0607 0.0000
8.9 45000 -2.12 0.8837 2.4969 0.2100 0.3384 0.0233 0.0610 0.0000
8.9 50000 -2.12 0.9064 3.7472 0.2693 0.3633 0.0233 0.0608 0.0012
8.9 55000 -2.14 1.1125 5.2722 0.3086 0.4313 0.0234 0.0611 0.0000
8.9 60000 -2.14 1.1190 6.6095 0.4104 0.4234 0.0230 0.0598 0.0025
8.9 30000 -1.88 0.1393 0.0078 0.0867 0.0809 0.0030 0.0081 0.0000
8.9 32500 -1.89 0.4551 0.0527 0.1391 0.1748 0.0079 0.0209 0.0000
8.9 35000 -1.89 0.8646 0.2704 0.1538 0.2603 0.0175 0.0461 0.0000
8.9 37500 -1.89 0.8562 0.6753 0.1336 0.2669 0.0227 0.0599 0.0000
8.9 40000 -1.88 0.7805 2.1456 0.1621 0.3117 0.0231 0.0606 0.0000
8.9 45000 -1.88 0.8650 3.4950 0.1916 0.3657 0.0233 0.0608 0.0000
8.9 50000 -1.88 0.8587 5.0725 0.2469 0.3816 0.0232 0.0605 0.0016
8.9 55000 -1.89 1.0110 6.8446 0.2789 0.4426 0.0233 0.0608 0.0000
8.9 60000 -1.96 1.0341 7.9313 0.3778 0.4252 0.0229 0.0595 0.0030
8.9 30000 -1.65 0.1703 0.0125 0.0777 0.0914 0.0038 0.0101 0.0000
8.9 32500 -1.66 0.5775 0.0662 0.1234 0.1995 0.0094 0.0248 0.0000
8.9 35000 -1.66 1.0995 0.3515 0.1345 0.2916 0.0193 0.0508 0.0000
8.9 37500 -1.65 0.9394 0.9841 0.1168 0.2873 0.0228 0.0601 0.0000
8.9 40000 -1.63 0.7799 3.0228 0.1502 0.3409 0.0230 0.0604 0.0000
8.9 45000 -1.64 0.8269 4.6768 0.1785 0.3869 0.0232 0.0606 0.0000
8.9 50000 -1.68 0.8133 6.3496 0.2330 0.3911 0.0231 0.0602 0.0021
8.9 55000 -1.65 0.9125 8.6175 0.2562 0.4452 0.0233 0.0606 0.0000
8.9 60000 -1.65 0.9033 10.3581 0.3345 0.4179 0.0227 0.0589 0.0043
8.9 30000 -1.41 0.2156 0.0152 0.0684 0.1024 0.0046 0.0123 0.0000
8.9 32500 -1.42 0.7257 0.0825 0.1074 0.2234 0.0110 0.0293 0.0000
8.9 35000 -1.42 1.3172 0.4773 0.1152 0.3163 0.0208 0.0550 0.0000
8.9 37500 -1.41 0.9633 1.4099 0.1044 0.3069 0.0228 0.0602 0.0000
8.9 40000 -1.39 0.7532 4.0525 0.1416 0.3642 0.0229 0.0601 0.0000
8.9 45000 -1.40 0.7782 6.0244 0.1690 0.4004 0.0231 0.0604 0.0000
8.9 50000 -1.40 0.7474 8.3428 0.2180 0.3939 0.0230 0.0598 0.0031
8.9 55000 -1.41 0.8263 10.4697 0.2385 0.4392 0.0232 0.0603 0.0014
8.9 60000 -1.41 0.8138 12.4285 0.3070 0.4043 0.0226 0.0584 0.0059
