#Cloudy 17.00 models results grids
# O/H: 7.1 - 8.9, log U: -4.0 - -1.5, T*: 30 - 60 kK
# SED: WM-Basic (Pauldrach et al 2001 (30-60 kK)
#plane-parallel geometry
12+log(O/H) T_eff log(U) ArII_7m ArV_8m	ArIII_9m SIV_10m NeII_12m ArV_13m NeV_14m NeIII_15m SIII_18m NeV_24m OIV_26m SIII_33m OIII_52m NIII_57m OIII_88m NII_122m NII_205m
7.1 30000.00 -4.00 0.0051 0.0000 0.0000 0.0000 0.0089 0.0000 0.0000 0.0000 0.0000 0.0000 0.0000 0.0015 0.0000 0.0000 0.0000 0.0000 0.0000
7.1 30000.00 -3.75 0.0051 0.0000 0.0000 0.0000 0.0097 0.0000 0.0000 0.0000 0.0016 0.0000 0.0000 0.0024 0.0000 0.0000 0.0000 0.0000 0.0000
7.1 30000.00 -3.50 0.0050 0.0000 0.0000 0.0000 0.0103 0.0000 0.0000 0.0000 0.0026 0.0000 0.0000 0.0040 0.0000 0.0000 0.0000 0.0000 0.0000
7.1 30000.00 -3.25 0.0051 0.0000 0.0000 0.0000 0.0107 0.0000 0.0000 0.0000 0.0042 0.0000 0.0000 0.0063 0.0000 0.0000 0.0000 0.0000 0.0000
7.1 30000.00 -3.00 0.0051 0.0000 0.0000 0.0000 0.0110 0.0000 0.0000 0.0000 0.0064 0.0000 0.0000 0.0094 0.0000 0.0000 0.0000 0.0000 0.0000
7.1 30000.00 -2.75 0.0050 0.0000 0.0000 0.0000 0.0110 0.0000 0.0000 0.0000 0.0088 0.0000 0.0000 0.0129 0.0000 0.0000 0.0000 0.0000 0.0000
7.1 30000.00 -2.50 0.0049 0.0000 0.0000 0.0000 0.0110 0.0000 0.0000 0.0000 0.0112 0.0000 0.0000 0.0163 0.0000 0.0000 0.0000 0.0000 0.0000
7.1 30000.00 -2.25 0.0047 0.0000 0.0000 0.0000 0.0108 0.0000 0.0000 0.0000 0.0131 0.0000 0.0000 0.0191 0.0000 0.0000 0.0000 0.0000 0.0000
7.1 30000.00 -2.00 0.0044 0.0000 0.0000 0.0000 0.0104 0.0000 0.0000 0.0000 0.0143 0.0000 0.0000 0.0208 0.0000 0.0000 0.0000 0.0000 0.0000
7.1 30000.00 -1.75 0.0040 0.0000 0.0000 0.0000 0.0099 0.0000 0.0000 0.0000 0.0148 0.0000 0.0000 0.0215 0.0000 0.0000 0.0000 0.0000 0.0000
7.1 30000.00 -1.50 0.0035 0.0000 0.0000 0.0000 0.0092 0.0000 0.0000 0.0000 0.0148 0.0000 0.0000 0.0213 0.0010 0.0000 0.0012 0.0000 0.0000
7.1 32500.00 -4.00 0.0065 0.0000 0.0000 0.0000 0.0133 0.0000 0.0000 0.0000 0.0022 0.0000 0.0000 0.0033 0.0000 0.0000 0.0000 0.0000 0.0000
7.1 32500.00 -3.75 0.0064 0.0000 0.0000 0.0000 0.0141 0.0000 0.0000 0.0000 0.0035 0.0000 0.0000 0.0053 0.0000 0.0000 0.0000 0.0000 0.0000
7.1 32500.00 -3.50 0.0064 0.0000 0.0000 0.0000 0.0147 0.0000 0.0000 0.0000 0.0055 0.0000 0.0000 0.0082 0.0000 0.0000 0.0000 0.0010 0.0000
7.1 32500.00 -3.25 0.0064 0.0000 0.0000 0.0000 0.0152 0.0000 0.0000 0.0000 0.0084 0.0000 0.0000 0.0124 0.0000 0.0000 0.0000 0.0010 0.0000
7.1 32500.00 -3.00 0.0064 0.0000 0.0010 0.0000 0.0156 0.0000 0.0000 0.0000 0.0121 0.0000 0.0000 0.0177 0.0000 0.0000 0.0000 0.0011 0.0000
7.1 32500.00 -2.75 0.0063 0.0000 0.0012 0.0000 0.0159 0.0000 0.0000 0.0000 0.0161 0.0000 0.0000 0.0232 0.0000 0.0000 0.0000 0.0011 0.0000
7.1 32500.00 -2.50 0.0062 0.0000 0.0014 0.0000 0.0161 0.0000 0.0000 0.0000 0.0196 0.0000 0.0000 0.0281 0.0000 0.0000 0.0000 0.0011 0.0000
7.1 32500.00 -2.25 0.0058 0.0000 0.0017 0.0000 0.0161 0.0000 0.0000 0.0000 0.0224 0.0000 0.0000 0.0319 0.0016 0.0000 0.0020 0.0011 0.0000
7.1 32500.00 -2.00 0.0053 0.0000 0.0021 0.0000 0.0159 0.0000 0.0000 0.0000 0.0242 0.0000 0.0000 0.0343 0.0035 0.0000 0.0043 0.0000 0.0000
7.1 32500.00 -1.75 0.0046 0.0000 0.0026 0.0000 0.0155 0.0000 0.0000 0.0000 0.0252 0.0000 0.0000 0.0356 0.0070 0.0014 0.0086 0.0000 0.0000
7.1 32500.00 -1.50 0.0037 0.0000 0.0032 0.0000 0.0149 0.0000 0.0000 0.0000 0.0256 0.0000 0.0000 0.0360 0.0129 0.0021 0.0159 0.0000 0.0000
7.1 35000.00 -4.00 0.0063 0.0000 0.0017 0.0000 0.0163 0.0000 0.0000 0.0000 0.0040 0.0000 0.0000 0.0061 0.0000 0.0000 0.0000 0.0011 0.0000
7.1 35000.00 -3.75 0.0058 0.0000 0.0021 0.0000 0.0167 0.0000 0.0000 0.0000 0.0062 0.0000 0.0000 0.0093 0.0000 0.0000 0.0000 0.0011 0.0000
7.1 35000.00 -3.50 0.0054 0.0000 0.0025 0.0000 0.0171 0.0000 0.0000 0.0000 0.0093 0.0000 0.0000 0.0138 0.0000 0.0000 0.0000 0.0011 0.0000
7.1 35000.00 -3.25 0.0052 0.0000 0.0028 0.0000 0.0175 0.0000 0.0000 0.0000 0.0133 0.0000 0.0000 0.0195 0.0000 0.0000 0.0000 0.0011 0.0000
7.1 35000.00 -3.00 0.0049 0.0000 0.0032 0.0000 0.0180 0.0000 0.0000 0.0000 0.0179 0.0000 0.0000 0.0259 0.0016 0.0000 0.0020 0.0011 0.0000
7.1 35000.00 -2.75 0.0046 0.0000 0.0037 0.0000 0.0183 0.0000 0.0000 0.0000 0.0225 0.0000 0.0000 0.0320 0.0040 0.0011 0.0049 0.0011 0.0000
7.1 35000.00 -2.50 0.0041 0.0000 0.0043 0.0000 0.0186 0.0000 0.0000 0.0000 0.0264 0.0000 0.0000 0.0373 0.0088 0.0018 0.0109 0.0000 0.0000
7.1 35000.00 -2.25 0.0034 0.0000 0.0050 0.0000 0.0186 0.0000 0.0000 0.0011 0.0295 0.0000 0.0000 0.0413 0.0175 0.0027 0.0215 0.0000 0.0000
7.1 35000.00 -2.00 0.0026 0.0000 0.0058 0.0000 0.0183 0.0000 0.0000 0.0020 0.0318 0.0000 0.0000 0.0441 0.0307 0.0037 0.0375 0.0000 0.0000
7.1 35000.00 -1.75 0.0016 0.0000 0.0066 0.0013 0.0175 0.0000 0.0000 0.0035 0.0333 0.0000 0.0000 0.0458 0.0472 0.0047 0.0575 0.0000 0.0000
7.1 35000.00 -1.50 0.0000 0.0000 0.0073 0.0025 0.0160 0.0000 0.0000 0.0059 0.0343 0.0000 0.0000 0.0468 0.0644 0.0056 0.0781 0.0000 0.0000
7.1 37500.00 -4.00 0.0048 0.0000 0.0032 0.0000 0.0178 0.0000 0.0000 0.0000 0.0059 0.0000 0.0000 0.0090 0.0000 0.0000 0.0000 0.0011 0.0000
7.1 37500.00 -3.75 0.0040 0.0000 0.0039 0.0000 0.0177 0.0000 0.0000 0.0000 0.0089 0.0000 0.0000 0.0132 0.0000 0.0000 0.0000 0.0011 0.0000
7.1 37500.00 -3.50 0.0032 0.0000 0.0045 0.0000 0.0178 0.0000 0.0000 0.0000 0.0127 0.0000 0.0000 0.0188 0.0012 0.0000 0.0015 0.0011 0.0000
7.1 37500.00 -3.25 0.0025 0.0000 0.0052 0.0000 0.0179 0.0000 0.0000 0.0000 0.0172 0.0000 0.0000 0.0251 0.0034 0.0000 0.0042 0.0011 0.0000
7.1 37500.00 -3.00 0.0019 0.0000 0.0059 0.0000 0.0180 0.0000 0.0000 0.0010 0.0218 0.0000 0.0000 0.0313 0.0087 0.0017 0.0107 0.0000 0.0000
7.1 37500.00 -2.75 0.0014 0.0000 0.0065 0.0000 0.0179 0.0000 0.0000 0.0018 0.0260 0.0000 0.0000 0.0368 0.0190 0.0028 0.0233 0.0000 0.0000
7.1 37500.00 -2.50 0.0000 0.0000 0.0071 0.0000 0.0174 0.0000 0.0000 0.0033 0.0294 0.0000 0.0000 0.0412 0.0350 0.0040 0.0430 0.0000 0.0000
7.1 37500.00 -2.25 0.0000 0.0000 0.0076 0.0018 0.0164 0.0000 0.0000 0.0055 0.0320 0.0000 0.0000 0.0444 0.0545 0.0051 0.0666 0.0000 0.0000
7.1 37500.00 -2.00 0.0000 0.0000 0.0079 0.0034 0.0147 0.0000 0.0000 0.0087 0.0339 0.0000 0.0000 0.0465 0.0735 0.0059 0.0894 0.0000 0.0000
7.1 37500.00 -1.75 0.0000 0.0000 0.0081 0.0061 0.0125 0.0000 0.0000 0.0126 0.0349 0.0000 0.0000 0.0476 0.0893 0.0064 0.1082 0.0000 0.0000
7.1 37500.00 -1.50 0.0000 0.0000 0.0082 0.0103 0.0101 0.0000 0.0000 0.0168 0.0353 0.0000 0.0000 0.0477 0.1012 0.0068 0.1220 0.0000 0.0000
7.1 40000.00 -4.00 0.0033 0.0000 0.0050 0.0000 0.0197 0.0000 0.0000 0.0000 0.0088 0.0000 0.0000 0.0134 0.0000 0.0000 0.0000 0.0012 0.0000
7.1 40000.00 -3.75 0.0024 0.0000 0.0056 0.0000 0.0189 0.0000 0.0000 0.0000 0.0125 0.0000 0.0000 0.0187 0.0018 0.0000 0.0022 0.0011 0.0000
7.1 40000.00 -3.50 0.0017 0.0000 0.0061 0.0000 0.0182 0.0000 0.0000 0.0017 0.0168 0.0000 0.0000 0.0247 0.0051 0.0000 0.0063 0.0011 0.0000
7.1 40000.00 -3.25 0.0011 0.0000 0.0066 0.0000 0.0174 0.0000 0.0000 0.0029 0.0213 0.0000 0.0000 0.0308 0.0132 0.0019 0.0163 0.0000 0.0000
7.1 40000.00 -3.00 0.0000 0.0000 0.0071 0.0000 0.0163 0.0000 0.0000 0.0049 0.0253 0.0000 0.0000 0.0362 0.0288 0.0032 0.0354 0.0000 0.0000
7.1 40000.00 -2.75 0.0000 0.0000 0.0075 0.0020 0.0146 0.0000 0.0000 0.0079 0.0287 0.0000 0.0000 0.0404 0.0502 0.0045 0.0617 0.0000 0.0000
7.1 40000.00 -2.50 0.0000 0.0000 0.0078 0.0043 0.0124 0.0000 0.0000 0.0120 0.0313 0.0000 0.0000 0.0435 0.0720 0.0055 0.0882 0.0000 0.0000
7.1 40000.00 -2.25 0.0000 0.0000 0.0080 0.0081 0.0099 0.0000 0.0000 0.0167 0.0330 0.0000 0.0000 0.0454 0.0903 0.0062 0.1100 0.0000 0.0000
7.1 40000.00 -2.00 0.0000 0.0000 0.0082 0.0142 0.0075 0.0000 0.0000 0.0212 0.0339 0.0000 0.0000 0.0460 0.1040 0.0067 0.1261 0.0000 0.0000
7.1 40000.00 -1.75 0.0000 0.0000 0.0082 0.0233 0.0054 0.0000 0.0000 0.0251 0.0338 0.0000 0.0000 0.0454 0.1141 0.0071 0.1375 0.0000 0.0000
7.1 40000.00 -1.50 0.0000 0.0000 0.0081 0.0356 0.0039 0.0000 0.0000 0.0281 0.0326 0.0000 0.0000 0.0435 0.1216 0.0074 0.1456 0.0000 0.0000
7.1 45000.00 -4.00 0.0028 0.0000 0.0056 0.0000 0.0196 0.0000 0.0000 0.0024 0.0104 0.0000 0.0000 0.0158 0.0000 0.0000 0.0011 0.0012 0.0000
7.1 45000.00 -3.75 0.0020 0.0000 0.0061 0.0000 0.0178 0.0000 0.0000 0.0039 0.0143 0.0000 0.0000 0.0213 0.0026 0.0000 0.0033 0.0012 0.0000
7.1 45000.00 -3.50 0.0013 0.0000 0.0066 0.0000 0.0159 0.0000 0.0000 0.0062 0.0186 0.0000 0.0000 0.0273 0.0073 0.0010 0.0091 0.0011 0.0000
7.1 45000.00 -3.25 0.0000 0.0000 0.0070 0.0000 0.0136 0.0000 0.0000 0.0095 0.0229 0.0000 0.0000 0.0331 0.0184 0.0022 0.0227 0.0000 0.0000
7.1 45000.00 -3.00 0.0000 0.0000 0.0073 0.0015 0.0109 0.0000 0.0000 0.0138 0.0266 0.0000 0.0000 0.0379 0.0373 0.0036 0.0459 0.0000 0.0000
7.1 45000.00 -2.75 0.0000 0.0000 0.0076 0.0035 0.0082 0.0000 0.0000 0.0185 0.0296 0.0000 0.0000 0.0415 0.0603 0.0048 0.0740 0.0000 0.0000
7.1 45000.00 -2.50 0.0000 0.0000 0.0078 0.0071 0.0058 0.0000 0.0000 0.0229 0.0318 0.0000 0.0000 0.0439 0.0815 0.0057 0.0996 0.0000 0.0000
7.1 45000.00 -2.25 0.0000 0.0000 0.0079 0.0133 0.0039 0.0000 0.0000 0.0266 0.0330 0.0000 0.0000 0.0451 0.0983 0.0064 0.1195 0.0000 0.0000
7.1 45000.00 -2.00 0.0000 0.0000 0.0078 0.0227 0.0026 0.0000 0.0000 0.0295 0.0333 0.0000 0.0000 0.0449 0.1109 0.0069 0.1341 0.0000 0.0000
7.1 45000.00 -1.75 0.0000 0.0000 0.0075 0.0356 0.0018 0.0000 0.0000 0.0317 0.0325 0.0000 0.0000 0.0433 0.1205 0.0072 0.1448 0.0000 0.0000
7.1 45000.00 -1.50 0.0000 0.0000 0.0070 0.0518 0.0012 0.0000 0.0000 0.0333 0.0306 0.0000 0.0000 0.0405 0.1279 0.0074 0.1528 0.0000 0.0000
7.1 50000.00 -4.00 0.0025 0.0000 0.0060 0.0000 0.0187 0.0000 0.0000 0.0055 0.0110 0.0000 0.0000 0.0166 0.0016 0.0000 0.0020 0.0012 0.0000
7.1 50000.00 -3.75 0.0017 0.0000 0.0064 0.0000 0.0159 0.0000 0.0000 0.0081 0.0149 0.0000 0.0000 0.0221 0.0046 0.0000 0.0057 0.0012 0.0000
7.1 50000.00 -3.50 0.0012 0.0000 0.0068 0.0000 0.0129 0.0000 0.0000 0.0116 0.0191 0.0000 0.0000 0.0280 0.0124 0.0013 0.0153 0.0010 0.0000
7.1 50000.00 -3.25 0.0000 0.0000 0.0071 0.0011 0.0099 0.0000 0.0000 0.0158 0.0232 0.0000 0.0000 0.0334 0.0280 0.0026 0.0347 0.0000 0.0000
7.1 50000.00 -3.00 0.0000 0.0000 0.0074 0.0028 0.0070 0.0000 0.0000 0.0202 0.0266 0.0000 0.0000 0.0378 0.0503 0.0039 0.0619 0.0000 0.0000
7.1 50000.00 -2.75 0.0000 0.0000 0.0076 0.0065 0.0048 0.0000 0.0000 0.0241 0.0292 0.0000 0.0000 0.0409 0.0729 0.0050 0.0894 0.0000 0.0000
7.1 50000.00 -2.50 0.0000 0.0000 0.0076 0.0131 0.0031 0.0000 0.0000 0.0273 0.0308 0.0000 0.0000 0.0425 0.0914 0.0058 0.1117 0.0000 0.0000
7.1 50000.00 -2.25 0.0000 0.0000 0.0075 0.0235 0.0020 0.0000 0.0000 0.0298 0.0312 0.0000 0.0000 0.0425 0.1054 0.0062 0.1281 0.0000 0.0000
7.1 50000.00 -2.00 0.0000 0.0000 0.0071 0.0381 0.0013 0.0000 0.0000 0.0318 0.0303 0.0000 0.0000 0.0408 0.1160 0.0064 0.1401 0.0000 0.0000
7.1 50000.00 -1.75 0.0000 0.0000 0.0065 0.0563 0.0000 0.0000 0.0000 0.0333 0.0284 0.0000 0.0000 0.0377 0.1243 0.0063 0.1492 0.0000 0.0000
7.1 50000.00 -1.50 0.0000 0.0000 0.0057 0.0762 0.0000 0.0000 0.0000 0.0345 0.0255 0.0000 0.0012 0.0336 0.1311 0.0060 0.1563 0.0000 0.0000
7.1 55000.00 -4.00 0.0022 0.0000 0.0065 0.0000 0.0192 0.0000 0.0000 0.0053 0.0120 0.0000 0.0000 0.0181 0.0017 0.0000 0.0022 0.0012 0.0000
7.1 55000.00 -3.75 0.0015 0.0000 0.0068 0.0000 0.0162 0.0000 0.0000 0.0079 0.0158 0.0000 0.0000 0.0235 0.0050 0.0000 0.0063 0.0012 0.0000
7.1 55000.00 -3.50 0.0000 0.0000 0.0070 0.0000 0.0132 0.0000 0.0000 0.0113 0.0199 0.0000 0.0000 0.0291 0.0133 0.0015 0.0165 0.0000 0.0000
7.1 55000.00 -3.25 0.0000 0.0000 0.0073 0.0012 0.0101 0.0000 0.0000 0.0155 0.0238 0.0000 0.0000 0.0342 0.0299 0.0029 0.0370 0.0000 0.0000
7.1 55000.00 -3.00 0.0000 0.0000 0.0075 0.0031 0.0073 0.0000 0.0000 0.0199 0.0270 0.0000 0.0000 0.0382 0.0525 0.0042 0.0646 0.0000 0.0000
7.1 55000.00 -2.75 0.0000 0.0000 0.0077 0.0071 0.0049 0.0000 0.0000 0.0239 0.0294 0.0000 0.0000 0.0410 0.0747 0.0052 0.0916 0.0000 0.0000
7.1 55000.00 -2.50 0.0000 0.0000 0.0077 0.0142 0.0032 0.0000 0.0000 0.0271 0.0307 0.0000 0.0000 0.0423 0.0927 0.0059 0.1132 0.0000 0.0000
7.1 55000.00 -2.25 0.0000 0.0000 0.0076 0.0253 0.0021 0.0000 0.0000 0.0297 0.0309 0.0000 0.0000 0.0420 0.1064 0.0064 0.1291 0.0000 0.0000
7.1 55000.00 -2.00 0.0000 0.0000 0.0073 0.0406 0.0014 0.0000 0.0000 0.0316 0.0299 0.0000 0.0000 0.0402 0.1170 0.0067 0.1411 0.0000 0.0000
7.1 55000.00 -1.75 0.0000 0.0000 0.0067 0.0591 0.0000 0.0000 0.0000 0.0332 0.0279 0.0000 0.0000 0.0370 0.1255 0.0067 0.1503 0.0000 0.0000
7.1 55000.00 -1.50 0.0000 0.0000 0.0060 0.0789 0.0000 0.0000 0.0000 0.0346 0.0252 0.0000 0.0000 0.0331 0.1326 0.0066 0.1577 0.0000 0.0000
7.1 60000.00 -4.00 0.0022 0.0000 0.0066 0.0000 0.0175 0.0000 0.0000 0.0090 0.0105 0.0000 0.0000 0.0158 0.0027 0.0000 0.0034 0.0012 0.0000
7.1 60000.00 -3.75 0.0015 0.0000 0.0068 0.0000 0.0138 0.0000 0.0000 0.0123 0.0142 0.0000 0.0000 0.0211 0.0075 0.0000 0.0094 0.0011 0.0000
7.1 60000.00 -3.50 0.0000 0.0000 0.0071 0.0000 0.0103 0.0000 0.0000 0.0161 0.0183 0.0000 0.0000 0.0267 0.0188 0.0017 0.0234 0.0000 0.0000
7.1 60000.00 -3.25 0.0000 0.0000 0.0073 0.0018 0.0073 0.0000 0.0000 0.0200 0.0222 0.0000 0.0000 0.0319 0.0382 0.0031 0.0472 0.0000 0.0000
7.1 60000.00 -3.00 0.0000 0.0000 0.0074 0.0048 0.0049 0.0000 0.0000 0.0236 0.0255 0.0000 0.0000 0.0361 0.0610 0.0043 0.0751 0.0000 0.0000
7.1 60000.00 -2.75 0.0000 0.0000 0.0074 0.0109 0.0031 0.0000 0.0000 0.0265 0.0277 0.0000 0.0000 0.0386 0.0812 0.0053 0.0995 0.0000 0.0000
7.1 60000.00 -2.50 0.0000 0.0000 0.0073 0.0215 0.0020 0.0000 0.0000 0.0288 0.0286 0.0000 0.0000 0.0393 0.0968 0.0059 0.1181 0.0000 0.0000
7.1 60000.00 -2.25 0.0000 0.0000 0.0068 0.0371 0.0013 0.0000 0.0000 0.0307 0.0280 0.0000 0.0011 0.0379 0.1086 0.0063 0.1318 0.0000 0.0000
7.1 60000.00 -2.00 0.0000 0.0000 0.0061 0.0566 0.0000 0.0000 0.0000 0.0321 0.0261 0.0000 0.0016 0.0350 0.1180 0.0064 0.1422 0.0000 0.0000
7.1 60000.00 -1.75 0.0000 0.0000 0.0053 0.0777 0.0000 0.0000 0.0000 0.0334 0.0235 0.0000 0.0024 0.0311 0.1257 0.0063 0.1504 0.0000 0.0000
7.1 60000.00 -1.50 0.0000 0.0000 0.0044 0.0979 0.0000 0.0000 0.0000 0.0345 0.0205 0.0000 0.0038 0.0269 0.1323 0.0060 0.1570 0.0000 0.0000
7.4 30000.00 -4.00 0.0080 0.0000 0.0000 0.0000 0.0174 0.0000 0.0000 0.0000 0.0019 0.0000 0.0000 0.0029 0.0000 0.0000 0.0000 0.0014 0.0000
7.4 30000.00 -3.75 0.0079 0.0000 0.0000 0.0000 0.0191 0.0000 0.0000 0.0000 0.0031 0.0000 0.0000 0.0047 0.0000 0.0000 0.0000 0.0014 0.0000
7.4 30000.00 -3.50 0.0079 0.0000 0.0000 0.0000 0.0203 0.0000 0.0000 0.0000 0.0051 0.0000 0.0000 0.0077 0.0000 0.0000 0.0000 0.0015 0.0000
7.4 30000.00 -3.25 0.0079 0.0000 0.0000 0.0000 0.0211 0.0000 0.0000 0.0000 0.0081 0.0000 0.0000 0.0121 0.0000 0.0000 0.0000 0.0015 0.0000
7.4 30000.00 -3.00 0.0079 0.0000 0.0000 0.0000 0.0216 0.0000 0.0000 0.0000 0.0121 0.0000 0.0000 0.0181 0.0000 0.0000 0.0000 0.0015 0.0000
7.4 30000.00 -2.75 0.0078 0.0000 0.0000 0.0000 0.0216 0.0000 0.0000 0.0000 0.0168 0.0000 0.0000 0.0249 0.0000 0.0000 0.0000 0.0015 0.0000
7.4 30000.00 -2.50 0.0076 0.0000 0.0000 0.0000 0.0215 0.0000 0.0000 0.0000 0.0213 0.0000 0.0000 0.0316 0.0000 0.0000 0.0000 0.0015 0.0000
7.4 30000.00 -2.25 0.0073 0.0000 0.0000 0.0000 0.0211 0.0000 0.0000 0.0000 0.0250 0.0000 0.0000 0.0369 0.0000 0.0000 0.0000 0.0015 0.0000
7.4 30000.00 -2.00 0.0069 0.0000 0.0000 0.0000 0.0204 0.0000 0.0000 0.0000 0.0273 0.0000 0.0000 0.0403 0.0000 0.0000 0.0000 0.0014 0.0000
7.4 30000.00 -1.75 0.0063 0.0000 0.0000 0.0000 0.0194 0.0000 0.0000 0.0000 0.0283 0.0000 0.0000 0.0417 0.0000 0.0000 0.0010 0.0014 0.0000
7.4 30000.00 -1.50 0.0054 0.0000 0.0013 0.0000 0.0181 0.0000 0.0000 0.0000 0.0282 0.0000 0.0000 0.0412 0.0018 0.0000 0.0023 0.0013 0.0000
7.4 32500.00 -4.00 0.0102 0.0000 0.0000 0.0000 0.0262 0.0000 0.0000 0.0000 0.0042 0.0000 0.0000 0.0065 0.0000 0.0000 0.0000 0.0019 0.0000
7.4 32500.00 -3.75 0.0100 0.0000 0.0011 0.0000 0.0277 0.0000 0.0000 0.0000 0.0067 0.0000 0.0000 0.0102 0.0000 0.0000 0.0000 0.0019 0.0000
7.4 32500.00 -3.50 0.0099 0.0000 0.0013 0.0000 0.0289 0.0000 0.0000 0.0000 0.0106 0.0000 0.0000 0.0159 0.0000 0.0000 0.0000 0.0020 0.0000
7.4 32500.00 -3.25 0.0099 0.0000 0.0014 0.0000 0.0299 0.0000 0.0000 0.0000 0.0162 0.0000 0.0000 0.0241 0.0000 0.0000 0.0000 0.0020 0.0000
7.4 32500.00 -3.00 0.0099 0.0000 0.0015 0.0000 0.0306 0.0000 0.0000 0.0000 0.0231 0.0000 0.0000 0.0341 0.0000 0.0000 0.0000 0.0021 0.0000
7.4 32500.00 -2.75 0.0098 0.0000 0.0018 0.0000 0.0312 0.0000 0.0000 0.0000 0.0306 0.0000 0.0000 0.0448 0.0000 0.0000 0.0000 0.0021 0.0000
7.4 32500.00 -2.50 0.0095 0.0000 0.0021 0.0000 0.0313 0.0000 0.0000 0.0000 0.0373 0.0000 0.0000 0.0542 0.0013 0.0000 0.0016 0.0021 0.0000
7.4 32500.00 -2.25 0.0090 0.0000 0.0025 0.0000 0.0313 0.0000 0.0000 0.0000 0.0424 0.0000 0.0000 0.0615 0.0029 0.0000 0.0036 0.0020 0.0000
7.4 32500.00 -2.00 0.0082 0.0000 0.0031 0.0000 0.0309 0.0000 0.0000 0.0000 0.0458 0.0000 0.0000 0.0661 0.0062 0.0016 0.0077 0.0019 0.0000
7.4 32500.00 -1.75 0.0071 0.0000 0.0038 0.0000 0.0302 0.0000 0.0000 0.0000 0.0477 0.0000 0.0000 0.0686 0.0126 0.0026 0.0154 0.0017 0.0000
7.4 32500.00 -1.50 0.0058 0.0000 0.0047 0.0000 0.0290 0.0000 0.0000 0.0012 0.0484 0.0000 0.0000 0.0692 0.0232 0.0038 0.0285 0.0014 0.0000
7.4 35000.00 -4.00 0.0098 0.0000 0.0027 0.0000 0.0322 0.0000 0.0000 0.0000 0.0078 0.0000 0.0000 0.0120 0.0000 0.0000 0.0000 0.0021 0.0000
7.4 35000.00 -3.75 0.0091 0.0000 0.0033 0.0000 0.0329 0.0000 0.0000 0.0000 0.0121 0.0000 0.0000 0.0182 0.0000 0.0000 0.0000 0.0022 0.0000
7.4 35000.00 -3.50 0.0085 0.0000 0.0038 0.0000 0.0337 0.0000 0.0000 0.0000 0.0181 0.0000 0.0000 0.0269 0.0000 0.0000 0.0000 0.0022 0.0000
7.4 35000.00 -3.25 0.0081 0.0000 0.0043 0.0000 0.0345 0.0000 0.0000 0.0000 0.0257 0.0000 0.0000 0.0379 0.0012 0.0000 0.0015 0.0022 0.0000
7.4 35000.00 -3.00 0.0077 0.0000 0.0049 0.0000 0.0352 0.0000 0.0000 0.0000 0.0345 0.0000 0.0000 0.0503 0.0031 0.0010 0.0039 0.0022 0.0000
7.4 35000.00 -2.75 0.0071 0.0000 0.0056 0.0000 0.0359 0.0000 0.0000 0.0000 0.0430 0.0000 0.0000 0.0621 0.0075 0.0020 0.0093 0.0021 0.0000
7.4 35000.00 -2.50 0.0064 0.0000 0.0065 0.0000 0.0363 0.0000 0.0000 0.0010 0.0504 0.0000 0.0000 0.0721 0.0165 0.0034 0.0203 0.0019 0.0000
7.4 35000.00 -2.25 0.0054 0.0000 0.0075 0.0000 0.0362 0.0000 0.0000 0.0019 0.0561 0.0000 0.0000 0.0796 0.0322 0.0051 0.0396 0.0016 0.0000
7.4 35000.00 -2.00 0.0041 0.0000 0.0087 0.0013 0.0356 0.0000 0.0000 0.0035 0.0602 0.0000 0.0000 0.0847 0.0561 0.0070 0.0687 0.0013 0.0000
7.4 35000.00 -1.75 0.0027 0.0000 0.0099 0.0025 0.0340 0.0000 0.0000 0.0062 0.0628 0.0000 0.0000 0.0879 0.0864 0.0089 0.1054 0.0000 0.0000
7.4 35000.00 -1.50 0.0014 0.0000 0.0110 0.0048 0.0314 0.0000 0.0000 0.0104 0.0643 0.0000 0.0000 0.0895 0.1187 0.0105 0.1439 0.0000 0.0000
7.4 37500.00 -4.00 0.0076 0.0000 0.0050 0.0000 0.0352 0.0000 0.0000 0.0000 0.0115 0.0000 0.0000 0.0176 0.0000 0.0000 0.0000 0.0022 0.0000
7.4 37500.00 -3.75 0.0063 0.0000 0.0060 0.0000 0.0351 0.0000 0.0000 0.0000 0.0173 0.0000 0.0000 0.0259 0.0000 0.0000 0.0011 0.0022 0.0000
7.4 37500.00 -3.50 0.0051 0.0000 0.0070 0.0000 0.0352 0.0000 0.0000 0.0000 0.0248 0.0000 0.0000 0.0367 0.0024 0.0000 0.0030 0.0022 0.0000
7.4 37500.00 -3.25 0.0040 0.0000 0.0081 0.0000 0.0353 0.0000 0.0000 0.0011 0.0334 0.0000 0.0000 0.0490 0.0066 0.0015 0.0082 0.0021 0.0000
7.4 37500.00 -3.00 0.0030 0.0000 0.0091 0.0000 0.0354 0.0000 0.0000 0.0019 0.0422 0.0000 0.0000 0.0612 0.0166 0.0032 0.0205 0.0018 0.0000
7.4 37500.00 -2.75 0.0022 0.0000 0.0101 0.0000 0.0352 0.0000 0.0000 0.0035 0.0500 0.0000 0.0000 0.0717 0.0361 0.0054 0.0445 0.0015 0.0000
7.4 37500.00 -2.50 0.0015 0.0000 0.0109 0.0017 0.0343 0.0000 0.0000 0.0061 0.0565 0.0000 0.0000 0.0801 0.0664 0.0078 0.0815 0.0011 0.0000
7.4 37500.00 -2.25 0.0000 0.0000 0.0116 0.0035 0.0323 0.0000 0.0000 0.0102 0.0612 0.0000 0.0000 0.0860 0.1029 0.0097 0.1259 0.0000 0.0000
7.4 37500.00 -2.00 0.0000 0.0000 0.0121 0.0066 0.0291 0.0000 0.0000 0.0160 0.0644 0.0000 0.0000 0.0897 0.1387 0.0113 0.1688 0.0000 0.0000
7.4 37500.00 -1.75 0.0000 0.0000 0.0124 0.0119 0.0248 0.0000 0.0000 0.0233 0.0661 0.0000 0.0000 0.0915 0.1686 0.0123 0.2039 0.0000 0.0000
7.4 37500.00 -1.50 0.0000 0.0000 0.0125 0.0202 0.0200 0.0000 0.0000 0.0313 0.0665 0.0000 0.0000 0.0914 0.1912 0.0131 0.2297 0.0000 0.0000
7.4 40000.00 -4.00 0.0051 0.0000 0.0078 0.0000 0.0391 0.0000 0.0000 0.0011 0.0173 0.0000 0.0000 0.0264 0.0012 0.0000 0.0015 0.0023 0.0000
7.4 40000.00 -3.75 0.0038 0.0000 0.0087 0.0000 0.0374 0.0000 0.0000 0.0019 0.0246 0.0000 0.0000 0.0368 0.0035 0.0000 0.0044 0.0022 0.0000
7.4 40000.00 -3.50 0.0027 0.0000 0.0096 0.0000 0.0360 0.0000 0.0000 0.0032 0.0330 0.0000 0.0000 0.0487 0.0100 0.0017 0.0124 0.0021 0.0000
7.4 40000.00 -3.25 0.0018 0.0000 0.0104 0.0000 0.0345 0.0000 0.0000 0.0055 0.0416 0.0000 0.0000 0.0606 0.0257 0.0036 0.0318 0.0018 0.0000
7.4 40000.00 -3.00 0.0012 0.0000 0.0111 0.0017 0.0323 0.0000 0.0000 0.0094 0.0495 0.0000 0.0000 0.0712 0.0558 0.0062 0.0688 0.0014 0.0000
7.4 40000.00 -2.75 0.0000 0.0000 0.0116 0.0040 0.0291 0.0000 0.0000 0.0152 0.0559 0.0000 0.0000 0.0794 0.0972 0.0088 0.1195 0.0000 0.0000
7.4 40000.00 -2.50 0.0000 0.0000 0.0121 0.0083 0.0248 0.0000 0.0000 0.0229 0.0606 0.0000 0.0000 0.0852 0.1393 0.0107 0.1706 0.0000 0.0000
7.4 40000.00 -2.25 0.0000 0.0000 0.0124 0.0159 0.0199 0.0000 0.0000 0.0318 0.0638 0.0000 0.0000 0.0886 0.1742 0.0121 0.2121 0.0000 0.0000
7.4 40000.00 -2.00 0.0000 0.0000 0.0126 0.0282 0.0150 0.0000 0.0000 0.0406 0.0650 0.0000 0.0000 0.0895 0.2002 0.0131 0.2423 0.0000 0.0000
7.4 40000.00 -1.75 0.0000 0.0000 0.0126 0.0464 0.0109 0.0000 0.0000 0.0481 0.0644 0.0000 0.0000 0.0879 0.2190 0.0138 0.2631 0.0000 0.0000
7.4 40000.00 -1.50 0.0000 0.0000 0.0124 0.0714 0.0077 0.0000 0.0000 0.0541 0.0619 0.0000 0.0000 0.0837 0.2329 0.0143 0.2775 0.0000 0.0000
7.4 45000.00 -4.00 0.0044 0.0000 0.0089 0.0000 0.0390 0.0000 0.0000 0.0048 0.0206 0.0000 0.0000 0.0312 0.0018 0.0000 0.0022 0.0024 0.0000
7.4 45000.00 -3.75 0.0031 0.0000 0.0096 0.0000 0.0354 0.0000 0.0000 0.0076 0.0282 0.0000 0.0000 0.0421 0.0051 0.0000 0.0064 0.0023 0.0000
7.4 45000.00 -3.50 0.0021 0.0000 0.0103 0.0000 0.0316 0.0000 0.0000 0.0121 0.0367 0.0000 0.0000 0.0540 0.0144 0.0020 0.0178 0.0021 0.0000
7.4 45000.00 -3.25 0.0014 0.0000 0.0110 0.0011 0.0271 0.0000 0.0000 0.0186 0.0450 0.0000 0.0000 0.0653 0.0360 0.0043 0.0445 0.0017 0.0000
7.4 45000.00 -3.00 0.0000 0.0000 0.0115 0.0030 0.0219 0.0000 0.0000 0.0269 0.0522 0.0000 0.0000 0.0747 0.0727 0.0070 0.0897 0.0013 0.0000
7.4 45000.00 -2.75 0.0000 0.0000 0.0119 0.0068 0.0165 0.0000 0.0000 0.0361 0.0579 0.0000 0.0000 0.0818 0.1175 0.0094 0.1443 0.0000 0.0000
7.4 45000.00 -2.50 0.0000 0.0000 0.0122 0.0141 0.0117 0.0000 0.0000 0.0447 0.0619 0.0000 0.0000 0.0864 0.1587 0.0113 0.1940 0.0000 0.0000
7.4 45000.00 -2.25 0.0000 0.0000 0.0123 0.0264 0.0079 0.0000 0.0000 0.0519 0.0641 0.0000 0.0000 0.0885 0.1910 0.0125 0.2322 0.0000 0.0000
7.4 45000.00 -2.00 0.0000 0.0000 0.0121 0.0452 0.0053 0.0000 0.0000 0.0575 0.0643 0.0000 0.0000 0.0878 0.2150 0.0134 0.2595 0.0000 0.0000
7.4 45000.00 -1.75 0.0000 0.0000 0.0116 0.0715 0.0035 0.0000 0.0000 0.0617 0.0623 0.0000 0.0000 0.0843 0.2329 0.0140 0.2789 0.0000 0.0000
7.4 45000.00 -1.50 0.0000 0.0000 0.0108 0.1047 0.0024 0.0000 0.0000 0.0647 0.0583 0.0000 0.0000 0.0782 0.2467 0.0143 0.2929 0.0000 0.0000
7.4 50000.00 -4.00 0.0040 0.0000 0.0095 0.0000 0.0373 0.0000 0.0000 0.0109 0.0217 0.0000 0.0000 0.0329 0.0031 0.0000 0.0039 0.0024 0.0000
7.4 50000.00 -3.75 0.0028 0.0000 0.0102 0.0000 0.0316 0.0000 0.0000 0.0160 0.0294 0.0000 0.0000 0.0438 0.0091 0.0011 0.0113 0.0023 0.0000
7.4 50000.00 -3.50 0.0019 0.0000 0.0108 0.0000 0.0258 0.0000 0.0000 0.0229 0.0377 0.0000 0.0000 0.0554 0.0243 0.0026 0.0302 0.0020 0.0000
7.4 50000.00 -3.25 0.0012 0.0000 0.0113 0.0021 0.0198 0.0000 0.0000 0.0312 0.0457 0.0000 0.0000 0.0661 0.0551 0.0051 0.0681 0.0016 0.0000
7.4 50000.00 -3.00 0.0000 0.0000 0.0117 0.0056 0.0142 0.0000 0.0000 0.0398 0.0524 0.0000 0.0000 0.0748 0.0986 0.0077 0.1216 0.0011 0.0000
7.4 50000.00 -2.75 0.0000 0.0000 0.0119 0.0128 0.0096 0.0000 0.0000 0.0475 0.0574 0.0000 0.0000 0.0809 0.1429 0.0099 0.1754 0.0000 0.0000
7.4 50000.00 -2.50 0.0000 0.0000 0.0120 0.0258 0.0062 0.0000 0.0000 0.0538 0.0603 0.0000 0.0000 0.0839 0.1790 0.0114 0.2187 0.0000 0.0000
7.4 50000.00 -2.25 0.0000 0.0000 0.0117 0.0468 0.0040 0.0000 0.0000 0.0586 0.0608 0.0000 0.0000 0.0836 0.2061 0.0123 0.2502 0.0000 0.0000
7.4 50000.00 -2.00 0.0000 0.0000 0.0111 0.0764 0.0026 0.0000 0.0000 0.0623 0.0588 0.0000 0.0000 0.0801 0.2263 0.0126 0.2726 0.0000 0.0000
7.4 50000.00 -1.75 0.0000 0.0000 0.0101 0.1134 0.0017 0.0000 0.0000 0.0652 0.0546 0.0000 0.0014 0.0736 0.2418 0.0124 0.2889 0.0000 0.0000
7.4 50000.00 -1.50 0.0000 0.0000 0.0088 0.1540 0.0012 0.0000 0.0000 0.0674 0.0487 0.0000 0.0022 0.0650 0.2542 0.0118 0.3011 0.0000 0.0000
7.4 55000.00 -4.00 0.0035 0.0000 0.0102 0.0000 0.0383 0.0000 0.0000 0.0106 0.0237 0.0000 0.0000 0.0359 0.0034 0.0000 0.0043 0.0024 0.0000
7.4 55000.00 -3.75 0.0024 0.0000 0.0107 0.0000 0.0324 0.0000 0.0000 0.0156 0.0313 0.0000 0.0000 0.0466 0.0099 0.0013 0.0124 0.0023 0.0000
7.4 55000.00 -3.50 0.0016 0.0000 0.0111 0.0000 0.0264 0.0000 0.0000 0.0224 0.0394 0.0000 0.0000 0.0577 0.0263 0.0030 0.0326 0.0020 0.0000
7.4 55000.00 -3.25 0.0010 0.0000 0.0115 0.0023 0.0203 0.0000 0.0000 0.0307 0.0470 0.0000 0.0000 0.0678 0.0589 0.0056 0.0729 0.0015 0.0000
7.4 55000.00 -3.00 0.0000 0.0000 0.0119 0.0061 0.0146 0.0000 0.0000 0.0393 0.0533 0.0000 0.0000 0.0759 0.1034 0.0083 0.1274 0.0011 0.0000
7.4 55000.00 -2.75 0.0000 0.0000 0.0121 0.0139 0.0099 0.0000 0.0000 0.0471 0.0579 0.0000 0.0000 0.0813 0.1471 0.0103 0.1805 0.0000 0.0000
7.4 55000.00 -2.50 0.0000 0.0000 0.0122 0.0282 0.0065 0.0000 0.0000 0.0535 0.0605 0.0000 0.0000 0.0838 0.1825 0.0118 0.2227 0.0000 0.0000
7.4 55000.00 -2.25 0.0000 0.0000 0.0120 0.0507 0.0042 0.0000 0.0000 0.0585 0.0607 0.0000 0.0000 0.0831 0.2092 0.0127 0.2535 0.0000 0.0000
7.4 55000.00 -2.00 0.0000 0.0000 0.0114 0.0818 0.0028 0.0000 0.0000 0.0624 0.0584 0.0000 0.0000 0.0791 0.2295 0.0132 0.2759 0.0000 0.0000
7.4 55000.00 -1.75 0.0000 0.0000 0.0105 0.1198 0.0019 0.0000 0.0000 0.0654 0.0541 0.0000 0.0000 0.0725 0.2455 0.0133 0.2927 0.0000 0.0000
7.4 55000.00 -1.50 0.0000 0.0000 0.0094 0.1607 0.0013 0.0000 0.0000 0.0679 0.0484 0.0000 0.0010 0.0642 0.2588 0.0129 0.3057 0.0000 0.0000
7.4 60000.00 -4.00 0.0035 0.0000 0.0105 0.0000 0.0350 0.0000 0.0000 0.0179 0.0208 0.0000 0.0000 0.0315 0.0053 0.0000 0.0067 0.0025 0.0000
7.4 60000.00 -3.75 0.0023 0.0000 0.0108 0.0000 0.0276 0.0000 0.0000 0.0243 0.0282 0.0000 0.0000 0.0419 0.0149 0.0015 0.0186 0.0023 0.0000
7.4 60000.00 -3.50 0.0016 0.0000 0.0112 0.0012 0.0207 0.0000 0.0000 0.0319 0.0362 0.0000 0.0000 0.0531 0.0372 0.0035 0.0462 0.0019 0.0000
7.4 60000.00 -3.25 0.0010 0.0000 0.0115 0.0036 0.0146 0.0000 0.0000 0.0397 0.0440 0.0000 0.0000 0.0635 0.0754 0.0061 0.0933 0.0014 0.0000
7.4 60000.00 -3.00 0.0000 0.0000 0.0117 0.0095 0.0098 0.0000 0.0000 0.0468 0.0504 0.0000 0.0000 0.0717 0.1205 0.0086 0.1485 0.0000 0.0000
7.4 60000.00 -2.75 0.0000 0.0000 0.0118 0.0216 0.0063 0.0000 0.0000 0.0526 0.0547 0.0000 0.0000 0.0767 0.1604 0.0104 0.1967 0.0000 0.0000
7.4 60000.00 -2.50 0.0000 0.0000 0.0115 0.0428 0.0040 0.0000 0.0000 0.0571 0.0564 0.0000 0.0014 0.0780 0.1912 0.0117 0.2332 0.0000 0.0000
7.4 60000.00 -2.25 0.0000 0.0000 0.0107 0.0743 0.0026 0.0000 0.0000 0.0608 0.0550 0.0000 0.0021 0.0752 0.2144 0.0124 0.2596 0.0000 0.0000
7.4 60000.00 -2.00 0.0000 0.0000 0.0096 0.1140 0.0017 0.0000 0.0000 0.0637 0.0512 0.0000 0.0031 0.0692 0.2324 0.0127 0.2791 0.0000 0.0000
7.4 60000.00 -1.75 0.0000 0.0000 0.0083 0.1575 0.0011 0.0000 0.0000 0.0661 0.0456 0.0000 0.0046 0.0610 0.2470 0.0125 0.2940 0.0000 0.0000
7.4 60000.00 -1.50 0.0000 0.0000 0.0070 0.1992 0.0000 0.0000 0.0000 0.0681 0.0393 0.0000 0.0072 0.0522 0.2592 0.0119 0.3057 0.0000 0.0000
7.7 30000.00 -4.00 0.0194 0.0000 0.0000 0.0000 0.0337 0.0000 0.0000 0.0000 0.0035 0.0000 0.0000 0.0055 0.0000 0.0000 0.0000 0.0027 0.0000
7.7 30000.00 -3.75 0.0192 0.0000 0.0000 0.0000 0.0369 0.0000 0.0000 0.0000 0.0057 0.0000 0.0000 0.0089 0.0000 0.0000 0.0000 0.0027 0.0000
7.7 30000.00 -3.50 0.0191 0.0000 0.0000 0.0000 0.0393 0.0000 0.0000 0.0000 0.0093 0.0000 0.0000 0.0144 0.0000 0.0000 0.0000 0.0028 0.0000
7.7 30000.00 -3.25 0.0191 0.0000 0.0000 0.0000 0.0409 0.0000 0.0000 0.0000 0.0149 0.0000 0.0000 0.0227 0.0000 0.0000 0.0000 0.0028 0.0000
7.7 30000.00 -3.00 0.0190 0.0000 0.0000 0.0000 0.0418 0.0000 0.0000 0.0000 0.0223 0.0000 0.0000 0.0339 0.0000 0.0000 0.0000 0.0028 0.0000
7.7 30000.00 -2.75 0.0188 0.0000 0.0010 0.0000 0.0420 0.0000 0.0000 0.0000 0.0310 0.0000 0.0000 0.0469 0.0000 0.0000 0.0000 0.0028 0.0000
7.7 30000.00 -2.50 0.0184 0.0000 0.0012 0.0000 0.0418 0.0000 0.0000 0.0000 0.0396 0.0000 0.0000 0.0599 0.0000 0.0000 0.0000 0.0028 0.0000
7.7 30000.00 -2.25 0.0178 0.0000 0.0014 0.0000 0.0411 0.0000 0.0000 0.0000 0.0466 0.0000 0.0000 0.0704 0.0000 0.0000 0.0000 0.0027 0.0000
7.7 30000.00 -2.00 0.0168 0.0000 0.0017 0.0000 0.0398 0.0000 0.0000 0.0000 0.0512 0.0000 0.0000 0.0773 0.0000 0.0000 0.0000 0.0026 0.0000
7.7 30000.00 -1.75 0.0153 0.0000 0.0022 0.0000 0.0380 0.0000 0.0000 0.0000 0.0533 0.0000 0.0000 0.0802 0.0015 0.0000 0.0018 0.0025 0.0000
7.7 30000.00 -1.50 0.0134 0.0000 0.0029 0.0000 0.0355 0.0000 0.0000 0.0000 0.0532 0.0000 0.0000 0.0795 0.0032 0.0012 0.0040 0.0023 0.0000
7.7 32500.00 -4.00 0.0249 0.0000 0.0023 0.0000 0.0507 0.0000 0.0000 0.0000 0.0078 0.0000 0.0000 0.0123 0.0000 0.0000 0.0000 0.0036 0.0011
7.7 32500.00 -3.75 0.0243 0.0000 0.0027 0.0000 0.0536 0.0000 0.0000 0.0000 0.0124 0.0000 0.0000 0.0192 0.0000 0.0000 0.0000 0.0036 0.0011
7.7 32500.00 -3.50 0.0241 0.0000 0.0030 0.0000 0.0559 0.0000 0.0000 0.0000 0.0196 0.0000 0.0000 0.0299 0.0000 0.0000 0.0000 0.0037 0.0011
7.7 32500.00 -3.25 0.0240 0.0000 0.0033 0.0000 0.0577 0.0000 0.0000 0.0000 0.0298 0.0000 0.0000 0.0451 0.0000 0.0000 0.0000 0.0038 0.0011
7.7 32500.00 -3.00 0.0239 0.0000 0.0036 0.0000 0.0590 0.0000 0.0000 0.0000 0.0426 0.0000 0.0000 0.0640 0.0000 0.0000 0.0000 0.0039 0.0011
7.7 32500.00 -2.75 0.0236 0.0000 0.0041 0.0000 0.0599 0.0000 0.0000 0.0000 0.0564 0.0000 0.0000 0.0842 0.0010 0.0000 0.0013 0.0039 0.0011
7.7 32500.00 -2.50 0.0229 0.0000 0.0048 0.0000 0.0601 0.0000 0.0000 0.0000 0.0687 0.0000 0.0000 0.1022 0.0023 0.0000 0.0029 0.0038 0.0011
7.7 32500.00 -2.25 0.0217 0.0000 0.0057 0.0000 0.0599 0.0000 0.0000 0.0000 0.0783 0.0000 0.0000 0.1161 0.0051 0.0017 0.0063 0.0037 0.0011
7.7 32500.00 -2.00 0.0199 0.0000 0.0070 0.0000 0.0592 0.0000 0.0000 0.0000 0.0847 0.0000 0.0000 0.1252 0.0108 0.0029 0.0133 0.0035 0.0000
7.7 32500.00 -1.75 0.0174 0.0000 0.0087 0.0000 0.0579 0.0000 0.0000 0.0010 0.0883 0.0000 0.0000 0.1301 0.0216 0.0046 0.0266 0.0031 0.0000
7.7 32500.00 -1.50 0.0142 0.0000 0.0108 0.0000 0.0558 0.0000 0.0000 0.0020 0.0897 0.0000 0.0000 0.1315 0.0401 0.0067 0.0492 0.0027 0.0000
7.7 35000.00 -4.00 0.0242 0.0000 0.0065 0.0000 0.0627 0.0000 0.0000 0.0000 0.0147 0.0000 0.0000 0.0229 0.0000 0.0000 0.0000 0.0041 0.0013
7.7 35000.00 -3.75 0.0223 0.0000 0.0078 0.0000 0.0640 0.0000 0.0000 0.0000 0.0226 0.0000 0.0000 0.0346 0.0000 0.0000 0.0000 0.0041 0.0013
7.7 35000.00 -3.50 0.0208 0.0000 0.0091 0.0000 0.0654 0.0000 0.0000 0.0000 0.0337 0.0000 0.0000 0.0511 0.0000 0.0000 0.0011 0.0042 0.0013
7.7 35000.00 -3.25 0.0198 0.0000 0.0103 0.0000 0.0667 0.0000 0.0000 0.0000 0.0479 0.0000 0.0000 0.0718 0.0023 0.0000 0.0029 0.0042 0.0012
7.7 35000.00 -3.00 0.0187 0.0000 0.0116 0.0000 0.0680 0.0000 0.0000 0.0000 0.0640 0.0000 0.0000 0.0951 0.0058 0.0018 0.0072 0.0041 0.0012
7.7 35000.00 -2.75 0.0174 0.0000 0.0132 0.0000 0.0689 0.0000 0.0000 0.0000 0.0797 0.0000 0.0000 0.1174 0.0136 0.0036 0.0168 0.0039 0.0012
7.7 35000.00 -2.50 0.0156 0.0000 0.0151 0.0000 0.0695 0.0000 0.0000 0.0017 0.0931 0.0000 0.0000 0.1361 0.0292 0.0061 0.0361 0.0036 0.0010
7.7 35000.00 -2.25 0.0133 0.0000 0.0174 0.0011 0.0693 0.0000 0.0000 0.0032 0.1032 0.0000 0.0000 0.1500 0.0564 0.0092 0.0694 0.0031 0.0000
7.7 35000.00 -2.00 0.0103 0.0000 0.0200 0.0024 0.0680 0.0000 0.0000 0.0058 0.1102 0.0000 0.0000 0.1594 0.0978 0.0127 0.1199 0.0024 0.0000
7.7 35000.00 -1.75 0.0070 0.0000 0.0229 0.0047 0.0653 0.0000 0.0000 0.0102 0.1146 0.0000 0.0000 0.1650 0.1513 0.0161 0.1842 0.0018 0.0000
7.7 35000.00 -1.50 0.0039 0.0000 0.0255 0.0089 0.0607 0.0000 0.0000 0.0172 0.1171 0.0000 0.0000 0.1677 0.2102 0.0192 0.2531 0.0012 0.0000
7.7 37500.00 -4.00 0.0188 0.0000 0.0123 0.0000 0.0689 0.0000 0.0000 0.0000 0.0218 0.0000 0.0000 0.0337 0.0000 0.0000 0.0000 0.0042 0.0013
7.7 37500.00 -3.75 0.0156 0.0000 0.0146 0.0000 0.0685 0.0000 0.0000 0.0000 0.0327 0.0000 0.0000 0.0497 0.0016 0.0000 0.0020 0.0042 0.0013
7.7 37500.00 -3.50 0.0126 0.0000 0.0171 0.0000 0.0686 0.0000 0.0000 0.0011 0.0468 0.0000 0.0000 0.0703 0.0046 0.0011 0.0057 0.0042 0.0013
7.7 37500.00 -3.25 0.0099 0.0000 0.0195 0.0000 0.0687 0.0000 0.0000 0.0020 0.0629 0.0000 0.0000 0.0936 0.0123 0.0028 0.0153 0.0040 0.0012
7.7 37500.00 -3.00 0.0075 0.0000 0.0219 0.0000 0.0687 0.0000 0.0000 0.0035 0.0792 0.0000 0.0000 0.1167 0.0307 0.0059 0.0380 0.0035 0.0010
7.7 37500.00 -2.75 0.0054 0.0000 0.0242 0.0015 0.0681 0.0000 0.0000 0.0062 0.0935 0.0000 0.0000 0.1366 0.0661 0.0101 0.0815 0.0029 0.0000
7.7 37500.00 -2.50 0.0036 0.0000 0.0261 0.0033 0.0663 0.0000 0.0000 0.0106 0.1048 0.0000 0.0000 0.1520 0.1206 0.0145 0.1484 0.0021 0.0000
7.7 37500.00 -2.25 0.0023 0.0000 0.0276 0.0066 0.0626 0.0000 0.0000 0.0177 0.1129 0.0000 0.0000 0.1626 0.1865 0.0182 0.2283 0.0015 0.0000
7.7 37500.00 -2.00 0.0014 0.0000 0.0286 0.0126 0.0567 0.0000 0.0000 0.0278 0.1180 0.0000 0.0000 0.1690 0.2521 0.0211 0.3060 0.0010 0.0000
7.7 37500.00 -1.75 0.0000 0.0000 0.0291 0.0226 0.0488 0.0000 0.0000 0.0409 0.1207 0.0000 0.0000 0.1718 0.3079 0.0230 0.3698 0.0000 0.0000
7.7 37500.00 -1.50 0.0000 0.0000 0.0294 0.0387 0.0398 0.0000 0.0000 0.0555 0.1211 0.0000 0.0000 0.1713 0.3507 0.0244 0.4161 0.0000 0.0000
7.7 40000.00 -4.00 0.0128 0.0000 0.0193 0.0000 0.0770 0.0000 0.0000 0.0022 0.0334 0.0000 0.0000 0.0512 0.0023 0.0000 0.0029 0.0045 0.0014
7.7 40000.00 -3.75 0.0094 0.0000 0.0215 0.0000 0.0738 0.0000 0.0000 0.0036 0.0473 0.0000 0.0000 0.0714 0.0068 0.0012 0.0085 0.0043 0.0014
7.7 40000.00 -3.50 0.0066 0.0000 0.0236 0.0000 0.0709 0.0000 0.0000 0.0061 0.0634 0.0000 0.0000 0.0945 0.0191 0.0032 0.0238 0.0041 0.0012
7.7 40000.00 -3.25 0.0045 0.0000 0.0255 0.0012 0.0678 0.0000 0.0000 0.0104 0.0797 0.0000 0.0000 0.1175 0.0488 0.0069 0.0604 0.0035 0.0010
7.7 40000.00 -3.00 0.0029 0.0000 0.0270 0.0032 0.0635 0.0000 0.0000 0.0175 0.0942 0.0000 0.0000 0.1376 0.1052 0.0119 0.1300 0.0026 0.0000
7.7 40000.00 -2.75 0.0019 0.0000 0.0283 0.0076 0.0573 0.0000 0.0000 0.0281 0.1058 0.0000 0.0000 0.1530 0.1825 0.0167 0.2247 0.0018 0.0000
7.7 40000.00 -2.50 0.0012 0.0000 0.0292 0.0160 0.0491 0.0000 0.0000 0.0422 0.1140 0.0000 0.0000 0.1634 0.2610 0.0204 0.3196 0.0012 0.0000
7.7 40000.00 -2.25 0.0000 0.0000 0.0298 0.0307 0.0395 0.0000 0.0000 0.0586 0.1190 0.0000 0.0000 0.1691 0.3260 0.0230 0.3962 0.0000 0.0000
7.7 40000.00 -2.00 0.0000 0.0000 0.0301 0.0545 0.0301 0.0000 0.0000 0.0750 0.1207 0.0000 0.0000 0.1700 0.3744 0.0248 0.4504 0.0000 0.0000
7.7 40000.00 -1.75 0.0000 0.0000 0.0301 0.0904 0.0219 0.0000 0.0000 0.0893 0.1190 0.0000 0.0000 0.1662 0.4091 0.0260 0.4867 0.0000 0.0000
7.7 40000.00 -1.50 0.0000 0.0000 0.0295 0.1400 0.0156 0.0000 0.0000 0.1008 0.1139 0.0000 0.0000 0.1577 0.4347 0.0269 0.5107 0.0000 0.0000
7.7 45000.00 -4.00 0.0111 0.0000 0.0219 0.0000 0.0772 0.0000 0.0000 0.0093 0.0399 0.0000 0.0000 0.0610 0.0034 0.0000 0.0043 0.0046 0.0015
7.7 45000.00 -3.75 0.0078 0.0000 0.0238 0.0000 0.0702 0.0000 0.0000 0.0147 0.0547 0.0000 0.0000 0.0823 0.0100 0.0015 0.0124 0.0044 0.0014
7.7 45000.00 -3.50 0.0053 0.0000 0.0255 0.0000 0.0628 0.0000 0.0000 0.0232 0.0710 0.0000 0.0000 0.1054 0.0277 0.0039 0.0344 0.0041 0.0013
7.7 45000.00 -3.25 0.0035 0.0000 0.0270 0.0022 0.0540 0.0000 0.0000 0.0356 0.0868 0.0000 0.0000 0.1274 0.0688 0.0082 0.0853 0.0034 0.0010
7.7 45000.00 -3.00 0.0023 0.0000 0.0283 0.0057 0.0438 0.0000 0.0000 0.0513 0.1002 0.0000 0.0000 0.1455 0.1385 0.0134 0.1710 0.0025 0.0000
7.7 45000.00 -2.75 0.0014 0.0000 0.0292 0.0131 0.0332 0.0000 0.0000 0.0686 0.1105 0.0000 0.0000 0.1588 0.2231 0.0181 0.2743 0.0017 0.0000
7.7 45000.00 -2.50 0.0000 0.0000 0.0297 0.0271 0.0236 0.0000 0.0000 0.0850 0.1174 0.0000 0.0000 0.1670 0.3008 0.0216 0.3676 0.0011 0.0000
7.7 45000.00 -2.25 0.0000 0.0000 0.0298 0.0511 0.0161 0.0000 0.0000 0.0986 0.1208 0.0000 0.0000 0.1701 0.3615 0.0240 0.4381 0.0000 0.0000
7.7 45000.00 -2.00 0.0000 0.0000 0.0292 0.0884 0.0107 0.0000 0.0000 0.1091 0.1204 0.0000 0.0000 0.1679 0.4059 0.0256 0.4869 0.0000 0.0000
7.7 45000.00 -1.75 0.0000 0.0000 0.0278 0.1411 0.0071 0.0000 0.0000 0.1170 0.1160 0.0000 0.0000 0.1603 0.4386 0.0267 0.5200 0.0000 0.0000
7.7 45000.00 -1.50 0.0000 0.0000 0.0257 0.2082 0.0048 0.0000 0.0000 0.1228 0.1078 0.0000 0.0000 0.1478 0.4638 0.0273 0.5429 0.0000 0.0000
7.7 50000.00 -4.00 0.0101 0.0000 0.0237 0.0000 0.0742 0.0000 0.0000 0.0213 0.0424 0.0000 0.0000 0.0646 0.0061 0.0000 0.0077 0.0047 0.0016
7.7 50000.00 -3.75 0.0070 0.0000 0.0253 0.0000 0.0630 0.0000 0.0000 0.0312 0.0573 0.0000 0.0000 0.0860 0.0176 0.0021 0.0220 0.0045 0.0014
7.7 50000.00 -3.50 0.0047 0.0000 0.0267 0.0014 0.0514 0.0000 0.0000 0.0446 0.0734 0.0000 0.0000 0.1087 0.0471 0.0050 0.0586 0.0040 0.0012
7.7 50000.00 -3.25 0.0031 0.0000 0.0279 0.0041 0.0396 0.0000 0.0000 0.0606 0.0886 0.0000 0.0000 0.1296 0.1062 0.0098 0.1315 0.0032 0.0000
7.7 50000.00 -3.00 0.0020 0.0000 0.0288 0.0108 0.0286 0.0000 0.0000 0.0771 0.1012 0.0000 0.0000 0.1464 0.1898 0.0150 0.2341 0.0022 0.0000
7.7 50000.00 -2.75 0.0013 0.0000 0.0293 0.0247 0.0194 0.0000 0.0000 0.0919 0.1103 0.0000 0.0000 0.1577 0.2744 0.0192 0.3370 0.0015 0.0000
7.7 50000.00 -2.50 0.0000 0.0000 0.0293 0.0502 0.0127 0.0000 0.0000 0.1038 0.1152 0.0000 0.0000 0.1630 0.3432 0.0221 0.4187 0.0000 0.0000
7.7 50000.00 -2.25 0.0000 0.0000 0.0286 0.0915 0.0082 0.0000 0.0000 0.1128 0.1156 0.0000 0.0013 0.1618 0.3941 0.0238 0.4766 0.0000 0.0000
7.7 50000.00 -2.00 0.0000 0.0000 0.0269 0.1508 0.0053 0.0000 0.0000 0.1197 0.1112 0.0000 0.0018 0.1541 0.4312 0.0243 0.5160 0.0000 0.0000
7.7 50000.00 -1.75 0.0000 0.0000 0.0243 0.2255 0.0035 0.0000 0.0000 0.1249 0.1023 0.0000 0.0026 0.1406 0.4594 0.0240 0.5431 0.0000 0.0000
7.7 50000.00 -1.50 0.0000 0.0000 0.0213 0.3075 0.0024 0.0000 0.0000 0.1291 0.0905 0.0000 0.0040 0.1234 0.4819 0.0228 0.5623 0.0000 0.0000
7.7 55000.00 -4.00 0.0088 0.0000 0.0255 0.0000 0.0764 0.0000 0.0000 0.0208 0.0464 0.0000 0.0000 0.0706 0.0068 0.0000 0.0085 0.0048 0.0016
7.7 55000.00 -3.75 0.0060 0.0000 0.0266 0.0000 0.0646 0.0000 0.0000 0.0304 0.0613 0.0000 0.0000 0.0918 0.0193 0.0025 0.0242 0.0045 0.0015
7.7 55000.00 -3.50 0.0039 0.0000 0.0277 0.0015 0.0528 0.0000 0.0000 0.0437 0.0770 0.0000 0.0000 0.1137 0.0512 0.0059 0.0636 0.0039 0.0012
7.7 55000.00 -3.25 0.0026 0.0000 0.0286 0.0045 0.0407 0.0000 0.0000 0.0598 0.0917 0.0000 0.0000 0.1336 0.1145 0.0110 0.1417 0.0030 0.0000
7.7 55000.00 -3.00 0.0016 0.0000 0.0294 0.0118 0.0295 0.0000 0.0000 0.0765 0.1037 0.0000 0.0000 0.1492 0.2003 0.0161 0.2470 0.0021 0.0000
7.7 55000.00 -2.75 0.0011 0.0000 0.0299 0.0271 0.0201 0.0000 0.0000 0.0917 0.1122 0.0000 0.0000 0.1596 0.2848 0.0202 0.3495 0.0014 0.0000
7.7 55000.00 -2.50 0.0000 0.0000 0.0300 0.0551 0.0132 0.0000 0.0000 0.1040 0.1166 0.0000 0.0000 0.1640 0.3529 0.0230 0.4300 0.0000 0.0000
7.7 55000.00 -2.25 0.0000 0.0000 0.0294 0.0999 0.0086 0.0000 0.0000 0.1136 0.1165 0.0000 0.0000 0.1619 0.4034 0.0247 0.4871 0.0000 0.0000
7.7 55000.00 -2.00 0.0000 0.0000 0.0279 0.1631 0.0056 0.0000 0.0000 0.1208 0.1114 0.0000 0.0000 0.1534 0.4412 0.0256 0.5268 0.0000 0.0000
7.7 55000.00 -1.75 0.0000 0.0000 0.0256 0.2404 0.0038 0.0000 0.0000 0.1266 0.1023 0.0000 0.0013 0.1396 0.4707 0.0257 0.5549 0.0000 0.0000
7.7 55000.00 -1.50 0.0000 0.0000 0.0227 0.3237 0.0026 0.0000 0.0000 0.1312 0.0905 0.0000 0.0019 0.1225 0.4947 0.0251 0.5754 0.0000 0.0000
7.7 60000.00 -4.00 0.0087 0.0000 0.0261 0.0000 0.0700 0.0000 0.0000 0.0352 0.0408 0.0000 0.0000 0.0621 0.0104 0.0012 0.0132 0.0049 0.0017
7.7 60000.00 -3.75 0.0059 0.0000 0.0271 0.0000 0.0553 0.0000 0.0000 0.0478 0.0552 0.0000 0.0000 0.0826 0.0291 0.0030 0.0364 0.0045 0.0015
7.7 60000.00 -3.50 0.0039 0.0000 0.0279 0.0023 0.0416 0.0000 0.0000 0.0627 0.0711 0.0000 0.0000 0.1047 0.0727 0.0067 0.0905 0.0038 0.0012
7.7 60000.00 -3.25 0.0026 0.0000 0.0286 0.0070 0.0295 0.0000 0.0000 0.0781 0.0861 0.0000 0.0000 0.1252 0.1473 0.0119 0.1824 0.0029 0.0000
7.7 60000.00 -3.00 0.0017 0.0000 0.0292 0.0184 0.0199 0.0000 0.0000 0.0919 0.0985 0.0000 0.0010 0.1414 0.2351 0.0168 0.2898 0.0020 0.0000
7.7 60000.00 -2.75 0.0011 0.0000 0.0292 0.0422 0.0128 0.0000 0.0000 0.1032 0.1066 0.0000 0.0018 0.1512 0.3127 0.0205 0.3834 0.0013 0.0000
7.7 60000.00 -2.50 0.0000 0.0000 0.0284 0.0842 0.0082 0.0000 0.0000 0.1120 0.1094 0.0000 0.0028 0.1533 0.3722 0.0230 0.4530 0.0000 0.0000
7.7 60000.00 -2.25 0.0000 0.0000 0.0265 0.1474 0.0052 0.0000 0.0000 0.1188 0.1063 0.0000 0.0040 0.1474 0.4162 0.0244 0.5019 0.0000 0.0000
7.7 60000.00 -2.00 0.0000 0.0000 0.0237 0.2284 0.0034 0.0000 0.0000 0.1242 0.0981 0.0000 0.0058 0.1347 0.4498 0.0249 0.5363 0.0000 0.0000
7.7 60000.00 -1.75 0.0000 0.0000 0.0203 0.3170 0.0023 0.0000 0.0000 0.1287 0.0866 0.0000 0.0085 0.1179 0.4767 0.0244 0.5609 0.0000 0.0000
7.7 60000.00 -1.50 0.0000 0.0000 0.0170 0.4021 0.0016 0.0000 0.0000 0.1324 0.0739 0.0000 0.0131 0.0999 0.4987 0.0232 0.5789 0.0000 0.0000
8.0 30000.00 -4.00 0.0286 0.0000 0.0000 0.0000 0.0622 0.0000 0.0000 0.0000 0.0061 0.0000 0.0000 0.0098 0.0000 0.0000 0.0000 0.0085 0.0027
8.0 30000.00 -3.75 0.0285 0.0000 0.0011 0.0000 0.0692 0.0000 0.0000 0.0000 0.0100 0.0000 0.0000 0.0159 0.0000 0.0000 0.0000 0.0087 0.0027
8.0 30000.00 -3.50 0.0285 0.0000 0.0012 0.0000 0.0746 0.0000 0.0000 0.0000 0.0164 0.0000 0.0000 0.0259 0.0000 0.0000 0.0000 0.0089 0.0027
8.0 30000.00 -3.25 0.0285 0.0000 0.0013 0.0000 0.0779 0.0000 0.0000 0.0000 0.0261 0.0000 0.0000 0.0409 0.0000 0.0000 0.0000 0.0090 0.0027
8.0 30000.00 -3.00 0.0284 0.0000 0.0014 0.0000 0.0797 0.0000 0.0000 0.0000 0.0394 0.0000 0.0000 0.0615 0.0000 0.0000 0.0000 0.0090 0.0027
8.0 30000.00 -2.75 0.0281 0.0000 0.0015 0.0000 0.0804 0.0000 0.0000 0.0000 0.0553 0.0000 0.0000 0.0861 0.0000 0.0000 0.0000 0.0090 0.0026
8.0 30000.00 -2.50 0.0275 0.0000 0.0017 0.0000 0.0802 0.0000 0.0000 0.0000 0.0714 0.0000 0.0000 0.1109 0.0000 0.0000 0.0000 0.0089 0.0026
8.0 30000.00 -2.25 0.0266 0.0000 0.0020 0.0000 0.0790 0.0000 0.0000 0.0000 0.0850 0.0000 0.0000 0.1318 0.0000 0.0000 0.0000 0.0087 0.0025
8.0 30000.00 -2.00 0.0253 0.0000 0.0025 0.0000 0.0767 0.0000 0.0000 0.0000 0.0943 0.0000 0.0000 0.1458 0.0011 0.0000 0.0014 0.0084 0.0024
8.0 30000.00 -1.75 0.0233 0.0000 0.0032 0.0000 0.0734 0.0000 0.0000 0.0000 0.0988 0.0000 0.0000 0.1524 0.0025 0.0019 0.0031 0.0079 0.0022
8.0 30000.00 -1.50 0.0205 0.0000 0.0042 0.0000 0.0691 0.0000 0.0000 0.0000 0.0991 0.0000 0.0000 0.1521 0.0055 0.0035 0.0067 0.0072 0.0020
8.0 32500.00 -4.00 0.0366 0.0000 0.0032 0.0000 0.0939 0.0000 0.0000 0.0000 0.0136 0.0000 0.0000 0.0217 0.0000 0.0000 0.0000 0.0114 0.0036
8.0 32500.00 -3.75 0.0358 0.0000 0.0039 0.0000 0.1000 0.0000 0.0000 0.0000 0.0216 0.0000 0.0000 0.0341 0.0000 0.0000 0.0000 0.0117 0.0036
8.0 32500.00 -3.50 0.0355 0.0000 0.0043 0.0000 0.1049 0.0000 0.0000 0.0000 0.0340 0.0000 0.0000 0.0533 0.0000 0.0000 0.0000 0.0119 0.0036
8.0 32500.00 -3.25 0.0354 0.0000 0.0048 0.0000 0.1086 0.0000 0.0000 0.0000 0.0520 0.0000 0.0000 0.0809 0.0000 0.0000 0.0000 0.0121 0.0036
8.0 32500.00 -3.00 0.0352 0.0000 0.0053 0.0000 0.1110 0.0000 0.0000 0.0000 0.0747 0.0000 0.0000 0.1155 0.0000 0.0000 0.0010 0.0123 0.0036
8.0 32500.00 -2.75 0.0348 0.0000 0.0059 0.0000 0.1126 0.0000 0.0000 0.0000 0.0997 0.0000 0.0000 0.1533 0.0018 0.0014 0.0023 0.0123 0.0036
8.0 32500.00 -2.50 0.0338 0.0000 0.0068 0.0000 0.1131 0.0000 0.0000 0.0000 0.1223 0.0000 0.0000 0.1875 0.0040 0.0028 0.0049 0.0122 0.0036
8.0 32500.00 -2.25 0.0322 0.0000 0.0081 0.0000 0.1128 0.0000 0.0000 0.0000 0.1403 0.0000 0.0000 0.2144 0.0086 0.0051 0.0106 0.0118 0.0034
8.0 32500.00 -2.00 0.0297 0.0000 0.0099 0.0000 0.1117 0.0000 0.0000 0.0000 0.1527 0.0000 0.0000 0.2327 0.0179 0.0087 0.0221 0.0111 0.0032
8.0 32500.00 -1.75 0.0263 0.0000 0.0123 0.0000 0.1096 0.0000 0.0000 0.0016 0.1599 0.0000 0.0000 0.2429 0.0356 0.0140 0.0438 0.0100 0.0029
8.0 32500.00 -1.50 0.0219 0.0000 0.0153 0.0015 0.1061 0.0000 0.0000 0.0031 0.1628 0.0000 0.0000 0.2463 0.0660 0.0207 0.0805 0.0086 0.0025
8.0 35000.00 -4.00 0.0361 0.0000 0.0094 0.0000 0.1175 0.0000 0.0000 0.0000 0.0260 0.0000 0.0000 0.0412 0.0000 0.0000 0.0000 0.0132 0.0042
8.0 35000.00 -3.75 0.0333 0.0000 0.0114 0.0000 0.1203 0.0000 0.0000 0.0000 0.0398 0.0000 0.0000 0.0623 0.0000 0.0000 0.0000 0.0134 0.0041
8.0 35000.00 -3.50 0.0312 0.0000 0.0132 0.0000 0.1231 0.0000 0.0000 0.0000 0.0594 0.0000 0.0000 0.0922 0.0017 0.0000 0.0021 0.0135 0.0041
8.0 35000.00 -3.25 0.0295 0.0000 0.0149 0.0000 0.1255 0.0000 0.0000 0.0000 0.0845 0.0000 0.0000 0.1301 0.0042 0.0024 0.0052 0.0135 0.0040
8.0 35000.00 -3.00 0.0279 0.0000 0.0167 0.0000 0.1276 0.0000 0.0000 0.0000 0.1130 0.0000 0.0000 0.1728 0.0102 0.0055 0.0127 0.0133 0.0039
8.0 35000.00 -2.75 0.0260 0.0000 0.0189 0.0000 0.1292 0.0000 0.0000 0.0016 0.1411 0.0000 0.0000 0.2143 0.0233 0.0110 0.0289 0.0126 0.0037
8.0 35000.00 -2.50 0.0235 0.0000 0.0215 0.0000 0.1300 0.0000 0.0000 0.0028 0.1652 0.0000 0.0000 0.2494 0.0493 0.0190 0.0609 0.0115 0.0033
8.0 35000.00 -2.25 0.0202 0.0000 0.0246 0.0021 0.1296 0.0000 0.0000 0.0050 0.1834 0.0000 0.0000 0.2754 0.0940 0.0287 0.1156 0.0099 0.0029
8.0 35000.00 -2.00 0.0161 0.0000 0.0282 0.0043 0.1275 0.0000 0.0000 0.0089 0.1959 0.0000 0.0000 0.2929 0.1627 0.0396 0.1987 0.0081 0.0023
8.0 35000.00 -1.75 0.0113 0.0000 0.0322 0.0085 0.1232 0.0000 0.0000 0.0156 0.2035 0.0000 0.0000 0.3031 0.2533 0.0507 0.3053 0.0061 0.0018
8.0 35000.00 -1.50 0.0067 0.0000 0.0360 0.0161 0.1159 0.0000 0.0000 0.0265 0.2076 0.0000 0.0000 0.3079 0.3569 0.0609 0.4218 0.0042 0.0012
8.0 37500.00 -4.00 0.0287 0.0000 0.0181 0.0000 0.1303 0.0000 0.0000 0.0000 0.0391 0.0000 0.0000 0.0615 0.0010 0.0000 0.0013 0.0139 0.0044
8.0 37500.00 -3.75 0.0238 0.0000 0.0215 0.0000 0.1300 0.0000 0.0000 0.0011 0.0583 0.0000 0.0000 0.0908 0.0030 0.0013 0.0037 0.0138 0.0042
8.0 37500.00 -3.50 0.0193 0.0000 0.0251 0.0000 0.1301 0.0000 0.0000 0.0020 0.0835 0.0000 0.0000 0.1287 0.0083 0.0035 0.0103 0.0137 0.0041
8.0 37500.00 -3.25 0.0152 0.0000 0.0287 0.0000 0.1303 0.0000 0.0000 0.0034 0.1125 0.0000 0.0000 0.1718 0.0220 0.0088 0.0273 0.0130 0.0038
8.0 37500.00 -3.00 0.0116 0.0000 0.0321 0.0011 0.1300 0.0000 0.0000 0.0059 0.1417 0.0000 0.0000 0.2146 0.0540 0.0186 0.0668 0.0115 0.0034
8.0 37500.00 -2.75 0.0084 0.0000 0.0353 0.0027 0.1286 0.0000 0.0000 0.0102 0.1671 0.0000 0.0000 0.2514 0.1147 0.0320 0.1415 0.0094 0.0028
8.0 37500.00 -2.50 0.0057 0.0000 0.0379 0.0060 0.1253 0.0000 0.0000 0.0174 0.1869 0.0000 0.0000 0.2796 0.2085 0.0462 0.2561 0.0071 0.0021
8.0 37500.00 -2.25 0.0036 0.0000 0.0400 0.0121 0.1189 0.0000 0.0000 0.0286 0.2006 0.0000 0.0000 0.2987 0.3236 0.0586 0.3939 0.0050 0.0015
8.0 37500.00 -2.00 0.0021 0.0000 0.0413 0.0232 0.1089 0.0000 0.0000 0.0452 0.2091 0.0000 0.0000 0.3100 0.4410 0.0681 0.5290 0.0034 0.0000
8.0 37500.00 -1.75 0.0013 0.0000 0.0421 0.0419 0.0952 0.0000 0.0000 0.0673 0.2131 0.0000 0.0000 0.3146 0.5440 0.0747 0.6402 0.0022 0.0000
8.0 37500.00 -1.50 0.0000 0.0000 0.0424 0.0722 0.0788 0.0000 0.0000 0.0933 0.2134 0.0000 0.0000 0.3133 0.6254 0.0790 0.7202 0.0015 0.0000
8.0 40000.00 -4.00 0.0199 0.0000 0.0293 0.0000 0.1481 0.0000 0.0000 0.0040 0.0614 0.0000 0.0000 0.0959 0.0043 0.0014 0.0055 0.0149 0.0048
8.0 40000.00 -3.75 0.0146 0.0000 0.0325 0.0000 0.1421 0.0000 0.0000 0.0065 0.0868 0.0000 0.0000 0.1338 0.0126 0.0039 0.0157 0.0145 0.0045
8.0 40000.00 -3.50 0.0103 0.0000 0.0356 0.0000 0.1367 0.0000 0.0000 0.0110 0.1164 0.0000 0.0000 0.1773 0.0351 0.0101 0.0436 0.0136 0.0041
8.0 40000.00 -3.25 0.0070 0.0000 0.0382 0.0022 0.1307 0.0000 0.0000 0.0186 0.1462 0.0000 0.0000 0.2205 0.0884 0.0222 0.1096 0.0116 0.0035
8.0 40000.00 -3.00 0.0046 0.0000 0.0403 0.0059 0.1225 0.0000 0.0000 0.0307 0.1721 0.0000 0.0000 0.2576 0.1891 0.0387 0.2336 0.0089 0.0027
8.0 40000.00 -2.75 0.0029 0.0000 0.0419 0.0139 0.1110 0.0000 0.0000 0.0487 0.1920 0.0000 0.0000 0.2855 0.3273 0.0547 0.4025 0.0062 0.0019
8.0 40000.00 -2.50 0.0018 0.0000 0.0430 0.0295 0.0959 0.0000 0.0000 0.0731 0.2055 0.0000 0.0000 0.3036 0.4690 0.0670 0.5719 0.0041 0.0012
8.0 40000.00 -2.25 0.0012 0.0000 0.0437 0.0571 0.0781 0.0000 0.0000 0.1022 0.2131 0.0000 0.0000 0.3129 0.5877 0.0756 0.7073 0.0027 0.0000
8.0 40000.00 -2.00 0.0000 0.0000 0.0440 0.1024 0.0600 0.0000 0.0000 0.1322 0.2150 0.0000 0.0000 0.3136 0.6768 0.0813 0.8009 0.0018 0.0000
8.0 40000.00 -1.75 0.0000 0.0000 0.0438 0.1708 0.0440 0.0000 0.0000 0.1593 0.2110 0.0000 0.0000 0.3056 0.7414 0.0851 0.8604 0.0012 0.0000
8.0 40000.00 -1.50 0.0000 0.0000 0.0430 0.2660 0.0313 0.0000 0.0000 0.1814 0.2012 0.0000 0.0000 0.2890 0.7893 0.0877 0.8971 0.0000 0.0000
8.0 45000.00 -4.00 0.0174 0.0000 0.0336 0.0000 0.1498 0.0000 0.0000 0.0174 0.0745 0.0000 0.0000 0.1158 0.0064 0.0018 0.0081 0.0156 0.0051
8.0 45000.00 -3.75 0.0122 0.0000 0.0364 0.0000 0.1368 0.0000 0.0000 0.0273 0.1020 0.0000 0.0000 0.1562 0.0186 0.0050 0.0233 0.0150 0.0047
8.0 45000.00 -3.50 0.0083 0.0000 0.0389 0.0013 0.1227 0.0000 0.0000 0.0429 0.1323 0.0000 0.0000 0.2002 0.0513 0.0127 0.0638 0.0138 0.0043
8.0 45000.00 -3.25 0.0055 0.0000 0.0410 0.0039 0.1061 0.0000 0.0000 0.0652 0.1613 0.0000 0.0000 0.2416 0.1261 0.0268 0.1563 0.0114 0.0035
8.0 45000.00 -3.00 0.0035 0.0000 0.0426 0.0104 0.0867 0.0000 0.0000 0.0935 0.1851 0.0000 0.0000 0.2750 0.2526 0.0443 0.3120 0.0084 0.0026
8.0 45000.00 -2.75 0.0022 0.0000 0.0436 0.0242 0.0664 0.0000 0.0000 0.1248 0.2025 0.0000 0.0000 0.2987 0.4061 0.0600 0.4987 0.0057 0.0017
8.0 45000.00 -2.50 0.0014 0.0000 0.0441 0.0505 0.0476 0.0000 0.0000 0.1549 0.2134 0.0000 0.0000 0.3126 0.5479 0.0715 0.6666 0.0038 0.0011
8.0 45000.00 -2.25 0.0000 0.0000 0.0440 0.0960 0.0326 0.0000 0.0000 0.1803 0.2179 0.0000 0.0000 0.3169 0.6588 0.0794 0.7907 0.0025 0.0000
8.0 45000.00 -2.00 0.0000 0.0000 0.0430 0.1673 0.0217 0.0000 0.0000 0.1999 0.2158 0.0000 0.0000 0.3113 0.7402 0.0845 0.8731 0.0017 0.0000
8.0 45000.00 -1.75 0.0000 0.0000 0.0409 0.2684 0.0144 0.0000 0.0000 0.2146 0.2068 0.0000 0.0000 0.2959 0.8002 0.0878 0.9255 0.0012 0.0000
8.0 45000.00 -1.50 0.0000 0.0000 0.0378 0.3978 0.0097 0.0000 0.0000 0.2255 0.1915 0.0000 0.0000 0.2716 0.8469 0.0897 0.9590 0.0000 0.0000
8.0 50000.00 -4.00 0.0158 0.0000 0.0365 0.0000 0.1452 0.0000 0.0000 0.0404 0.0799 0.0000 0.0000 0.1237 0.0117 0.0025 0.0147 0.0161 0.0054
8.0 50000.00 -3.75 0.0110 0.0000 0.0389 0.0000 0.1239 0.0000 0.0000 0.0589 0.1079 0.0000 0.0000 0.1646 0.0333 0.0068 0.0416 0.0153 0.0049
8.0 50000.00 -3.50 0.0073 0.0000 0.0409 0.0025 0.1018 0.0000 0.0000 0.0838 0.1381 0.0000 0.0000 0.2080 0.0881 0.0166 0.1096 0.0136 0.0043
8.0 50000.00 -3.25 0.0048 0.0000 0.0425 0.0076 0.0791 0.0000 0.0000 0.1135 0.1661 0.0000 0.0000 0.2476 0.1973 0.0324 0.2445 0.0108 0.0034
8.0 50000.00 -3.00 0.0031 0.0000 0.0436 0.0199 0.0575 0.0000 0.0000 0.1442 0.1885 0.0000 0.0000 0.2787 0.3514 0.0499 0.4336 0.0077 0.0024
8.0 50000.00 -2.75 0.0020 0.0000 0.0442 0.0459 0.0394 0.0000 0.0000 0.1716 0.2039 0.0000 0.0011 0.2990 0.5075 0.0643 0.6221 0.0052 0.0016
8.0 50000.00 -2.50 0.0013 0.0000 0.0440 0.0941 0.0258 0.0000 0.0000 0.1935 0.2114 0.0000 0.0017 0.3076 0.6341 0.0739 0.7696 0.0034 0.0010
8.0 50000.00 -2.25 0.0000 0.0000 0.0426 0.1732 0.0166 0.0000 0.0000 0.2101 0.2105 0.0000 0.0023 0.3038 0.7271 0.0793 0.8701 0.0022 0.0000
8.0 50000.00 -2.00 0.0000 0.0000 0.0400 0.2872 0.0108 0.0000 0.0000 0.2225 0.2011 0.0000 0.0033 0.2877 0.7948 0.0813 0.9346 0.0015 0.0000
8.0 50000.00 -1.75 0.0000 0.0000 0.0361 0.4318 0.0071 0.0000 0.0000 0.2319 0.1842 0.0000 0.0046 0.2612 0.8463 0.0804 0.9755 0.0011 0.0000
8.0 50000.00 -1.50 0.0000 0.0000 0.0315 0.5926 0.0048 0.0000 0.0000 0.2395 0.1622 0.0000 0.0068 0.2279 0.8878 0.0766 1.0019 0.0000 0.0000
8.0 55000.00 -4.00 0.0139 0.0000 0.0396 0.0000 0.1501 0.0000 0.0000 0.0398 0.0886 0.0000 0.0000 0.1366 0.0129 0.0031 0.0164 0.0165 0.0056
8.0 55000.00 -3.75 0.0094 0.0000 0.0413 0.0000 0.1277 0.0000 0.0000 0.0580 0.1169 0.0000 0.0000 0.1776 0.0368 0.0084 0.0461 0.0155 0.0050
8.0 55000.00 -3.50 0.0062 0.0000 0.0428 0.0028 0.1049 0.0000 0.0000 0.0830 0.1467 0.0000 0.0000 0.2199 0.0967 0.0197 0.1204 0.0135 0.0043
8.0 55000.00 -3.25 0.0040 0.0000 0.0441 0.0084 0.0816 0.0000 0.0000 0.1132 0.1740 0.0000 0.0000 0.2579 0.2152 0.0369 0.2667 0.0104 0.0032
8.0 55000.00 -3.00 0.0026 0.0000 0.0450 0.0221 0.0595 0.0000 0.0000 0.1446 0.1955 0.0000 0.0000 0.2870 0.3756 0.0544 0.4634 0.0073 0.0023
8.0 55000.00 -2.75 0.0017 0.0000 0.0455 0.0509 0.0409 0.0000 0.0000 0.1730 0.2100 0.0000 0.0000 0.3057 0.5332 0.0681 0.6532 0.0048 0.0015
8.0 55000.00 -2.50 0.0011 0.0000 0.0454 0.1043 0.0270 0.0000 0.0000 0.1960 0.2166 0.0000 0.0000 0.3126 0.6593 0.0775 0.7993 0.0031 0.0000
8.0 55000.00 -2.25 0.0000 0.0000 0.0443 0.1909 0.0175 0.0000 0.0000 0.2135 0.2146 0.0000 0.0012 0.3069 0.7524 0.0832 0.8990 0.0021 0.0000
8.0 55000.00 -2.00 0.0000 0.0000 0.0419 0.3137 0.0114 0.0000 0.0000 0.2266 0.2040 0.0000 0.0016 0.2890 0.8213 0.0861 0.9636 0.0014 0.0000
8.0 55000.00 -1.75 0.0000 0.0000 0.0383 0.4661 0.0076 0.0000 0.0000 0.2369 0.1860 0.0000 0.0022 0.2612 0.8747 0.0865 1.0054 0.0010 0.0000
8.0 55000.00 -1.50 0.0000 0.0000 0.0339 0.6322 0.0052 0.0000 0.0000 0.2452 0.1635 0.0000 0.0032 0.2275 0.9184 0.0845 1.0330 0.0000 0.0000
8.0 60000.00 -4.00 0.0138 0.0000 0.0408 0.0000 0.1383 0.0000 0.0000 0.0680 0.0783 0.0000 0.0000 0.1205 0.0201 0.0039 0.0254 0.0168 0.0058
8.0 60000.00 -3.75 0.0093 0.0000 0.0421 0.0012 0.1099 0.0000 0.0000 0.0922 0.1057 0.0000 0.0000 0.1602 0.0558 0.0101 0.0698 0.0155 0.0051
8.0 60000.00 -3.50 0.0062 0.0000 0.0434 0.0043 0.0832 0.0000 0.0000 0.1207 0.1358 0.0000 0.0000 0.2030 0.1386 0.0228 0.1725 0.0132 0.0042
8.0 60000.00 -3.25 0.0040 0.0000 0.0443 0.0130 0.0596 0.0000 0.0000 0.1500 0.1641 0.0000 0.0000 0.2425 0.2797 0.0403 0.3466 0.0100 0.0032
8.0 60000.00 -3.00 0.0026 0.0000 0.0449 0.0346 0.0403 0.0000 0.0000 0.1763 0.1867 0.0000 0.0019 0.2732 0.4456 0.0571 0.5493 0.0069 0.0022
8.0 60000.00 -2.75 0.0017 0.0000 0.0447 0.0798 0.0262 0.0000 0.0000 0.1975 0.2009 0.0000 0.0035 0.2912 0.5917 0.0698 0.7240 0.0046 0.0014
8.0 60000.00 -2.50 0.0011 0.0000 0.0434 0.1606 0.0166 0.0000 0.0000 0.2136 0.2048 0.0000 0.0053 0.2941 0.7025 0.0782 0.8504 0.0030 0.0000
8.0 60000.00 -2.25 0.0000 0.0000 0.0403 0.2835 0.0106 0.0000 0.0000 0.2258 0.1978 0.0000 0.0075 0.2814 0.7838 0.0828 0.9348 0.0020 0.0000
8.0 60000.00 -2.00 0.0000 0.0000 0.0359 0.4425 0.0069 0.0000 0.0000 0.2353 0.1813 0.0000 0.0105 0.2555 0.8448 0.0843 0.9894 0.0014 0.0000
8.0 60000.00 -1.75 0.0000 0.0000 0.0306 0.6193 0.0046 0.0000 0.0000 0.2432 0.1589 0.0000 0.0151 0.2218 0.8934 0.0830 1.0247 0.0010 0.0000
8.0 60000.00 -1.50 0.0000 0.0000 0.0255 0.7907 0.0032 0.0000 0.0000 0.2498 0.1345 0.0000 0.0227 0.1863 0.9334 0.0791 1.0474 0.0000 0.0000
8.3 30000.00 -4.00 0.0613 0.0000 0.0018 0.0000 0.1043 0.0000 0.0000 0.0000 0.0091 0.0000 0.0000 0.0153 0.0000 0.0000 0.0000 0.0246 0.0077
8.3 30000.00 -3.75 0.0616 0.0000 0.0022 0.0000 0.1196 0.0000 0.0000 0.0000 0.0151 0.0000 0.0000 0.0251 0.0000 0.0000 0.0000 0.0255 0.0078
8.3 30000.00 -3.50 0.0626 0.0000 0.0026 0.0000 0.1328 0.0000 0.0000 0.0000 0.0256 0.0000 0.0000 0.0419 0.0000 0.0000 0.0000 0.0265 0.0080
8.3 30000.00 -3.25 0.0633 0.0000 0.0028 0.0000 0.1414 0.0000 0.0000 0.0000 0.0421 0.0000 0.0000 0.0682 0.0000 0.0000 0.0000 0.0272 0.0081
8.3 30000.00 -3.00 0.0640 0.0000 0.0031 0.0000 0.1473 0.0000 0.0000 0.0000 0.0657 0.0000 0.0000 0.1057 0.0000 0.0000 0.0000 0.0277 0.0082
8.3 30000.00 -2.75 0.0640 0.0000 0.0034 0.0000 0.1503 0.0000 0.0000 0.0000 0.0947 0.0000 0.0000 0.1516 0.0000 0.0000 0.0000 0.0279 0.0082
8.3 30000.00 -2.50 0.0632 0.0000 0.0038 0.0000 0.1506 0.0000 0.0000 0.0000 0.1248 0.0000 0.0000 0.1991 0.0000 0.0000 0.0000 0.0277 0.0081
8.3 30000.00 -2.25 0.0615 0.0000 0.0045 0.0000 0.1491 0.0000 0.0000 0.0000 0.1511 0.0000 0.0000 0.2405 0.0000 0.0015 0.0011 0.0272 0.0079
8.3 30000.00 -2.00 0.0587 0.0000 0.0055 0.0000 0.1457 0.0000 0.0000 0.0000 0.1699 0.0000 0.0000 0.2698 0.0019 0.0029 0.0023 0.0263 0.0076
8.3 30000.00 -1.75 0.0545 0.0000 0.0071 0.0000 0.1402 0.0000 0.0000 0.0000 0.1801 0.0000 0.0000 0.2851 0.0040 0.0056 0.0049 0.0249 0.0071
8.3 30000.00 -1.50 0.0487 0.0000 0.0095 0.0000 0.1328 0.0000 0.0000 0.0000 0.1822 0.0000 0.0000 0.2871 0.0087 0.0103 0.0106 0.0228 0.0065
8.3 32500.00 -4.00 0.0777 0.0000 0.0064 0.0000 0.1584 0.0000 0.0000 0.0000 0.0202 0.0000 0.0000 0.0338 0.0000 0.0000 0.0000 0.0326 0.0103
8.3 32500.00 -3.75 0.0766 0.0000 0.0080 0.0000 0.1723 0.0000 0.0000 0.0000 0.0326 0.0000 0.0000 0.0537 0.0000 0.0000 0.0000 0.0336 0.0103
8.3 32500.00 -3.50 0.0770 0.0000 0.0093 0.0000 0.1851 0.0000 0.0000 0.0000 0.0531 0.0000 0.0000 0.0863 0.0000 0.0000 0.0000 0.0350 0.0105
8.3 32500.00 -3.25 0.0778 0.0000 0.0105 0.0000 0.1950 0.0000 0.0000 0.0000 0.0837 0.0000 0.0000 0.1345 0.0000 0.0000 0.0000 0.0363 0.0108
8.3 32500.00 -3.00 0.0782 0.0000 0.0117 0.0000 0.2016 0.0000 0.0000 0.0000 0.1236 0.0000 0.0000 0.1971 0.0015 0.0020 0.0018 0.0372 0.0109
8.3 32500.00 -2.75 0.0779 0.0000 0.0132 0.0000 0.2059 0.0000 0.0000 0.0000 0.1683 0.0000 0.0000 0.2668 0.0031 0.0041 0.0039 0.0377 0.0110
8.3 32500.00 -2.50 0.0764 0.0000 0.0151 0.0000 0.2079 0.0000 0.0000 0.0000 0.2106 0.0000 0.0000 0.3325 0.0067 0.0081 0.0082 0.0374 0.0109
8.3 32500.00 -2.25 0.0733 0.0000 0.0178 0.0000 0.2082 0.0000 0.0000 0.0000 0.2448 0.0000 0.0000 0.3853 0.0139 0.0149 0.0170 0.0364 0.0106
8.3 32500.00 -2.00 0.0684 0.0000 0.0217 0.0000 0.2069 0.0000 0.0000 0.0013 0.2691 0.0000 0.0000 0.4223 0.0284 0.0259 0.0348 0.0344 0.0100
8.3 32500.00 -1.75 0.0614 0.0000 0.0269 0.0013 0.2038 0.0000 0.0000 0.0024 0.2838 0.0000 0.0000 0.4440 0.0554 0.0416 0.0675 0.0314 0.0091
8.3 32500.00 -1.50 0.0522 0.0000 0.0334 0.0026 0.1985 0.0000 0.0000 0.0043 0.2904 0.0000 0.0000 0.4527 0.1013 0.0623 0.1220 0.0274 0.0079
8.3 35000.00 -4.00 0.0786 0.0000 0.0191 0.0000 0.2031 0.0000 0.0000 0.0000 0.0397 0.0000 0.0000 0.0656 0.0000 0.0000 0.0000 0.0384 0.0121
8.3 35000.00 -3.75 0.0732 0.0000 0.0238 0.0000 0.2112 0.0000 0.0000 0.0000 0.0619 0.0000 0.0000 0.1008 0.0011 0.0010 0.0014 0.0391 0.0120
8.3 35000.00 -3.50 0.0690 0.0000 0.0285 0.0000 0.2189 0.0000 0.0000 0.0000 0.0949 0.0000 0.0000 0.1524 0.0029 0.0027 0.0036 0.0400 0.0120
8.3 35000.00 -3.25 0.0657 0.0000 0.0328 0.0000 0.2258 0.0000 0.0000 0.0000 0.1384 0.0000 0.0000 0.2201 0.0072 0.0069 0.0089 0.0407 0.0120
8.3 35000.00 -3.00 0.0628 0.0000 0.0369 0.0000 0.2310 0.0000 0.0000 0.0014 0.1886 0.0000 0.0000 0.2977 0.0172 0.0159 0.0211 0.0404 0.0118
8.3 35000.00 -2.75 0.0591 0.0000 0.0416 0.0000 0.2349 0.0000 0.0000 0.0024 0.2391 0.0000 0.0000 0.3751 0.0383 0.0322 0.0471 0.0388 0.0113
8.3 35000.00 -2.50 0.0542 0.0000 0.0470 0.0016 0.2370 0.0000 0.0000 0.0042 0.2829 0.0000 0.0000 0.4415 0.0788 0.0561 0.0967 0.0357 0.0104
8.3 35000.00 -2.25 0.0474 0.0000 0.0536 0.0036 0.2372 0.0000 0.0000 0.0073 0.3165 0.0000 0.0000 0.4920 0.1493 0.0863 0.1822 0.0312 0.0090
8.3 35000.00 -2.00 0.0389 0.0000 0.0614 0.0074 0.2347 0.0000 0.0000 0.0126 0.3395 0.0000 0.0000 0.5258 0.2564 0.1200 0.3091 0.0258 0.0075
8.3 35000.00 -1.75 0.0287 0.0000 0.0701 0.0146 0.2288 0.0000 0.0000 0.0217 0.3534 0.0000 0.0000 0.5457 0.4009 0.1550 0.4724 0.0200 0.0058
8.3 35000.00 -1.50 0.0181 0.0000 0.0786 0.0277 0.2184 0.0000 0.0000 0.0366 0.3605 0.0000 0.0000 0.5549 0.5729 0.1883 0.6527 0.0142 0.0041
8.3 37500.00 -4.00 0.0647 0.0000 0.0382 0.0000 0.2294 0.0000 0.0000 0.0011 0.0613 0.0000 0.0000 0.1002 0.0018 0.0013 0.0022 0.0409 0.0130
8.3 37500.00 -3.75 0.0543 0.0000 0.0464 0.0000 0.2317 0.0000 0.0000 0.0018 0.0931 0.0000 0.0000 0.1500 0.0050 0.0036 0.0062 0.0413 0.0127
8.3 37500.00 -3.50 0.0446 0.0000 0.0551 0.0000 0.2343 0.0000 0.0000 0.0031 0.1364 0.0000 0.0000 0.2172 0.0140 0.0100 0.0173 0.0413 0.0123
8.3 37500.00 -3.25 0.0356 0.0000 0.0636 0.0000 0.2364 0.0000 0.0000 0.0054 0.1876 0.0000 0.0000 0.2958 0.0370 0.0253 0.0456 0.0398 0.0117
8.3 37500.00 -3.00 0.0273 0.0000 0.0717 0.0018 0.2372 0.0000 0.0000 0.0093 0.2398 0.0000 0.0000 0.3754 0.0896 0.0548 0.1102 0.0360 0.0105
8.3 37500.00 -2.75 0.0200 0.0000 0.0787 0.0046 0.2358 0.0000 0.0000 0.0157 0.2855 0.0000 0.0000 0.4446 0.1889 0.0968 0.2317 0.0298 0.0087
8.3 37500.00 -2.50 0.0138 0.0000 0.0847 0.0103 0.2311 0.0000 0.0000 0.0262 0.3210 0.0000 0.0000 0.4977 0.3429 0.1424 0.4174 0.0227 0.0066
8.3 37500.00 -2.25 0.0088 0.0000 0.0893 0.0212 0.2216 0.0000 0.0000 0.0426 0.3453 0.0000 0.0000 0.5336 0.5362 0.1829 0.6421 0.0163 0.0047
8.3 37500.00 -2.00 0.0053 0.0000 0.0924 0.0408 0.2063 0.0000 0.0000 0.0673 0.3598 0.0000 0.0000 0.5543 0.7409 0.2145 0.8642 0.0111 0.0032
8.3 37500.00 -1.75 0.0031 0.0000 0.0941 0.0746 0.1843 0.0000 0.0000 0.1019 0.3664 0.0000 0.0000 0.5626 0.9294 0.2368 1.0477 0.0073 0.0021
8.3 37500.00 -1.50 0.0018 0.0000 0.0948 0.1300 0.1566 0.0000 0.0000 0.1455 0.3663 0.0000 0.0000 0.5602 1.0853 0.2515 1.1786 0.0049 0.0014
8.3 40000.00 -4.00 0.0467 0.0000 0.0656 0.0000 0.2684 0.0000 0.0000 0.0066 0.1014 0.0000 0.0000 0.1635 0.0075 0.0039 0.0094 0.0456 0.0148
8.3 40000.00 -3.75 0.0346 0.0000 0.0735 0.0000 0.2599 0.0000 0.0000 0.0108 0.1453 0.0000 0.0000 0.2309 0.0216 0.0112 0.0269 0.0449 0.0140
8.3 40000.00 -3.50 0.0246 0.0000 0.0809 0.0011 0.2522 0.0000 0.0000 0.0181 0.1978 0.0000 0.0000 0.3109 0.0601 0.0297 0.0744 0.0426 0.0130
8.3 40000.00 -3.25 0.0168 0.0000 0.0871 0.0036 0.2426 0.0000 0.0000 0.0302 0.2512 0.0000 0.0000 0.3915 0.1507 0.0665 0.1860 0.0371 0.0112
8.3 40000.00 -3.00 0.0110 0.0000 0.0918 0.0099 0.2292 0.0000 0.0000 0.0495 0.2977 0.0000 0.0000 0.4611 0.3213 0.1189 0.3951 0.0288 0.0086
8.3 40000.00 -2.75 0.0070 0.0000 0.0950 0.0240 0.2099 0.0000 0.0000 0.0782 0.3323 0.0000 0.0000 0.5123 0.5585 0.1712 0.6813 0.0203 0.0060
8.3 40000.00 -2.50 0.0044 0.0000 0.0970 0.0520 0.1840 0.0000 0.0000 0.1179 0.3550 0.0000 0.0000 0.5451 0.8085 0.2124 0.9714 0.0134 0.0040
8.3 40000.00 -2.25 0.0028 0.0000 0.0982 0.1023 0.1527 0.0000 0.0000 0.1672 0.3670 0.0000 0.0000 0.5611 1.0235 0.2409 1.2016 0.0087 0.0026
8.3 40000.00 -2.00 0.0018 0.0000 0.0986 0.1859 0.1195 0.0000 0.0000 0.2207 0.3691 0.0000 0.0000 0.5615 1.1888 0.2597 1.3546 0.0058 0.0017
8.3 40000.00 -1.75 0.0012 0.0000 0.0980 0.3136 0.0889 0.0000 0.0000 0.2712 0.3611 0.0000 0.0000 0.5461 1.3104 0.2721 1.4440 0.0040 0.0012
8.3 40000.00 -1.50 0.0000 0.0000 0.0962 0.4921 0.0638 0.0000 0.0000 0.3138 0.3431 0.0000 0.0000 0.5150 1.4007 0.2805 1.4916 0.0028 0.0000
8.3 45000.00 -4.00 0.0412 0.0000 0.0770 0.0000 0.2760 0.0000 0.0000 0.0298 0.1266 0.0000 0.0000 0.2025 0.0112 0.0053 0.0141 0.0487 0.0160
8.3 45000.00 -3.75 0.0293 0.0000 0.0837 0.0000 0.2549 0.0000 0.0000 0.0465 0.1750 0.0000 0.0000 0.2761 0.0324 0.0148 0.0404 0.0474 0.0150
8.3 45000.00 -3.50 0.0201 0.0000 0.0896 0.0021 0.2314 0.0000 0.0000 0.0726 0.2293 0.0000 0.0000 0.3578 0.0888 0.0380 0.1102 0.0440 0.0136
8.3 45000.00 -3.25 0.0132 0.0000 0.0943 0.0065 0.2029 0.0000 0.0000 0.1104 0.2813 0.0000 0.0000 0.4354 0.2162 0.0817 0.2673 0.0371 0.0113
8.3 45000.00 -3.00 0.0085 0.0000 0.0975 0.0178 0.1687 0.0000 0.0000 0.1588 0.3236 0.0000 0.0000 0.4977 0.4355 0.1383 0.5355 0.0277 0.0084
8.3 45000.00 -2.75 0.0054 0.0000 0.0993 0.0421 0.1315 0.0000 0.0000 0.2134 0.3531 0.0000 0.0000 0.5404 0.7036 0.1900 0.8570 0.0189 0.0057
8.3 45000.00 -2.50 0.0034 0.0000 0.1000 0.0896 0.0960 0.0000 0.0000 0.2676 0.3706 0.0000 0.0000 0.5646 0.9568 0.2286 1.1465 0.0124 0.0037
8.3 45000.00 -2.25 0.0022 0.0000 0.0993 0.1731 0.0664 0.0000 0.0000 0.3148 0.3767 0.0000 0.0000 0.5708 1.1587 0.2545 1.3557 0.0081 0.0025
8.3 45000.00 -2.00 0.0014 0.0000 0.0969 0.3056 0.0445 0.0000 0.0000 0.3521 0.3714 0.0000 0.0000 0.5590 1.3086 0.2711 1.4860 0.0054 0.0016
8.3 45000.00 -1.75 0.0000 0.0000 0.0923 0.4951 0.0295 0.0000 0.0000 0.3802 0.3543 0.0000 0.0000 0.5293 1.4198 0.2816 1.5595 0.0037 0.0011
8.3 45000.00 -1.50 0.0000 0.0000 0.0852 0.7383 0.0197 0.0000 0.0000 0.4012 0.3265 0.0000 0.0000 0.4838 1.5059 0.2877 1.5984 0.0027 0.0000
8.3 50000.00 -4.00 0.0380 0.0000 0.0851 0.0000 0.2712 0.0000 0.0000 0.0708 0.1385 0.0000 0.0000 0.2204 0.0207 0.0075 0.0260 0.0511 0.0171
8.3 50000.00 -3.75 0.0265 0.0000 0.0905 0.0012 0.2349 0.0000 0.0000 0.1030 0.1882 0.0000 0.0000 0.2955 0.0586 0.0204 0.0731 0.0489 0.0158
8.3 50000.00 -3.50 0.0178 0.0000 0.0951 0.0042 0.1959 0.0000 0.0000 0.1469 0.2425 0.0000 0.0000 0.3766 0.1544 0.0504 0.1918 0.0440 0.0138
8.3 50000.00 -3.25 0.0117 0.0000 0.0985 0.0128 0.1546 0.0000 0.0000 0.1997 0.2927 0.0000 0.0000 0.4507 0.3453 0.1008 0.4268 0.0356 0.0110
8.3 50000.00 -3.00 0.0075 0.0000 0.1006 0.0342 0.1144 0.0000 0.0000 0.2545 0.3320 0.0000 0.0000 0.5079 0.6163 0.1581 0.7571 0.0257 0.0079
8.3 50000.00 -2.75 0.0048 0.0000 0.1013 0.0805 0.0795 0.0000 0.0000 0.3045 0.3578 0.0000 0.0018 0.5444 0.8949 0.2060 1.0873 0.0172 0.0053
8.3 50000.00 -2.50 0.0031 0.0000 0.1003 0.1684 0.0526 0.0000 0.0000 0.3452 0.3694 0.0000 0.0028 0.5589 1.1243 0.2385 1.3425 0.0112 0.0035
8.3 50000.00 -2.25 0.0020 0.0000 0.0971 0.3149 0.0341 0.0000 0.0000 0.3759 0.3662 0.0000 0.0039 0.5503 1.2941 0.2570 1.5083 0.0073 0.0023
8.3 50000.00 -2.00 0.0013 0.0000 0.0911 0.5284 0.0220 0.0000 0.0000 0.3988 0.3482 0.0000 0.0054 0.5192 1.4184 0.2645 1.6045 0.0050 0.0015
8.3 50000.00 -1.75 0.0000 0.0000 0.0824 0.8004 0.0145 0.0000 0.0000 0.4163 0.3174 0.0000 0.0075 0.4693 1.5133 0.2627 1.6561 0.0035 0.0011
8.3 50000.00 -1.50 0.0000 0.0000 0.0719 1.1032 0.0098 0.0000 0.0000 0.4305 0.2781 0.0000 0.0110 0.4076 1.5901 0.2526 1.6820 0.0026 0.0000
8.3 55000.00 -4.00 0.0337 0.0000 0.0938 0.0000 0.2839 0.0000 0.0000 0.0709 0.1572 0.0000 0.0000 0.2487 0.0233 0.0096 0.0295 0.0536 0.0181
8.3 55000.00 -3.75 0.0229 0.0000 0.0976 0.0014 0.2445 0.0000 0.0000 0.1033 0.2085 0.0000 0.0000 0.3253 0.0660 0.0259 0.0825 0.0505 0.0164
8.3 55000.00 -3.50 0.0152 0.0000 0.1009 0.0047 0.2035 0.0000 0.0000 0.1478 0.2627 0.0000 0.0000 0.4052 0.1723 0.0615 0.2143 0.0444 0.0140
8.3 55000.00 -3.25 0.0098 0.0000 0.1033 0.0145 0.1606 0.0000 0.0000 0.2015 0.3117 0.0000 0.0000 0.4763 0.3818 0.1171 0.4725 0.0347 0.0108
8.3 55000.00 -3.00 0.0063 0.0000 0.1048 0.0386 0.1189 0.0000 0.0000 0.2581 0.3492 0.0000 0.0000 0.5297 0.6678 0.1753 0.8209 0.0245 0.0076
8.3 55000.00 -2.75 0.0040 0.0000 0.1053 0.0905 0.0828 0.0000 0.0000 0.3101 0.3731 0.0000 0.0000 0.5625 0.9514 0.2213 1.1562 0.0162 0.0050
8.3 55000.00 -2.50 0.0026 0.0000 0.1045 0.1885 0.0550 0.0000 0.0000 0.3525 0.3827 0.0000 0.0014 0.5732 1.1806 0.2524 1.4095 0.0105 0.0033
8.3 55000.00 -2.25 0.0017 0.0000 0.1016 0.3500 0.0358 0.0000 0.0000 0.3848 0.3768 0.0000 0.0020 0.5604 1.3499 0.2711 1.5720 0.0069 0.0021
8.3 55000.00 -2.00 0.0012 0.0000 0.0960 0.5815 0.0233 0.0000 0.0000 0.4089 0.3558 0.0000 0.0027 0.5250 1.4748 0.2805 1.6659 0.0047 0.0015
8.3 55000.00 -1.75 0.0000 0.0000 0.0877 0.8698 0.0154 0.0000 0.0000 0.4274 0.3224 0.0000 0.0037 0.4716 1.5716 0.2823 1.7165 0.0033 0.0010
8.3 55000.00 -1.50 0.0000 0.0000 0.0775 1.1841 0.0105 0.0000 0.0000 0.4425 0.2816 0.0000 0.0053 0.4083 1.6513 0.2770 1.7419 0.0025 0.0000
8.3 60000.00 -4.00 0.0336 0.0000 0.0972 0.0000 0.2642 0.0000 0.0000 0.1237 0.1400 0.0000 0.0000 0.2210 0.0365 0.0121 0.0462 0.0551 0.0190
8.3 60000.00 -3.75 0.0229 0.0000 0.1002 0.0021 0.2129 0.0000 0.0000 0.1678 0.1897 0.0000 0.0000 0.2952 0.1009 0.0317 0.1263 0.0512 0.0169
8.3 60000.00 -3.50 0.0152 0.0000 0.1028 0.0073 0.1635 0.0000 0.0000 0.2201 0.2444 0.0000 0.0000 0.3757 0.2496 0.0720 0.3106 0.0439 0.0141
8.3 60000.00 -3.25 0.0099 0.0000 0.1047 0.0225 0.1187 0.0000 0.0000 0.2740 0.2954 0.0000 0.0012 0.4497 0.5035 0.1295 0.6230 0.0336 0.0106
8.3 60000.00 -3.00 0.0064 0.0000 0.1054 0.0608 0.0812 0.0000 0.0000 0.3225 0.3353 0.0000 0.0032 0.5065 0.8037 0.1860 0.9871 0.0234 0.0074
8.3 60000.00 -2.75 0.0041 0.0000 0.1045 0.1427 0.0531 0.0000 0.0000 0.3615 0.3594 0.0000 0.0060 0.5390 1.0698 0.2288 1.2981 0.0155 0.0049
8.3 60000.00 -2.50 0.0027 0.0000 0.1009 0.2924 0.0339 0.0000 0.0000 0.3909 0.3646 0.0000 0.0092 0.5429 1.2721 0.2566 1.5157 0.0101 0.0032
8.3 60000.00 -2.25 0.0018 0.0000 0.0937 0.5236 0.0215 0.0000 0.0000 0.4126 0.3501 0.0000 0.0129 0.5173 1.4194 0.2718 1.6496 0.0067 0.0021
8.3 60000.00 -2.00 0.0012 0.0000 0.0832 0.8255 0.0139 0.0000 0.0000 0.4293 0.3188 0.0000 0.0178 0.4670 1.5298 0.2772 1.7247 0.0046 0.0015
8.3 60000.00 -1.75 0.0000 0.0000 0.0709 1.1618 0.0092 0.0000 0.0000 0.4431 0.2774 0.0000 0.0253 0.4027 1.6178 0.2740 1.7632 0.0033 0.0011
8.3 60000.00 -1.50 0.0000 0.0000 0.0588 1.4879 0.0064 0.0000 0.0000 0.4549 0.2335 0.0000 0.0376 0.3360 1.6915 0.2627 1.7807 0.0025 0.0000
8.6 30000.00 -4.00 0.0354 0.0000 0.0019 0.0000 0.0857 0.0000 0.0000 0.0000 0.0080 0.0000 0.0000 0.0138 0.0000 0.0000 0.0000 0.0357 0.0099
8.6 30000.00 -3.75 0.0412 0.0000 0.0035 0.0000 0.1176 0.0000 0.0000 0.0000 0.0158 0.0000 0.0000 0.0270 0.0000 0.0000 0.0000 0.0426 0.0117
8.6 30000.00 -3.50 0.0753 0.0000 0.0030 0.0000 0.2107 0.0000 0.0000 0.0000 0.0329 0.0000 0.0000 0.0564 0.0000 0.0000 0.0000 0.0732 0.0209
8.6 30000.00 -3.25 0.0770 0.0000 0.0035 0.0000 0.2310 0.0000 0.0000 0.0000 0.0554 0.0000 0.0000 0.0939 0.0000 0.0000 0.0000 0.0749 0.0213
8.6 30000.00 -3.00 0.0808 0.0000 0.0041 0.0000 0.2506 0.0000 0.0000 0.0000 0.0936 0.0000 0.0000 0.1567 0.0000 0.0000 0.0000 0.0782 0.0223
8.6 30000.00 -2.75 0.0847 0.0000 0.0046 0.0000 0.2655 0.0000 0.0000 0.0000 0.1464 0.0000 0.0000 0.2431 0.0000 0.0012 0.0000 0.0814 0.0233
8.6 30000.00 -2.50 0.0863 0.0000 0.0053 0.0000 0.2729 0.0000 0.0000 0.0000 0.2043 0.0000 0.0000 0.3373 0.0000 0.0022 0.0000 0.0829 0.0237
8.6 30000.00 -2.25 0.0856 0.0000 0.0062 0.0000 0.2741 0.0000 0.0000 0.0000 0.2566 0.0000 0.0000 0.4220 0.0015 0.0043 0.0018 0.0825 0.0235
8.6 30000.00 -2.00 0.0829 0.0000 0.0076 0.0000 0.2704 0.0000 0.0000 0.0000 0.2960 0.0000 0.0000 0.4849 0.0030 0.0083 0.0036 0.0805 0.0228
8.6 30000.00 -1.75 0.0781 0.0000 0.0097 0.0000 0.2625 0.0000 0.0000 0.0000 0.3193 0.0000 0.0000 0.5210 0.0062 0.0158 0.0074 0.0767 0.0216
8.6 30000.00 -1.50 0.0709 0.0000 0.0127 0.0000 0.2504 0.0000 0.0000 0.0000 0.3273 0.0000 0.0000 0.5313 0.0126 0.0291 0.0151 0.0708 0.0198
8.6 32500.00 -3.75 0.0910 0.0000 0.0090 0.0000 0.2670 0.0000 0.0000 0.0000 0.0421 0.0000 0.0000 0.0725 0.0000 0.0000 0.0000 0.0916 0.0268
8.6 32500.00 -3.50 0.0912 0.0000 0.0108 0.0000 0.2910 0.0000 0.0000 0.0000 0.0680 0.0000 0.0000 0.1156 0.0000 0.0011 0.0000 0.0935 0.0269
8.6 32500.00 -3.25 0.0938 0.0000 0.0129 0.0000 0.3153 0.0000 0.0000 0.0000 0.1119 0.0000 0.0000 0.1882 0.0013 0.0025 0.0015 0.0974 0.0279
8.6 32500.00 -3.00 0.0984 0.0000 0.0152 0.0000 0.3394 0.0000 0.0000 0.0000 0.1793 0.0000 0.0000 0.2982 0.0025 0.0054 0.0031 0.1029 0.0296
8.6 32500.00 -2.75 0.1023 0.0000 0.0175 0.0000 0.3579 0.0000 0.0000 0.0000 0.2620 0.0000 0.0000 0.4318 0.0051 0.0114 0.0062 0.1077 0.0310
8.6 32500.00 -2.50 0.1032 0.0000 0.0203 0.0000 0.3686 0.0000 0.0000 0.0000 0.3431 0.0000 0.0000 0.5615 0.0105 0.0227 0.0127 0.1096 0.0315
8.6 32500.00 -2.25 0.1009 0.0000 0.0238 0.0000 0.3730 0.0000 0.0000 0.0010 0.4101 0.0000 0.0000 0.6674 0.0211 0.0420 0.0255 0.1082 0.0310
8.6 32500.00 -2.00 0.0958 0.0000 0.0287 0.0000 0.3732 0.0000 0.0000 0.0018 0.4588 0.0000 0.0000 0.7434 0.0415 0.0729 0.0500 0.1037 0.0296
8.6 32500.00 -1.75 0.0878 0.0000 0.0354 0.0019 0.3700 0.0000 0.0000 0.0031 0.4898 0.0000 0.0000 0.7903 0.0780 0.1176 0.0935 0.0961 0.0273
8.6 32500.00 -1.50 0.0766 0.0000 0.0440 0.0039 0.3636 0.0000 0.0000 0.0054 0.5064 0.0000 0.0000 0.8133 0.1390 0.1780 0.1635 0.0854 0.0242
8.6 35000.00 -4.00 0.0962 0.0000 0.0217 0.0000 0.3183 0.0000 0.0000 0.0000 0.0531 0.0000 0.0000 0.0915 0.0000 0.0000 0.0000 0.1048 0.0319
8.6 35000.00 -4.00 0.0962 0.0000 0.0217 0.0000 0.3183 0.0000 0.0000 0.0000 0.0531 0.0000 0.0000 0.0915 0.0000 0.0000 0.0000 0.1048 0.0319
8.6 35000.00 -3.75 0.0901 0.0000 0.0273 0.0000 0.3354 0.0000 0.0000 0.0000 0.0820 0.0000 0.0000 0.1394 0.0018 0.0025 0.0022 0.1055 0.0313
8.6 35000.00 -3.50 0.0856 0.0000 0.0336 0.0000 0.3525 0.0000 0.0000 0.0000 0.1274 0.0000 0.0000 0.2142 0.0046 0.0066 0.0055 0.1073 0.0313
8.6 35000.00 -3.25 0.0830 0.0000 0.0407 0.0000 0.3729 0.0000 0.0000 0.0013 0.1965 0.0000 0.0000 0.3267 0.0114 0.0175 0.0137 0.1107 0.0320
8.6 35000.00 -3.00 0.0816 0.0000 0.0480 0.0000 0.3933 0.0000 0.0000 0.0021 0.2858 0.0000 0.0000 0.4701 0.0269 0.0425 0.0325 0.1135 0.0327
8.6 35000.00 -2.75 0.0794 0.0000 0.0550 0.0011 0.4086 0.0000 0.0000 0.0036 0.3799 0.0000 0.0000 0.6190 0.0589 0.0890 0.0713 0.1122 0.0323
8.6 35000.00 -2.50 0.0750 0.0000 0.0625 0.0026 0.4180 0.0000 0.0000 0.0060 0.4635 0.0000 0.0000 0.7495 0.1186 0.1589 0.1434 0.1057 0.0304
8.6 35000.00 -2.25 0.0678 0.0000 0.0711 0.0056 0.4222 0.0000 0.0000 0.0099 0.5283 0.0000 0.0000 0.8494 0.2187 0.2471 0.2623 0.0947 0.0272
8.6 35000.00 -2.00 0.0578 0.0000 0.0812 0.0115 0.4216 0.0000 0.0000 0.0164 0.5733 0.0000 0.0000 0.9176 0.3698 0.3470 0.4348 0.0807 0.0231
8.6 35000.00 -1.75 0.0451 0.0000 0.0928 0.0223 0.4158 0.0000 0.0000 0.0271 0.6013 0.0000 0.0000 0.9585 0.5753 0.4527 0.6527 0.0646 0.0185
8.6 35000.00 -1.50 0.0310 0.0000 0.1049 0.0423 0.4039 0.0000 0.0000 0.0449 0.6163 0.0000 0.0000 0.9786 0.8293 0.5572 0.8933 0.0479 0.0137
8.6 37500.00 -4.00 0.0829 0.0000 0.0452 0.0000 0.3684 0.0000 0.0000 0.0015 0.0835 0.0000 0.0000 0.1428 0.0028 0.0031 0.0035 0.1119 0.0346
8.6 37500.00 -3.75 0.0709 0.0000 0.0556 0.0000 0.3766 0.0000 0.0000 0.0025 0.1269 0.0000 0.0000 0.2140 0.0078 0.0086 0.0094 0.1121 0.0336
8.6 37500.00 -3.50 0.0596 0.0000 0.0677 0.0000 0.3872 0.0000 0.0000 0.0044 0.1916 0.0000 0.0000 0.3194 0.0214 0.0243 0.0258 0.1127 0.0331
8.6 37500.00 -3.25 0.0489 0.0000 0.0812 0.0000 0.4004 0.0000 0.0000 0.0078 0.2792 0.0000 0.0000 0.4600 0.0569 0.0654 0.0687 0.1119 0.0325
8.6 37500.00 -3.00 0.0387 0.0000 0.0944 0.0027 0.4111 0.0000 0.0000 0.0135 0.3750 0.0000 0.0000 0.6112 0.1373 0.1492 0.1661 0.1048 0.0302
8.6 37500.00 -2.75 0.0293 0.0000 0.1058 0.0071 0.4156 0.0000 0.0000 0.0226 0.4619 0.0000 0.0000 0.7464 0.2904 0.2759 0.3502 0.0896 0.0258
8.6 37500.00 -2.50 0.0209 0.0000 0.1149 0.0163 0.4130 0.0000 0.0000 0.0367 0.5293 0.0000 0.0000 0.8506 0.5267 0.4178 0.6273 0.0704 0.0202
8.6 37500.00 -2.25 0.0138 0.0000 0.1220 0.0337 0.4025 0.0000 0.0000 0.0583 0.5755 0.0000 0.0000 0.9214 0.8309 0.5477 0.9630 0.0515 0.0148
8.6 37500.00 -2.00 0.0084 0.0000 0.1269 0.0654 0.3830 0.0000 0.0000 0.0914 0.6033 0.0000 0.0000 0.9626 1.1684 0.6514 1.2959 0.0356 0.0102
8.6 37500.00 -1.75 0.0048 0.0000 0.1298 0.1209 0.3530 0.0000 0.0000 0.1400 0.6161 0.0000 0.0000 0.9798 1.5018 0.7259 1.5749 0.0238 0.0068
8.6 37500.00 -1.50 0.0028 0.0000 0.1311 0.2149 0.3117 0.0000 0.0000 0.2064 0.6168 0.0000 0.0000 0.9769 1.8000 0.7748 1.7765 0.0157 0.0045
8.6 40000.00 -4.00 0.0634 0.0000 0.0834 0.0000 0.4464 0.0000 0.0000 0.0096 0.1453 0.0000 0.0000 0.2456 0.0119 0.0098 0.0146 0.1265 0.0407
8.6 40000.00 -3.75 0.0480 0.0000 0.0949 0.0000 0.4391 0.0000 0.0000 0.0158 0.2114 0.0000 0.0000 0.3522 0.0338 0.0279 0.0412 0.1254 0.0389
8.6 40000.00 -3.50 0.0348 0.0000 0.1068 0.0015 0.4342 0.0000 0.0000 0.0268 0.2994 0.0000 0.0000 0.4921 0.0941 0.0770 0.1144 0.1216 0.0368
8.6 40000.00 -3.25 0.0241 0.0000 0.1177 0.0052 0.4270 0.0000 0.0000 0.0453 0.3967 0.0000 0.0000 0.6437 0.2384 0.1829 0.2898 0.1097 0.0327
8.6 40000.00 -3.00 0.0160 0.0000 0.1258 0.0151 0.4114 0.0000 0.0000 0.0744 0.4838 0.0000 0.0000 0.7783 0.5126 0.3428 0.6203 0.0881 0.0261
8.6 40000.00 -2.75 0.0102 0.0000 0.1308 0.0379 0.3843 0.0000 0.0000 0.1176 0.5483 0.0000 0.0000 0.8774 0.9047 0.5108 1.0799 0.0632 0.0187
8.6 40000.00 -2.50 0.0064 0.0000 0.1337 0.0841 0.3451 0.0000 0.0000 0.1784 0.5896 0.0000 0.0000 0.9402 1.3340 0.6464 1.5505 0.0423 0.0125
8.6 40000.00 -2.25 0.0040 0.0000 0.1352 0.1697 0.2951 0.0000 0.0000 0.2577 0.6113 0.0000 0.0000 0.9713 1.7213 0.7410 1.9217 0.0276 0.0082
8.6 40000.00 -2.00 0.0025 0.0000 0.1359 0.3156 0.2386 0.0000 0.0000 0.3496 0.6158 0.0000 0.0000 0.9739 2.0318 0.8030 2.1579 0.0180 0.0054
8.6 40000.00 -1.75 0.0016 0.0000 0.1353 0.5438 0.1824 0.0000 0.0000 0.4422 0.6026 0.0000 0.0000 0.9478 2.2650 0.8430 2.2786 0.0121 0.0036
8.6 40000.00 -1.50 0.0011 0.0000 0.1331 0.8682 0.1332 0.0000 0.0000 0.5244 0.5714 0.0000 0.0000 0.8932 2.4375 0.8692 2.3246 0.0085 0.0026
8.6 45000.00 -4.00 0.0569 0.0000 0.1010 0.0000 0.4700 0.0000 0.0000 0.0450 0.1875 0.0000 0.0000 0.3147 0.0181 0.0134 0.0224 0.1371 0.0449
8.6 45000.00 -3.75 0.0413 0.0000 0.1114 0.0000 0.4433 0.0000 0.0000 0.0711 0.2645 0.0000 0.0000 0.4370 0.0515 0.0379 0.0632 0.1349 0.0425
8.6 45000.00 -3.50 0.0287 0.0000 0.1214 0.0029 0.4127 0.0000 0.0000 0.1126 0.3589 0.0000 0.0000 0.5839 0.1416 0.1017 0.1732 0.1283 0.0394
8.6 45000.00 -3.25 0.0192 0.0000 0.1297 0.0097 0.3723 0.0000 0.0000 0.1735 0.4545 0.0000 0.0000 0.7311 0.3472 0.2295 0.4237 0.1117 0.0337
8.6 45000.00 -3.00 0.0124 0.0000 0.1350 0.0275 0.3191 0.0000 0.0000 0.2527 0.5334 0.0000 0.0000 0.8516 0.7078 0.4059 0.8573 0.0857 0.0257
8.6 45000.00 -2.75 0.0078 0.0000 0.1377 0.0673 0.2570 0.0000 0.0000 0.3450 0.5873 0.0000 0.0000 0.9335 1.1617 0.5737 1.3842 0.0596 0.0178
8.6 45000.00 -2.50 0.0049 0.0000 0.1385 0.1473 0.1935 0.0000 0.0000 0.4415 0.6185 0.0000 0.0000 0.9795 1.6070 0.7015 1.8603 0.0392 0.0117
8.6 45000.00 -2.25 0.0031 0.0000 0.1375 0.2920 0.1372 0.0000 0.0000 0.5300 0.6293 0.0000 0.0000 0.9923 1.9765 0.7875 2.1957 0.0254 0.0076
8.6 45000.00 -2.00 0.0020 0.0000 0.1344 0.5280 0.0932 0.0000 0.0000 0.6021 0.6200 0.0000 0.0000 0.9724 2.2577 0.8424 2.3865 0.0167 0.0050
8.6 45000.00 -1.75 0.0013 0.0000 0.1283 0.8719 0.0620 0.0000 0.0000 0.6563 0.5901 0.0000 0.0000 0.9197 2.4667 0.8765 2.4727 0.0114 0.0035
8.6 45000.00 -1.50 0.0000 0.0000 0.1188 1.3176 0.0413 0.0000 0.0000 0.6957 0.5414 0.0000 0.0000 0.8378 2.6252 0.8963 2.4969 0.0082 0.0025
8.6 50000.00 -4.00 0.0533 0.0000 0.1142 0.0000 0.4715 0.0000 0.0000 0.1112 0.2096 0.0000 0.0000 0.3496 0.0335 0.0194 0.0417 0.1458 0.0489
8.6 50000.00 -3.75 0.0378 0.0000 0.1231 0.0016 0.4193 0.0000 0.0000 0.1642 0.2912 0.0000 0.0000 0.4775 0.0944 0.0538 0.1163 0.1419 0.0456
8.6 50000.00 -3.50 0.0258 0.0000 0.1310 0.0060 0.3604 0.0000 0.0000 0.2377 0.3867 0.0000 0.0000 0.6249 0.2498 0.1381 0.3066 0.1310 0.0409
8.6 50000.00 -3.25 0.0170 0.0000 0.1369 0.0193 0.2938 0.0000 0.0000 0.3278 0.4783 0.0000 0.0000 0.7652 0.5649 0.2892 0.6899 0.1090 0.0335
8.6 50000.00 -3.00 0.0110 0.0000 0.1402 0.0535 0.2243 0.0000 0.0000 0.4245 0.5505 0.0000 0.0015 0.8749 1.0234 0.4714 1.2375 0.0805 0.0246
8.6 50000.00 -2.75 0.0070 0.0000 0.1411 0.1300 0.1601 0.0000 0.0000 0.5163 0.5975 0.0000 0.0030 0.9452 1.5099 0.6294 1.7913 0.0545 0.0166
8.6 50000.00 -2.50 0.0044 0.0000 0.1397 0.2805 0.1082 0.0000 0.0000 0.5932 0.6189 0.0000 0.0047 0.9745 1.9241 0.7394 2.2141 0.0355 0.0109
8.6 50000.00 -2.25 0.0028 0.0000 0.1354 0.5391 0.0709 0.0000 0.0000 0.6518 0.6140 0.0000 0.0065 0.9616 2.2385 0.8043 2.4717 0.0230 0.0071
8.6 50000.00 -2.00 0.0019 0.0000 0.1273 0.9250 0.0462 0.0000 0.0000 0.6945 0.5828 0.0000 0.0088 0.9069 2.4701 0.8338 2.5975 0.0153 0.0047
8.6 50000.00 -1.75 0.0013 0.0000 0.1156 1.4225 0.0305 0.0000 0.0000 0.7258 0.5290 0.0000 0.0120 0.8174 2.6448 0.8357 2.6403 0.0106 0.0033
8.6 50000.00 -1.50 0.0000 0.0000 0.1012 1.9796 0.0206 0.0000 0.0000 0.7503 0.4614 0.0000 0.0170 0.7073 2.7840 0.8141 2.6391 0.0078 0.0024
8.6 55000.00 -4.00 0.0475 0.0000 0.1290 0.0000 0.5015 0.0000 0.0000 0.1139 0.2461 0.0000 0.0000 0.4067 0.0386 0.0259 0.0483 0.1561 0.0529
8.6 55000.00 -3.75 0.0329 0.0000 0.1357 0.0020 0.4425 0.0000 0.0000 0.1671 0.3328 0.0000 0.0000 0.5406 0.1084 0.0706 0.1344 0.1497 0.0486
8.6 55000.00 -3.50 0.0220 0.0000 0.1413 0.0070 0.3782 0.0000 0.0000 0.2410 0.4291 0.0000 0.0000 0.6874 0.2838 0.1734 0.3498 0.1347 0.0424
8.6 55000.00 -3.25 0.0144 0.0000 0.1454 0.0223 0.3073 0.0000 0.0000 0.3326 0.5188 0.0000 0.0000 0.8229 0.6325 0.3438 0.7751 0.1084 0.0336
8.6 55000.00 -3.00 0.0092 0.0000 0.1473 0.0615 0.2339 0.0000 0.0000 0.4319 0.5868 0.0000 0.0000 0.9248 1.1240 0.5324 1.3625 0.0776 0.0239
8.6 55000.00 -2.75 0.0059 0.0000 0.1476 0.1487 0.1669 0.0000 0.0000 0.5268 0.6293 0.0000 0.0015 0.9871 1.6232 0.6854 1.9290 0.0517 0.0159
8.6 55000.00 -2.50 0.0038 0.0000 0.1461 0.3189 0.1129 0.0000 0.0000 0.6066 0.6457 0.0000 0.0024 1.0080 2.0373 0.7897 2.3472 0.0334 0.0103
8.6 55000.00 -2.25 0.0025 0.0000 0.1420 0.6077 0.0741 0.0000 0.0000 0.6672 0.6349 0.0000 0.0033 0.9855 2.3483 0.8527 2.5947 0.0217 0.0067
8.6 55000.00 -2.00 0.0016 0.0000 0.1343 1.0299 0.0484 0.0000 0.0000 0.7115 0.5971 0.0000 0.0044 0.9209 2.5777 0.8851 2.7102 0.0145 0.0045
8.6 55000.00 -1.75 0.0011 0.0000 0.1229 1.5609 0.0321 0.0000 0.0000 0.7447 0.5377 0.0000 0.0060 0.8233 2.7527 0.8947 2.7462 0.0101 0.0031
8.6 55000.00 -1.50 0.0000 0.0000 0.1087 2.1405 0.0218 0.0000 0.0000 0.7724 0.4664 0.0000 0.0083 0.7085 2.8933 0.8848 2.7388 0.0074 0.0023
8.6 60000.00 -4.00 0.0481 0.0000 0.1355 0.0000 0.4753 0.0000 0.0000 0.2050 0.2207 0.0000 0.0000 0.3632 0.0608 0.0329 0.0763 0.1627 0.0562
8.6 60000.00 -3.75 0.0332 0.0000 0.1409 0.0030 0.3936 0.0000 0.0000 0.2803 0.3046 0.0000 0.0000 0.4926 0.1674 0.0878 0.2079 0.1538 0.0507
8.6 60000.00 -3.50 0.0222 0.0000 0.1454 0.0108 0.3110 0.0000 0.0000 0.3712 0.4009 0.0000 0.0000 0.6398 0.4168 0.2069 0.5145 0.1351 0.0432
8.6 60000.00 -3.25 0.0146 0.0000 0.1481 0.0349 0.2318 0.0000 0.0000 0.4675 0.4926 0.0000 0.0018 0.7788 0.8501 0.3868 1.0419 0.1059 0.0333
8.6 60000.00 -3.00 0.0094 0.0000 0.1489 0.0974 0.1624 0.0000 0.0000 0.5570 0.5645 0.0000 0.0051 0.8865 1.3747 0.5715 1.6643 0.0747 0.0234
8.6 60000.00 -2.75 0.0061 0.0000 0.1473 0.2366 0.1078 0.0000 0.0000 0.6306 0.6080 0.0000 0.0098 0.9497 1.8509 0.7151 2.1948 0.0497 0.0155
8.6 60000.00 -2.50 0.0039 0.0000 0.1423 0.4998 0.0693 0.0000 0.0000 0.6857 0.6180 0.0000 0.0153 0.9598 2.2193 0.8090 2.5502 0.0323 0.0101
8.6 60000.00 -2.25 0.0026 0.0000 0.1323 0.9181 0.0441 0.0000 0.0000 0.7252 0.5926 0.0000 0.0213 0.9144 2.4890 0.8615 2.7433 0.0212 0.0066
8.6 60000.00 -2.00 0.0017 0.0000 0.1176 1.4736 0.0284 0.0000 0.0000 0.7545 0.5369 0.0000 0.0288 0.8225 2.6898 0.8825 2.8226 0.0143 0.0045
8.6 60000.00 -1.75 0.0012 0.0000 0.1002 2.0964 0.0188 0.0000 0.0000 0.7788 0.4637 0.0000 0.0396 0.7048 2.8470 0.8782 2.8349 0.0101 0.0032
8.6 60000.00 -1.50 0.0000 0.0000 0.0829 2.7007 0.0129 0.0000 0.0000 0.8004 0.3875 0.0000 0.0571 0.5842 2.9770 0.8519 2.8138 0.0075 0.0024
8.9 30000.00 -4.00 0.0150 0.0000 0.0000 0.0000 0.0294 0.0000 0.0000 0.0000 0.0025 0.0000 0.0000 0.0045 0.0000 0.0000 0.0000 0.0142 0.0037
8.9 30000.00 -3.75 0.0157 0.0000 0.0012 0.0000 0.0378 0.0000 0.0000 0.0000 0.0045 0.0000 0.0000 0.0080 0.0000 0.0000 0.0000 0.0149 0.0038
8.9 30000.00 -3.50 0.0166 0.0000 0.0023 0.0000 0.0468 0.0000 0.0000 0.0000 0.0083 0.0000 0.0000 0.0147 0.0000 0.0000 0.0000 0.0160 0.0041
8.9 30000.00 -3.25 0.0175 0.0000 0.0042 0.0000 0.0562 0.0000 0.0000 0.0000 0.0157 0.0000 0.0000 0.0273 0.0000 0.0000 0.0000 0.0177 0.0045
8.9 30000.00 -3.00 0.0180 0.0000 0.0076 0.0000 0.0664 0.0000 0.0000 0.0000 0.0296 0.0000 0.0000 0.0507 0.0000 0.0013 0.0000 0.0201 0.0052
8.9 30000.00 -2.75 0.0637 0.0000 0.0309 0.0000 0.2449 0.0000 0.0000 0.0000 0.1544 0.0000 0.0000 0.2616 0.0024 0.0068 0.0028 0.0707 0.0188
8.9 30000.00 -2.50 0.0062 0.0000 0.0069 0.0000 0.0351 0.0000 0.0000 0.0000 0.0361 0.0000 0.0000 0.0608 0.0011 0.0041 0.0013 0.0114 0.0024
8.9 30000.00 -2.25 0.0075 0.0000 0.0134 0.0000 0.0569 0.0000 0.0000 0.0000 0.0744 0.0000 0.0000 0.1233 0.0034 0.0135 0.0039 0.0182 0.0035
8.9 30000.00 -2.00 0.0061 0.0000 0.0191 0.0000 0.0680 0.0000 0.0000 0.0000 0.1014 0.0000 0.0000 0.1612 0.0077 0.0325 0.0086 0.0211 0.0036
8.9 30000.00 -1.75 0.0037 0.0000 0.0237 0.0000 0.0725 0.0000 0.0000 0.0000 0.1253 0.0000 0.0000 0.1846 0.0160 0.0722 0.0180 0.0194 0.0029
8.9 30000.00 -1.50 0.1540 0.0000 0.0253 0.0000 0.4579 0.0000 0.0000 0.0000 0.5692 0.0000 0.0000 0.9423 0.0159 0.0431 0.0185 0.1227 0.0326
8.9 32500.00 -3.75 0.0425 0.0000 0.0089 0.0000 0.1254 0.0000 0.0000 0.0000 0.0225 0.0000 0.0000 0.0398 0.0000 0.0000 0.0000 0.0426 0.0111
8.9 32500.00 -3.50 0.0416 0.0000 0.0146 0.0000 0.1450 0.0000 0.0000 0.0000 0.0398 0.0000 0.0000 0.0696 0.0000 0.0017 0.0011 0.0451 0.0117
8.9 32500.00 -3.50 0.0416 0.0000 0.0146 0.0000 0.1450 0.0000 0.0000 0.0000 0.0398 0.0000 0.0000 0.0696 0.0000 0.0017 0.0011 0.0451 0.0117
8.9 32500.00 -3.25 0.0401 0.0000 0.0238 0.0000 0.1669 0.0000 0.0000 0.0000 0.0711 0.0000 0.0000 0.1224 0.0025 0.0050 0.0029 0.0489 0.0128
8.9 32500.00 -3.00 0.0823 0.0000 0.0733 0.0000 0.4049 0.0000 0.0000 0.0000 0.2545 0.0000 0.0000 0.4328 0.0124 0.0267 0.0143 0.1138 0.0302
8.9 32500.00 -2.75 0.1210 0.0000 0.0902 0.0000 0.5489 0.0000 0.0000 0.0013 0.4330 0.0000 0.0000 0.7315 0.0205 0.0451 0.0239 0.1520 0.0408
8.9 32500.00 -2.50 0.1945 0.0000 0.0404 0.0000 0.6062 0.0000 0.0000 0.0000 0.5039 0.0000 0.0000 0.8510 0.0154 0.0340 0.0181 0.1707 0.0465
8.9 32500.00 -2.25 0.2017 0.0000 0.0478 0.0000 0.6349 0.0000 0.0000 0.0013 0.6432 0.0000 0.0000 1.0768 0.0296 0.0632 0.0349 0.1742 0.0477
8.9 32500.00 -2.00 0.1998 0.0000 0.0570 0.0013 0.6484 0.0000 0.0000 0.0022 0.7484 0.0000 0.0000 1.2443 0.0545 0.1086 0.0641 0.1712 0.0469
8.9 32500.00 -1.75 0.1898 0.0000 0.0693 0.0025 0.6514 0.0000 0.0000 0.0035 0.8184 0.0000 0.0000 1.3521 0.0962 0.1746 0.1118 0.1623 0.0443
8.9 32500.00 -1.50 0.1723 0.0000 0.0857 0.0049 0.6472 0.0000 0.0000 0.0055 0.8604 0.0000 0.0000 1.4120 0.1610 0.2655 0.1828 0.1480 0.0403
8.9 35000.00 -4.00 0.0972 0.0000 0.0329 0.0000 0.3120 0.0000 0.0000 0.0000 0.0584 0.0000 0.0000 0.1028 0.0015 0.0019 0.0017 0.1036 0.0278
8.9 35000.00 -3.75 0.0860 0.0000 0.0472 0.0000 0.3373 0.0000 0.0000 0.0000 0.0952 0.0000 0.0000 0.1658 0.0041 0.0055 0.0047 0.1036 0.0274
8.9 35000.00 -3.50 0.0740 0.0000 0.0660 0.0000 0.3632 0.0000 0.0000 0.0011 0.1548 0.0000 0.0000 0.2669 0.0111 0.0160 0.0128 0.1052 0.0277
8.9 35000.00 -3.25 0.0781 0.0000 0.1113 0.0000 0.4933 0.0000 0.0000 0.0028 0.3081 0.0000 0.0000 0.5255 0.0364 0.0560 0.0420 0.1353 0.0359
8.9 35000.00 -3.00 0.0799 0.0000 0.1562 0.0012 0.6152 0.0000 0.0000 0.0055 0.5049 0.0000 0.0000 0.8543 0.0867 0.1388 0.1007 0.1578 0.0421
8.9 35000.00 -2.75 0.1467 0.0000 0.1042 0.0014 0.6493 0.0000 0.0000 0.0045 0.5330 0.0000 0.0000 0.9002 0.0788 0.1244 0.0922 0.1707 0.0464
8.9 35000.00 -2.50 0.1480 0.0000 0.1227 0.0035 0.6917 0.0000 0.0000 0.0074 0.6993 0.0000 0.0000 1.1690 0.1601 0.2342 0.1877 0.1677 0.0461
8.9 35000.00 -2.25 0.1439 0.0000 0.1404 0.0076 0.7186 0.0000 0.0000 0.0116 0.8359 0.0000 0.0000 1.3864 0.2849 0.3719 0.3307 0.1568 0.0435
8.9 35000.00 -2.00 0.1313 0.0000 0.1601 0.0149 0.7309 0.0000 0.0000 0.0178 0.9325 0.0000 0.0000 1.5368 0.4636 0.5284 0.5238 0.1393 0.0387
8.9 35000.00 -1.75 0.1108 0.0000 0.1828 0.0279 0.7323 0.0000 0.0000 0.0275 0.9942 0.0000 0.0000 1.6289 0.6968 0.6970 0.7503 0.1172 0.0326
8.9 35000.00 -1.50 0.0839 0.0000 0.2087 0.0512 0.7247 0.0000 0.0000 0.0433 1.0304 0.0000 0.0000 1.6777 0.9882 0.8725 0.9946 0.0918 0.0256
8.9 37500.00 -4.00 0.0834 0.0000 0.0622 0.0000 0.3616 0.0000 0.0000 0.0015 0.0919 0.0000 0.0000 0.1606 0.0057 0.0059 0.0067 0.1116 0.0301
8.9 37500.00 -3.75 0.0674 0.0000 0.0810 0.0000 0.3802 0.0000 0.0000 0.0027 0.1453 0.0000 0.0000 0.2512 0.0160 0.0169 0.0185 0.1109 0.0295
8.9 37500.00 -3.50 0.0523 0.0000 0.1031 0.0000 0.4022 0.0000 0.0000 0.0053 0.2267 0.0000 0.0000 0.3879 0.0441 0.0486 0.0509 0.1105 0.0294
8.9 37500.00 -3.25 0.0553 0.0000 0.1730 0.0019 0.5909 0.0000 0.0000 0.0137 0.4578 0.0000 0.0000 0.7769 0.1529 0.1723 0.1773 0.1477 0.0394
8.9 37500.00 -3.00 0.0774 0.0000 0.1730 0.0029 0.6432 0.0000 0.0000 0.0159 0.5073 0.0000 0.0000 0.8603 0.1780 0.1967 0.2063 0.1600 0.0435
8.9 37500.00 -2.75 0.0624 0.0000 0.2033 0.0085 0.6757 0.0000 0.0000 0.0270 0.6696 0.0000 0.0000 1.1230 0.3780 0.3930 0.4387 0.1435 0.0393
8.9 37500.00 -2.50 0.0479 0.0000 0.2280 0.0206 0.6935 0.0000 0.0000 0.0429 0.8065 0.0000 0.0000 1.3422 0.6973 0.6317 0.7962 0.1178 0.0325
8.9 37500.00 -2.25 0.0346 0.0000 0.2464 0.0424 0.6957 0.0000 0.0000 0.0650 0.9045 0.0000 0.0000 1.4970 1.0913 0.8574 1.1985 0.0903 0.0251
8.9 37500.00 -2.00 0.0226 0.0000 0.2607 0.0781 0.6857 0.0000 0.0000 0.0969 0.9701 0.0000 0.0000 1.5968 1.4935 1.0455 1.5473 0.0656 0.0183
8.9 37500.00 -1.75 0.0132 0.0000 0.2709 0.1395 0.6620 0.0000 0.0000 0.1447 1.0081 0.0000 0.0000 1.6492 1.9119 1.1889 1.8385 0.0451 0.0126
8.9 37500.00 -1.50 0.0073 0.0000 0.2754 0.2553 0.6185 0.0000 0.0000 0.2176 1.0176 0.0000 0.0000 1.6546 2.4126 1.2825 2.1230 0.0295 0.0083
8.9 40000.00 -4.00 0.0620 0.0000 0.1071 0.0000 0.4269 0.0000 0.0000 0.0084 0.1611 0.0000 0.0000 0.2784 0.0239 0.0182 0.0282 0.1244 0.0341
8.9 40000.00 -3.75 0.0672 0.0000 0.1827 0.0000 0.6384 0.0000 0.0000 0.0215 0.3449 0.0000 0.0000 0.5918 0.0959 0.0725 0.1117 0.1776 0.0479
8.9 40000.00 -3.50 0.0434 0.0000 0.1963 0.0030 0.6078 0.0000 0.0000 0.0366 0.4611 0.0000 0.0000 0.7839 0.2406 0.1834 0.2801 0.1545 0.0415
8.9 40000.00 -3.25 0.0501 0.0000 0.2241 0.0054 0.6828 0.0000 0.0000 0.0559 0.5434 0.0000 0.0000 0.9202 0.3271 0.2412 0.3815 0.1699 0.0482
8.9 40000.00 -3.00 0.0344 0.0000 0.2478 0.0175 0.6822 0.0000 0.0000 0.0939 0.7011 0.0000 0.0000 1.1750 0.7121 0.4902 0.8281 0.1424 0.0405
8.9 40000.00 -2.75 0.0225 0.0000 0.2633 0.0460 0.6609 0.0000 0.0000 0.1494 0.8278 0.0000 0.0000 1.3783 1.2794 0.7776 1.4588 0.1065 0.0304
8.9 40000.00 -2.50 0.0142 0.0000 0.2713 0.1042 0.6173 0.0000 0.0000 0.2260 0.9100 0.0000 0.0000 1.5084 1.9342 1.0224 2.1147 0.0730 0.0209
8.9 40000.00 -2.25 0.0088 0.0000 0.2759 0.2148 0.5562 0.0000 0.0000 0.3309 0.9580 0.0000 0.0000 1.5804 2.5875 1.1987 2.6551 0.0479 0.0138
8.9 40000.00 -2.00 0.0055 0.0000 0.2786 0.4211 0.4780 0.0000 0.0000 0.4676 0.9763 0.0000 0.0000 1.6020 3.1951 1.3161 3.0307 0.0309 0.0089
8.9 40000.00 -1.75 0.0035 0.0000 0.2798 0.7896 0.3872 0.0000 0.0000 0.6301 0.9635 0.0000 0.0000 1.5709 3.7068 1.3921 3.2328 0.0201 0.0059
8.9 40000.00 -1.50 0.0023 0.0000 0.2785 1.3203 0.2968 0.0000 0.0000 0.7951 0.9236 0.0000 0.0000 1.4951 4.0481 1.4407 3.2681 0.0138 0.0041
8.9 45000.00 -4.00 0.0751 0.0000 0.1774 0.0000 0.6199 0.0000 0.0000 0.0519 0.2890 0.0000 0.0000 0.4978 0.0501 0.0334 0.0594 0.1839 0.0508
8.9 45000.00 -3.75 0.0536 0.0000 0.2065 0.0016 0.6257 0.0000 0.0000 0.0913 0.4240 0.0000 0.0000 0.7234 0.1430 0.0950 0.1679 0.1813 0.0493
8.9 45000.00 -3.50 0.0585 0.0000 0.2335 0.0030 0.6739 0.0000 0.0000 0.1467 0.4905 0.0000 0.0000 0.8341 0.2016 0.1313 0.2373 0.1961 0.0575
8.9 45000.00 -3.25 0.0403 0.0000 0.2563 0.0110 0.6352 0.0000 0.0000 0.2342 0.6516 0.0000 0.0000 1.0943 0.4973 0.3171 0.5854 0.1760 0.0512
8.9 45000.00 -3.00 0.0266 0.0000 0.2734 0.0342 0.5736 0.0000 0.0000 0.3540 0.8004 0.0000 0.0000 1.3325 1.0456 0.6056 1.2199 0.1406 0.0409
8.9 45000.00 -2.75 0.0169 0.0000 0.2817 0.0874 0.4873 0.0000 0.0000 0.4967 0.9041 0.0000 0.0000 1.4970 1.7570 0.8993 1.9959 0.1005 0.0292
8.9 45000.00 -2.50 0.0106 0.0000 0.2846 0.1966 0.3887 0.0000 0.0000 0.6556 0.9663 0.0000 0.0000 1.5924 2.4961 1.1317 2.7036 0.0668 0.0195
8.9 45000.00 -2.25 0.0066 0.0000 0.2844 0.4094 0.2903 0.0000 0.0000 0.8193 0.9946 0.0000 0.0000 1.6311 3.1783 1.2941 3.2216 0.0429 0.0126
8.9 45000.00 -2.00 0.0042 0.0000 0.2807 0.7763 0.2048 0.0000 0.0000 0.9692 0.9915 0.0000 0.0000 1.6164 3.7170 1.3993 3.4902 0.0278 0.0082
8.9 45000.00 -1.75 0.0027 0.0000 0.2714 1.3440 0.1388 0.0000 0.0000 1.0922 0.9532 0.0000 0.0011 1.5433 4.1227 1.4652 3.5790 0.0186 0.0055
8.9 45000.00 -1.50 0.0019 0.0000 0.2545 2.1170 0.0920 0.0000 0.0000 1.1860 0.8796 0.0000 0.0014 1.4137 4.4204 1.5046 3.5628 0.0130 0.0039
8.9 50000.00 -4.00 0.0671 0.0000 0.1907 0.0000 0.5991 0.0000 0.0000 0.1175 0.3070 0.0000 0.0000 0.5282 0.0899 0.0454 0.1069 0.1855 0.0514
8.9 50000.00 -3.75 0.0756 0.0000 0.2388 0.0016 0.6881 0.0000 0.0000 0.2224 0.3978 0.0000 0.0000 0.6820 0.1400 0.0704 0.1669 0.2169 0.0668
8.9 50000.00 -3.50 0.0532 0.0000 0.2584 0.0064 0.6170 0.0000 0.0000 0.3327 0.5414 0.0000 0.0000 0.9155 0.3638 0.1839 0.4312 0.2030 0.0612
8.9 50000.00 -3.25 0.0359 0.0000 0.2761 0.0228 0.5300 0.0000 0.0000 0.4795 0.7011 0.0000 0.0000 1.1720 0.8416 0.4142 0.9935 0.1748 0.0522
8.9 50000.00 -3.00 0.0234 0.0000 0.2868 0.0678 0.4264 0.0000 0.0000 0.6450 0.8358 0.0000 0.0020 1.3865 1.5693 0.7213 1.8248 0.1332 0.0396
8.9 50000.00 -2.75 0.0149 0.0000 0.2905 0.1721 0.3198 0.0000 0.0000 0.8091 0.9257 0.0000 0.0044 1.5270 2.3793 1.0039 2.6794 0.0919 0.0274
8.9 50000.00 -2.50 0.0094 0.0000 0.2894 0.3892 0.2253 0.0000 0.0000 0.9582 0.9737 0.0000 0.0073 1.5979 3.1158 1.2116 3.3367 0.0598 0.0179
8.9 50000.00 -2.25 0.0060 0.0000 0.2834 0.7893 0.1521 0.0000 0.0000 1.0818 0.9801 0.0000 0.0105 1.5992 3.7075 1.3427 3.7195 0.0384 0.0116
8.9 50000.00 -2.00 0.0038 0.0000 0.2701 1.4249 0.1008 0.0000 0.0000 1.1766 0.9412 0.0000 0.0141 1.5255 4.1512 1.4115 3.8674 0.0250 0.0076
8.9 50000.00 -1.75 0.0026 0.0000 0.2484 2.2871 0.0671 0.0000 0.0000 1.2476 0.8601 0.0000 0.0187 1.3840 4.4779 1.4339 3.8691 0.0170 0.0052
8.9 50000.00 -1.50 0.0018 0.0000 0.2202 3.2866 0.0456 0.0000 0.0000 1.3018 0.7515 0.0000 0.0258 1.1999 4.7251 1.4208 3.7982 0.0121 0.0037
8.9 55000.00 -4.00 0.0929 0.0000 0.2542 0.0000 0.8083 0.0000 0.0000 0.1557 0.3451 0.0000 0.0000 0.5970 0.0607 0.0358 0.0741 0.2405 0.0781
8.9 55000.00 -3.75 0.0662 0.0000 0.2709 0.0021 0.7391 0.0000 0.0000 0.2345 0.4699 0.0000 0.0000 0.7995 0.1646 0.0954 0.1981 0.2308 0.0726
8.9 55000.00 -3.50 0.0456 0.0000 0.2868 0.0082 0.6587 0.0000 0.0000 0.3489 0.6247 0.0000 0.0000 1.0481 0.4281 0.2426 0.5127 0.2121 0.0651
8.9 55000.00 -3.25 0.0303 0.0000 0.3006 0.0282 0.5613 0.0000 0.0000 0.5005 0.7868 0.0000 0.0000 1.3051 0.9715 0.5150 1.1570 0.1767 0.0536
8.9 55000.00 -3.00 0.0196 0.0000 0.3077 0.0825 0.4482 0.0000 0.0000 0.6709 0.9148 0.0000 0.0011 1.5052 1.7722 0.8439 2.0744 0.1298 0.0391
8.9 55000.00 -2.75 0.0125 0.0000 0.3094 0.2076 0.3340 0.0000 0.0000 0.8416 0.9960 0.0000 0.0023 1.6294 2.6207 1.1223 2.9662 0.0875 0.0264
8.9 55000.00 -2.50 0.0079 0.0000 0.3074 0.4663 0.2339 0.0000 0.0000 0.9966 1.0342 0.0000 0.0038 1.6831 3.3645 1.3189 3.6184 0.0565 0.0171
8.9 55000.00 -2.25 0.0051 0.0000 0.3008 0.9329 0.1569 0.0000 0.0000 1.1233 1.0271 0.0000 0.0053 1.6621 3.9461 1.4418 3.9737 0.0362 0.0110
8.9 55000.00 -2.00 0.0034 0.0000 0.2872 1.6511 0.1037 0.0000 0.0000 1.2182 0.9724 0.0000 0.0071 1.5632 4.3762 1.5091 4.0893 0.0237 0.0072
8.9 55000.00 -1.75 0.0023 0.0000 0.2653 2.5890 0.0691 0.0000 0.0000 1.2879 0.8770 0.0000 0.0094 1.3993 4.6921 1.5367 4.0641 0.0162 0.0049
8.9 55000.00 -1.50 0.0016 0.0000 0.2367 3.6409 0.0470 0.0000 0.0000 1.3413 0.7587 0.0000 0.0128 1.2005 4.9349 1.5352 3.9722 0.0116 0.0036
8.9 60000.00 -4.00 0.0954 0.0000 0.2717 0.0000 0.7849 0.0000 0.0000 0.2947 0.3101 0.0000 0.0000 0.5347 0.0959 0.0459 0.1177 0.2518 0.0841
8.9 60000.00 -3.75 0.0678 0.0000 0.2860 0.0033 0.6781 0.0000 0.0000 0.4154 0.4313 0.0000 0.0000 0.7312 0.2566 0.1208 0.3106 0.2395 0.0771
8.9 60000.00 -3.50 0.0466 0.0000 0.2989 0.0129 0.5609 0.0000 0.0000 0.5692 0.5856 0.0000 0.0000 0.9790 0.6416 0.2970 0.7712 0.2151 0.0674
8.9 60000.00 -3.25 0.0310 0.0000 0.3091 0.0449 0.4379 0.0000 0.0000 0.7434 0.7484 0.0000 0.0024 1.2373 1.3404 0.5932 1.5970 0.1739 0.0537
8.9 60000.00 -3.00 0.0201 0.0000 0.3131 0.1322 0.3193 0.0000 0.0000 0.9107 0.8805 0.0000 0.0072 1.4442 2.2201 0.9194 2.5929 0.1254 0.0385
8.9 60000.00 -2.75 0.0129 0.0000 0.3113 0.3368 0.2187 0.0000 0.0000 1.0546 0.9653 0.0000 0.0149 1.5738 3.0537 1.1845 3.4433 0.0839 0.0258
8.9 60000.00 -2.50 0.0083 0.0000 0.3026 0.7505 0.1430 0.0000 0.0000 1.1683 0.9958 0.0000 0.0241 1.6142 3.7272 1.3644 3.9923 0.0544 0.0167
8.9 60000.00 -2.25 0.0053 0.0000 0.2842 1.4481 0.0919 0.0000 0.0000 1.2516 0.9650 0.0000 0.0340 1.5541 4.2297 1.4696 4.2457 0.0352 0.0109
8.9 60000.00 -2.00 0.0035 0.0000 0.2550 2.4189 0.0592 0.0000 0.0000 1.3116 0.8779 0.0000 0.0455 1.4038 4.5981 1.5183 4.2887 0.0234 0.0072
8.9 60000.00 -1.75 0.0024 0.0000 0.2188 3.5424 0.0391 0.0000 0.0000 1.3575 0.7565 0.0000 0.0608 1.1998 4.8747 1.5261 4.2161 0.0161 0.0050
8.9 60000.00 -1.50 0.0017 0.0000 0.1813 4.6558 0.0266 0.0000 0.0000 1.3952 0.6281 0.0000 0.0846 0.9880 5.0932 1.5026 4.0980 0.0117 0.0036
