#Cloudy 17.00 models results grids
# O/H: 7.1 - 8.9, log U: -4.0 - -1.5, T*: 30 - 60 kK
# SED: WM-Basic (Pauldrach et al 2001 (30-60 kK)
#spherical geometry
#
12+log(O/H) T_eff log(U) ArII_7m ArV_8m	ArIII_9m SIV_10m NeII_12m ArV_13m NeV_14m NeIII_15m SIII_18m NeV_24m OIV_26m SIII_33m OIII_52m NIII_57m OIII_88m NII_122m NII_205m
7.1 30000.00 -3.99 0.0053 0.0000 0.0000 0.0000 0.0092 0.0000 0.0000 0.0000 0.0000 0.0000 0.0000 0.0012 0.0000 0.0000 0.0000 0.0000 0.0000
7.1 30000.00 -3.75 0.0053 0.0000 0.0000 0.0000 0.0101 0.0000 0.0000 0.0000 0.0014 0.0000 0.0000 0.0021 0.0000 0.0000 0.0000 0.0000 0.0000
7.1 30000.00 -3.52 0.0051 0.0000 0.0000 0.0000 0.0104 0.0000 0.0000 0.0000 0.0029 0.0000 0.0000 0.0044 0.0000 0.0000 0.0000 0.0000 0.0000
7.1 30000.00 -3.28 0.0051 0.0000 0.0000 0.0000 0.0108 0.0000 0.0000 0.0000 0.0048 0.0000 0.0000 0.0072 0.0000 0.0000 0.0000 0.0000 0.0000
7.1 30000.00 -3.04 0.0050 0.0000 0.0000 0.0000 0.0109 0.0000 0.0000 0.0000 0.0074 0.0000 0.0000 0.0108 0.0000 0.0000 0.0000 0.0000 0.0000
7.1 30000.00 -2.80 0.0049 0.0000 0.0000 0.0000 0.0109 0.0000 0.0000 0.0000 0.0101 0.0000 0.0000 0.0147 0.0000 0.0000 0.0000 0.0000 0.0000
7.1 30000.00 -2.55 0.0046 0.0000 0.0000 0.0000 0.0107 0.0000 0.0000 0.0000 0.0120 0.0000 0.0000 0.0175 0.0000 0.0000 0.0000 0.0000 0.0000
7.1 30000.00 -2.30 0.0042 0.0000 0.0000 0.0000 0.0102 0.0000 0.0000 0.0000 0.0132 0.0000 0.0000 0.0192 0.0000 0.0000 0.0000 0.0000 0.0000
7.1 30000.00 -2.04 0.0038 0.0000 0.0000 0.0000 0.0097 0.0000 0.0000 0.0000 0.0139 0.0000 0.0000 0.0200 0.0015 0.0000 0.0018 0.0000 0.0000
7.1 30000.00 -1.79 0.0033 0.0000 0.0000 0.0000 0.0092 0.0000 0.0000 0.0000 0.0144 0.0000 0.0000 0.0205 0.0026 0.0000 0.0031 0.0000 0.0000
7.1 30000.00 -1.54 0.0028 0.0000 0.0012 0.0000 0.0086 0.0000 0.0000 0.0000 0.0148 0.0000 0.0000 0.0206 0.0040 0.0000 0.0049 0.0000 0.0000
7.1 32500.00 -3.99 0.0065 0.0000 0.0000 0.0000 0.0128 0.0000 0.0000 0.0000 0.0018 0.0000 0.0000 0.0028 0.0000 0.0000 0.0000 0.0000 0.0000
7.1 32500.00 -3.75 0.0065 0.0000 0.0000 0.0000 0.0137 0.0000 0.0000 0.0000 0.0031 0.0000 0.0000 0.0046 0.0000 0.0000 0.0000 0.0000 0.0000
7.1 32500.00 -3.52 0.0064 0.0000 0.0000 0.0000 0.0148 0.0000 0.0000 0.0000 0.0060 0.0000 0.0000 0.0090 0.0000 0.0000 0.0000 0.0010 0.0000
7.1 32500.00 -3.28 0.0064 0.0000 0.0000 0.0000 0.0153 0.0000 0.0000 0.0000 0.0095 0.0000 0.0000 0.0139 0.0000 0.0000 0.0000 0.0011 0.0000
7.1 32500.00 -3.06 0.0063 0.0000 0.0011 0.0000 0.0157 0.0000 0.0000 0.0000 0.0135 0.0000 0.0000 0.0196 0.0000 0.0000 0.0000 0.0011 0.0000
7.1 32500.00 -2.80 0.0061 0.0000 0.0014 0.0000 0.0159 0.0000 0.0000 0.0000 0.0177 0.0000 0.0000 0.0255 0.0011 0.0000 0.0013 0.0011 0.0000
7.1 32500.00 -2.56 0.0056 0.0000 0.0017 0.0000 0.0159 0.0000 0.0000 0.0000 0.0205 0.0000 0.0000 0.0293 0.0030 0.0000 0.0037 0.0010 0.0000
7.1 32500.00 -2.30 0.0051 0.0000 0.0022 0.0000 0.0156 0.0000 0.0000 0.0000 0.0224 0.0000 0.0000 0.0319 0.0063 0.0011 0.0077 0.0000 0.0000
7.1 32500.00 -2.05 0.0044 0.0000 0.0027 0.0000 0.0152 0.0000 0.0000 0.0000 0.0237 0.0000 0.0000 0.0335 0.0106 0.0016 0.0130 0.0000 0.0000
7.1 32500.00 -1.80 0.0036 0.0000 0.0032 0.0000 0.0146 0.0000 0.0000 0.0012 0.0246 0.0000 0.0000 0.0345 0.0157 0.0021 0.0192 0.0000 0.0000
7.1 32500.00 -1.55 0.0028 0.0000 0.0038 0.0011 0.0139 0.0000 0.0000 0.0019 0.0252 0.0000 0.0000 0.0350 0.0219 0.0027 0.0266 0.0000 0.0000
7.1 35000.00 -4.00 0.0067 0.0000 0.0012 0.0000 0.0156 0.0000 0.0000 0.0000 0.0036 0.0000 0.0000 0.0055 0.0000 0.0000 0.0000 0.0011 0.0000
7.1 35000.00 -3.75 0.0064 0.0000 0.0014 0.0000 0.0162 0.0000 0.0000 0.0000 0.0058 0.0000 0.0000 0.0087 0.0000 0.0000 0.0000 0.0011 0.0000
7.1 35000.00 -3.52 0.0054 0.0000 0.0025 0.0000 0.0172 0.0000 0.0000 0.0000 0.0101 0.0000 0.0000 0.0149 0.0000 0.0000 0.0000 0.0011 0.0000
7.1 35000.00 -3.27 0.0051 0.0000 0.0030 0.0000 0.0177 0.0000 0.0000 0.0000 0.0148 0.0000 0.0000 0.0215 0.0011 0.0000 0.0013 0.0011 0.0000
7.1 35000.00 -3.04 0.0059 0.0000 0.0023 0.0000 0.0177 0.0000 0.0000 0.0000 0.0184 0.0000 0.0000 0.0264 0.0020 0.0000 0.0025 0.0011 0.0000
7.1 35000.00 -2.80 0.0041 0.0000 0.0042 0.0000 0.0183 0.0000 0.0000 0.0000 0.0242 0.0000 0.0000 0.0342 0.0098 0.0018 0.0121 0.0000 0.0000
7.1 35000.00 -2.56 0.0034 0.0000 0.0049 0.0000 0.0182 0.0000 0.0000 0.0013 0.0274 0.0000 0.0000 0.0384 0.0197 0.0026 0.0241 0.0000 0.0000
7.1 35000.00 -2.30 0.0025 0.0000 0.0057 0.0010 0.0177 0.0000 0.0000 0.0025 0.0297 0.0000 0.0000 0.0413 0.0311 0.0035 0.0379 0.0000 0.0000
7.1 35000.00 -2.05 0.0016 0.0000 0.0065 0.0020 0.0169 0.0000 0.0000 0.0040 0.0313 0.0000 0.0000 0.0432 0.0431 0.0043 0.0523 0.0000 0.0000
7.1 35000.00 -1.80 0.0000 0.0000 0.0071 0.0036 0.0158 0.0000 0.0000 0.0059 0.0324 0.0000 0.0000 0.0444 0.0548 0.0050 0.0663 0.0000 0.0000
7.1 35000.00 -1.55 0.0000 0.0000 0.0075 0.0060 0.0145 0.0000 0.0000 0.0081 0.0330 0.0000 0.0000 0.0451 0.0661 0.0056 0.0796 0.0000 0.0000
7.1 37500.00 -4.00 0.0048 0.0000 0.0031 0.0000 0.0173 0.0000 0.0000 0.0000 0.0058 0.0000 0.0000 0.0088 0.0000 0.0000 0.0000 0.0011 0.0000
7.1 37500.00 -3.75 0.0040 0.0000 0.0037 0.0000 0.0173 0.0000 0.0000 0.0000 0.0090 0.0000 0.0000 0.0134 0.0000 0.0000 0.0000 0.0011 0.0000
7.1 37500.00 -3.52 0.0031 0.0000 0.0046 0.0000 0.0179 0.0000 0.0000 0.0000 0.0136 0.0000 0.0000 0.0199 0.0016 0.0000 0.0020 0.0011 0.0000
7.1 37500.00 -3.27 0.0024 0.0000 0.0054 0.0000 0.0180 0.0000 0.0000 0.0000 0.0186 0.0000 0.0000 0.0270 0.0053 0.0011 0.0066 0.0010 0.0000
7.1 37500.00 -3.04 0.0017 0.0000 0.0061 0.0000 0.0180 0.0000 0.0000 0.0015 0.0235 0.0000 0.0000 0.0335 0.0151 0.0023 0.0186 0.0000 0.0000
7.1 37500.00 -2.80 0.0012 0.0000 0.0068 0.0000 0.0174 0.0000 0.0000 0.0030 0.0274 0.0000 0.0000 0.0385 0.0313 0.0035 0.0383 0.0000 0.0000
7.1 37500.00 -2.55 0.0000 0.0000 0.0073 0.0021 0.0163 0.0000 0.0000 0.0054 0.0301 0.0000 0.0000 0.0419 0.0481 0.0045 0.0588 0.0000 0.0000
7.1 37500.00 -2.30 0.0000 0.0000 0.0076 0.0042 0.0147 0.0000 0.0000 0.0083 0.0318 0.0000 0.0000 0.0439 0.0630 0.0052 0.0765 0.0000 0.0000
7.1 37500.00 -2.05 0.0000 0.0000 0.0078 0.0074 0.0130 0.0000 0.0000 0.0114 0.0328 0.0000 0.0000 0.0449 0.0756 0.0058 0.0915 0.0000 0.0000
7.1 37500.00 -1.80 0.0000 0.0000 0.0079 0.0119 0.0112 0.0000 0.0000 0.0146 0.0332 0.0000 0.0000 0.0451 0.0864 0.0062 0.1041 0.0000 0.0000
7.1 37500.00 -1.55 0.0000 0.0000 0.0080 0.0176 0.0094 0.0000 0.0000 0.0177 0.0330 0.0000 0.0000 0.0447 0.0951 0.0066 0.1139 0.0000 0.0000
7.1 40000.00 -4.00 0.0029 0.0000 0.0053 0.0000 0.0194 0.0000 0.0000 0.0016 0.0093 0.0000 0.0000 0.0140 0.0012 0.0000 0.0015 0.0012 0.0000
7.1 40000.00 -3.75 0.0021 0.0000 0.0058 0.0000 0.0180 0.0000 0.0000 0.0027 0.0133 0.0000 0.0000 0.0197 0.0037 0.0000 0.0046 0.0011 0.0000
7.1 40000.00 -3.51 0.0016 0.0000 0.0062 0.0000 0.0181 0.0000 0.0000 0.0019 0.0178 0.0000 0.0000 0.0260 0.0068 0.0011 0.0084 0.0010 0.0000
7.1 40000.00 -3.27 0.0010 0.0000 0.0068 0.0000 0.0172 0.0000 0.0000 0.0035 0.0226 0.0000 0.0000 0.0325 0.0191 0.0024 0.0236 0.0000 0.0000
7.1 40000.00 -3.03 0.0000 0.0000 0.0073 0.0017 0.0155 0.0000 0.0000 0.0066 0.0268 0.0000 0.0000 0.0380 0.0412 0.0038 0.0507 0.0000 0.0000
7.1 40000.00 -2.79 0.0000 0.0000 0.0076 0.0042 0.0132 0.0000 0.0000 0.0108 0.0297 0.0000 0.0000 0.0415 0.0626 0.0049 0.0765 0.0000 0.0000
7.1 40000.00 -2.54 0.0000 0.0000 0.0079 0.0089 0.0108 0.0000 0.0000 0.0152 0.0313 0.0000 0.0000 0.0432 0.0792 0.0056 0.0964 0.0000 0.0000
7.1 40000.00 -2.29 0.0000 0.0000 0.0079 0.0156 0.0086 0.0000 0.0000 0.0191 0.0318 0.0000 0.0000 0.0435 0.0914 0.0062 0.1107 0.0000 0.0000
7.1 40000.00 -2.04 0.0000 0.0000 0.0079 0.0236 0.0068 0.0000 0.0000 0.0223 0.0316 0.0000 0.0000 0.0428 0.1005 0.0065 0.1211 0.0000 0.0000
7.1 40000.00 -1.78 0.0000 0.0000 0.0078 0.0333 0.0053 0.0000 0.0000 0.0251 0.0307 0.0000 0.0000 0.0414 0.1081 0.0068 0.1294 0.0000 0.0000
7.1 40000.00 -1.53 0.0000 0.0000 0.0076 0.0435 0.0041 0.0000 0.0000 0.0273 0.0295 0.0000 0.0000 0.0395 0.1140 0.0070 0.1356 0.0000 0.0000
7.1 45000.00 -4.00 0.0027 0.0000 0.0058 0.0000 0.0188 0.0000 0.0000 0.0045 0.0107 0.0000 0.0000 0.0162 0.0017 0.0000 0.0022 0.0012 0.0000
7.1 45000.00 -3.75 0.0019 0.0000 0.0063 0.0000 0.0162 0.0000 0.0000 0.0070 0.0149 0.0000 0.0000 0.0221 0.0054 0.0000 0.0068 0.0011 0.0000
7.1 45000.00 -3.51 0.0013 0.0000 0.0067 0.0000 0.0155 0.0000 0.0000 0.0069 0.0197 0.0000 0.0000 0.0287 0.0100 0.0013 0.0123 0.0010 0.0000
7.1 45000.00 -3.26 0.0000 0.0000 0.0071 0.0000 0.0128 0.0000 0.0000 0.0111 0.0243 0.0000 0.0000 0.0348 0.0266 0.0028 0.0329 0.0000 0.0000
7.1 45000.00 -3.02 0.0000 0.0000 0.0075 0.0029 0.0096 0.0000 0.0000 0.0164 0.0279 0.0000 0.0000 0.0394 0.0508 0.0042 0.0623 0.0000 0.0000
7.1 45000.00 -2.78 0.0000 0.0000 0.0077 0.0073 0.0069 0.0000 0.0000 0.0213 0.0303 0.0000 0.0000 0.0421 0.0721 0.0052 0.0880 0.0000 0.0000
7.1 45000.00 -2.54 0.0000 0.0000 0.0077 0.0143 0.0050 0.0000 0.0000 0.0250 0.0313 0.0000 0.0000 0.0430 0.0872 0.0058 0.1059 0.0000 0.0000
7.1 45000.00 -2.29 0.0000 0.0000 0.0076 0.0233 0.0036 0.0000 0.0000 0.0277 0.0312 0.0000 0.0000 0.0425 0.0984 0.0063 0.1189 0.0000 0.0000
7.1 45000.00 -2.03 0.0000 0.0000 0.0073 0.0337 0.0026 0.0000 0.0000 0.0297 0.0305 0.0000 0.0000 0.0411 0.1071 0.0065 0.1287 0.0000 0.0000
7.1 45000.00 -1.78 0.0000 0.0000 0.0069 0.0449 0.0019 0.0000 0.0000 0.0312 0.0292 0.0000 0.0000 0.0391 0.1140 0.0067 0.1361 0.0000 0.0000
7.1 45000.00 -1.53 0.0000 0.0000 0.0065 0.0561 0.0015 0.0000 0.0000 0.0323 0.0277 0.0000 0.0000 0.0368 0.1195 0.0068 0.1418 0.0000 0.0000
7.1 50000.00 -4.00 0.0025 0.0000 0.0062 0.0000 0.0170 0.0000 0.0000 0.0091 0.0112 0.0000 0.0000 0.0168 0.0026 0.0000 0.0033 0.0012 0.0000
7.1 50000.00 -3.75 0.0017 0.0000 0.0065 0.0000 0.0133 0.0000 0.0000 0.0127 0.0153 0.0000 0.0000 0.0227 0.0080 0.0000 0.0100 0.0011 0.0000
7.1 50000.00 -3.51 0.0011 0.0000 0.0069 0.0000 0.0124 0.0000 0.0000 0.0126 0.0201 0.0000 0.0000 0.0293 0.0163 0.0017 0.0202 0.0000 0.0000
7.1 50000.00 -3.27 0.0000 0.0000 0.0073 0.0018 0.0090 0.0000 0.0000 0.0175 0.0244 0.0000 0.0000 0.0350 0.0376 0.0031 0.0463 0.0000 0.0000
7.1 50000.00 -3.02 0.0000 0.0000 0.0075 0.0056 0.0061 0.0000 0.0000 0.0224 0.0277 0.0000 0.0000 0.0390 0.0627 0.0044 0.0770 0.0000 0.0000
7.1 50000.00 -2.78 0.0000 0.0000 0.0075 0.0134 0.0040 0.0000 0.0000 0.0262 0.0294 0.0000 0.0000 0.0407 0.0820 0.0053 0.1001 0.0000 0.0000
7.1 50000.00 -2.54 0.0000 0.0000 0.0073 0.0241 0.0027 0.0000 0.0000 0.0287 0.0295 0.0000 0.0000 0.0404 0.0950 0.0056 0.1153 0.0000 0.0000
7.1 50000.00 -2.28 0.0000 0.0000 0.0069 0.0365 0.0019 0.0000 0.0000 0.0305 0.0286 0.0000 0.0010 0.0388 0.1046 0.0058 0.1263 0.0000 0.0000
7.1 50000.00 -2.07 0.0000 0.0000 0.0066 0.0469 0.0015 0.0000 0.0000 0.0316 0.0274 0.0000 0.0017 0.0370 0.1108 0.0057 0.1331 0.0000 0.0000
7.1 50000.00 -1.82 0.0000 0.0000 0.0061 0.0592 0.0011 0.0000 0.0000 0.0326 0.0256 0.0000 0.0031 0.0343 0.1166 0.0056 0.1393 0.0000 0.0000
7.1 50000.00 -1.52 0.0000 0.0000 0.0055 0.0723 0.0000 0.0000 0.0000 0.0335 0.0233 0.0000 0.0055 0.0310 0.1218 0.0053 0.1446 0.0000 0.0000
7.1 55000.00 -4.00 0.0022 0.0000 0.0065 0.0000 0.0191 0.0000 0.0000 0.0056 0.0124 0.0000 0.0000 0.0186 0.0020 0.0000 0.0025 0.0012 0.0000
7.1 55000.00 -3.75 0.0014 0.0000 0.0068 0.0000 0.0159 0.0000 0.0000 0.0084 0.0165 0.0000 0.0000 0.0244 0.0062 0.0000 0.0077 0.0011 0.0000
7.1 55000.00 -3.51 0.0000 0.0000 0.0071 0.0000 0.0127 0.0000 0.0000 0.0123 0.0208 0.0000 0.0000 0.0303 0.0175 0.0019 0.0217 0.0000 0.0000
7.1 55000.00 -3.26 0.0000 0.0000 0.0074 0.0021 0.0092 0.0000 0.0000 0.0173 0.0250 0.0000 0.0000 0.0357 0.0402 0.0034 0.0496 0.0000 0.0000
7.1 55000.00 -3.02 0.0000 0.0000 0.0076 0.0062 0.0062 0.0000 0.0000 0.0222 0.0280 0.0000 0.0000 0.0392 0.0648 0.0046 0.0795 0.0000 0.0000
7.1 55000.00 -2.78 0.0000 0.0000 0.0076 0.0146 0.0042 0.0000 0.0000 0.0259 0.0293 0.0000 0.0000 0.0405 0.0832 0.0054 0.1015 0.0000 0.0000
7.1 55000.00 -2.54 0.0000 0.0000 0.0074 0.0258 0.0029 0.0000 0.0000 0.0285 0.0292 0.0000 0.0000 0.0399 0.0960 0.0059 0.1163 0.0000 0.0000
7.1 55000.00 -2.29 0.0000 0.0000 0.0071 0.0381 0.0021 0.0000 0.0000 0.0303 0.0283 0.0000 0.0000 0.0383 0.1054 0.0061 0.1270 0.0000 0.0000
7.1 55000.00 -2.09 0.0000 0.0000 0.0068 0.0478 0.0016 0.0000 0.0000 0.0314 0.0272 0.0000 0.0000 0.0366 0.1113 0.0061 0.1335 0.0000 0.0000
7.1 55000.00 -1.78 0.0000 0.0000 0.0063 0.0624 0.0011 0.0000 0.0000 0.0326 0.0252 0.0000 0.0015 0.0336 0.1185 0.0060 0.1410 0.0000 0.0000
7.1 55000.00 -1.53 0.0000 0.0000 0.0058 0.0731 0.0000 0.0000 0.0000 0.0334 0.0234 0.0000 0.0025 0.0310 0.1230 0.0058 0.1455 0.0000 0.0000
7.1 60000.00 -4.00 0.0021 0.0000 0.0066 0.0000 0.0174 0.0000 0.0000 0.0093 0.0109 0.0000 0.0000 0.0164 0.0031 0.0000 0.0039 0.0012 0.0000
7.1 60000.00 -3.75 0.0014 0.0000 0.0069 0.0000 0.0135 0.0000 0.0000 0.0128 0.0149 0.0000 0.0000 0.0220 0.0092 0.0000 0.0115 0.0011 0.0000
7.1 60000.00 -3.50 0.0000 0.0000 0.0072 0.0000 0.0097 0.0000 0.0000 0.0172 0.0194 0.0000 0.0000 0.0282 0.0245 0.0021 0.0304 0.0000 0.0000
7.1 60000.00 -3.27 0.0000 0.0000 0.0074 0.0032 0.0066 0.0000 0.0000 0.0215 0.0235 0.0000 0.0000 0.0335 0.0483 0.0036 0.0596 0.0000 0.0000
7.1 60000.00 -3.02 0.0000 0.0000 0.0074 0.0100 0.0041 0.0000 0.0000 0.0254 0.0264 0.0000 0.0000 0.0369 0.0720 0.0048 0.0883 0.0000 0.0000
7.1 60000.00 -2.78 0.0000 0.0000 0.0071 0.0218 0.0027 0.0000 0.0000 0.0280 0.0271 0.0000 0.0011 0.0374 0.0878 0.0054 0.1071 0.0000 0.0000
7.1 60000.00 -2.53 0.0000 0.0000 0.0067 0.0363 0.0019 0.0000 0.0000 0.0299 0.0264 0.0000 0.0018 0.0360 0.0991 0.0057 0.1201 0.0000 0.0000
7.1 60000.00 -2.28 0.0000 0.0000 0.0062 0.0504 0.0013 0.0000 0.0000 0.0311 0.0250 0.0000 0.0032 0.0339 0.1073 0.0058 0.1292 0.0000 0.0000
7.1 60000.00 -2.10 0.0000 0.0000 0.0058 0.0604 0.0011 0.0000 0.0000 0.0318 0.0238 0.0000 0.0047 0.0320 0.1120 0.0058 0.1343 0.0000 0.0000
7.1 60000.00 -1.78 0.0000 0.0000 0.0052 0.0757 0.0000 0.0000 0.0000 0.0325 0.0215 0.0000 0.0080 0.0287 0.1180 0.0056 0.1406 0.0000 0.0000
7.1 60000.00 -1.53 0.0000 0.0000 0.0047 0.0862 0.0000 0.0000 0.0000 0.0329 0.0196 0.0000 0.0113 0.0261 0.1216 0.0053 0.1441 0.0000 0.0000
7.4 30000.00 -3.99 0.0083 0.0000 0.0000 0.0000 0.0180 0.0000 0.0000 0.0000 0.0016 0.0000 0.0000 0.0024 0.0000 0.0000 0.0000 0.0015 0.0000
7.4 30000.00 -3.74 0.0083 0.0000 0.0000 0.0000 0.0199 0.0000 0.0000 0.0000 0.0027 0.0000 0.0000 0.0041 0.0000 0.0000 0.0000 0.0015 0.0000
7.4 30000.00 -3.51 0.0079 0.0000 0.0000 0.0000 0.0204 0.0000 0.0000 0.0000 0.0056 0.0000 0.0000 0.0085 0.0000 0.0000 0.0000 0.0015 0.0000
7.4 30000.00 -3.27 0.0079 0.0000 0.0000 0.0000 0.0212 0.0000 0.0000 0.0000 0.0093 0.0000 0.0000 0.0139 0.0000 0.0000 0.0000 0.0015 0.0000
7.4 30000.00 -3.04 0.0078 0.0000 0.0000 0.0000 0.0215 0.0000 0.0000 0.0000 0.0141 0.0000 0.0000 0.0210 0.0000 0.0000 0.0000 0.0015 0.0000
7.4 30000.00 -2.79 0.0076 0.0000 0.0000 0.0000 0.0214 0.0000 0.0000 0.0000 0.0193 0.0000 0.0000 0.0286 0.0000 0.0000 0.0000 0.0015 0.0000
7.4 30000.00 -2.54 0.0072 0.0000 0.0000 0.0000 0.0209 0.0000 0.0000 0.0000 0.0230 0.0000 0.0000 0.0341 0.0000 0.0000 0.0000 0.0014 0.0000
7.4 30000.00 -2.29 0.0066 0.0000 0.0000 0.0000 0.0201 0.0000 0.0000 0.0000 0.0253 0.0000 0.0000 0.0372 0.0013 0.0000 0.0016 0.0014 0.0000
7.4 30000.00 -2.03 0.0059 0.0000 0.0012 0.0000 0.0191 0.0000 0.0000 0.0000 0.0265 0.0000 0.0000 0.0388 0.0028 0.0000 0.0034 0.0013 0.0000
7.4 30000.00 -1.78 0.0052 0.0000 0.0015 0.0000 0.0181 0.0000 0.0000 0.0000 0.0273 0.0000 0.0000 0.0395 0.0048 0.0012 0.0059 0.0012 0.0000
7.4 30000.00 -1.53 0.0044 0.0000 0.0018 0.0000 0.0170 0.0000 0.0000 0.0000 0.0279 0.0000 0.0000 0.0395 0.0076 0.0016 0.0092 0.0010 0.0000
7.4 32500.00 -3.99 0.0102 0.0000 0.0000 0.0000 0.0252 0.0000 0.0000 0.0000 0.0036 0.0000 0.0000 0.0055 0.0000 0.0000 0.0000 0.0019 0.0000
7.4 32500.00 -3.74 0.0101 0.0000 0.0000 0.0000 0.0270 0.0000 0.0000 0.0000 0.0059 0.0000 0.0000 0.0090 0.0000 0.0000 0.0000 0.0019 0.0000
7.4 32500.00 -3.51 0.0099 0.0000 0.0013 0.0000 0.0291 0.0000 0.0000 0.0000 0.0116 0.0000 0.0000 0.0174 0.0000 0.0000 0.0000 0.0020 0.0000
7.4 32500.00 -3.28 0.0099 0.0000 0.0015 0.0000 0.0301 0.0000 0.0000 0.0000 0.0182 0.0000 0.0000 0.0270 0.0000 0.0000 0.0000 0.0020 0.0000
7.4 32500.00 -3.05 0.0098 0.0000 0.0017 0.0000 0.0308 0.0000 0.0000 0.0000 0.0260 0.0000 0.0000 0.0381 0.0000 0.0000 0.0000 0.0021 0.0000
7.4 32500.00 -2.79 0.0094 0.0000 0.0021 0.0000 0.0311 0.0000 0.0000 0.0000 0.0340 0.0000 0.0000 0.0495 0.0020 0.0000 0.0025 0.0020 0.0000
7.4 32500.00 -2.55 0.0087 0.0000 0.0026 0.0000 0.0309 0.0000 0.0000 0.0000 0.0392 0.0000 0.0000 0.0569 0.0056 0.0014 0.0069 0.0019 0.0000
7.4 32500.00 -2.29 0.0079 0.0000 0.0033 0.0000 0.0304 0.0000 0.0000 0.0000 0.0428 0.0000 0.0000 0.0617 0.0117 0.0021 0.0144 0.0018 0.0000
7.4 32500.00 -2.04 0.0068 0.0000 0.0040 0.0000 0.0296 0.0000 0.0000 0.0012 0.0451 0.0000 0.0000 0.0648 0.0198 0.0030 0.0242 0.0016 0.0000
7.4 32500.00 -1.79 0.0057 0.0000 0.0048 0.0011 0.0285 0.0000 0.0000 0.0021 0.0466 0.0000 0.0000 0.0665 0.0294 0.0039 0.0358 0.0014 0.0000
7.4 32500.00 -1.54 0.0044 0.0000 0.0057 0.0021 0.0272 0.0000 0.0000 0.0034 0.0476 0.0000 0.0000 0.0673 0.0410 0.0050 0.0496 0.0012 0.0000
7.4 35000.00 -3.99 0.0105 0.0000 0.0019 0.0000 0.0308 0.0000 0.0000 0.0000 0.0070 0.0000 0.0000 0.0107 0.0000 0.0000 0.0000 0.0021 0.0000
7.4 35000.00 -3.74 0.0100 0.0000 0.0022 0.0000 0.0319 0.0000 0.0000 0.0000 0.0112 0.0000 0.0000 0.0169 0.0000 0.0000 0.0000 0.0021 0.0000
7.4 35000.00 -3.51 0.0084 0.0000 0.0039 0.0000 0.0339 0.0000 0.0000 0.0000 0.0195 0.0000 0.0000 0.0290 0.0000 0.0000 0.0000 0.0022 0.0000
7.4 35000.00 -3.27 0.0079 0.0000 0.0046 0.0000 0.0348 0.0000 0.0000 0.0000 0.0286 0.0000 0.0000 0.0419 0.0021 0.0000 0.0026 0.0022 0.0000
7.4 35000.00 -3.03 0.0091 0.0000 0.0035 0.0000 0.0347 0.0000 0.0000 0.0000 0.0353 0.0000 0.0000 0.0514 0.0039 0.0000 0.0048 0.0022 0.0000
7.4 35000.00 -2.79 0.0064 0.0000 0.0063 0.0000 0.0359 0.0000 0.0000 0.0011 0.0464 0.0000 0.0000 0.0665 0.0187 0.0034 0.0230 0.0019 0.0000
7.4 35000.00 -2.55 0.0053 0.0000 0.0075 0.0000 0.0356 0.0000 0.0000 0.0024 0.0524 0.0000 0.0000 0.0745 0.0373 0.0050 0.0457 0.0016 0.0000
7.4 35000.00 -2.29 0.0039 0.0000 0.0087 0.0020 0.0345 0.0000 0.0000 0.0046 0.0566 0.0000 0.0000 0.0799 0.0588 0.0066 0.0718 0.0013 0.0000
7.4 35000.00 -2.04 0.0026 0.0000 0.0099 0.0040 0.0329 0.0000 0.0000 0.0075 0.0594 0.0000 0.0000 0.0834 0.0814 0.0082 0.0988 0.0010 0.0000
7.4 35000.00 -1.79 0.0015 0.0000 0.0109 0.0072 0.0308 0.0000 0.0000 0.0110 0.0613 0.0000 0.0000 0.0855 0.1038 0.0095 0.1251 0.0000 0.0000
7.4 35000.00 -1.54 0.0000 0.0000 0.0114 0.0119 0.0283 0.0000 0.0000 0.0152 0.0625 0.0000 0.0000 0.0866 0.1253 0.0106 0.1499 0.0000 0.0000
7.4 37500.00 -3.99 0.0076 0.0000 0.0048 0.0000 0.0342 0.0000 0.0000 0.0000 0.0114 0.0000 0.0000 0.0173 0.0000 0.0000 0.0000 0.0022 0.0000
7.4 37500.00 -3.74 0.0063 0.0000 0.0058 0.0000 0.0342 0.0000 0.0000 0.0000 0.0175 0.0000 0.0000 0.0262 0.0012 0.0000 0.0015 0.0022 0.0000
7.4 37500.00 -3.51 0.0049 0.0000 0.0072 0.0000 0.0353 0.0000 0.0000 0.0000 0.0264 0.0000 0.0000 0.0391 0.0032 0.0000 0.0039 0.0022 0.0000
7.4 37500.00 -3.27 0.0038 0.0000 0.0084 0.0000 0.0355 0.0000 0.0000 0.0014 0.0362 0.0000 0.0000 0.0528 0.0103 0.0022 0.0128 0.0020 0.0000
7.4 37500.00 -3.03 0.0027 0.0000 0.0095 0.0000 0.0353 0.0000 0.0000 0.0028 0.0455 0.0000 0.0000 0.0655 0.0291 0.0045 0.0359 0.0016 0.0000
7.4 37500.00 -2.79 0.0019 0.0000 0.0105 0.0018 0.0342 0.0000 0.0000 0.0057 0.0529 0.0000 0.0000 0.0752 0.0602 0.0068 0.0740 0.0013 0.0000
7.4 37500.00 -2.54 0.0012 0.0000 0.0113 0.0042 0.0320 0.0000 0.0000 0.0103 0.0579 0.0000 0.0000 0.0816 0.0926 0.0087 0.1132 0.0000 0.0000
7.4 37500.00 -2.29 0.0000 0.0000 0.0117 0.0085 0.0289 0.0000 0.0000 0.0158 0.0609 0.0000 0.0000 0.0852 0.1209 0.0101 0.1469 0.0000 0.0000
7.4 37500.00 -2.04 0.0000 0.0000 0.0120 0.0150 0.0255 0.0000 0.0000 0.0216 0.0625 0.0000 0.0000 0.0869 0.1451 0.0112 0.1751 0.0000 0.0000
7.4 37500.00 -1.79 0.0000 0.0000 0.0122 0.0241 0.0219 0.0000 0.0000 0.0278 0.0631 0.0000 0.0000 0.0871 0.1658 0.0120 0.1985 0.0000 0.0000
7.4 37500.00 -1.54 0.0000 0.0000 0.0122 0.0355 0.0184 0.0000 0.0000 0.0338 0.0627 0.0000 0.0000 0.0860 0.1825 0.0126 0.2169 0.0000 0.0000
7.4 40000.00 -4.00 0.0046 0.0000 0.0083 0.0000 0.0386 0.0000 0.0000 0.0031 0.0183 0.0000 0.0000 0.0277 0.0023 0.0000 0.0029 0.0023 0.0000
7.4 40000.00 -3.75 0.0033 0.0000 0.0092 0.0000 0.0358 0.0000 0.0000 0.0052 0.0261 0.0000 0.0000 0.0389 0.0073 0.0000 0.0091 0.0022 0.0000
7.4 40000.00 -3.51 0.0025 0.0000 0.0098 0.0000 0.0360 0.0000 0.0000 0.0037 0.0349 0.0000 0.0000 0.0513 0.0133 0.0021 0.0165 0.0020 0.0000
7.4 40000.00 -3.27 0.0017 0.0000 0.0106 0.0010 0.0340 0.0000 0.0000 0.0068 0.0442 0.0000 0.0000 0.0641 0.0374 0.0046 0.0461 0.0016 0.0000
7.4 40000.00 -3.02 0.0010 0.0000 0.0114 0.0033 0.0307 0.0000 0.0000 0.0127 0.0523 0.0000 0.0000 0.0747 0.0805 0.0075 0.0991 0.0011 0.0000
7.4 40000.00 -2.78 0.0000 0.0000 0.0119 0.0085 0.0262 0.0000 0.0000 0.0209 0.0577 0.0000 0.0000 0.0814 0.1221 0.0096 0.1494 0.0000 0.0000
7.4 40000.00 -2.53 0.0000 0.0000 0.0122 0.0182 0.0213 0.0000 0.0000 0.0296 0.0606 0.0000 0.0000 0.0845 0.1542 0.0110 0.1876 0.0000 0.0000
7.4 40000.00 -2.28 0.0000 0.0000 0.0123 0.0320 0.0170 0.0000 0.0000 0.0371 0.0613 0.0000 0.0000 0.0847 0.1776 0.0120 0.2145 0.0000 0.0000
7.4 40000.00 -2.03 0.0000 0.0000 0.0122 0.0484 0.0134 0.0000 0.0000 0.0434 0.0606 0.0000 0.0000 0.0832 0.1951 0.0127 0.2339 0.0000 0.0000
7.4 40000.00 -1.77 0.0000 0.0000 0.0120 0.0683 0.0104 0.0000 0.0000 0.0490 0.0588 0.0000 0.0000 0.0802 0.2098 0.0132 0.2494 0.0000 0.0000
7.4 40000.00 -1.52 0.0000 0.0000 0.0117 0.0893 0.0081 0.0000 0.0000 0.0533 0.0564 0.0000 0.0000 0.0763 0.2213 0.0137 0.2608 0.0000 0.0000
7.4 45000.00 -4.00 0.0042 0.0000 0.0091 0.0000 0.0374 0.0000 0.0000 0.0088 0.0212 0.0000 0.0000 0.0320 0.0034 0.0000 0.0043 0.0024 0.0000
7.4 45000.00 -3.75 0.0029 0.0000 0.0099 0.0000 0.0322 0.0000 0.0000 0.0137 0.0294 0.0000 0.0000 0.0437 0.0107 0.0011 0.0134 0.0022 0.0000
7.4 45000.00 -3.50 0.0020 0.0000 0.0105 0.0000 0.0309 0.0000 0.0000 0.0136 0.0387 0.0000 0.0000 0.0568 0.0196 0.0026 0.0243 0.0020 0.0000
7.4 45000.00 -3.26 0.0013 0.0000 0.0112 0.0019 0.0255 0.0000 0.0000 0.0218 0.0477 0.0000 0.0000 0.0688 0.0523 0.0055 0.0646 0.0015 0.0000
7.4 45000.00 -3.02 0.0000 0.0000 0.0117 0.0058 0.0192 0.0000 0.0000 0.0321 0.0548 0.0000 0.0000 0.0779 0.0997 0.0082 0.1225 0.0011 0.0000
7.4 45000.00 -2.77 0.0000 0.0000 0.0120 0.0148 0.0137 0.0000 0.0000 0.0418 0.0592 0.0000 0.0000 0.0830 0.1413 0.0102 0.1727 0.0000 0.0000
7.4 45000.00 -2.53 0.0000 0.0000 0.0120 0.0293 0.0098 0.0000 0.0000 0.0490 0.0608 0.0000 0.0000 0.0843 0.1705 0.0115 0.2070 0.0000 0.0000
7.4 45000.00 -2.28 0.0000 0.0000 0.0117 0.0480 0.0071 0.0000 0.0000 0.0543 0.0604 0.0000 0.0000 0.0830 0.1921 0.0123 0.2315 0.0000 0.0000
7.4 45000.00 -2.02 0.0000 0.0000 0.0113 0.0695 0.0051 0.0000 0.0000 0.0582 0.0587 0.0000 0.0000 0.0801 0.2090 0.0128 0.2498 0.0000 0.0000
7.4 45000.00 -1.77 0.0000 0.0000 0.0107 0.0924 0.0038 0.0000 0.0000 0.0612 0.0561 0.0000 0.0000 0.0760 0.2224 0.0131 0.2636 0.0000 0.0000
7.4 45000.00 -1.52 0.0000 0.0000 0.0101 0.1155 0.0029 0.0000 0.0000 0.0634 0.0530 0.0000 0.0000 0.0713 0.2333 0.0132 0.2740 0.0000 0.0000
7.4 50000.00 -4.00 0.0039 0.0000 0.0097 0.0000 0.0340 0.0000 0.0000 0.0181 0.0221 0.0000 0.0000 0.0334 0.0052 0.0000 0.0065 0.0024 0.0000
7.4 50000.00 -3.75 0.0027 0.0000 0.0103 0.0000 0.0266 0.0000 0.0000 0.0252 0.0303 0.0000 0.0000 0.0450 0.0158 0.0014 0.0197 0.0022 0.0000
7.4 50000.00 -3.51 0.0018 0.0000 0.0109 0.0010 0.0247 0.0000 0.0000 0.0249 0.0397 0.0000 0.0000 0.0581 0.0321 0.0033 0.0398 0.0019 0.0000
7.4 50000.00 -3.26 0.0011 0.0000 0.0114 0.0036 0.0181 0.0000 0.0000 0.0346 0.0481 0.0000 0.0000 0.0693 0.0740 0.0062 0.0914 0.0014 0.0000
7.4 50000.00 -3.02 0.0000 0.0000 0.0118 0.0111 0.0121 0.0000 0.0000 0.0442 0.0545 0.0000 0.0000 0.0773 0.1236 0.0088 0.1518 0.0000 0.0000
7.4 50000.00 -2.77 0.0000 0.0000 0.0118 0.0271 0.0079 0.0000 0.0000 0.0517 0.0576 0.0000 0.0000 0.0804 0.1614 0.0104 0.1970 0.0000 0.0000
7.4 50000.00 -2.53 0.0000 0.0000 0.0114 0.0493 0.0054 0.0000 0.0000 0.0566 0.0575 0.0000 0.0011 0.0794 0.1865 0.0111 0.2261 0.0000 0.0000
7.4 50000.00 -2.28 0.0000 0.0000 0.0108 0.0748 0.0038 0.0000 0.0000 0.0601 0.0554 0.0000 0.0019 0.0760 0.2052 0.0114 0.2469 0.0000 0.0000
7.4 50000.00 -2.06 0.0000 0.0000 0.0103 0.0963 0.0029 0.0000 0.0000 0.0623 0.0529 0.0000 0.0032 0.0721 0.2171 0.0113 0.2595 0.0000 0.0000
7.4 50000.00 -1.81 0.0000 0.0000 0.0095 0.1216 0.0021 0.0000 0.0000 0.0642 0.0493 0.0000 0.0058 0.0668 0.2286 0.0110 0.2711 0.0000 0.0000
7.4 50000.00 -1.52 0.0000 0.0000 0.0086 0.1482 0.0015 0.0000 0.0000 0.0660 0.0447 0.0000 0.0103 0.0602 0.2388 0.0104 0.2808 0.0000 0.0000
7.4 55000.00 -4.00 0.0034 0.0000 0.0103 0.0000 0.0381 0.0000 0.0000 0.0110 0.0245 0.0000 0.0000 0.0370 0.0040 0.0000 0.0050 0.0024 0.0000
7.4 55000.00 -3.75 0.0023 0.0000 0.0108 0.0000 0.0318 0.0000 0.0000 0.0166 0.0327 0.0000 0.0000 0.0485 0.0123 0.0016 0.0153 0.0022 0.0000
7.4 55000.00 -3.51 0.0015 0.0000 0.0112 0.0011 0.0254 0.0000 0.0000 0.0243 0.0412 0.0000 0.0000 0.0602 0.0346 0.0037 0.0429 0.0019 0.0000
7.4 55000.00 -3.26 0.0000 0.0000 0.0117 0.0041 0.0184 0.0000 0.0000 0.0342 0.0494 0.0000 0.0000 0.0709 0.0795 0.0068 0.0981 0.0013 0.0000
7.4 55000.00 -3.02 0.0000 0.0000 0.0120 0.0124 0.0124 0.0000 0.0000 0.0439 0.0552 0.0000 0.0000 0.0779 0.1281 0.0092 0.1572 0.0000 0.0000
7.4 55000.00 -2.77 0.0000 0.0000 0.0120 0.0295 0.0083 0.0000 0.0000 0.0513 0.0577 0.0000 0.0000 0.0803 0.1645 0.0108 0.2006 0.0000 0.0000
7.4 55000.00 -2.53 0.0000 0.0000 0.0117 0.0529 0.0057 0.0000 0.0000 0.0564 0.0573 0.0000 0.0000 0.0788 0.1893 0.0116 0.2292 0.0000 0.0000
7.4 55000.00 -2.28 0.0000 0.0000 0.0111 0.0785 0.0041 0.0000 0.0000 0.0599 0.0552 0.0000 0.0000 0.0753 0.2078 0.0120 0.2495 0.0000 0.0000
7.4 55000.00 -2.08 0.0000 0.0000 0.0106 0.0987 0.0032 0.0000 0.0000 0.0620 0.0529 0.0000 0.0013 0.0718 0.2193 0.0120 0.2615 0.0000 0.0000
7.4 55000.00 -1.77 0.0000 0.0000 0.0098 0.1287 0.0022 0.0000 0.0000 0.0645 0.0487 0.0000 0.0028 0.0656 0.2334 0.0118 0.2756 0.0000 0.0000
7.4 55000.00 -1.53 0.0000 0.0000 0.0091 0.1506 0.0017 0.0000 0.0000 0.0660 0.0451 0.0000 0.0046 0.0604 0.2424 0.0115 0.2839 0.0000 0.0000
7.4 60000.00 -4.00 0.0034 0.0000 0.0105 0.0000 0.0347 0.0000 0.0000 0.0185 0.0216 0.0000 0.0000 0.0326 0.0061 0.0000 0.0077 0.0024 0.0000
7.4 60000.00 -3.75 0.0023 0.0000 0.0109 0.0000 0.0269 0.0000 0.0000 0.0255 0.0295 0.0000 0.0000 0.0438 0.0182 0.0019 0.0228 0.0022 0.0000
7.4 60000.00 -3.50 0.0015 0.0000 0.0113 0.0018 0.0195 0.0000 0.0000 0.0341 0.0384 0.0000 0.0000 0.0560 0.0486 0.0043 0.0602 0.0018 0.0000
7.4 60000.00 -3.26 0.0000 0.0000 0.0116 0.0064 0.0132 0.0000 0.0000 0.0427 0.0465 0.0000 0.0000 0.0666 0.0957 0.0071 0.1180 0.0013 0.0000
7.4 60000.00 -3.01 0.0000 0.0000 0.0117 0.0200 0.0083 0.0000 0.0000 0.0504 0.0521 0.0000 0.0011 0.0734 0.1427 0.0094 0.1750 0.0000 0.0000
7.4 60000.00 -2.78 0.0000 0.0000 0.0113 0.0441 0.0054 0.0000 0.0000 0.0556 0.0534 0.0000 0.0021 0.0742 0.1739 0.0107 0.2120 0.0000 0.0000
7.4 60000.00 -2.53 0.0000 0.0000 0.0105 0.0742 0.0037 0.0000 0.0000 0.0593 0.0518 0.0000 0.0036 0.0712 0.1961 0.0114 0.2372 0.0000 0.0000
7.4 60000.00 -2.28 0.0000 0.0000 0.0097 0.1034 0.0026 0.0000 0.0000 0.0617 0.0489 0.0000 0.0062 0.0667 0.2120 0.0115 0.2545 0.0000 0.0000
7.4 60000.00 -2.09 0.0000 0.0000 0.0091 0.1240 0.0021 0.0000 0.0000 0.0630 0.0463 0.0000 0.0091 0.0629 0.2212 0.0114 0.2640 0.0000 0.0000
7.4 60000.00 -1.77 0.0000 0.0000 0.0081 0.1554 0.0015 0.0000 0.0000 0.0646 0.0416 0.0000 0.0155 0.0562 0.2333 0.0110 0.2759 0.0000 0.0000
7.4 60000.00 -1.52 0.0000 0.0000 0.0073 0.1766 0.0011 0.0000 0.0000 0.0654 0.0380 0.0000 0.0218 0.0510 0.2405 0.0106 0.2825 0.0000 0.0000
7.7 30000.00 -3.99 0.0202 0.0000 0.0000 0.0000 0.0347 0.0000 0.0000 0.0000 0.0029 0.0000 0.0000 0.0046 0.0000 0.0000 0.0000 0.0028 0.0000
7.7 30000.00 -3.74 0.0201 0.0000 0.0000 0.0000 0.0384 0.0000 0.0000 0.0000 0.0049 0.0000 0.0000 0.0077 0.0000 0.0000 0.0000 0.0028 0.0000
7.7 30000.00 -3.51 0.0192 0.0000 0.0000 0.0000 0.0397 0.0000 0.0000 0.0000 0.0104 0.0000 0.0000 0.0160 0.0000 0.0000 0.0000 0.0028 0.0000
7.7 30000.00 -3.26 0.0191 0.0000 0.0000 0.0000 0.0412 0.0000 0.0000 0.0000 0.0173 0.0000 0.0000 0.0263 0.0000 0.0000 0.0000 0.0028 0.0000
7.7 30000.00 -3.02 0.0189 0.0000 0.0010 0.0000 0.0418 0.0000 0.0000 0.0000 0.0264 0.0000 0.0000 0.0401 0.0000 0.0000 0.0000 0.0028 0.0000
7.7 30000.00 -2.77 0.0183 0.0000 0.0012 0.0000 0.0417 0.0000 0.0000 0.0000 0.0363 0.0000 0.0000 0.0549 0.0000 0.0000 0.0000 0.0028 0.0000
7.7 30000.00 -2.52 0.0174 0.0000 0.0016 0.0000 0.0407 0.0000 0.0000 0.0000 0.0434 0.0000 0.0000 0.0656 0.0000 0.0000 0.0010 0.0027 0.0000
7.7 30000.00 -2.27 0.0160 0.0000 0.0021 0.0000 0.0391 0.0000 0.0000 0.0000 0.0477 0.0000 0.0000 0.0718 0.0023 0.0000 0.0029 0.0025 0.0000
7.7 30000.00 -2.02 0.0143 0.0000 0.0028 0.0000 0.0372 0.0000 0.0000 0.0000 0.0500 0.0000 0.0000 0.0747 0.0051 0.0014 0.0063 0.0023 0.0000
7.7 30000.00 -1.77 0.0126 0.0000 0.0035 0.0000 0.0353 0.0000 0.0000 0.0000 0.0512 0.0000 0.0000 0.0757 0.0090 0.0021 0.0109 0.0021 0.0000
7.7 30000.00 -1.52 0.0107 0.0000 0.0044 0.0000 0.0334 0.0000 0.0000 0.0000 0.0519 0.0000 0.0000 0.0753 0.0140 0.0028 0.0169 0.0019 0.0000
7.7 32500.00 -3.99 0.0248 0.0000 0.0018 0.0000 0.0487 0.0000 0.0000 0.0000 0.0066 0.0000 0.0000 0.0104 0.0000 0.0000 0.0000 0.0035 0.0011
7.7 32500.00 -3.74 0.0245 0.0000 0.0021 0.0000 0.0521 0.0000 0.0000 0.0000 0.0110 0.0000 0.0000 0.0170 0.0000 0.0000 0.0000 0.0036 0.0011
7.7 32500.00 -3.51 0.0241 0.0000 0.0031 0.0000 0.0563 0.0000 0.0000 0.0000 0.0215 0.0000 0.0000 0.0328 0.0000 0.0000 0.0000 0.0037 0.0011
7.7 32500.00 -3.27 0.0239 0.0000 0.0035 0.0000 0.0581 0.0000 0.0000 0.0000 0.0337 0.0000 0.0000 0.0509 0.0000 0.0000 0.0000 0.0038 0.0011
7.7 32500.00 -3.04 0.0235 0.0000 0.0040 0.0000 0.0593 0.0000 0.0000 0.0000 0.0483 0.0000 0.0000 0.0724 0.0010 0.0000 0.0013 0.0038 0.0011
7.7 32500.00 -2.78 0.0225 0.0000 0.0050 0.0000 0.0597 0.0000 0.0000 0.0000 0.0633 0.0000 0.0000 0.0943 0.0037 0.0013 0.0046 0.0037 0.0011
7.7 32500.00 -2.53 0.0210 0.0000 0.0062 0.0000 0.0594 0.0000 0.0000 0.0000 0.0732 0.0000 0.0000 0.1086 0.0102 0.0025 0.0126 0.0035 0.0010
7.7 32500.00 -2.28 0.0190 0.0000 0.0076 0.0000 0.0584 0.0000 0.0000 0.0011 0.0797 0.0000 0.0000 0.1177 0.0212 0.0039 0.0261 0.0032 0.0000
7.7 32500.00 -2.02 0.0165 0.0000 0.0094 0.0010 0.0569 0.0000 0.0000 0.0022 0.0839 0.0000 0.0000 0.1234 0.0361 0.0055 0.0440 0.0029 0.0000
7.7 32500.00 -1.78 0.0138 0.0000 0.0113 0.0021 0.0550 0.0000 0.0000 0.0037 0.0865 0.0000 0.0000 0.1264 0.0535 0.0072 0.0647 0.0026 0.0000
7.7 32500.00 -1.52 0.0108 0.0000 0.0134 0.0040 0.0525 0.0000 0.0000 0.0060 0.0881 0.0000 0.0000 0.1277 0.0746 0.0091 0.0891 0.0022 0.0000
7.7 35000.00 -3.99 0.0256 0.0000 0.0044 0.0000 0.0599 0.0000 0.0000 0.0000 0.0131 0.0000 0.0000 0.0204 0.0000 0.0000 0.0000 0.0040 0.0013
7.7 35000.00 -3.74 0.0243 0.0000 0.0054 0.0000 0.0619 0.0000 0.0000 0.0000 0.0209 0.0000 0.0000 0.0321 0.0000 0.0000 0.0000 0.0041 0.0012
7.7 35000.00 -3.51 0.0206 0.0000 0.0094 0.0000 0.0657 0.0000 0.0000 0.0000 0.0366 0.0000 0.0000 0.0552 0.0012 0.0000 0.0015 0.0042 0.0013
7.7 35000.00 -3.26 0.0193 0.0000 0.0109 0.0000 0.0672 0.0000 0.0000 0.0000 0.0534 0.0000 0.0000 0.0798 0.0039 0.0013 0.0049 0.0042 0.0012
7.7 35000.00 -3.02 0.0220 0.0000 0.0083 0.0000 0.0668 0.0000 0.0000 0.0000 0.0659 0.0000 0.0000 0.0978 0.0072 0.0017 0.0089 0.0041 0.0012
7.7 35000.00 -2.78 0.0156 0.0000 0.0149 0.0000 0.0689 0.0000 0.0000 0.0020 0.0865 0.0000 0.0000 0.1267 0.0342 0.0063 0.0422 0.0035 0.0010
7.7 35000.00 -2.53 0.0129 0.0000 0.0175 0.0018 0.0681 0.0000 0.0000 0.0042 0.0972 0.0000 0.0000 0.1416 0.0683 0.0094 0.0838 0.0030 0.0000
7.7 35000.00 -2.28 0.0097 0.0000 0.0203 0.0040 0.0662 0.0000 0.0000 0.0080 0.1046 0.0000 0.0000 0.1514 0.1077 0.0124 0.1312 0.0025 0.0000
7.7 35000.00 -2.02 0.0065 0.0000 0.0232 0.0079 0.0632 0.0000 0.0000 0.0132 0.1096 0.0000 0.0000 0.1578 0.1493 0.0152 0.1799 0.0020 0.0000
7.7 35000.00 -1.78 0.0038 0.0000 0.0255 0.0140 0.0593 0.0000 0.0000 0.0195 0.1128 0.0000 0.0000 0.1615 0.1907 0.0177 0.2270 0.0015 0.0000
7.7 35000.00 -1.53 0.0020 0.0000 0.0270 0.0231 0.0547 0.0000 0.0000 0.0271 0.1147 0.0000 0.0000 0.1632 0.2312 0.0198 0.2716 0.0011 0.0000
7.7 37500.00 -3.99 0.0189 0.0000 0.0116 0.0000 0.0669 0.0000 0.0000 0.0000 0.0216 0.0000 0.0000 0.0333 0.0000 0.0000 0.0000 0.0042 0.0013
7.7 37500.00 -3.74 0.0157 0.0000 0.0140 0.0000 0.0668 0.0000 0.0000 0.0000 0.0331 0.0000 0.0000 0.0503 0.0023 0.0000 0.0029 0.0042 0.0013
7.7 37500.00 -3.51 0.0122 0.0000 0.0175 0.0000 0.0688 0.0000 0.0000 0.0013 0.0499 0.0000 0.0000 0.0749 0.0060 0.0015 0.0075 0.0041 0.0012
7.7 37500.00 -3.26 0.0093 0.0000 0.0203 0.0000 0.0689 0.0000 0.0000 0.0025 0.0684 0.0000 0.0000 0.1014 0.0195 0.0041 0.0241 0.0038 0.0011
7.7 37500.00 -3.02 0.0067 0.0000 0.0230 0.0012 0.0684 0.0000 0.0000 0.0051 0.0857 0.0000 0.0000 0.1257 0.0546 0.0085 0.0674 0.0031 0.0000
7.7 37500.00 -2.78 0.0045 0.0000 0.0252 0.0035 0.0662 0.0000 0.0000 0.0104 0.0990 0.0000 0.0000 0.1438 0.1127 0.0129 0.1386 0.0024 0.0000
7.7 37500.00 -2.53 0.0029 0.0000 0.0269 0.0084 0.0617 0.0000 0.0000 0.0187 0.1077 0.0000 0.0000 0.1553 0.1733 0.0164 0.2115 0.0018 0.0000
7.7 37500.00 -2.28 0.0019 0.0000 0.0280 0.0170 0.0559 0.0000 0.0000 0.0287 0.1128 0.0000 0.0000 0.1617 0.2262 0.0191 0.2732 0.0014 0.0000
7.7 37500.00 -2.03 0.0012 0.0000 0.0286 0.0300 0.0495 0.0000 0.0000 0.0397 0.1155 0.0000 0.0000 0.1645 0.2715 0.0211 0.3241 0.0010 0.0000
7.7 37500.00 -1.77 0.0000 0.0000 0.0289 0.0480 0.0427 0.0000 0.0000 0.0512 0.1163 0.0000 0.0000 0.1645 0.3105 0.0226 0.3658 0.0000 0.0000
7.7 37500.00 -1.53 0.0000 0.0000 0.0289 0.0707 0.0359 0.0000 0.0000 0.0625 0.1155 0.0000 0.0000 0.1623 0.3426 0.0238 0.3983 0.0000 0.0000
7.7 40000.00 -3.99 0.0116 0.0000 0.0205 0.0000 0.0762 0.0000 0.0000 0.0060 0.0353 0.0000 0.0000 0.0539 0.0045 0.0000 0.0056 0.0045 0.0014
7.7 40000.00 -3.75 0.0081 0.0000 0.0227 0.0000 0.0707 0.0000 0.0000 0.0101 0.0504 0.0000 0.0000 0.0758 0.0141 0.0017 0.0176 0.0043 0.0013
7.7 40000.00 -3.51 0.0063 0.0000 0.0240 0.0000 0.0707 0.0000 0.0000 0.0070 0.0671 0.0000 0.0000 0.0998 0.0256 0.0040 0.0317 0.0039 0.0012
7.7 40000.00 -3.26 0.0041 0.0000 0.0260 0.0020 0.0668 0.0000 0.0000 0.0128 0.0847 0.0000 0.0000 0.1244 0.0714 0.0089 0.0884 0.0031 0.0000
7.7 40000.00 -3.01 0.0025 0.0000 0.0277 0.0065 0.0603 0.0000 0.0000 0.0239 0.0997 0.0000 0.0000 0.1447 0.1538 0.0145 0.1895 0.0022 0.0000
7.7 40000.00 -2.77 0.0016 0.0000 0.0288 0.0168 0.0513 0.0000 0.0000 0.0392 0.1092 0.0000 0.0000 0.1569 0.2329 0.0185 0.2850 0.0016 0.0000
7.7 40000.00 -2.52 0.0011 0.0000 0.0294 0.0366 0.0416 0.0000 0.0000 0.0557 0.1138 0.0000 0.0000 0.1620 0.2935 0.0212 0.3558 0.0011 0.0000
7.7 40000.00 -2.27 0.0000 0.0000 0.0295 0.0649 0.0332 0.0000 0.0000 0.0702 0.1146 0.0000 0.0000 0.1618 0.3376 0.0230 0.4045 0.0000 0.0000
7.7 40000.00 -2.02 0.0000 0.0000 0.0293 0.0985 0.0262 0.0000 0.0000 0.0824 0.1131 0.0000 0.0000 0.1584 0.3709 0.0243 0.4389 0.0000 0.0000
7.7 40000.00 -1.76 0.0000 0.0000 0.0288 0.1392 0.0203 0.0000 0.0000 0.0932 0.1097 0.0000 0.0000 0.1523 0.3991 0.0253 0.4659 0.0000 0.0000
7.7 40000.00 -1.51 0.0000 0.0000 0.0281 0.1822 0.0158 0.0000 0.0000 0.1018 0.1050 0.0000 0.0000 0.1447 0.4218 0.0261 0.4857 0.0000 0.0000
7.7 45000.00 -4.00 0.0106 0.0000 0.0226 0.0000 0.0743 0.0000 0.0000 0.0172 0.0412 0.0000 0.0000 0.0628 0.0067 0.0000 0.0084 0.0046 0.0015
7.7 45000.00 -3.75 0.0074 0.0000 0.0245 0.0000 0.0641 0.0000 0.0000 0.0267 0.0571 0.0000 0.0000 0.0856 0.0209 0.0022 0.0260 0.0044 0.0014
7.7 45000.00 -3.50 0.0050 0.0000 0.0260 0.0010 0.0613 0.0000 0.0000 0.0261 0.0750 0.0000 0.0000 0.1111 0.0378 0.0051 0.0469 0.0039 0.0012
7.7 45000.00 -3.25 0.0031 0.0000 0.0276 0.0037 0.0506 0.0000 0.0000 0.0419 0.0920 0.0000 0.0000 0.1344 0.1007 0.0105 0.1245 0.0030 0.0000
7.7 45000.00 -3.01 0.0020 0.0000 0.0288 0.0115 0.0382 0.0000 0.0000 0.0617 0.1051 0.0000 0.0000 0.1516 0.1919 0.0160 0.2361 0.0021 0.0000
7.7 45000.00 -2.76 0.0013 0.0000 0.0293 0.0296 0.0271 0.0000 0.0000 0.0803 0.1128 0.0000 0.0000 0.1608 0.2716 0.0198 0.3316 0.0014 0.0000
7.7 45000.00 -2.52 0.0000 0.0000 0.0291 0.0594 0.0193 0.0000 0.0000 0.0942 0.1151 0.0000 0.0000 0.1625 0.3270 0.0222 0.3953 0.0011 0.0000
7.7 45000.00 -2.27 0.0000 0.0000 0.0283 0.0982 0.0139 0.0000 0.0000 0.1043 0.1139 0.0000 0.0000 0.1593 0.3679 0.0237 0.4396 0.0000 0.0000
7.7 45000.00 -2.01 0.0000 0.0000 0.0272 0.1426 0.0100 0.0000 0.0000 0.1120 0.1103 0.0000 0.0000 0.1531 0.4003 0.0247 0.4720 0.0000 0.0000
7.7 45000.00 -1.76 0.0000 0.0000 0.0258 0.1899 0.0074 0.0000 0.0000 0.1179 0.1052 0.0000 0.0000 0.1450 0.4265 0.0253 0.4961 0.0000 0.0000
7.7 45000.00 -1.51 0.0000 0.0000 0.0243 0.2373 0.0056 0.0000 0.0000 0.1224 0.0991 0.0000 0.0000 0.1357 0.4481 0.0255 0.5142 0.0000 0.0000
7.7 50000.00 -4.00 0.0099 0.0000 0.0242 0.0000 0.0678 0.0000 0.0000 0.0355 0.0432 0.0000 0.0000 0.0657 0.0101 0.0000 0.0128 0.0047 0.0016
7.7 50000.00 -3.75 0.0067 0.0000 0.0257 0.0000 0.0531 0.0000 0.0000 0.0494 0.0591 0.0000 0.0000 0.0884 0.0309 0.0028 0.0386 0.0044 0.0014
7.7 50000.00 -3.50 0.0044 0.0000 0.0270 0.0020 0.0493 0.0000 0.0000 0.0484 0.0773 0.0000 0.0000 0.1140 0.0624 0.0063 0.0774 0.0038 0.0012
7.7 50000.00 -3.26 0.0028 0.0000 0.0283 0.0071 0.0361 0.0000 0.0000 0.0672 0.0933 0.0000 0.0000 0.1359 0.1437 0.0120 0.1775 0.0028 0.0000
7.7 50000.00 -3.01 0.0018 0.0000 0.0290 0.0220 0.0241 0.0000 0.0000 0.0859 0.1052 0.0000 0.0000 0.1511 0.2397 0.0171 0.2945 0.0019 0.0000
7.7 50000.00 -2.76 0.0012 0.0000 0.0289 0.0544 0.0157 0.0000 0.0000 0.1003 0.1103 0.0000 0.0013 0.1565 0.3123 0.0202 0.3807 0.0013 0.0000
7.7 50000.00 -2.52 0.0000 0.0000 0.0278 0.1003 0.0107 0.0000 0.0000 0.1098 0.1094 0.0000 0.0020 0.1537 0.3601 0.0217 0.4345 0.0000 0.0000
7.7 50000.00 -2.26 0.0000 0.0000 0.0263 0.1532 0.0074 0.0000 0.0000 0.1165 0.1050 0.0000 0.0035 0.1463 0.3956 0.0221 0.4716 0.0000 0.0000
7.7 50000.00 -2.05 0.0000 0.0000 0.0249 0.1976 0.0056 0.0000 0.0000 0.1207 0.1000 0.0000 0.0058 0.1384 0.4187 0.0220 0.4939 0.0000 0.0000
7.7 50000.00 -1.80 0.0000 0.0000 0.0230 0.2494 0.0041 0.0000 0.0000 0.1247 0.0929 0.0000 0.0105 0.1277 0.4414 0.0213 0.5142 0.0000 0.0000
7.7 50000.00 -1.51 0.0000 0.0000 0.0208 0.3036 0.0030 0.0000 0.0000 0.1283 0.0841 0.0000 0.0187 0.1148 0.4621 0.0201 0.5314 0.0000 0.0000
7.7 55000.00 -4.00 0.0086 0.0000 0.0257 0.0000 0.0758 0.0000 0.0000 0.0216 0.0480 0.0000 0.0000 0.0730 0.0078 0.0011 0.0098 0.0048 0.0016
7.7 55000.00 -3.75 0.0057 0.0000 0.0269 0.0000 0.0635 0.0000 0.0000 0.0324 0.0640 0.0000 0.0000 0.0956 0.0240 0.0031 0.0300 0.0044 0.0014
7.7 55000.00 -3.51 0.0037 0.0000 0.0280 0.0022 0.0507 0.0000 0.0000 0.0476 0.0807 0.0000 0.0000 0.1187 0.0675 0.0073 0.0838 0.0037 0.0012
7.7 55000.00 -3.26 0.0023 0.0000 0.0290 0.0080 0.0369 0.0000 0.0000 0.0669 0.0964 0.0000 0.0000 0.1397 0.1553 0.0133 0.1918 0.0026 0.0000
7.7 55000.00 -3.01 0.0015 0.0000 0.0297 0.0246 0.0248 0.0000 0.0000 0.0858 0.1073 0.0000 0.0000 0.1533 0.2500 0.0181 0.3070 0.0018 0.0000
7.7 55000.00 -2.76 0.0010 0.0000 0.0296 0.0597 0.0164 0.0000 0.0000 0.1003 0.1115 0.0000 0.0000 0.1573 0.3205 0.0211 0.3902 0.0013 0.0000
7.7 55000.00 -2.52 0.0000 0.0000 0.0286 0.1086 0.0113 0.0000 0.0000 0.1100 0.1100 0.0000 0.0000 0.1535 0.3682 0.0227 0.4434 0.0000 0.0000
7.7 55000.00 -2.27 0.0000 0.0000 0.0273 0.1620 0.0080 0.0000 0.0000 0.1170 0.1054 0.0000 0.0015 0.1459 0.4037 0.0234 0.4801 0.0000 0.0000
7.7 55000.00 -2.07 0.0000 0.0000 0.0260 0.2038 0.0062 0.0000 0.0000 0.1211 0.1007 0.0000 0.0024 0.1387 0.4261 0.0235 0.5015 0.0000 0.0000
7.7 55000.00 -1.76 0.0000 0.0000 0.0239 0.2658 0.0044 0.0000 0.0000 0.1261 0.0924 0.0000 0.0050 0.1262 0.4542 0.0231 0.5260 0.0000 0.0000
7.7 55000.00 -1.52 0.0000 0.0000 0.0222 0.3110 0.0034 0.0000 0.0000 0.1292 0.0853 0.0000 0.0084 0.1160 0.4724 0.0224 0.5404 0.0000 0.0000
7.7 60000.00 -4.00 0.0085 0.0000 0.0263 0.0000 0.0693 0.0000 0.0000 0.0364 0.0424 0.0000 0.0000 0.0643 0.0120 0.0013 0.0151 0.0048 0.0017
7.7 60000.00 -3.75 0.0057 0.0000 0.0273 0.0000 0.0539 0.0000 0.0000 0.0502 0.0579 0.0000 0.0000 0.0864 0.0358 0.0036 0.0447 0.0044 0.0014
7.7 60000.00 -3.50 0.0037 0.0000 0.0282 0.0035 0.0391 0.0000 0.0000 0.0671 0.0754 0.0000 0.0000 0.1106 0.0952 0.0083 0.1182 0.0035 0.0011
7.7 60000.00 -3.26 0.0024 0.0000 0.0289 0.0125 0.0264 0.0000 0.0000 0.0841 0.0910 0.0000 0.0000 0.1315 0.1877 0.0140 0.2318 0.0025 0.0000
7.7 60000.00 -3.01 0.0015 0.0000 0.0290 0.0398 0.0165 0.0000 0.0000 0.0992 0.1017 0.0000 0.0022 0.1448 0.2799 0.0186 0.3433 0.0017 0.0000
7.7 60000.00 -2.77 0.0010 0.0000 0.0278 0.0895 0.0108 0.0000 0.0000 0.1094 0.1036 0.0000 0.0040 0.1457 0.3406 0.0211 0.4142 0.0012 0.0000
7.7 60000.00 -2.52 0.0000 0.0000 0.0259 0.1522 0.0073 0.0000 0.0000 0.1164 0.0998 0.0000 0.0068 0.1390 0.3832 0.0223 0.4610 0.0000 0.0000
7.7 60000.00 -2.27 0.0000 0.0000 0.0239 0.2130 0.0052 0.0000 0.0000 0.1211 0.0937 0.0000 0.0116 0.1295 0.4140 0.0226 0.4921 0.0000 0.0000
7.7 60000.00 -2.08 0.0000 0.0000 0.0223 0.2555 0.0041 0.0000 0.0000 0.1238 0.0885 0.0000 0.0170 0.1218 0.4321 0.0224 0.5091 0.0000 0.0000
7.7 60000.00 -1.76 0.0000 0.0000 0.0198 0.3199 0.0029 0.0000 0.0000 0.1270 0.0793 0.0000 0.0291 0.1083 0.4563 0.0217 0.5301 0.0000 0.0000
7.7 60000.00 -1.51 0.0000 0.0000 0.0180 0.3630 0.0023 0.0000 0.0000 0.1289 0.0722 0.0000 0.0408 0.0981 0.4712 0.0207 0.5420 0.0000 0.0000
8.0 30000.00 -3.99 0.0297 0.0000 0.0000 0.0000 0.0639 0.0000 0.0000 0.0000 0.0050 0.0000 0.0000 0.0081 0.0000 0.0000 0.0000 0.0088 0.0028
8.0 30000.00 -3.73 0.0297 0.0000 0.0011 0.0000 0.0719 0.0000 0.0000 0.0000 0.0086 0.0000 0.0000 0.0137 0.0000 0.0000 0.0000 0.0091 0.0028
8.0 30000.00 -3.50 0.0285 0.0000 0.0012 0.0000 0.0752 0.0000 0.0000 0.0000 0.0183 0.0000 0.0000 0.0289 0.0000 0.0000 0.0000 0.0089 0.0027
8.0 30000.00 -3.25 0.0284 0.0000 0.0013 0.0000 0.0784 0.0000 0.0000 0.0000 0.0308 0.0000 0.0000 0.0481 0.0000 0.0000 0.0000 0.0090 0.0027
8.0 30000.00 -3.00 0.0281 0.0000 0.0015 0.0000 0.0800 0.0000 0.0000 0.0000 0.0479 0.0000 0.0000 0.0746 0.0000 0.0000 0.0000 0.0090 0.0027
8.0 30000.00 -2.75 0.0274 0.0000 0.0018 0.0000 0.0799 0.0000 0.0000 0.0000 0.0666 0.0000 0.0000 0.1035 0.0000 0.0000 0.0000 0.0089 0.0026
8.0 30000.00 -2.50 0.0260 0.0000 0.0024 0.0000 0.0781 0.0000 0.0000 0.0000 0.0802 0.0000 0.0000 0.1243 0.0015 0.0012 0.0018 0.0085 0.0025
8.0 30000.00 -2.25 0.0240 0.0000 0.0032 0.0000 0.0753 0.0000 0.0000 0.0000 0.0885 0.0000 0.0000 0.1365 0.0042 0.0026 0.0051 0.0080 0.0023
8.0 30000.00 -2.00 0.0216 0.0000 0.0042 0.0000 0.0719 0.0000 0.0000 0.0000 0.0929 0.0000 0.0000 0.1424 0.0092 0.0043 0.0112 0.0074 0.0021
8.0 30000.00 -1.75 0.0191 0.0000 0.0053 0.0000 0.0684 0.0000 0.0000 0.0000 0.0950 0.0000 0.0000 0.1442 0.0160 0.0063 0.0194 0.0068 0.0019
8.0 30000.00 -1.50 0.0164 0.0000 0.0065 0.0010 0.0648 0.0000 0.0000 0.0014 0.0957 0.0000 0.0000 0.1431 0.0249 0.0085 0.0296 0.0060 0.0017
8.0 32500.00 -3.99 0.0364 0.0000 0.0025 0.0000 0.0900 0.0000 0.0000 0.0000 0.0115 0.0000 0.0000 0.0184 0.0000 0.0000 0.0000 0.0112 0.0035
8.0 32500.00 -3.74 0.0359 0.0000 0.0030 0.0000 0.0972 0.0000 0.0000 0.0000 0.0191 0.0000 0.0000 0.0302 0.0000 0.0000 0.0000 0.0114 0.0035
8.0 32500.00 -3.50 0.0355 0.0000 0.0045 0.0000 0.1058 0.0000 0.0000 0.0000 0.0377 0.0000 0.0000 0.0590 0.0000 0.0000 0.0000 0.0120 0.0036
8.0 32500.00 -3.25 0.0353 0.0000 0.0050 0.0000 0.1095 0.0000 0.0000 0.0000 0.0598 0.0000 0.0000 0.0928 0.0000 0.0000 0.0000 0.0122 0.0036
8.0 32500.00 -3.02 0.0348 0.0000 0.0058 0.0000 0.1117 0.0000 0.0000 0.0000 0.0867 0.0000 0.0000 0.1337 0.0019 0.0014 0.0023 0.0122 0.0036
8.0 32500.00 -2.75 0.0334 0.0000 0.0072 0.0000 0.1127 0.0000 0.0000 0.0000 0.1145 0.0000 0.0000 0.1756 0.0066 0.0040 0.0081 0.0119 0.0035
8.0 32500.00 -2.51 0.0312 0.0000 0.0089 0.0000 0.1121 0.0000 0.0000 0.0000 0.1329 0.0000 0.0000 0.2031 0.0179 0.0079 0.0220 0.0112 0.0033
8.0 32500.00 -2.26 0.0283 0.0000 0.0110 0.0000 0.1104 0.0000 0.0000 0.0018 0.1449 0.0000 0.0000 0.2207 0.0374 0.0125 0.0458 0.0104 0.0030
8.0 32500.00 -2.00 0.0247 0.0000 0.0135 0.0020 0.1078 0.0000 0.0000 0.0036 0.1526 0.0000 0.0000 0.2313 0.0636 0.0175 0.0768 0.0094 0.0027
8.0 32500.00 -1.76 0.0209 0.0000 0.0163 0.0040 0.1044 0.0000 0.0000 0.0062 0.1572 0.0000 0.0000 0.2369 0.0942 0.0230 0.1117 0.0083 0.0024
8.0 32500.00 -1.51 0.0165 0.0000 0.0194 0.0076 0.1001 0.0000 0.0000 0.0099 0.1598 0.0000 0.0000 0.2391 0.1312 0.0291 0.1520 0.0070 0.0020
8.0 35000.00 -3.99 0.0379 0.0000 0.0064 0.0000 0.1117 0.0000 0.0000 0.0000 0.0230 0.0000 0.0000 0.0365 0.0000 0.0000 0.0000 0.0128 0.0040
8.0 35000.00 -3.74 0.0361 0.0000 0.0077 0.0000 0.1160 0.0000 0.0000 0.0000 0.0368 0.0000 0.0000 0.0577 0.0000 0.0000 0.0000 0.0130 0.0040
8.0 35000.00 -3.50 0.0307 0.0000 0.0137 0.0000 0.1237 0.0000 0.0000 0.0000 0.0648 0.0000 0.0000 0.1003 0.0022 0.0013 0.0028 0.0135 0.0040
8.0 35000.00 -3.25 0.0287 0.0000 0.0158 0.0000 0.1264 0.0000 0.0000 0.0000 0.0952 0.0000 0.0000 0.1461 0.0071 0.0040 0.0088 0.0134 0.0040
8.0 35000.00 -3.01 0.0264 0.0000 0.0183 0.0000 0.1285 0.0000 0.0000 0.0015 0.1275 0.0000 0.0000 0.1941 0.0221 0.0102 0.0273 0.0126 0.0037
8.0 35000.00 -2.75 0.0233 0.0000 0.0215 0.0013 0.1292 0.0000 0.0000 0.0033 0.1555 0.0000 0.0000 0.2350 0.0603 0.0202 0.0744 0.0112 0.0033
8.0 35000.00 -2.51 0.0194 0.0000 0.0251 0.0034 0.1279 0.0000 0.0000 0.0071 0.1747 0.0000 0.0000 0.2625 0.1208 0.0303 0.1477 0.0095 0.0028
8.0 35000.00 -2.25 0.0148 0.0000 0.0292 0.0078 0.1244 0.0000 0.0000 0.0133 0.1876 0.0000 0.0000 0.2806 0.1911 0.0400 0.2302 0.0079 0.0023
8.0 35000.00 -2.00 0.0101 0.0000 0.0333 0.0154 0.1192 0.0000 0.0000 0.0220 0.1961 0.0000 0.0000 0.2918 0.2651 0.0493 0.3128 0.0063 0.0018
8.0 35000.00 -1.76 0.0060 0.0000 0.0368 0.0272 0.1126 0.0000 0.0000 0.0327 0.2014 0.0000 0.0000 0.2981 0.3396 0.0575 0.3918 0.0049 0.0014
8.0 35000.00 -1.51 0.0032 0.0000 0.0392 0.0446 0.1044 0.0000 0.0000 0.0459 0.2044 0.0000 0.0000 0.3008 0.4140 0.0643 0.4665 0.0037 0.0011
8.0 37500.00 -3.99 0.0287 0.0000 0.0171 0.0000 0.1264 0.0000 0.0000 0.0000 0.0386 0.0000 0.0000 0.0607 0.0014 0.0000 0.0018 0.0136 0.0043
8.0 37500.00 -3.74 0.0238 0.0000 0.0206 0.0000 0.1267 0.0000 0.0000 0.0013 0.0592 0.0000 0.0000 0.0920 0.0043 0.0014 0.0054 0.0136 0.0041
8.0 37500.00 -3.50 0.0186 0.0000 0.0258 0.0000 0.1305 0.0000 0.0000 0.0022 0.0897 0.0000 0.0000 0.1380 0.0110 0.0046 0.0137 0.0135 0.0041
8.0 37500.00 -3.25 0.0141 0.0000 0.0299 0.0000 0.1305 0.0000 0.0000 0.0043 0.1232 0.0000 0.0000 0.1876 0.0352 0.0130 0.0436 0.0124 0.0037
8.0 37500.00 -3.00 0.0101 0.0000 0.0337 0.0023 0.1293 0.0000 0.0000 0.0088 0.1547 0.0000 0.0000 0.2335 0.0982 0.0275 0.1212 0.0101 0.0030
8.0 37500.00 -2.75 0.0068 0.0000 0.0369 0.0068 0.1250 0.0000 0.0000 0.0177 0.1783 0.0000 0.0000 0.2672 0.2037 0.0425 0.2498 0.0077 0.0023
8.0 37500.00 -2.50 0.0043 0.0000 0.0393 0.0165 0.1168 0.0000 0.0000 0.0321 0.1933 0.0000 0.0000 0.2880 0.3144 0.0542 0.3802 0.0058 0.0017
8.0 37500.00 -2.25 0.0027 0.0000 0.0408 0.0335 0.1063 0.0000 0.0000 0.0498 0.2018 0.0000 0.0000 0.2991 0.4110 0.0629 0.4875 0.0043 0.0013
8.0 37500.00 -2.00 0.0018 0.0000 0.0417 0.0592 0.0947 0.0000 0.0000 0.0693 0.2060 0.0000 0.0000 0.3035 0.4944 0.0694 0.5737 0.0033 0.0000
8.0 37500.00 -1.75 0.0012 0.0000 0.0421 0.0946 0.0821 0.0000 0.0000 0.0903 0.2069 0.0000 0.0000 0.3028 0.5670 0.0743 0.6431 0.0025 0.0000
8.0 37500.00 -1.51 0.0000 0.0000 0.0422 0.1387 0.0696 0.0000 0.0000 0.1113 0.2052 0.0000 0.0000 0.2983 0.6271 0.0779 0.6958 0.0020 0.0000
8.0 40000.00 -3.99 0.0180 0.0000 0.0313 0.0000 0.1472 0.0000 0.0000 0.0111 0.0654 0.0000 0.0000 0.1017 0.0085 0.0018 0.0106 0.0150 0.0049
8.0 40000.00 -3.74 0.0127 0.0000 0.0345 0.0000 0.1370 0.0000 0.0000 0.0185 0.0934 0.0000 0.0000 0.1431 0.0264 0.0056 0.0329 0.0144 0.0045
8.0 40000.00 -3.50 0.0097 0.0000 0.0362 0.0010 0.1362 0.0000 0.0000 0.0126 0.1236 0.0000 0.0000 0.1878 0.0472 0.0131 0.0586 0.0131 0.0040
8.0 40000.00 -3.25 0.0062 0.0000 0.0391 0.0037 0.1285 0.0000 0.0000 0.0230 0.1559 0.0000 0.0000 0.2344 0.1313 0.0292 0.1624 0.0105 0.0032
8.0 40000.00 -3.00 0.0038 0.0000 0.0412 0.0124 0.1158 0.0000 0.0000 0.0427 0.1826 0.0000 0.0000 0.2723 0.2844 0.0483 0.3500 0.0073 0.0022
8.0 40000.00 -2.75 0.0024 0.0000 0.0426 0.0330 0.0986 0.0000 0.0000 0.0703 0.1984 0.0000 0.0000 0.2936 0.4304 0.0617 0.5240 0.0051 0.0015
8.0 40000.00 -2.49 0.0016 0.0000 0.0433 0.0731 0.0798 0.0000 0.0000 0.1012 0.2055 0.0000 0.0000 0.3018 0.5434 0.0706 0.6500 0.0036 0.0011
8.0 40000.00 -2.24 0.0011 0.0000 0.0435 0.1293 0.0639 0.0000 0.0000 0.1281 0.2060 0.0000 0.0000 0.3002 0.6243 0.0764 0.7316 0.0028 0.0000
8.0 40000.00 -2.00 0.0000 0.0000 0.0431 0.1962 0.0507 0.0000 0.0000 0.1511 0.2026 0.0000 0.0000 0.2930 0.6865 0.0805 0.7876 0.0022 0.0000
8.0 40000.00 -1.74 0.0000 0.0000 0.0424 0.2768 0.0392 0.0000 0.0000 0.1718 0.1962 0.0000 0.0000 0.2812 0.7405 0.0839 0.8303 0.0017 0.0000
8.0 40000.00 -1.49 0.0000 0.0000 0.0413 0.3619 0.0305 0.0000 0.0000 0.1884 0.1878 0.0000 0.0000 0.2668 0.7844 0.0864 0.8606 0.0015 0.0000
8.0 45000.00 -3.99 0.0166 0.0000 0.0347 0.0000 0.1449 0.0000 0.0000 0.0324 0.0775 0.0000 0.0000 0.1200 0.0128 0.0024 0.0161 0.0157 0.0052
8.0 45000.00 -3.74 0.0115 0.0000 0.0375 0.0000 0.1255 0.0000 0.0000 0.0501 0.1073 0.0000 0.0000 0.1636 0.0394 0.0072 0.0492 0.0149 0.0048
8.0 45000.00 -3.50 0.0077 0.0000 0.0395 0.0019 0.1196 0.0000 0.0000 0.0483 0.1402 0.0000 0.0000 0.2115 0.0706 0.0166 0.0876 0.0132 0.0041
8.0 45000.00 -3.24 0.0048 0.0000 0.0417 0.0070 0.0990 0.0000 0.0000 0.0772 0.1711 0.0000 0.0000 0.2555 0.1873 0.0351 0.2316 0.0100 0.0031
8.0 45000.00 -2.99 0.0030 0.0000 0.0432 0.0221 0.0747 0.0000 0.0000 0.1139 0.1940 0.0000 0.0000 0.2870 0.3574 0.0536 0.4392 0.0069 0.0021
8.0 45000.00 -2.74 0.0019 0.0000 0.0437 0.0583 0.0527 0.0000 0.0000 0.1491 0.2064 0.0000 0.0000 0.3027 0.5062 0.0664 0.6146 0.0047 0.0015
8.0 45000.00 -2.49 0.0013 0.0000 0.0432 0.1195 0.0372 0.0000 0.0000 0.1754 0.2092 0.0000 0.0000 0.3041 0.6100 0.0742 0.7275 0.0035 0.0011
8.0 45000.00 -2.25 0.0000 0.0000 0.0419 0.1966 0.0268 0.0000 0.0000 0.1944 0.2059 0.0000 0.0000 0.2968 0.6851 0.0792 0.8005 0.0027 0.0000
8.0 45000.00 -1.99 0.0000 0.0000 0.0402 0.2855 0.0193 0.0000 0.0000 0.2092 0.1989 0.0000 0.0000 0.2844 0.7465 0.0825 0.8530 0.0021 0.0000
8.0 45000.00 -1.74 0.0000 0.0000 0.0382 0.3800 0.0142 0.0000 0.0000 0.2207 0.1896 0.0000 0.0000 0.2687 0.7972 0.0845 0.8907 0.0017 0.0000
8.0 45000.00 -1.49 0.0000 0.0000 0.0359 0.4757 0.0107 0.0000 0.0000 0.2297 0.1786 0.0000 0.0013 0.2511 0.8400 0.0854 0.9182 0.0015 0.0000
8.0 50000.00 -3.99 0.0155 0.0000 0.0374 0.0000 0.1332 0.0000 0.0000 0.0680 0.0819 0.0000 0.0000 0.1265 0.0194 0.0032 0.0245 0.0162 0.0055
8.0 50000.00 -3.75 0.0106 0.0000 0.0397 0.0015 0.1049 0.0000 0.0000 0.0943 0.1119 0.0000 0.0000 0.1700 0.0587 0.0092 0.0733 0.0151 0.0049
8.0 50000.00 -3.50 0.0068 0.0000 0.0414 0.0037 0.0974 0.0000 0.0000 0.0913 0.1456 0.0000 0.0000 0.2187 0.1174 0.0210 0.1458 0.0129 0.0040
8.0 50000.00 -3.25 0.0043 0.0000 0.0431 0.0133 0.0714 0.0000 0.0000 0.1266 0.1751 0.0000 0.0000 0.2601 0.2702 0.0405 0.3340 0.0095 0.0030
8.0 50000.00 -2.99 0.0027 0.0000 0.0439 0.0425 0.0474 0.0000 0.0000 0.1620 0.1957 0.0000 0.0013 0.2879 0.4511 0.0580 0.5536 0.0063 0.0020
8.0 50000.00 -2.74 0.0017 0.0000 0.0433 0.1077 0.0305 0.0000 0.0000 0.1890 0.2032 0.0000 0.0024 0.2961 0.5870 0.0684 0.7110 0.0044 0.0014
8.0 50000.00 -2.49 0.0012 0.0000 0.0415 0.2024 0.0205 0.0000 0.0000 0.2069 0.1999 0.0000 0.0037 0.2886 0.6771 0.0732 0.8053 0.0032 0.0010
8.0 50000.00 -2.24 0.0000 0.0000 0.0392 0.3071 0.0144 0.0000 0.0000 0.2195 0.1912 0.0000 0.0061 0.2737 0.7430 0.0747 0.8657 0.0025 0.0000
8.0 50000.00 -1.99 0.0000 0.0000 0.0365 0.4136 0.0103 0.0000 0.0000 0.2291 0.1798 0.0000 0.0112 0.2551 0.7958 0.0741 0.9076 0.0021 0.0000
8.0 50000.00 -1.74 0.0000 0.0000 0.0338 0.5158 0.0076 0.0000 0.0000 0.2369 0.1668 0.0000 0.0201 0.2348 0.8390 0.0719 0.9380 0.0017 0.0000
8.0 50000.00 -1.49 0.0000 0.0000 0.0310 0.6109 0.0057 0.0000 0.0000 0.2434 0.1530 0.0000 0.0331 0.2137 0.8750 0.0686 0.9612 0.0015 0.0000
8.0 55000.00 -4.00 0.0135 0.0000 0.0399 0.0000 0.1489 0.0000 0.0000 0.0414 0.0917 0.0000 0.0000 0.1412 0.0150 0.0036 0.0189 0.0165 0.0055
8.0 55000.00 -3.75 0.0090 0.0000 0.0417 0.0011 0.1253 0.0000 0.0000 0.0619 0.1222 0.0000 0.0000 0.1851 0.0458 0.0102 0.0573 0.0152 0.0049
8.0 55000.00 -3.50 0.0058 0.0000 0.0433 0.0041 0.1005 0.0000 0.0000 0.0905 0.1539 0.0000 0.0000 0.2299 0.1283 0.0246 0.1595 0.0127 0.0040
8.0 55000.00 -3.25 0.0036 0.0000 0.0446 0.0153 0.0733 0.0000 0.0000 0.1273 0.1829 0.0000 0.0000 0.2699 0.2950 0.0452 0.3646 0.0090 0.0028
8.0 55000.00 -3.00 0.0023 0.0000 0.0453 0.0479 0.0491 0.0000 0.0000 0.1631 0.2018 0.0000 0.0000 0.2946 0.4753 0.0618 0.5829 0.0060 0.0019
8.0 55000.00 -2.75 0.0015 0.0000 0.0448 0.1191 0.0322 0.0000 0.0000 0.1907 0.2077 0.0000 0.0012 0.3002 0.6079 0.0720 0.7355 0.0042 0.0013
8.0 55000.00 -2.50 0.0011 0.0000 0.0431 0.2190 0.0220 0.0000 0.0000 0.2091 0.2033 0.0000 0.0018 0.2910 0.6973 0.0772 0.8283 0.0031 0.0000
8.0 55000.00 -2.25 0.0000 0.0000 0.0409 0.3279 0.0156 0.0000 0.0000 0.2223 0.1940 0.0000 0.0028 0.2753 0.7650 0.0796 0.8894 0.0025 0.0000
8.0 55000.00 -2.00 0.0000 0.0000 0.0385 0.4353 0.0114 0.0000 0.0000 0.2323 0.1826 0.0000 0.0048 0.2569 0.8191 0.0800 0.9312 0.0020 0.0000
8.0 55000.00 -1.75 0.0000 0.0000 0.0359 0.5402 0.0085 0.0000 0.0000 0.2405 0.1697 0.0000 0.0087 0.2368 0.8645 0.0789 0.9615 0.0016 0.0000
8.0 55000.00 -1.50 0.0000 0.0000 0.0332 0.6336 0.0065 0.0000 0.0000 0.2471 0.1566 0.0000 0.0148 0.2172 0.9014 0.0768 0.9832 0.0014 0.0000
8.0 60000.00 -4.00 0.0134 0.0000 0.0410 0.0000 0.1367 0.0000 0.0000 0.0703 0.0812 0.0000 0.0000 0.1248 0.0231 0.0044 0.0292 0.0167 0.0057
8.0 60000.00 -3.75 0.0089 0.0000 0.0424 0.0016 0.1069 0.0000 0.0000 0.0968 0.1111 0.0000 0.0000 0.1678 0.0687 0.0122 0.0859 0.0152 0.0050
8.0 60000.00 -3.50 0.0058 0.0000 0.0438 0.0066 0.0780 0.0000 0.0000 0.1293 0.1442 0.0000 0.0000 0.2149 0.1823 0.0284 0.2265 0.0122 0.0039
8.0 60000.00 -3.25 0.0037 0.0000 0.0447 0.0238 0.0527 0.0000 0.0000 0.1619 0.1734 0.0000 0.0015 0.2552 0.3596 0.0480 0.4443 0.0086 0.0028
8.0 60000.00 -2.99 0.0023 0.0000 0.0445 0.0779 0.0327 0.0000 0.0000 0.1909 0.1924 0.0000 0.0042 0.2797 0.5359 0.0640 0.6563 0.0057 0.0018
8.0 60000.00 -2.75 0.0016 0.0000 0.0424 0.1790 0.0210 0.0000 0.0000 0.2099 0.1942 0.0000 0.0076 0.2795 0.6504 0.0725 0.7858 0.0041 0.0013
8.0 60000.00 -2.50 0.0012 0.0000 0.0392 0.3075 0.0141 0.0000 0.0000 0.2229 0.1856 0.0000 0.0123 0.2646 0.7309 0.0764 0.8668 0.0031 0.0000
8.0 60000.00 -2.25 0.0000 0.0000 0.0360 0.4317 0.0100 0.0000 0.0000 0.2321 0.1736 0.0000 0.0207 0.2453 0.7904 0.0774 0.9182 0.0024 0.0000
8.0 60000.00 -2.00 0.0000 0.0000 0.0329 0.5462 0.0074 0.0000 0.0000 0.2390 0.1604 0.0000 0.0344 0.2249 0.8369 0.0766 0.9532 0.0020 0.0000
8.0 60000.00 -1.75 0.0000 0.0000 0.0299 0.6510 0.0056 0.0000 0.0000 0.2445 0.1466 0.0000 0.0525 0.2041 0.8751 0.0745 0.9792 0.0017 0.0000
8.0 60000.00 -1.50 0.0000 0.0000 0.0271 0.7401 0.0044 0.0000 0.0000 0.2488 0.1333 0.0000 0.0741 0.1846 0.9060 0.0714 0.9983 0.0014 0.0000
8.3 30000.00 -3.98 0.0632 0.0000 0.0018 0.0000 0.1064 0.0000 0.0000 0.0000 0.0075 0.0000 0.0000 0.0126 0.0000 0.0000 0.0000 0.0253 0.0079
8.3 30000.00 -3.72 0.0639 0.0000 0.0022 0.0000 0.1242 0.0000 0.0000 0.0000 0.0131 0.0000 0.0000 0.0217 0.0000 0.0000 0.0000 0.0264 0.0080
8.3 30000.00 -3.48 0.0628 0.0000 0.0027 0.0000 0.1350 0.0000 0.0000 0.0000 0.0293 0.0000 0.0000 0.0479 0.0000 0.0000 0.0000 0.0266 0.0080
8.3 30000.00 -3.23 0.0636 0.0000 0.0030 0.0000 0.1438 0.0000 0.0000 0.0000 0.0513 0.0000 0.0000 0.0829 0.0000 0.0000 0.0000 0.0274 0.0081
8.3 30000.00 -2.98 0.0639 0.0000 0.0034 0.0000 0.1490 0.0000 0.0000 0.0000 0.0832 0.0000 0.0000 0.1335 0.0000 0.0000 0.0000 0.0279 0.0082
8.3 30000.00 -2.72 0.0627 0.0000 0.0041 0.0000 0.1498 0.0000 0.0000 0.0000 0.1188 0.0000 0.0000 0.1897 0.0000 0.0013 0.0000 0.0276 0.0080
8.3 30000.00 -2.47 0.0598 0.0000 0.0054 0.0000 0.1474 0.0000 0.0000 0.0000 0.1451 0.0000 0.0000 0.2309 0.0026 0.0037 0.0031 0.0267 0.0077
8.3 30000.00 -2.22 0.0556 0.0000 0.0073 0.0000 0.1427 0.0000 0.0000 0.0000 0.1611 0.0000 0.0000 0.2553 0.0071 0.0079 0.0087 0.0251 0.0072
8.3 30000.00 -1.97 0.0504 0.0000 0.0096 0.0000 0.1368 0.0000 0.0000 0.0000 0.1698 0.0000 0.0000 0.2673 0.0156 0.0134 0.0188 0.0232 0.0066
8.3 30000.00 -1.73 0.0448 0.0000 0.0121 0.0000 0.1306 0.0000 0.0000 0.0012 0.1735 0.0000 0.0000 0.2710 0.0269 0.0196 0.0319 0.0212 0.0060
8.3 30000.00 -1.48 0.0386 0.0000 0.0151 0.0019 0.1242 0.0000 0.0000 0.0021 0.1744 0.0000 0.0000 0.2692 0.0412 0.0267 0.0474 0.0189 0.0054
8.3 32500.00 -3.98 0.0769 0.0000 0.0051 0.0000 0.1512 0.0000 0.0000 0.0000 0.0170 0.0000 0.0000 0.0285 0.0000 0.0000 0.0000 0.0318 0.0100
8.3 32500.00 -3.73 0.0766 0.0000 0.0063 0.0000 0.1677 0.0000 0.0000 0.0000 0.0291 0.0000 0.0000 0.0479 0.0000 0.0000 0.0000 0.0330 0.0101
8.3 32500.00 -3.49 0.0772 0.0000 0.0098 0.0000 0.1878 0.0000 0.0000 0.0000 0.0601 0.0000 0.0000 0.0974 0.0000 0.0000 0.0000 0.0353 0.0106
8.3 32500.00 -3.23 0.0779 0.0000 0.0112 0.0000 0.1979 0.0000 0.0000 0.0000 0.0993 0.0000 0.0000 0.1590 0.0011 0.0015 0.0014 0.0367 0.0109
8.3 32500.00 -2.99 0.0776 0.0000 0.0130 0.0000 0.2040 0.0000 0.0000 0.0000 0.1479 0.0000 0.0000 0.2351 0.0032 0.0042 0.0040 0.0373 0.0110
8.3 32500.00 -2.72 0.0751 0.0000 0.0160 0.0000 0.2071 0.0000 0.0000 0.0000 0.2007 0.0000 0.0000 0.3171 0.0111 0.0122 0.0137 0.0366 0.0107
8.3 32500.00 -2.48 0.0706 0.0000 0.0199 0.0000 0.2069 0.0000 0.0000 0.0013 0.2353 0.0000 0.0000 0.3703 0.0301 0.0247 0.0368 0.0347 0.0101
8.3 32500.00 -2.23 0.0646 0.0000 0.0246 0.0017 0.2045 0.0000 0.0000 0.0028 0.2576 0.0000 0.0000 0.4039 0.0628 0.0393 0.0759 0.0321 0.0093
8.3 32500.00 -1.98 0.0572 0.0000 0.0302 0.0038 0.2005 0.0000 0.0000 0.0055 0.2719 0.0000 0.0000 0.4244 0.1065 0.0553 0.1255 0.0291 0.0084
8.3 32500.00 -1.73 0.0488 0.0000 0.0364 0.0075 0.1952 0.0000 0.0000 0.0094 0.2802 0.0000 0.0000 0.4353 0.1570 0.0724 0.1788 0.0259 0.0075
8.3 32500.00 -1.48 0.0394 0.0000 0.0433 0.0140 0.1883 0.0000 0.0000 0.0150 0.2847 0.0000 0.0000 0.4396 0.2175 0.0917 0.2380 0.0221 0.0064
8.3 35000.00 -3.98 0.0813 0.0000 0.0130 0.0000 0.1915 0.0000 0.0000 0.0000 0.0349 0.0000 0.0000 0.0579 0.0000 0.0000 0.0000 0.0369 0.0116
8.3 35000.00 -3.73 0.0780 0.0000 0.0163 0.0000 0.2027 0.0000 0.0000 0.0000 0.0573 0.0000 0.0000 0.0934 0.0000 0.0000 0.0011 0.0379 0.0116
8.3 35000.00 -3.49 0.0680 0.0000 0.0298 0.0000 0.2208 0.0000 0.0000 0.0000 0.1052 0.0000 0.0000 0.1685 0.0039 0.0038 0.0048 0.0402 0.0120
8.3 35000.00 -3.23 0.0641 0.0000 0.0350 0.0000 0.2282 0.0000 0.0000 0.0012 0.1595 0.0000 0.0000 0.2527 0.0123 0.0116 0.0151 0.0404 0.0119
8.3 35000.00 -2.97 0.0727 0.0000 0.0265 0.0000 0.2275 0.0000 0.0000 0.0000 0.2019 0.0000 0.0000 0.3186 0.0218 0.0158 0.0268 0.0397 0.0117
8.3 35000.00 -2.72 0.0530 0.0000 0.0478 0.0024 0.2358 0.0000 0.0000 0.0052 0.2702 0.0000 0.0000 0.4220 0.1022 0.0630 0.1252 0.0343 0.0100
8.3 35000.00 -2.47 0.0449 0.0000 0.0556 0.0065 0.2343 0.0000 0.0000 0.0109 0.3048 0.0000 0.0000 0.4739 0.2054 0.0957 0.2477 0.0294 0.0086
8.3 35000.00 -2.22 0.0352 0.0000 0.0644 0.0148 0.2291 0.0000 0.0000 0.0206 0.3274 0.0000 0.0000 0.5070 0.3253 0.1266 0.3809 0.0246 0.0072
8.3 35000.00 -1.97 0.0247 0.0000 0.0734 0.0293 0.2210 0.0000 0.0000 0.0343 0.3418 0.0000 0.0000 0.5272 0.4520 0.1561 0.5095 0.0198 0.0058
8.3 35000.00 -1.73 0.0152 0.0000 0.0815 0.0516 0.2105 0.0000 0.0000 0.0511 0.3504 0.0000 0.0000 0.5380 0.5807 0.1826 0.6294 0.0154 0.0045
8.3 35000.00 -1.49 0.0080 0.0000 0.0875 0.0845 0.1972 0.0000 0.0000 0.0722 0.3548 0.0000 0.0000 0.5421 0.7128 0.2051 0.7426 0.0116 0.0034
8.3 37500.00 -3.99 0.0645 0.0000 0.0362 0.0000 0.2223 0.0000 0.0000 0.0012 0.0607 0.0000 0.0000 0.0993 0.0024 0.0012 0.0030 0.0401 0.0127
8.3 37500.00 -3.73 0.0541 0.0000 0.0447 0.0000 0.2259 0.0000 0.0000 0.0021 0.0953 0.0000 0.0000 0.1533 0.0074 0.0039 0.0092 0.0405 0.0124
8.3 37500.00 -3.49 0.0427 0.0000 0.0571 0.0000 0.2352 0.0000 0.0000 0.0036 0.1486 0.0000 0.0000 0.2360 0.0190 0.0134 0.0234 0.0410 0.0122
8.3 37500.00 -3.23 0.0325 0.0000 0.0669 0.0011 0.2372 0.0000 0.0000 0.0070 0.2092 0.0000 0.0000 0.3289 0.0603 0.0389 0.0743 0.0381 0.0112
8.3 37500.00 -2.98 0.0233 0.0000 0.0759 0.0042 0.2363 0.0000 0.0000 0.0141 0.2670 0.0000 0.0000 0.4166 0.1690 0.0857 0.2074 0.0314 0.0092
8.3 37500.00 -2.72 0.0157 0.0000 0.0831 0.0127 0.2297 0.0000 0.0000 0.0282 0.3095 0.0000 0.0000 0.4805 0.3545 0.1356 0.4296 0.0238 0.0069
8.3 37500.00 -2.47 0.0100 0.0000 0.0884 0.0315 0.2164 0.0000 0.0000 0.0516 0.3355 0.0000 0.0000 0.5186 0.5523 0.1742 0.6516 0.0178 0.0052
8.3 37500.00 -2.22 0.0063 0.0000 0.0918 0.0648 0.1987 0.0000 0.0000 0.0812 0.3496 0.0000 0.0000 0.5381 0.7257 0.2025 0.8254 0.0133 0.0039
8.3 37500.00 -1.97 0.0040 0.0000 0.0937 0.1147 0.1788 0.0000 0.0000 0.1142 0.3559 0.0000 0.0000 0.5451 0.8767 0.2234 0.9591 0.0101 0.0030
8.3 37500.00 -1.73 0.0027 0.0000 0.0946 0.1832 0.1569 0.0000 0.0000 0.1505 0.3564 0.0000 0.0000 0.5428 1.0100 0.2390 1.0632 0.0077 0.0023
8.3 37500.00 -1.48 0.0019 0.0000 0.0946 0.2680 0.1346 0.0000 0.0000 0.1878 0.3524 0.0000 0.0000 0.5337 1.1218 0.2504 1.1398 0.0060 0.0018
8.3 40000.00 -3.99 0.0424 0.0000 0.0711 0.0000 0.2692 0.0000 0.0000 0.0189 0.1098 0.0000 0.0000 0.1760 0.0148 0.0054 0.0185 0.0464 0.0152
8.3 40000.00 -3.73 0.0300 0.0000 0.0789 0.0000 0.2531 0.0000 0.0000 0.0313 0.1590 0.0000 0.0000 0.2513 0.0461 0.0164 0.0572 0.0451 0.0142
8.3 40000.00 -3.49 0.0228 0.0000 0.0826 0.0017 0.2510 0.0000 0.0000 0.0208 0.2121 0.0000 0.0000 0.3325 0.0821 0.0393 0.1015 0.0412 0.0126
8.3 40000.00 -3.23 0.0146 0.0000 0.0892 0.0064 0.2385 0.0000 0.0000 0.0381 0.2709 0.0000 0.0000 0.4212 0.2293 0.0910 0.2824 0.0333 0.0100
8.3 40000.00 -2.97 0.0088 0.0000 0.0938 0.0225 0.2165 0.0000 0.0000 0.0707 0.3185 0.0000 0.0000 0.4922 0.5018 0.1546 0.6125 0.0231 0.0069
8.3 40000.00 -2.72 0.0054 0.0000 0.0965 0.0627 0.1853 0.0000 0.0000 0.1191 0.3455 0.0000 0.0000 0.5311 0.7707 0.1998 0.9215 0.0158 0.0048
8.3 40000.00 -2.46 0.0035 0.0000 0.0978 0.1417 0.1512 0.0000 0.0000 0.1740 0.3563 0.0000 0.0000 0.5442 0.9765 0.2290 1.1300 0.0112 0.0034
8.3 40000.00 -2.21 0.0025 0.0000 0.0979 0.2533 0.1217 0.0000 0.0000 0.2232 0.3556 0.0000 0.0000 0.5394 1.1259 0.2479 1.2556 0.0084 0.0026
8.3 40000.00 -1.97 0.0018 0.0000 0.0972 0.3840 0.0971 0.0000 0.0000 0.2656 0.3484 0.0000 0.0000 0.5245 1.2405 0.2610 1.3345 0.0066 0.0020
8.3 40000.00 -1.71 0.0014 0.0000 0.0955 0.5398 0.0755 0.0000 0.0000 0.3046 0.3363 0.0000 0.0000 0.5018 1.3404 0.2714 1.3899 0.0053 0.0016
8.3 40000.00 -1.47 0.0011 0.0000 0.0931 0.7031 0.0588 0.0000 0.0000 0.3362 0.3211 0.0000 0.0000 0.4749 1.4221 0.2791 1.4258 0.0044 0.0014
8.3 45000.00 -3.99 0.0397 0.0000 0.0803 0.0000 0.2690 0.0000 0.0000 0.0564 0.1335 0.0000 0.0000 0.2126 0.0228 0.0072 0.0286 0.0497 0.0165
8.3 45000.00 -3.74 0.0275 0.0000 0.0870 0.0014 0.2361 0.0000 0.0000 0.0870 0.1867 0.0000 0.0000 0.2930 0.0698 0.0216 0.0869 0.0475 0.0151
8.3 45000.00 -3.48 0.0183 0.0000 0.0912 0.0032 0.2253 0.0000 0.0000 0.0826 0.2448 0.0000 0.0000 0.3811 0.1239 0.0509 0.1535 0.0420 0.0130
8.3 45000.00 -3.23 0.0114 0.0000 0.0959 0.0123 0.1886 0.0000 0.0000 0.1329 0.3010 0.0000 0.0000 0.4647 0.3311 0.1112 0.4080 0.0323 0.0098
8.3 45000.00 -2.97 0.0069 0.0000 0.0987 0.0407 0.1435 0.0000 0.0000 0.1988 0.3409 0.0000 0.0000 0.5230 0.6396 0.1736 0.7796 0.0219 0.0067
8.3 45000.00 -2.71 0.0043 0.0000 0.0993 0.1119 0.1011 0.0000 0.0000 0.2640 0.3608 0.0000 0.0000 0.5499 0.9132 0.2164 1.0878 0.0148 0.0045
8.3 45000.00 -2.46 0.0029 0.0000 0.0978 0.2317 0.0715 0.0000 0.0000 0.3128 0.3634 0.0000 0.0000 0.5497 1.1012 0.2417 1.2700 0.0107 0.0033
8.3 45000.00 -2.22 0.0021 0.0000 0.0948 0.3856 0.0513 0.0000 0.0000 0.3490 0.3558 0.0000 0.0000 0.5338 1.2412 0.2580 1.3803 0.0082 0.0025
8.3 45000.00 -1.96 0.0016 0.0000 0.0908 0.5585 0.0371 0.0000 0.0000 0.3770 0.3424 0.0000 0.0000 0.5092 1.3545 0.2686 1.4515 0.0065 0.0020
8.3 45000.00 -1.72 0.0013 0.0000 0.0861 0.7405 0.0272 0.0000 0.0000 0.3989 0.3254 0.0000 0.0012 0.4796 1.4488 0.2751 1.4980 0.0053 0.0017
8.3 45000.00 -1.47 0.0011 0.0000 0.0809 0.9241 0.0204 0.0000 0.0000 0.4165 0.3061 0.0000 0.0020 0.4473 1.5291 0.2783 1.5289 0.0045 0.0014
8.3 50000.00 -3.99 0.0374 0.0000 0.0877 0.0000 0.2502 0.0000 0.0000 0.1213 0.1435 0.0000 0.0000 0.2276 0.0350 0.0097 0.0441 0.0520 0.0176
8.3 50000.00 -3.74 0.0256 0.0000 0.0929 0.0025 0.2002 0.0000 0.0000 0.1689 0.1974 0.0000 0.0000 0.3086 0.1049 0.0281 0.1308 0.0488 0.0159
8.3 50000.00 -3.49 0.0164 0.0000 0.0963 0.0064 0.1865 0.0000 0.0000 0.1612 0.2572 0.0000 0.0000 0.3985 0.2086 0.0655 0.2586 0.0416 0.0131
8.3 50000.00 -3.23 0.0102 0.0000 0.0997 0.0236 0.1381 0.0000 0.0000 0.2254 0.3103 0.0000 0.0000 0.4767 0.4841 0.1298 0.5963 0.0307 0.0096
8.3 50000.00 -2.97 0.0062 0.0000 0.1009 0.0789 0.0916 0.0000 0.0000 0.2911 0.3459 0.0000 0.0022 0.5276 0.8165 0.1894 0.9930 0.0203 0.0063
8.3 50000.00 -2.71 0.0039 0.0000 0.0990 0.2079 0.0585 0.0000 0.0000 0.3419 0.3569 0.0000 0.0040 0.5400 1.0674 0.2248 1.2670 0.0138 0.0043
8.3 50000.00 -2.47 0.0028 0.0000 0.0946 0.3926 0.0394 0.0000 0.0000 0.3748 0.3489 0.0000 0.0062 0.5232 1.2309 0.2406 1.4149 0.0102 0.0032
8.3 50000.00 -2.22 0.0021 0.0000 0.0890 0.6011 0.0274 0.0000 0.0000 0.3990 0.3319 0.0000 0.0103 0.4932 1.3557 0.2459 1.5031 0.0079 0.0025
8.3 50000.00 -2.01 0.0017 0.0000 0.0841 0.7730 0.0208 0.0000 0.0000 0.4148 0.3149 0.0000 0.0170 0.4644 1.4402 0.2450 1.5504 0.0066 0.0021
8.3 50000.00 -1.76 0.0014 0.0000 0.0778 0.9738 0.0152 0.0000 0.0000 0.4307 0.2922 0.0000 0.0312 0.4270 1.5264 0.2394 1.5905 0.0054 0.0017
8.3 50000.00 -1.47 0.0012 0.0000 0.0705 1.1862 0.0110 0.0000 0.0000 0.4462 0.2648 0.0000 0.0566 0.3831 1.6094 0.2281 1.6246 0.0045 0.0014
8.3 55000.00 -3.99 0.0326 0.0000 0.0944 0.0000 0.2811 0.0000 0.0000 0.0739 0.1631 0.0000 0.0000 0.2576 0.0270 0.0111 0.0341 0.0534 0.0180
8.3 55000.00 -3.74 0.0217 0.0000 0.0984 0.0019 0.2394 0.0000 0.0000 0.1104 0.2186 0.0000 0.0000 0.3405 0.0827 0.0319 0.1032 0.0496 0.0161
8.3 55000.00 -3.49 0.0140 0.0000 0.1018 0.0072 0.1942 0.0000 0.0000 0.1621 0.2767 0.0000 0.0000 0.4257 0.2314 0.0781 0.2872 0.0417 0.0132
8.3 55000.00 -3.23 0.0086 0.0000 0.1042 0.0275 0.1426 0.0000 0.0000 0.2292 0.3287 0.0000 0.0000 0.5008 0.5352 0.1473 0.6597 0.0296 0.0093
8.3 55000.00 -2.97 0.0053 0.0000 0.1050 0.0900 0.0954 0.0000 0.0000 0.2961 0.3609 0.0000 0.0011 0.5453 0.8689 0.2041 1.0568 0.0195 0.0061
8.3 55000.00 -2.72 0.0035 0.0000 0.1033 0.2316 0.0618 0.0000 0.0000 0.3479 0.3684 0.0000 0.0020 0.5519 1.1144 0.2380 1.3226 0.0133 0.0042
8.3 55000.00 -2.47 0.0025 0.0000 0.0991 0.4314 0.0420 0.0000 0.0000 0.3823 0.3577 0.0000 0.0031 0.5311 1.2794 0.2552 1.4692 0.0099 0.0031
8.3 55000.00 -2.22 0.0019 0.0000 0.0938 0.6461 0.0297 0.0000 0.0000 0.4072 0.3395 0.0000 0.0048 0.4995 1.4054 0.2629 1.5558 0.0077 0.0024
8.3 55000.00 -2.03 0.0016 0.0000 0.0894 0.8122 0.0232 0.0000 0.0000 0.4227 0.3231 0.0000 0.0072 0.4721 1.4878 0.2646 1.6000 0.0064 0.0020
8.3 55000.00 -1.72 0.0012 0.0000 0.0822 1.0582 0.0162 0.0000 0.0000 0.4425 0.2956 0.0000 0.0148 0.4275 1.5950 0.2618 1.6443 0.0051 0.0016
8.3 55000.00 -1.48 0.0011 0.0000 0.0761 1.2390 0.0125 0.0000 0.0000 0.4556 0.2728 0.0000 0.0253 0.3915 1.6667 0.2556 1.6678 0.0044 0.0014
8.3 60000.00 -3.99 0.0326 0.0000 0.0977 0.0000 0.2605 0.0000 0.0000 0.1280 0.1456 0.0000 0.0000 0.2293 0.0422 0.0139 0.0533 0.0548 0.0188
8.3 60000.00 -3.74 0.0218 0.0000 0.1009 0.0028 0.2065 0.0000 0.0000 0.1767 0.1998 0.0000 0.0000 0.3103 0.1250 0.0386 0.1562 0.0500 0.0165
8.3 60000.00 -3.49 0.0139 0.0000 0.1037 0.0116 0.1522 0.0000 0.0000 0.2369 0.2607 0.0000 0.0000 0.3996 0.3324 0.0914 0.4127 0.0406 0.0131
8.3 60000.00 -3.24 0.0088 0.0000 0.1052 0.0431 0.1032 0.0000 0.0000 0.2979 0.3135 0.0000 0.0026 0.4757 0.6596 0.1580 0.8127 0.0287 0.0092
8.3 60000.00 -2.97 0.0054 0.0000 0.1040 0.1473 0.0632 0.0000 0.0000 0.3524 0.3461 0.0000 0.0073 0.5203 0.9883 0.2128 1.1998 0.0187 0.0060
8.3 60000.00 -2.72 0.0036 0.0000 0.0985 0.3494 0.0400 0.0000 0.0000 0.3877 0.3465 0.0000 0.0133 0.5162 1.2006 0.2413 1.4226 0.0131 0.0042
8.3 60000.00 -2.47 0.0026 0.0000 0.0906 0.6063 0.0267 0.0000 0.0000 0.4119 0.3284 0.0000 0.0216 0.4845 1.3504 0.2543 1.5481 0.0098 0.0031
8.3 60000.00 -2.22 0.0020 0.0000 0.0829 0.8506 0.0189 0.0000 0.0000 0.4294 0.3056 0.0000 0.0359 0.4468 1.4629 0.2577 1.6192 0.0077 0.0025
8.3 60000.00 -2.04 0.0017 0.0000 0.0775 1.0198 0.0150 0.0000 0.0000 0.4400 0.2878 0.0000 0.0527 0.4180 1.5321 0.2566 1.6544 0.0066 0.0021
8.3 60000.00 -1.73 0.0014 0.0000 0.0687 1.2775 0.0105 0.0011 0.0000 0.4545 0.2576 0.0000 0.0914 0.3702 1.6285 0.2495 1.6965 0.0052 0.0017
8.3 60000.00 -1.48 0.0012 0.0013 0.0622 1.4522 0.0082 0.0021 0.0000 0.4638 0.2344 0.0000 0.1296 0.3345 1.6905 0.2400 1.7206 0.0045 0.0014
8.6 30000.00 -3.96 0.0371 0.0000 0.0021 0.0000 0.0926 0.0000 0.0000 0.0000 0.0091 0.0000 0.0000 0.0157 0.0000 0.0000 0.0000 0.0376 0.0104
8.6 30000.00 -3.69 0.0500 0.0000 0.0042 0.0000 0.1462 0.0000 0.0000 0.0000 0.0212 0.0000 0.0000 0.0364 0.0000 0.0000 0.0000 0.0518 0.0141
8.6 30000.00 -3.46 0.0758 0.0000 0.0032 0.0000 0.2174 0.0000 0.0000 0.0000 0.0387 0.0000 0.0000 0.0662 0.0000 0.0000 0.0000 0.0738 0.0211
8.6 30000.00 -3.19 0.0787 0.0000 0.0039 0.0000 0.2406 0.0000 0.0000 0.0000 0.0727 0.0000 0.0000 0.1224 0.0000 0.0000 0.0000 0.0765 0.0218
8.6 30000.00 -2.94 0.0833 0.0000 0.0047 0.0000 0.2609 0.0000 0.0000 0.0000 0.1310 0.0000 0.0000 0.2179 0.0000 0.0013 0.0000 0.0804 0.0231
8.6 30000.00 -2.68 0.0850 0.0000 0.0058 0.0000 0.2704 0.0000 0.0000 0.0000 0.2005 0.0000 0.0000 0.3310 0.0013 0.0039 0.0016 0.0820 0.0235
8.6 30000.00 -2.43 0.0828 0.0000 0.0076 0.0000 0.2698 0.0000 0.0000 0.0000 0.2525 0.0000 0.0000 0.4149 0.0042 0.0109 0.0051 0.0803 0.0229
8.6 30000.00 -2.18 0.0780 0.0000 0.0101 0.0000 0.2636 0.0000 0.0000 0.0000 0.2844 0.0000 0.0000 0.4649 0.0113 0.0240 0.0135 0.0763 0.0216
8.6 30000.00 -1.93 0.0715 0.0000 0.0134 0.0000 0.2546 0.0000 0.0000 0.0000 0.3023 0.0000 0.0000 0.4908 0.0239 0.0412 0.0282 0.0709 0.0200
8.6 30000.00 -1.69 0.0643 0.0000 0.0170 0.0015 0.2446 0.0000 0.0000 0.0016 0.3105 0.0000 0.0000 0.5001 0.0401 0.0601 0.0458 0.0650 0.0183
8.6 30000.00 -1.45 0.0561 0.0000 0.0211 0.0030 0.2338 0.0000 0.0000 0.0028 0.3124 0.0000 0.0000 0.4981 0.0596 0.0819 0.0648 0.0584 0.0164
8.6 32500.00 -3.96 0.0750 0.0000 0.0100 0.0000 0.2237 0.0000 0.0000 0.0000 0.0312 0.0000 0.0000 0.0537 0.0000 0.0000 0.0000 0.0802 0.0223
8.6 32500.00 -3.71 0.0908 0.0000 0.0094 0.0000 0.2723 0.0000 0.0000 0.0000 0.0471 0.0000 0.0000 0.0808 0.0000 0.0000 0.0000 0.0918 0.0267
8.6 32500.00 -3.46 0.0916 0.0000 0.0115 0.0000 0.2978 0.0000 0.0000 0.0000 0.0792 0.0000 0.0000 0.1342 0.0000 0.0015 0.0000 0.0945 0.0272
8.6 32500.00 -3.20 0.0955 0.0000 0.0143 0.0000 0.3267 0.0000 0.0000 0.0000 0.1422 0.0000 0.0000 0.2376 0.0020 0.0042 0.0024 0.0998 0.0287
8.6 32500.00 -2.95 0.1001 0.0000 0.0174 0.0000 0.3512 0.0000 0.0000 0.0000 0.2325 0.0000 0.0000 0.3839 0.0054 0.0119 0.0065 0.1055 0.0304
8.6 32500.00 -2.68 0.1007 0.0000 0.0218 0.0000 0.3661 0.0000 0.0000 0.0000 0.3345 0.0000 0.0000 0.5476 0.0178 0.0356 0.0216 0.1068 0.0307
8.6 32500.00 -2.43 0.0966 0.0000 0.0270 0.0011 0.3701 0.0000 0.0000 0.0020 0.4013 0.0000 0.0000 0.6528 0.0471 0.0741 0.0566 0.1025 0.0294
8.6 32500.00 -2.19 0.0897 0.0000 0.0334 0.0029 0.3689 0.0000 0.0000 0.0040 0.4444 0.0000 0.0000 0.7191 0.0970 0.1192 0.1141 0.0959 0.0275
8.6 32500.00 -1.94 0.0806 0.0000 0.0409 0.0064 0.3642 0.0000 0.0000 0.0076 0.4720 0.0000 0.0000 0.7595 0.1620 0.1677 0.1823 0.0879 0.0251
8.6 32500.00 -1.70 0.0701 0.0000 0.0494 0.0126 0.3573 0.0000 0.0000 0.0130 0.4887 0.0000 0.0000 0.7818 0.2352 0.2197 0.2501 0.0789 0.0226
8.6 32500.00 -1.45 0.0578 0.0000 0.0590 0.0235 0.3477 0.0000 0.0000 0.0209 0.4980 0.0000 0.0000 0.7915 0.3217 0.2780 0.3210 0.0685 0.0196
8.6 35000.00 -3.98 0.0953 0.0000 0.0225 0.0000 0.3210 0.0000 0.0000 0.0000 0.0566 0.0000 0.0000 0.0973 0.0000 0.0011 0.0000 0.1049 0.0318
8.6 35000.00 -3.72 0.0890 0.0000 0.0288 0.0000 0.3391 0.0000 0.0000 0.0000 0.0909 0.0000 0.0000 0.1542 0.0023 0.0032 0.0028 0.1058 0.0312
8.6 35000.00 -3.47 0.0846 0.0000 0.0358 0.0000 0.3581 0.0000 0.0000 0.0000 0.1457 0.0000 0.0000 0.2440 0.0063 0.0094 0.0075 0.1082 0.0315
8.6 35000.00 -3.20 0.0817 0.0000 0.0449 0.0000 0.3832 0.0000 0.0000 0.0017 0.2398 0.0000 0.0000 0.3961 0.0198 0.0313 0.0239 0.1118 0.0324
8.6 35000.00 -2.93 0.0785 0.0000 0.0544 0.0012 0.4042 0.0000 0.0000 0.0036 0.3538 0.0000 0.0000 0.5776 0.0614 0.0908 0.0744 0.1103 0.0318
8.6 35000.00 -2.68 0.0722 0.0000 0.0643 0.0040 0.4151 0.0000 0.0000 0.0077 0.4501 0.0000 0.0000 0.7281 0.1621 0.1886 0.1952 0.1003 0.0289
8.6 35000.00 -2.43 0.0628 0.0000 0.0750 0.0112 0.4170 0.0000 0.0000 0.0157 0.5150 0.0000 0.0000 0.8282 0.3260 0.2908 0.3817 0.0872 0.0251
8.6 35000.00 -2.18 0.0509 0.0000 0.0867 0.0260 0.4118 0.0000 0.0000 0.0295 0.5565 0.0000 0.0000 0.8902 0.5161 0.3855 0.5728 0.0740 0.0213
8.6 35000.00 -1.94 0.0375 0.0000 0.0992 0.0519 0.4015 0.0000 0.0000 0.0493 0.5827 0.0000 0.0000 0.9273 0.7150 0.4757 0.7440 0.0606 0.0175
8.6 35000.00 -1.70 0.0245 0.0000 0.1108 0.0919 0.3873 0.0000 0.0000 0.0739 0.5982 0.0000 0.0000 0.9470 0.9199 0.5581 0.8983 0.0478 0.0137
8.6 35000.00 -1.46 0.0135 0.0000 0.1203 0.1511 0.3687 0.0000 0.0000 0.1051 0.6058 0.0000 0.0000 0.9542 1.1380 0.6301 1.0451 0.0362 0.0104
8.6 37500.00 -3.98 0.0813 0.0000 0.0465 0.0000 0.3696 0.0000 0.0000 0.0016 0.0886 0.0000 0.0000 0.1512 0.0033 0.0036 0.0040 0.1118 0.0344
8.6 37500.00 -3.72 0.0685 0.0000 0.0582 0.0000 0.3792 0.0000 0.0000 0.0029 0.1399 0.0000 0.0000 0.2353 0.0101 0.0112 0.0121 0.1123 0.0335
8.6 37500.00 -3.47 0.0568 0.0000 0.0714 0.0000 0.3913 0.0000 0.0000 0.0052 0.2150 0.0000 0.0000 0.3571 0.0297 0.0342 0.0358 0.1127 0.0331
8.6 37500.00 -3.20 0.0444 0.0000 0.0875 0.0017 0.4063 0.0000 0.0000 0.0104 0.3251 0.0000 0.0000 0.5328 0.0962 0.1075 0.1163 0.1084 0.0314
8.6 37500.00 -2.94 0.0324 0.0000 0.1023 0.0069 0.4139 0.0000 0.0000 0.0212 0.4356 0.0000 0.0000 0.7057 0.2739 0.2544 0.3303 0.0917 0.0265
8.6 37500.00 -2.68 0.0221 0.0000 0.1136 0.0220 0.4086 0.0000 0.0000 0.0423 0.5161 0.0000 0.0000 0.8304 0.5847 0.4170 0.6893 0.0699 0.0202
8.6 37500.00 -2.43 0.0142 0.0000 0.1216 0.0564 0.3905 0.0000 0.0000 0.0779 0.5637 0.0000 0.0000 0.9025 0.9255 0.5415 1.0374 0.0523 0.0151
8.6 37500.00 -2.18 0.0089 0.0000 0.1268 0.1181 0.3644 0.0000 0.0000 0.1245 0.5888 0.0000 0.0000 0.9380 1.2281 0.6307 1.2908 0.0394 0.0114
8.6 37500.00 -1.94 0.0057 0.0000 0.1297 0.2112 0.3341 0.0000 0.0000 0.1773 0.5993 0.0000 0.0000 0.9497 1.4958 0.6955 1.4744 0.0298 0.0087
8.6 37500.00 -1.69 0.0037 0.0000 0.1311 0.3390 0.2994 0.0000 0.0000 0.2368 0.5994 0.0000 0.0000 0.9450 1.7383 0.7433 1.6127 0.0226 0.0066
8.6 37500.00 -1.45 0.0026 0.0000 0.1313 0.4970 0.2621 0.0000 0.0000 0.3002 0.5918 0.0000 0.0000 0.9279 1.9460 0.7775 1.7102 0.0176 0.0052
8.6 40000.00 -3.98 0.0613 0.0000 0.0849 0.0000 0.4455 0.0000 0.0000 0.0102 0.1531 0.0000 0.0000 0.2583 0.0139 0.0115 0.0171 0.1263 0.0404
8.6 40000.00 -3.72 0.0452 0.0000 0.0975 0.0000 0.4388 0.0000 0.0000 0.0177 0.2293 0.0000 0.0000 0.3809 0.0436 0.0361 0.0531 0.1248 0.0386
8.6 40000.00 -3.47 0.0318 0.0000 0.1103 0.0024 0.4340 0.0000 0.0000 0.0316 0.3287 0.0000 0.0000 0.5381 0.1321 0.1065 0.1607 0.1186 0.0358
8.6 40000.00 -3.21 0.0205 0.0000 0.1218 0.0100 0.4217 0.0000 0.0000 0.0588 0.4394 0.0000 0.0000 0.7100 0.3774 0.2656 0.4578 0.0987 0.0294
8.6 40000.00 -2.94 0.0122 0.0000 0.1295 0.0380 0.3901 0.0000 0.0000 0.1112 0.5294 0.0000 0.0000 0.8490 0.8494 0.4746 1.0135 0.0687 0.0205
8.6 40000.00 -2.68 0.0074 0.0000 0.1334 0.1123 0.3395 0.0000 0.0000 0.1920 0.5784 0.0000 0.0000 0.9227 1.3360 0.6251 1.5324 0.0463 0.0138
8.6 40000.00 -2.42 0.0047 0.0000 0.1353 0.2630 0.2816 0.0000 0.0000 0.2876 0.5965 0.0000 0.0000 0.9458 1.7136 0.7189 1.8525 0.0325 0.0098
8.6 40000.00 -2.17 0.0032 0.0000 0.1355 0.4773 0.2303 0.0000 0.0000 0.3746 0.5936 0.0000 0.0000 0.9350 1.9863 0.7775 2.0180 0.0243 0.0073
8.6 40000.00 -1.93 0.0024 0.0000 0.1344 0.7264 0.1865 0.0000 0.0000 0.4502 0.5795 0.0000 0.0000 0.9068 2.1946 0.8174 2.1060 0.0191 0.0058
8.6 40000.00 -1.68 0.0018 0.0000 0.1320 1.0209 0.1466 0.0000 0.0000 0.5204 0.5568 0.0000 0.0000 0.8650 2.3743 0.8484 2.1550 0.0152 0.0046
8.6 40000.00 -1.44 0.0014 0.0000 0.1287 1.3280 0.1151 0.0000 0.0000 0.5780 0.5293 0.0000 0.0000 0.8164 2.5196 0.8713 2.1758 0.0126 0.0039
8.6 45000.00 -3.98 0.0549 0.0000 0.1023 0.0000 0.4673 0.0000 0.0000 0.0476 0.1968 0.0000 0.0000 0.3295 0.0211 0.0156 0.0261 0.1368 0.0446
8.6 45000.00 -3.73 0.0387 0.0000 0.1136 0.0011 0.4386 0.0000 0.0000 0.0782 0.2839 0.0000 0.0000 0.4674 0.0662 0.0486 0.0812 0.1339 0.0420
8.6 45000.00 -3.47 0.0258 0.0000 0.1245 0.0047 0.4028 0.0000 0.0000 0.1305 0.3910 0.0000 0.0000 0.6336 0.2028 0.1418 0.2479 0.1234 0.0378
8.6 45000.00 -3.20 0.0159 0.0000 0.1328 0.0196 0.3468 0.0000 0.0000 0.2150 0.4968 0.0000 0.0000 0.7961 0.5531 0.3308 0.6720 0.0970 0.0294
8.6 45000.00 -2.93 0.0094 0.0000 0.1370 0.0699 0.2699 0.0000 0.0000 0.3303 0.5710 0.0000 0.0000 0.9091 1.0995 0.5383 1.3088 0.0655 0.0198
8.6 45000.00 -2.67 0.0057 0.0000 0.1378 0.2036 0.1925 0.0000 0.0000 0.4501 0.6058 0.0000 0.0000 0.9590 1.6005 0.6809 1.8239 0.0434 0.0132
8.6 45000.00 -2.42 0.0038 0.0000 0.1355 0.4351 0.1372 0.0000 0.0000 0.5405 0.6080 0.0000 0.0000 0.9562 1.9454 0.7621 2.0931 0.0311 0.0095
8.6 45000.00 -2.18 0.0027 0.0000 0.1310 0.7313 0.0991 0.0000 0.0000 0.6066 0.5921 0.0000 0.0000 0.9246 2.1997 0.8127 2.2284 0.0237 0.0072
8.6 45000.00 -1.93 0.0021 0.0000 0.1253 1.0596 0.0720 0.0000 0.0000 0.6572 0.5668 0.0000 0.0012 0.8786 2.4034 0.8459 2.2976 0.0186 0.0057
8.6 45000.00 -1.68 0.0016 0.0000 0.1186 1.4016 0.0530 0.0000 0.0000 0.6965 0.5360 0.0000 0.0018 0.8248 2.5712 0.8668 2.3287 0.0152 0.0047
8.6 45000.00 -1.44 0.0014 0.0000 0.1113 1.7440 0.0397 0.0000 0.0000 0.7293 0.5021 0.0000 0.0031 0.7669 2.7122 0.8785 2.3391 0.0128 0.0040
8.6 50000.00 -3.99 0.0514 0.0000 0.1154 0.0000 0.4661 0.0000 0.0000 0.1165 0.2194 0.0000 0.0000 0.3651 0.0391 0.0226 0.0486 0.1454 0.0485
8.6 50000.00 -3.73 0.0355 0.0000 0.1250 0.0022 0.4102 0.0000 0.0000 0.1774 0.3108 0.0000 0.0000 0.5080 0.1201 0.0683 0.1478 0.1402 0.0449
8.6 50000.00 -3.47 0.0233 0.0000 0.1333 0.0095 0.3427 0.0000 0.0000 0.2649 0.4169 0.0000 0.0000 0.6715 0.3461 0.1863 0.4239 0.1243 0.0388
8.6 50000.00 -3.21 0.0143 0.0000 0.1389 0.0382 0.2604 0.0000 0.0000 0.3788 0.5159 0.0000 0.0012 0.8227 0.8233 0.3917 0.9995 0.0934 0.0288
8.6 50000.00 -2.94 0.0085 0.0000 0.1406 0.1369 0.1750 0.0000 0.0000 0.5009 0.5816 0.0000 0.0037 0.9214 1.4241 0.5924 1.6880 0.0611 0.0189
8.6 50000.00 -2.67 0.0052 0.0000 0.1377 0.3823 0.1117 0.0000 0.0000 0.5968 0.5999 0.0000 0.0068 0.9441 1.8880 0.7121 2.1388 0.0404 0.0126
8.6 50000.00 -2.43 0.0036 0.0000 0.1312 0.7405 0.0757 0.0000 0.0000 0.6569 0.5829 0.0000 0.0103 0.9104 2.1884 0.7653 2.3439 0.0295 0.0092
8.6 50000.00 -2.18 0.0027 0.0000 0.1232 1.1388 0.0532 0.0000 0.0000 0.6998 0.5510 0.0000 0.0163 0.8538 2.4155 0.7850 2.4391 0.0227 0.0071
8.6 50000.00 -1.97 0.0022 0.0000 0.1162 1.4619 0.0407 0.0000 0.0000 0.7278 0.5207 0.0000 0.0261 0.8014 2.5678 0.7856 2.4763 0.0188 0.0059
8.6 50000.00 -1.72 0.0018 0.0000 0.1075 1.8358 0.0299 0.0000 0.0000 0.7577 0.4817 0.0000 0.0481 0.7353 2.7231 0.7731 2.5002 0.0155 0.0049
8.6 50000.00 -1.44 0.0015 0.0000 0.0974 2.2292 0.0217 0.0000 0.0000 0.7881 0.4357 0.0000 0.0888 0.6588 2.8724 0.7437 2.5173 0.0128 0.0040
8.6 55000.00 -3.99 0.0458 0.0000 0.1300 0.0000 0.4959 0.0000 0.0000 0.1192 0.2565 0.0000 0.0000 0.4229 0.0450 0.0301 0.0562 0.1555 0.0524
8.6 55000.00 -3.73 0.0309 0.0000 0.1371 0.0027 0.4328 0.0000 0.0000 0.1801 0.3522 0.0000 0.0000 0.5705 0.1373 0.0884 0.1699 0.1472 0.0476
8.6 55000.00 -3.48 0.0200 0.0000 0.1430 0.0111 0.3602 0.0000 0.0000 0.2680 0.4581 0.0000 0.0000 0.7315 0.3899 0.2281 0.4795 0.1267 0.0399
8.6 55000.00 -3.21 0.0121 0.0000 0.1467 0.0453 0.2707 0.0000 0.0000 0.3866 0.5546 0.0000 0.0000 0.8770 0.9221 0.4531 1.1223 0.0910 0.0283
8.6 55000.00 -2.94 0.0073 0.0000 0.1474 0.1587 0.1825 0.0000 0.0000 0.5109 0.6124 0.0000 0.0019 0.9621 1.5295 0.6454 1.8158 0.0590 0.0184
8.6 55000.00 -2.68 0.0046 0.0000 0.1444 0.4316 0.1178 0.0000 0.0000 0.6082 0.6232 0.0000 0.0035 0.9723 1.9834 0.7588 2.2501 0.0394 0.0123
8.6 55000.00 -2.43 0.0033 0.0000 0.1380 0.8218 0.0803 0.0000 0.0000 0.6707 0.6002 0.0000 0.0051 0.9291 2.2848 0.8148 2.4482 0.0288 0.0090
8.6 55000.00 -2.19 0.0025 0.0000 0.1303 1.2339 0.0572 0.0000 0.0000 0.7153 0.5656 0.0000 0.0077 0.8685 2.5123 0.8407 2.5369 0.0222 0.0070
8.6 55000.00 -1.99 0.0020 0.0000 0.1239 1.5472 0.0448 0.0000 0.0000 0.7443 0.5359 0.0000 0.0114 0.8177 2.6597 0.8479 2.5676 0.0186 0.0059
8.6 55000.00 -1.69 0.0016 0.0000 0.1137 2.0061 0.0315 0.0000 0.0000 0.7818 0.4880 0.0000 0.0232 0.7376 2.8511 0.8432 2.5829 0.0147 0.0046
8.6 55000.00 -1.45 0.0014 0.0000 0.1054 2.3413 0.0244 0.0000 0.0000 0.8071 0.4495 0.0000 0.0401 0.6742 2.9784 0.8276 2.5828 0.0125 0.0039
8.6 60000.00 -3.99 0.0464 0.0000 0.1363 0.0000 0.4678 0.0000 0.0000 0.2128 0.2306 0.0000 0.0000 0.3785 0.0706 0.0381 0.0885 0.1618 0.0556
8.6 60000.00 -3.73 0.0312 0.0000 0.1421 0.0041 0.3804 0.0000 0.0000 0.2971 0.3239 0.0000 0.0000 0.5223 0.2100 0.1091 0.2604 0.1507 0.0495
8.6 60000.00 -3.47 0.0200 0.0000 0.1468 0.0180 0.2876 0.0000 0.0000 0.4040 0.4334 0.0000 0.0000 0.6894 0.5678 0.2717 0.6988 0.1250 0.0400
8.6 60000.00 -3.21 0.0124 0.0000 0.1489 0.0714 0.1979 0.0000 0.0000 0.5167 0.5301 0.0000 0.0042 0.8355 1.1510 0.4912 1.4001 0.0889 0.0282
8.6 60000.00 -2.94 0.0074 0.0000 0.1467 0.2625 0.1206 0.0000 0.0000 0.6204 0.5895 0.0000 0.0123 0.9222 1.7560 0.6780 2.0786 0.0568 0.0180
8.6 60000.00 -2.68 0.0049 0.0000 0.1382 0.6548 0.0755 0.0000 0.0000 0.6865 0.5873 0.0000 0.0223 0.9117 2.1488 0.7740 2.4330 0.0389 0.0124
8.6 60000.00 -2.43 0.0035 0.0000 0.1263 1.1559 0.0502 0.0000 0.0000 0.7301 0.5512 0.0000 0.0351 0.8483 2.4229 0.8175 2.5921 0.0287 0.0091
8.6 60000.00 -2.19 0.0027 0.0000 0.1151 1.6224 0.0356 0.0000 0.0000 0.7625 0.5092 0.0000 0.0569 0.7770 2.6275 0.8307 2.6563 0.0224 0.0071
8.6 60000.00 -2.00 0.0022 0.0000 0.1074 1.9404 0.0283 0.0000 0.0000 0.7827 0.4779 0.0000 0.0842 0.7246 2.7535 0.8294 2.6777 0.0191 0.0061
8.6 60000.00 -1.70 0.0018 0.0000 0.0950 2.4210 0.0199 0.0015 0.0000 0.8113 0.4263 0.0000 0.1501 0.6395 2.9288 0.8115 2.6975 0.0152 0.0048
8.6 60000.00 -1.45 0.0015 0.0017 0.0860 2.7459 0.0155 0.0029 0.0000 0.8301 0.3876 0.0000 0.2151 0.5770 3.0419 0.7855 2.7084 0.0130 0.0041
8.9 30000.00 -3.95 0.0150 0.0000 0.0000 0.0000 0.0307 0.0000 0.0000 0.0000 0.0027 0.0000 0.0000 0.0049 0.0000 0.0000 0.0000 0.0142 0.0037
8.9 30000.00 -3.67 0.0160 0.0000 0.0015 0.0000 0.0405 0.0000 0.0000 0.0000 0.0054 0.0000 0.0000 0.0096 0.0000 0.0000 0.0000 0.0152 0.0039
8.9 30000.00 -3.39 0.0170 0.0000 0.0029 0.0000 0.0506 0.0000 0.0000 0.0000 0.0108 0.0000 0.0000 0.0190 0.0000 0.0000 0.0000 0.0166 0.0042
8.9 30000.00 -3.06 0.0180 0.0000 0.0066 0.0000 0.0637 0.0000 0.0000 0.0000 0.0252 0.0000 0.0000 0.0434 0.0000 0.0000 0.0000 0.0194 0.0050
8.9 30000.00 -2.73 0.0718 0.0000 0.0324 0.0000 0.2698 0.0000 0.0000 0.0000 0.1779 0.0000 0.0000 0.3011 0.0027 0.0075 0.0031 0.0777 0.0207
8.9 30000.00 -2.22 0.0060 0.0000 0.0114 0.0000 0.0470 0.0000 0.0000 0.0000 0.0600 0.0000 0.0000 0.0996 0.0031 0.0119 0.0035 0.0158 0.0029
8.9 30000.00 -2.12 0.1589 0.0000 0.0211 0.0000 0.4645 0.0000 0.0000 0.0000 0.4783 0.0000 0.0000 0.7999 0.0155 0.0388 0.0180 0.1271 0.0340
8.9 30000.00 -1.88 0.1493 0.0000 0.0279 0.0000 0.4549 0.0000 0.0000 0.0011 0.5175 0.0000 0.0000 0.8575 0.0308 0.0675 0.0349 0.1195 0.0319
8.9 30000.00 -1.73 0.0032 0.0000 0.0206 0.0000 0.0629 0.0000 0.0000 0.0000 0.1059 0.0000 0.0000 0.1606 0.0142 0.0636 0.0161 0.0182 0.0025
8.9 30000.00 -1.65 0.1373 0.0000 0.0355 0.0020 0.4426 0.0000 0.0000 0.0018 0.5388 0.0000 0.0000 0.8843 0.0490 0.0991 0.0530 0.1110 0.0296
8.9 30000.00 -1.41 0.1232 0.0000 0.0444 0.0034 0.4288 0.0000 0.0000 0.0029 0.5491 0.0000 0.0000 0.8910 0.0584 0.1347 0.0596 0.1013 0.0271
8.9 32500.00 -3.95 0.0434 0.0000 0.0060 0.0000 0.1110 0.0000 0.0000 0.0000 0.0145 0.0000 0.0000 0.0258 0.0000 0.0000 0.0000 0.0418 0.0110
8.9 32500.00 -3.67 0.0423 0.0000 0.0103 0.0000 0.1312 0.0000 0.0000 0.0000 0.0267 0.0000 0.0000 0.0471 0.0000 0.0000 0.0000 0.0433 0.0112
8.9 32500.00 -3.39 0.0410 0.0000 0.0179 0.0000 0.1537 0.0000 0.0000 0.0000 0.0507 0.0000 0.0000 0.0881 0.0014 0.0026 0.0016 0.0465 0.0121
8.9 32500.00 -3.07 0.0557 0.0000 0.0469 0.0000 0.2668 0.0000 0.0000 0.0000 0.1545 0.0000 0.0000 0.2633 0.0072 0.0153 0.0083 0.0759 0.0200
8.9 32500.00 -2.78 0.1144 0.0000 0.0961 0.0000 0.5465 0.0000 0.0000 0.0014 0.4418 0.0000 0.0000 0.7453 0.0237 0.0524 0.0277 0.1503 0.0404
8.9 32500.00 -2.57 0.1795 0.0000 0.0552 0.0000 0.6075 0.0000 0.0000 0.0015 0.5707 0.0000 0.0000 0.9598 0.0328 0.0696 0.0387 0.1654 0.0449
8.9 32500.00 -2.38 0.1915 0.0000 0.0551 0.0017 0.6292 0.0000 0.0000 0.0025 0.6487 0.0000 0.0000 1.0837 0.0658 0.1186 0.0769 0.1648 0.0451
8.9 32500.00 -2.13 0.1848 0.0000 0.0676 0.0041 0.6389 0.0000 0.0000 0.0047 0.7363 0.0000 0.0000 1.2207 0.1287 0.1923 0.1449 0.1570 0.0430
8.9 32500.00 -1.89 0.1716 0.0000 0.0830 0.0089 0.6400 0.0000 0.0000 0.0084 0.7942 0.0000 0.0000 1.3063 0.2062 0.2715 0.2164 0.1464 0.0402
8.9 32500.00 -1.66 0.1543 0.0000 0.1007 0.0155 0.6372 0.0000 0.0000 0.0139 0.8340 0.0000 0.0000 1.3603 0.2600 0.3554 0.2532 0.1342 0.0370
8.9 32500.00 -1.42 0.1322 0.0000 0.1215 0.0278 0.6301 0.0000 0.0000 0.0224 0.8608 0.0000 0.0000 1.3915 0.3248 0.4519 0.2910 0.1191 0.0329
8.9 35000.00 -3.95 0.0953 0.0000 0.0352 0.0000 0.3169 0.0000 0.0000 0.0000 0.0638 0.0000 0.0000 0.1120 0.0018 0.0023 0.0021 0.1035 0.0276
8.9 35000.00 -3.67 0.0824 0.0000 0.0523 0.0000 0.3446 0.0000 0.0000 0.0000 0.1102 0.0000 0.0000 0.1913 0.0055 0.0076 0.0063 0.1038 0.0274
8.9 35000.00 -3.39 0.0691 0.0000 0.0762 0.0000 0.3778 0.0000 0.0000 0.0015 0.1911 0.0000 0.0000 0.3280 0.0171 0.0253 0.0197 0.1072 0.0284
8.9 35000.00 -3.08 0.0800 0.0000 0.1478 0.0000 0.5939 0.0000 0.0000 0.0048 0.4598 0.0000 0.0000 0.7794 0.0735 0.1167 0.0852 0.1549 0.0413
8.9 35000.00 -2.82 0.0915 0.0000 0.1597 0.0025 0.6528 0.0000 0.0000 0.0073 0.6195 0.0000 0.0000 1.0412 0.1368 0.2118 0.1602 0.1584 0.0426
8.9 35000.00 -2.63 0.1402 0.0000 0.1285 0.0060 0.6878 0.0000 0.0000 0.0099 0.7005 0.0000 0.0000 1.1697 0.2320 0.2995 0.2702 0.1578 0.0434
8.9 35000.00 -2.38 0.1303 0.0000 0.1505 0.0166 0.7094 0.0000 0.0000 0.0189 0.8301 0.0000 0.0000 1.3750 0.4560 0.4708 0.5069 0.1411 0.0391
8.9 35000.00 -2.13 0.1125 0.0000 0.1743 0.0380 0.7146 0.0000 0.0000 0.0343 0.9127 0.0000 0.0000 1.5007 0.7075 0.6260 0.7208 0.1229 0.0343
8.9 35000.00 -1.89 0.0891 0.0000 0.2005 0.0752 0.7105 0.0000 0.0000 0.0572 0.9678 0.0000 0.0000 1.5792 0.9415 0.7737 0.8705 0.1038 0.0291
8.9 35000.00 -1.66 0.0637 0.0000 0.2267 0.1329 0.7002 0.0000 0.0000 0.0865 1.0037 0.0000 0.0000 1.6256 1.1711 0.9134 0.9901 0.0844 0.0237
8.9 35000.00 -1.42 0.0384 0.0000 0.2506 0.2253 0.6806 0.0000 0.0000 0.1253 1.0215 0.0000 0.0000 1.6419 1.4824 1.0416 1.1440 0.0645 0.0182
8.9 37500.00 -3.95 0.0805 0.0000 0.0654 0.0000 0.3650 0.0000 0.0000 0.0016 0.1000 0.0000 0.0000 0.1742 0.0069 0.0071 0.0080 0.1114 0.0299
8.9 37500.00 -3.67 0.0627 0.0000 0.0872 0.0000 0.3860 0.0000 0.0000 0.0033 0.1663 0.0000 0.0000 0.2867 0.0217 0.0232 0.0251 0.1107 0.0294
8.9 37500.00 -3.40 0.0659 0.0000 0.1523 0.0000 0.5670 0.0000 0.0000 0.0091 0.3619 0.0000 0.0000 0.6185 0.0868 0.0963 0.1002 0.1513 0.0401
8.9 37500.00 -3.09 0.0478 0.0000 0.1947 0.0042 0.6264 0.0000 0.0000 0.0202 0.5716 0.0000 0.0000 0.9664 0.2631 0.2932 0.3053 0.1417 0.0378
8.9 37500.00 -2.89 0.0649 0.0000 0.1981 0.0091 0.6689 0.0000 0.0000 0.0269 0.6427 0.0000 0.0000 1.0795 0.3849 0.3849 0.4464 0.1427 0.0391
8.9 37500.00 -2.62 0.0465 0.0000 0.2279 0.0316 0.6843 0.0000 0.0000 0.0529 0.8022 0.0000 0.0000 1.3355 0.8558 0.6754 0.9558 0.1106 0.0306
8.9 37500.00 -2.37 0.0317 0.0000 0.2488 0.0791 0.6772 0.0000 0.0000 0.0958 0.9014 0.0000 0.0000 1.4896 1.3030 0.8944 1.3423 0.0845 0.0236
8.9 37500.00 -2.13 0.0201 0.0000 0.2632 0.1692 0.6536 0.0000 0.0000 0.1548 0.9563 0.0000 0.0000 1.5691 1.7310 1.0505 1.6102 0.0645 0.0181
8.9 37500.00 -1.89 0.0125 0.0000 0.2716 0.3169 0.6184 0.0000 0.0000 0.2256 0.9794 0.0000 0.0000 1.5957 2.1871 1.1623 1.8395 0.0486 0.0138
8.9 37500.00 -1.65 0.0080 0.0000 0.2757 0.5324 0.5726 0.0000 0.0000 0.3116 0.9808 0.0000 0.0000 1.5880 2.6656 1.2421 2.0437 0.0364 0.0104
8.9 37500.00 -1.41 0.0053 0.0000 0.2773 0.8104 0.5189 0.0000 0.0000 0.4124 0.9687 0.0000 0.0000 1.5598 3.0943 1.2978 2.1898 0.0278 0.0080
8.9 40000.00 -3.95 0.0587 0.0000 0.1105 0.0000 0.4282 0.0000 0.0000 0.0093 0.1736 0.0000 0.0000 0.2995 0.0288 0.0220 0.0339 0.1239 0.0338
8.9 40000.00 -3.68 0.0600 0.0000 0.1896 0.0012 0.6370 0.0000 0.0000 0.0255 0.3831 0.0000 0.0000 0.6554 0.1280 0.0973 0.1492 0.1738 0.0468
8.9 40000.00 -3.40 0.0382 0.0000 0.2085 0.0051 0.6225 0.0000 0.0000 0.0467 0.5282 0.0000 0.0000 0.8963 0.3512 0.2646 0.4082 0.1488 0.0399
8.9 40000.00 -3.17 0.0416 0.0000 0.2379 0.0120 0.6850 0.0000 0.0000 0.0763 0.6334 0.0000 0.0000 1.0661 0.5468 0.3855 0.6370 0.1542 0.0439
8.9 40000.00 -2.89 0.0246 0.0000 0.2606 0.0506 0.6597 0.0000 0.0000 0.1491 0.8079 0.0000 0.0000 1.3472 1.2770 0.7546 1.4496 0.1089 0.0312
8.9 40000.00 -2.62 0.0145 0.0000 0.2711 0.1608 0.5961 0.0000 0.0000 0.2655 0.9047 0.0000 0.0000 1.4994 2.0956 1.0322 2.2163 0.0719 0.0208
8.9 40000.00 -2.36 0.0090 0.0000 0.2773 0.4092 0.5141 0.0000 0.0000 0.4178 0.9443 0.0000 0.0000 1.5531 2.8029 1.2017 2.6803 0.0494 0.0144
8.9 40000.00 -2.12 0.0061 0.0000 0.2803 0.7940 0.4352 0.0000 0.0000 0.5692 0.9443 0.0000 0.0000 1.5409 3.3466 1.3045 2.9015 0.0364 0.0107
8.9 40000.00 -1.88 0.0044 0.0000 0.2805 1.2396 0.3636 0.0000 0.0000 0.7095 0.9270 0.0000 0.0000 1.5017 3.7238 1.3729 2.9699 0.0284 0.0084
8.9 40000.00 -1.63 0.0033 0.0000 0.2779 1.7751 0.2923 0.0000 0.0000 0.8498 0.8941 0.0000 0.0000 1.4378 4.0457 1.4265 2.9845 0.0226 0.0067
8.9 40000.00 -1.39 0.0026 0.0000 0.2726 2.3425 0.2315 0.0000 0.0000 0.9706 0.8511 0.0000 0.0000 1.3592 4.2996 1.4666 2.9680 0.0186 0.0056
8.9 45000.00 -3.96 0.0705 0.0000 0.1807 0.0000 0.6160 0.0000 0.0000 0.0566 0.3066 0.0000 0.0000 0.5273 0.0598 0.0398 0.0707 0.1821 0.0501
8.9 45000.00 -3.71 0.0759 0.0000 0.2158 0.0011 0.6968 0.0000 0.0000 0.1014 0.3846 0.0000 0.0000 0.6609 0.0980 0.0633 0.1156 0.2034 0.0605
8.9 45000.00 -3.45 0.0518 0.0000 0.2423 0.0053 0.6633 0.0000 0.0000 0.1752 0.5499 0.0000 0.0000 0.9305 0.2972 0.1931 0.3498 0.1897 0.0556
8.9 45000.00 -3.17 0.0323 0.0000 0.2674 0.0253 0.6014 0.0000 0.0000 0.3058 0.7444 0.0000 0.0000 1.2434 0.8436 0.5016 0.9877 0.1537 0.0449
8.9 45000.00 -2.89 0.0186 0.0000 0.2800 0.0991 0.4909 0.0000 0.0000 0.4933 0.8873 0.0000 0.0000 1.4713 1.7520 0.8772 1.9778 0.1034 0.0303
8.9 45000.00 -2.61 0.0109 0.0000 0.2834 0.3166 0.3629 0.0000 0.0000 0.7081 0.9564 0.0000 0.0000 1.5747 2.6674 1.1419 2.7829 0.0664 0.0196
8.9 45000.00 -2.36 0.0071 0.0000 0.2811 0.7241 0.2653 0.0000 0.0000 0.8842 0.9680 0.0000 0.0000 1.5815 3.3061 1.2885 3.1372 0.0467 0.0139
8.9 45000.00 -2.12 0.0050 0.0000 0.2740 1.2621 0.1956 0.0000 0.0000 1.0192 0.9466 0.0000 0.0013 1.5343 3.7684 1.3780 3.2621 0.0352 0.0106
8.9 45000.00 -1.88 0.0038 0.0000 0.2637 1.8639 0.1435 0.0000 0.0000 1.1261 0.9081 0.0000 0.0018 1.4606 4.1308 1.4372 3.2886 0.0277 0.0083
8.9 45000.00 -1.64 0.0030 0.0000 0.2511 2.4934 0.1063 0.0000 0.0000 1.2086 0.8593 0.0000 0.0028 1.3719 4.4209 1.4770 3.2659 0.0225 0.0068
8.9 45000.00 -1.40 0.0025 0.0000 0.2367 3.1269 0.0797 0.0000 0.0000 1.2729 0.8041 0.0000 0.0045 1.2740 4.6570 1.5031 3.2226 0.0189 0.0057
8.9 50000.00 -3.98 0.0987 0.0000 0.2206 0.0000 0.7360 0.0000 0.0000 0.1539 0.3004 0.0000 0.0000 0.5221 0.0607 0.0305 0.0731 0.2226 0.0702
8.9 50000.00 -3.72 0.0703 0.0000 0.2433 0.0023 0.6744 0.0000 0.0000 0.2436 0.4289 0.0000 0.0000 0.7330 0.1799 0.0906 0.2139 0.2142 0.0657
8.9 50000.00 -3.45 0.0470 0.0000 0.2655 0.0110 0.5903 0.0000 0.0000 0.3818 0.6001 0.0000 0.0000 1.0102 0.5196 0.2615 0.6151 0.1939 0.0584
8.9 50000.00 -3.17 0.0288 0.0000 0.2830 0.0503 0.4716 0.0000 0.0000 0.5779 0.7830 0.0000 0.0017 1.3033 1.2991 0.6085 1.5187 0.1489 0.0446
8.9 50000.00 -2.89 0.0165 0.0000 0.2893 0.1991 0.3283 0.0000 0.0000 0.8028 0.9093 0.0000 0.0057 1.5019 2.3503 0.9783 2.6295 0.0959 0.0289
8.9 50000.00 -2.61 0.0099 0.0000 0.2856 0.6153 0.2128 0.0000 0.0000 0.9944 0.9527 0.0000 0.0113 1.5611 3.2146 1.2063 3.3192 0.0613 0.0186
8.9 50000.00 -2.37 0.0067 0.0000 0.2740 1.2670 0.1467 0.0000 0.0000 1.1185 0.9300 0.0000 0.0169 1.5113 3.7719 1.3094 3.5572 0.0438 0.0134
8.9 50000.00 -2.12 0.0049 0.0000 0.2588 2.0014 0.1053 0.0000 0.0000 1.2075 0.8801 0.0000 0.0254 1.4182 4.1804 1.3544 3.6091 0.0334 0.0103
8.9 50000.00 -1.88 0.0038 0.0000 0.2427 2.7118 0.0778 0.0000 0.0000 1.2750 0.8219 0.0000 0.0422 1.3136 4.4953 1.3675 3.5876 0.0268 0.0083
8.9 50000.00 -1.68 0.0032 0.0000 0.2285 3.2825 0.0610 0.0000 0.0000 1.3216 0.7697 0.0000 0.0677 1.2214 4.7138 1.3619 3.5539 0.0228 0.0070
8.9 50000.00 -1.40 0.0026 0.0000 0.2079 4.0081 0.0445 0.0000 0.0000 1.3746 0.6957 0.0000 0.1237 1.0943 4.9648 1.3320 3.5134 0.0188 0.0058
8.9 55000.00 -3.98 0.0891 0.0000 0.2569 0.0000 0.8007 0.0000 0.0000 0.1645 0.3612 0.0000 0.0000 0.6233 0.0706 0.0415 0.0859 0.2395 0.0775
8.9 55000.00 -3.72 0.0615 0.0000 0.2745 0.0030 0.7237 0.0000 0.0000 0.2560 0.5034 0.0000 0.0000 0.8539 0.2112 0.1220 0.2537 0.2273 0.0711
8.9 55000.00 -3.46 0.0404 0.0000 0.2925 0.0139 0.6295 0.0000 0.0000 0.3985 0.6838 0.0000 0.0000 1.1424 0.6074 0.3363 0.7260 0.2004 0.0615
8.9 55000.00 -3.18 0.0243 0.0000 0.3054 0.0632 0.4955 0.0000 0.0000 0.6052 0.8660 0.0000 0.0000 1.4300 1.4947 0.7293 1.7592 0.1467 0.0446
8.9 55000.00 -2.89 0.0141 0.0000 0.3085 0.2428 0.3437 0.0000 0.0000 0.8352 0.9771 0.0000 0.0030 1.6005 2.5764 1.0885 2.8967 0.0932 0.0284
8.9 55000.00 -2.63 0.0087 0.0000 0.3037 0.7236 0.2237 0.0000 0.0000 1.0293 1.0037 0.0000 0.0058 1.6312 3.4221 1.3021 3.5524 0.0602 0.0185
8.9 55000.00 -2.38 0.0060 0.0000 0.2914 1.4501 0.1540 0.0000 0.0000 1.1551 0.9663 0.0000 0.0085 1.5571 3.9741 1.4056 3.7634 0.0432 0.0133
8.9 55000.00 -2.14 0.0045 0.0000 0.2761 2.2185 0.1115 0.0000 0.0000 1.2419 0.9079 0.0000 0.0123 1.4505 4.3748 1.4560 3.7920 0.0331 0.0102
8.9 55000.00 -1.89 0.0036 0.0000 0.2600 2.9470 0.0831 0.0000 0.0000 1.3075 0.8453 0.0000 0.0194 1.3392 4.6884 1.4779 3.7465 0.0265 0.0082
8.9 55000.00 -1.65 0.0029 0.0000 0.2427 3.6431 0.0628 0.0000 0.0000 1.3607 0.7796 0.0000 0.0335 1.2257 4.9475 1.4809 3.6762 0.0218 0.0067
8.9 55000.00 -1.41 0.0025 0.0000 0.2251 4.2582 0.0487 0.0000 0.0000 1.4028 0.7162 0.0000 0.0569 1.1187 5.1536 1.4675 3.6088 0.0185 0.0057
8.9 60000.00 -3.98 0.0915 0.0000 0.2738 0.0010 0.7725 0.0000 0.0000 0.3082 0.3252 0.0000 0.0000 0.5593 0.1117 0.0533 0.1368 0.2503 0.0832
8.9 60000.00 -3.72 0.0630 0.0000 0.2890 0.0047 0.6552 0.0000 0.0000 0.4455 0.4642 0.0000 0.0000 0.7844 0.3265 0.1533 0.3942 0.2349 0.0752
8.9 60000.00 -3.45 0.0408 0.0000 0.3037 0.0230 0.5179 0.0000 0.0000 0.6344 0.6501 0.0000 0.0011 1.0820 0.9037 0.4111 1.0824 0.1998 0.0625
8.9 60000.00 -3.18 0.0250 0.0000 0.3121 0.1007 0.3692 0.0000 0.0000 0.8470 0.8289 0.0000 0.0060 1.3646 1.9041 0.8017 2.2384 0.1437 0.0446
8.9 60000.00 -2.89 0.0145 0.0000 0.3095 0.4111 0.2272 0.0000 0.0000 1.0530 0.9450 0.0000 0.0193 1.5422 3.0037 1.1544 3.3597 0.0894 0.0278
8.9 60000.00 -2.63 0.0092 0.0000 0.2926 1.1203 0.1410 0.0000 0.0000 1.1891 0.9487 0.0000 0.0365 1.5353 3.7369 1.3370 3.8695 0.0593 0.0185
8.9 60000.00 -2.38 0.0065 0.0000 0.2672 2.0636 0.0939 0.0000 0.0000 1.2756 0.8861 0.0000 0.0558 1.4208 4.2339 1.4198 4.0055 0.0430 0.0134
8.9 60000.00 -2.14 0.0049 0.0000 0.2435 2.9343 0.0671 0.0000 0.0000 1.3346 0.8142 0.0000 0.0856 1.2936 4.5933 1.4508 3.9899 0.0334 0.0104
8.9 60000.00 -1.96 0.0042 0.0000 0.2271 3.5219 0.0536 0.0012 0.0000 1.3695 0.7617 0.0000 0.1221 1.2027 4.8096 1.4565 3.9481 0.0284 0.0089
8.9 60000.00 -1.65 0.0033 0.0018 0.2008 4.4046 0.0379 0.0032 0.0000 1.4170 0.6761 0.0000 0.2162 1.0577 5.1040 1.4422 3.8781 0.0225 0.0070
8.9 60000.00 -1.41 0.0028 0.0035 0.1814 4.9994 0.0296 0.0060 0.0000 1.4471 0.6127 0.0000 0.3143 0.9525 5.2895 1.4116 3.8380 0.0192 0.0060
