#Cloudy 17.00 models results grids
# O/H: 8.1 - 9.0, log U: -4.0 - -1.0, alpha_OX = -2.0 - -1.0
# SED: AGN doubled peak power law, stopping criterion = 98% free electrons without dust grains
#plane-parallel geometry
12+log(O/H) a_ox log(U) ArII_7m ArV_8m	ArIII_9m SIV_10m NeII_12m ArV_13m NeV_14m NeIII_15m SIII_18m NeV_24m OIV_26m SIII_33m OIII_52m NIII_57m OIII_88m NII_122m NII_205m
8.1 -2.00 -4.00 0.0227 0.0000 0.0442 0.0000 0.1291 0.0000 0.0000 0.0482 0.0799 0.0000 0.0000 0.0830 0.0184 0.0043 0.0109 0.0140 0.0020
8.1 -2.00 -3.75 0.0172 0.0000 0.0498 0.0011 0.1164 0.0000 0.0000 0.0734 0.1129 0.0000 0.0000 0.1162 0.0462 0.0106 0.0272 0.0137 0.0019
8.1 -2.00 -3.50 0.0122 0.0000 0.0549 0.0035 0.0991 0.0000 0.0000 0.1042 0.1512 0.0000 0.0010 0.1548 0.1134 0.0250 0.0665 0.0125 0.0018
8.1 -2.00 -3.25 0.0084 0.0000 0.0588 0.0100 0.0799 0.0000 0.0000 0.1371 0.1880 0.0000 0.0045 0.1915 0.2388 0.0494 0.1398 0.0103 0.0015
8.1 -2.00 -3.00 0.0053 0.0000 0.0613 0.0262 0.0596 0.0000 0.0000 0.1702 0.2195 0.0000 0.0133 0.2228 0.4155 0.0801 0.2426 0.0073 0.0010
8.1 -2.00 -2.75 0.0033 0.0000 0.0621 0.0599 0.0412 0.0000 0.0000 0.1998 0.2402 0.0000 0.0261 0.2431 0.5855 0.1061 0.3402 0.0047 0.0000
8.1 -2.00 -2.50 0.0019 0.0000 0.0606 0.1227 0.0266 0.0000 0.0000 0.2232 0.2482 0.0000 0.0400 0.2507 0.7163 0.1234 0.4118 0.0028 0.0000
8.1 -2.00 -2.25 0.0011 0.0000 0.0568 0.2276 0.0164 0.0000 0.0000 0.2397 0.2428 0.0000 0.0542 0.2446 0.8049 0.1323 0.4540 0.0016 0.0000
8.1 -2.00 -2.00 0.0000 0.0011 0.0506 0.3813 0.0098 0.0018 0.0000 0.2506 0.2235 0.0000 0.0694 0.2247 0.8568 0.1337 0.4685 0.0000 0.0000
8.1 -2.00 -1.75 0.0000 0.0019 0.0423 0.5788 0.0058 0.0031 0.0018 0.2573 0.1924 0.0020 0.0868 0.1929 0.8830 0.1288 0.4613 0.0000 0.0000
8.1 -2.00 -1.50 0.0000 0.0028 0.0329 0.7988 0.0034 0.0046 0.0037 0.2615 0.1535 0.0041 0.1063 0.1535 0.8884 0.1185 0.4366 0.0000 0.0000
8.1 -2.00 -1.25 0.0000 0.0038 0.0238 1.0082 0.0020 0.0062 0.0073 0.2641 0.1130 0.0082 0.1267 0.1127 0.8753 0.1044 0.3993 0.0000 0.0000
8.1 -2.00 -1.00 0.0000 0.0047 0.0161 1.1742 0.0012 0.0077 0.0133 0.2659 0.0771 0.0150 0.1454 0.0767 0.8443 0.0889 0.3541 0.0000 0.0000
8.1 -1.80 -4.00 0.0226 0.0000 0.0446 0.0000 0.1251 0.0000 0.0000 0.0556 0.0811 0.0000 0.0000 0.0842 0.0199 0.0045 0.0118 0.0140 0.0020
8.1 -1.80 -3.75 0.0171 0.0000 0.0504 0.0015 0.1111 0.0000 0.0000 0.0834 0.1149 0.0000 0.0000 0.1183 0.0505 0.0111 0.0297 0.0137 0.0020
8.1 -1.80 -3.50 0.0122 0.0000 0.0554 0.0047 0.0930 0.0000 0.0000 0.1154 0.1527 0.0000 0.0017 0.1563 0.1214 0.0257 0.0713 0.0126 0.0018
8.1 -1.80 -3.25 0.0082 0.0000 0.0593 0.0135 0.0735 0.0000 0.0000 0.1483 0.1907 0.0000 0.0077 0.1941 0.2589 0.0517 0.1518 0.0102 0.0015
8.1 -1.80 -3.00 0.0052 0.0000 0.0616 0.0345 0.0543 0.0000 0.0000 0.1796 0.2217 0.0000 0.0234 0.2248 0.4406 0.0827 0.2578 0.0072 0.0010
8.1 -1.80 -2.75 0.0031 0.0000 0.0619 0.0776 0.0372 0.0000 0.0000 0.2070 0.2414 0.0000 0.0479 0.2440 0.6109 0.1088 0.3556 0.0046 0.0000
8.1 -1.80 -2.50 0.0018 0.0000 0.0596 0.1556 0.0239 0.0014 0.0000 0.2283 0.2473 0.0000 0.0772 0.2494 0.7386 0.1259 0.4257 0.0027 0.0000
8.1 -1.80 -2.25 0.0010 0.0019 0.0545 0.2792 0.0146 0.0031 0.0020 0.2427 0.2381 0.0022 0.1096 0.2395 0.8216 0.1339 0.4647 0.0015 0.0000
8.1 -1.80 -2.00 0.0000 0.0035 0.0471 0.4473 0.0087 0.0057 0.0047 0.2519 0.2148 0.0052 0.1457 0.2155 0.8693 0.1342 0.4770 0.0000 0.0000
8.1 -1.80 -1.75 0.0000 0.0057 0.0381 0.6450 0.0051 0.0094 0.0099 0.2573 0.1809 0.0111 0.1857 0.1810 0.8926 0.1278 0.4682 0.0000 0.0000
8.1 -1.80 -1.50 0.0000 0.0085 0.0288 0.8444 0.0030 0.0138 0.0194 0.2603 0.1414 0.0219 0.2282 0.1411 0.8948 0.1155 0.4417 0.0000 0.0000
8.1 -1.80 -1.25 0.0000 0.0112 0.0204 1.0172 0.0017 0.0181 0.0343 0.2620 0.1024 0.0389 0.2704 0.1019 0.8789 0.0994 0.4029 0.0000 0.0000
8.1 -1.80 -1.00 0.0000 0.0132 0.0136 1.1411 0.0010 0.0213 0.0535 0.2628 0.0690 0.0611 0.3039 0.0685 0.8448 0.0820 0.3562 0.0000 0.0000
8.1 -1.60 -4.00 0.0221 0.0000 0.0458 0.0000 0.1143 0.0000 0.0000 0.0760 0.0848 0.0000 0.0000 0.0880 0.0245 0.0050 0.0145 0.0142 0.0020
8.1 -1.60 -3.75 0.0165 0.0000 0.0516 0.0030 0.0966 0.0000 0.0000 0.1089 0.1199 0.0000 0.0000 0.1234 0.0625 0.0125 0.0369 0.0139 0.0020
8.1 -1.60 -3.50 0.0116 0.0000 0.0568 0.0088 0.0770 0.0000 0.0000 0.1433 0.1596 0.0000 0.0044 0.1630 0.1517 0.0293 0.0894 0.0126 0.0018
8.1 -1.60 -3.25 0.0076 0.0000 0.0606 0.0243 0.0587 0.0000 0.0000 0.1745 0.1978 0.0000 0.0199 0.2010 0.3123 0.0578 0.1838 0.0100 0.0014
8.1 -1.60 -3.00 0.0047 0.0000 0.0626 0.0607 0.0424 0.0000 0.0000 0.2020 0.2285 0.0000 0.0605 0.2311 0.5080 0.0905 0.2985 0.0068 0.0000
8.1 -1.60 -2.75 0.0028 0.0012 0.0611 0.1319 0.0284 0.0020 0.0019 0.2227 0.2436 0.0021 0.1263 0.2454 0.6712 0.1158 0.3928 0.0042 0.0000
8.1 -1.60 -2.50 0.0016 0.0030 0.0562 0.2516 0.0179 0.0049 0.0060 0.2375 0.2419 0.0067 0.2105 0.2429 0.7849 0.1312 0.4552 0.0024 0.0000
8.1 -1.60 -2.25 0.0000 0.0062 0.0484 0.4167 0.0107 0.0101 0.0155 0.2462 0.2225 0.0174 0.3062 0.2227 0.8533 0.1366 0.4862 0.0014 0.0000
8.1 -1.60 -2.00 0.0000 0.0113 0.0390 0.5992 0.0063 0.0182 0.0343 0.2503 0.1895 0.0387 0.4073 0.1892 0.8889 0.1333 0.4919 0.0000 0.0000
8.1 -1.60 -1.75 0.0000 0.0178 0.0294 0.7587 0.0036 0.0285 0.0650 0.2517 0.1502 0.0739 0.5090 0.1495 0.9007 0.1221 0.4771 0.0000 0.0000
8.1 -1.60 -1.50 0.0000 0.0247 0.0209 0.8708 0.0021 0.0394 0.1052 0.2519 0.1114 0.1207 0.6017 0.1107 0.8928 0.1045 0.4458 0.0000 0.0000
8.1 -1.60 -1.25 0.0000 0.0301 0.0143 0.9464 0.0012 0.0477 0.1452 0.2515 0.0778 0.1680 0.6688 0.0770 0.8670 0.0836 0.4027 0.0000 0.0000
8.1 -1.60 -1.00 0.0000 0.0315 0.0095 1.0065 0.0000 0.0496 0.1715 0.2503 0.0513 0.1999 0.6857 0.0507 0.8245 0.0631 0.3529 0.0000 0.0000
8.1 -1.40 -4.00 0.0210 0.0000 0.0487 0.0023 0.0928 0.0000 0.0000 0.1181 0.0944 0.0000 0.0000 0.0980 0.0355 0.0063 0.0212 0.0147 0.0021
8.1 -1.40 -3.75 0.0153 0.0000 0.0546 0.0067 0.0713 0.0000 0.0000 0.1553 0.1324 0.0000 0.0024 0.1360 0.0911 0.0158 0.0541 0.0142 0.0020
8.1 -1.40 -3.50 0.0103 0.0000 0.0597 0.0197 0.0520 0.0000 0.0000 0.1883 0.1746 0.0000 0.0145 0.1777 0.2185 0.0373 0.1295 0.0124 0.0018
8.1 -1.40 -3.25 0.0065 0.0000 0.0630 0.0536 0.0371 0.0000 0.0000 0.2134 0.2125 0.0000 0.0641 0.2148 0.4192 0.0710 0.2483 0.0093 0.0013
8.1 -1.40 -3.00 0.0038 0.0014 0.0629 0.1300 0.0254 0.0023 0.0035 0.2302 0.2374 0.0039 0.1888 0.2385 0.6189 0.1046 0.3663 0.0059 0.0000
8.1 -1.40 -2.75 0.0021 0.0040 0.0578 0.2671 0.0164 0.0064 0.0145 0.2387 0.2413 0.0162 0.3903 0.2411 0.7541 0.1269 0.4453 0.0035 0.0000
8.1 -1.40 -2.50 0.0011 0.0097 0.0482 0.4572 0.0099 0.0154 0.0454 0.2389 0.2209 0.0510 0.6393 0.2197 0.8279 0.1365 0.4855 0.0020 0.0000
8.1 -1.40 -2.25 0.0000 0.0191 0.0372 0.6432 0.0057 0.0303 0.1086 0.2336 0.1814 0.1232 0.8982 0.1797 0.8605 0.1346 0.4971 0.0011 0.0000
8.1 -1.40 -2.00 0.0000 0.0316 0.0268 0.7345 0.0033 0.0497 0.2003 0.2273 0.1351 0.2297 1.1221 0.1336 0.8633 0.1217 0.4859 0.0000 0.0000
8.1 -1.40 -1.75 0.0000 0.0448 0.0183 0.7167 0.0018 0.0699 0.2957 0.2222 0.0946 0.3427 1.2838 0.0933 0.8482 0.1006 0.4589 0.0000 0.0000
8.1 -1.40 -1.50 0.0000 0.0540 0.0122 0.6773 0.0010 0.0837 0.3580 0.2187 0.0650 0.4194 1.3472 0.0639 0.8176 0.0756 0.4191 0.0000 0.0000
8.1 -1.40 -1.25 0.0000 0.0532 0.0082 0.6835 0.0000 0.0820 0.3680 0.2156 0.0441 0.4330 1.3003 0.0434 0.7744 0.0522 0.3710 0.0000 0.0000
8.1 -1.40 -1.00 0.0000 0.0425 0.0055 0.7179 0.0000 0.0655 0.3408 0.2117 0.0289 0.3915 1.1665 0.0283 0.7258 0.0344 0.3210 0.0000 0.0000
8.1 -1.20 -4.00 0.0187 0.0000 0.0529 0.0047 0.0668 0.0000 0.0000 0.1667 0.1108 0.0000 0.0011 0.1147 0.0535 0.0086 0.0322 0.0152 0.0022
8.1 -1.20 -3.75 0.0133 0.0000 0.0586 0.0132 0.0468 0.0000 0.0000 0.2013 0.1516 0.0000 0.0064 0.1553 0.1309 0.0206 0.0784 0.0145 0.0021
8.1 -1.20 -3.50 0.0086 0.0000 0.0631 0.0384 0.0312 0.0000 0.0000 0.2271 0.1946 0.0000 0.0379 0.1972 0.2998 0.0474 0.1790 0.0121 0.0017
8.1 -1.20 -3.25 0.0053 0.0000 0.0650 0.1008 0.0208 0.0016 0.0026 0.2419 0.2271 0.0029 0.1580 0.2282 0.5141 0.0832 0.3066 0.0086 0.0012
8.1 -1.20 -3.00 0.0029 0.0031 0.0618 0.2350 0.0134 0.0050 0.0147 0.2442 0.2397 0.0165 0.4531 0.2389 0.6852 0.1142 0.4084 0.0052 0.0000
8.1 -1.20 -2.75 0.0015 0.0094 0.0515 0.4436 0.0081 0.0149 0.0632 0.2315 0.2223 0.0711 0.9122 0.2200 0.7600 0.1290 0.4525 0.0029 0.0000
8.1 -1.20 -2.50 0.0000 0.0220 0.0382 0.6449 0.0046 0.0346 0.1874 0.2082 0.1782 0.2133 1.4190 0.1754 0.7644 0.1281 0.4533 0.0017 0.0000
8.1 -1.20 -2.25 0.0000 0.0399 0.0264 0.6965 0.0025 0.0619 0.3825 0.1847 0.1226 0.4403 1.8335 0.1203 0.7365 0.1144 0.4323 0.0000 0.0000
8.1 -1.20 -2.00 0.0000 0.0579 0.0172 0.5664 0.0014 0.0890 0.5668 0.1678 0.0756 0.6603 2.0540 0.0741 0.6972 0.0919 0.4016 0.0000 0.0000
8.1 -1.20 -1.75 0.0000 0.0679 0.0108 0.4151 0.0000 0.1032 0.6496 0.1582 0.0468 0.7665 2.0382 0.0459 0.6537 0.0660 0.3652 0.0000 0.0000
8.1 -1.20 -1.50 0.0000 0.0612 0.0069 0.3512 0.0000 0.0924 0.6179 0.1535 0.0316 0.7277 1.8342 0.0309 0.6092 0.0429 0.3255 0.0000 0.0000
8.1 -1.20 -1.25 0.0000 0.0452 0.0046 0.3582 0.0000 0.0682 0.5158 0.1501 0.0220 0.5914 1.5757 0.0215 0.5671 0.0262 0.2850 0.0000 0.0000
8.1 -1.20 -1.00 0.0000 0.0337 0.0032 0.3924 0.0000 0.0512 0.3796 0.1487 0.0146 0.4236 1.3031 0.0142 0.5393 0.0158 0.2492 0.0000 0.0000
8.1 -1.00 -4.00 0.0064 0.0000 0.0244 0.0030 0.0209 0.0000 0.0000 0.0844 0.0557 0.0000 0.0000 0.0578 0.0324 0.0049 0.0199 0.0067 0.0000
8.1 -1.00 -3.75 0.0118 0.0000 0.0615 0.0181 0.0341 0.0000 0.0000 0.2268 0.1676 0.0000 0.0096 0.1714 0.1519 0.0230 0.0916 0.0148 0.0021
8.1 -1.00 -3.50 0.0075 0.0000 0.0651 0.0516 0.0216 0.0000 0.0000 0.2456 0.2083 0.0000 0.0559 0.2106 0.3325 0.0512 0.1996 0.0122 0.0017
8.1 -1.00 -3.25 0.0045 0.0013 0.0657 0.1351 0.0135 0.0021 0.0048 0.2522 0.2346 0.0053 0.2358 0.2349 0.5482 0.0877 0.3282 0.0083 0.0012
8.1 -1.00 -3.00 0.0024 0.0044 0.0603 0.3027 0.0082 0.0070 0.0277 0.2424 0.2347 0.0310 0.6669 0.2329 0.6838 0.1144 0.4088 0.0049 0.0000
8.1 -1.00 -2.75 0.0012 0.0133 0.0476 0.5247 0.0048 0.0210 0.1189 0.2132 0.2019 0.1347 1.3042 0.1989 0.6958 0.1207 0.4156 0.0029 0.0000
8.1 -1.00 -2.50 0.0000 0.0306 0.0331 0.6635 0.0027 0.0477 0.3356 0.1732 0.1458 0.3842 1.9284 0.1431 0.6390 0.1109 0.3808 0.0017 0.0000
8.1 -1.00 -2.25 0.0000 0.0519 0.0212 0.5794 0.0014 0.0800 0.6227 0.1376 0.0869 0.7213 2.3186 0.0851 0.5666 0.0912 0.3357 0.0000 0.0000
8.1 -1.00 -2.00 0.0000 0.0666 0.0126 0.3688 0.0000 0.1014 0.8080 0.1143 0.0461 0.9484 2.3390 0.0451 0.4982 0.0667 0.2917 0.0000 0.0000
8.1 -1.00 -1.75 0.0000 0.0623 0.0073 0.2263 0.0000 0.0935 0.7917 0.1027 0.0267 0.9410 2.0397 0.0262 0.4433 0.0438 0.2540 0.0000 0.0000
8.1 -1.00 -1.50 0.0000 0.0424 0.0045 0.1789 0.0000 0.0633 0.6617 0.0982 0.0181 0.7678 1.6689 0.0177 0.4049 0.0264 0.2239 0.0000 0.0000
8.1 -1.00 -1.25 0.0000 0.0288 0.0031 0.1917 0.0000 0.0430 0.4752 0.0988 0.0133 0.5346 1.3863 0.0130 0.3876 0.0154 0.2023 0.0000 0.0000
8.1 -1.00 -1.00 0.0000 0.0244 0.0023 0.2346 0.0000 0.0368 0.3057 0.1058 0.0092 0.3367 1.1184 0.0090 0.3998 0.0091 0.1895 0.0000 0.0000
8.4 -2.00 -4.00 0.0258 0.0000 0.0551 0.0000 0.2000 0.0000 0.0000 0.0745 0.1216 0.0000 0.0000 0.1262 0.0318 0.0074 0.0184 0.0205 0.0029
8.4 -2.00 -3.75 0.0179 0.0000 0.0626 0.0020 0.1763 0.0000 0.0000 0.1172 0.1786 0.0000 0.0000 0.1836 0.0901 0.0207 0.0517 0.0195 0.0028
8.4 -2.00 -3.50 0.0157 0.0000 0.0780 0.0072 0.1786 0.0000 0.0000 0.1850 0.2683 0.0000 0.0024 0.2746 0.2423 0.0509 0.1377 0.0201 0.0028
8.4 -2.00 -3.25 0.0110 0.0000 0.0833 0.0194 0.1473 0.0000 0.0000 0.2405 0.3319 0.0000 0.0088 0.3388 0.4707 0.0941 0.2671 0.0164 0.0023
8.4 -2.00 -3.00 0.0071 0.0000 0.0867 0.0485 0.1134 0.0000 0.0000 0.2966 0.3848 0.0000 0.0245 0.3919 0.7725 0.1462 0.4364 0.0116 0.0016
8.4 -2.00 -2.75 0.0044 0.0000 0.0877 0.1087 0.0808 0.0000 0.0000 0.3490 0.4192 0.0000 0.0471 0.4262 1.0569 0.1901 0.5913 0.0074 0.0010
8.4 -2.00 -2.50 0.0026 0.0000 0.0859 0.2238 0.0534 0.0000 0.0000 0.3935 0.4337 0.0000 0.0721 0.4400 1.2834 0.2208 0.7047 0.0042 0.0000
8.4 -2.00 -2.25 0.0015 0.0000 0.0806 0.4119 0.0336 0.0014 0.0000 0.4248 0.4229 0.0000 0.0950 0.4282 1.4192 0.2347 0.7555 0.0024 0.0000
8.4 -2.00 -2.00 0.0000 0.0016 0.0719 0.6892 0.0204 0.0027 0.0013 0.4446 0.3874 0.0015 0.1186 0.3911 1.4915 0.2367 0.7583 0.0013 0.0000
8.4 -2.00 -1.75 0.0000 0.0026 0.0606 1.0445 0.0122 0.0044 0.0028 0.4575 0.3327 0.0031 0.1445 0.3347 1.5159 0.2294 0.7249 0.0000 0.0000
8.4 -2.00 -1.50 0.0000 0.0039 0.0478 1.4387 0.0073 0.0066 0.0058 0.4656 0.2656 0.0064 0.1741 0.2663 1.4984 0.2148 0.6653 0.0000 0.0000
8.4 -2.00 -1.25 0.0000 0.0052 0.0350 1.8164 0.0044 0.0088 0.0116 0.4705 0.1967 0.0128 0.2060 0.1964 1.4434 0.1962 0.5895 0.0000 0.0000
8.4 -2.00 -1.00 0.0000 0.0064 0.0241 2.1266 0.0026 0.0107 0.0215 0.4739 0.1357 0.0238 0.2355 0.1351 1.3531 0.1775 0.5065 0.0000 0.0000
8.4 -1.80 -4.00 0.0257 0.0000 0.0556 0.0000 0.1944 0.0000 0.0000 0.0856 0.1234 0.0000 0.0000 0.1281 0.0341 0.0076 0.0197 0.0206 0.0029
8.4 -1.80 -3.75 0.0178 0.0000 0.0632 0.0028 0.1682 0.0000 0.0000 0.1321 0.1812 0.0000 0.0000 0.1862 0.0965 0.0215 0.0554 0.0196 0.0028
8.4 -1.80 -3.50 0.0155 0.0000 0.0786 0.0098 0.1669 0.0000 0.0000 0.2050 0.2718 0.0000 0.0039 0.2782 0.2619 0.0530 0.1490 0.0201 0.0028
8.4 -1.80 -3.25 0.0108 0.0000 0.0843 0.0260 0.1361 0.0000 0.0000 0.2616 0.3373 0.0000 0.0148 0.3441 0.5077 0.0981 0.2886 0.0164 0.0023
8.4 -1.80 -3.00 0.0069 0.0000 0.0872 0.0648 0.1028 0.0000 0.0000 0.3150 0.3897 0.0000 0.0431 0.3967 0.8292 0.1528 0.4693 0.0112 0.0016
8.4 -1.80 -2.75 0.0043 0.0000 0.0876 0.1416 0.0729 0.0000 0.0000 0.3633 0.4221 0.0000 0.0851 0.4289 1.1067 0.1957 0.6205 0.0071 0.0010
8.4 -1.80 -2.50 0.0025 0.0012 0.0841 0.2837 0.0476 0.0021 0.0014 0.4016 0.4302 0.0015 0.1358 0.4362 1.3181 0.2244 0.7257 0.0040 0.0000
8.4 -1.80 -2.25 0.0014 0.0026 0.0772 0.5071 0.0297 0.0045 0.0034 0.4293 0.4132 0.0037 0.1880 0.4181 1.4463 0.2374 0.7725 0.0023 0.0000
8.4 -1.80 -2.00 0.0000 0.0049 0.0670 0.8146 0.0179 0.0083 0.0076 0.4469 0.3714 0.0084 0.2450 0.3749 1.5147 0.2382 0.7730 0.0012 0.0000
8.4 -1.80 -1.75 0.0000 0.0080 0.0546 1.1725 0.0107 0.0136 0.0162 0.4577 0.3119 0.0179 0.3075 0.3138 1.5341 0.2287 0.7368 0.0000 0.0000
8.4 -1.80 -1.50 0.0000 0.0117 0.0416 1.5331 0.0063 0.0197 0.0321 0.4639 0.2441 0.0356 0.3755 0.2447 1.5128 0.2112 0.6748 0.0000 0.0000
8.4 -1.80 -1.25 0.0000 0.0153 0.0299 1.8502 0.0038 0.0255 0.0581 0.4676 0.1778 0.0645 0.4430 0.1777 1.4546 0.1892 0.5970 0.0000 0.0000
8.4 -1.80 -1.00 0.0000 0.0178 0.0203 2.0929 0.0022 0.0295 0.0936 0.4698 0.1214 0.1043 0.4910 0.1209 1.3609 0.1673 0.5120 0.0000 0.0000
8.4 -1.60 -4.00 0.0254 0.0000 0.0572 0.0015 0.1791 0.0000 0.0000 0.1166 0.1292 0.0000 0.0000 0.1341 0.0411 0.0084 0.0238 0.0210 0.0030
8.4 -1.60 -3.75 0.0175 0.0000 0.0648 0.0054 0.1472 0.0000 0.0000 0.1711 0.1890 0.0000 0.0016 0.1943 0.1157 0.0236 0.0667 0.0199 0.0028
8.4 -1.60 -3.50 0.0151 0.0000 0.0804 0.0179 0.1389 0.0000 0.0000 0.2545 0.2826 0.0000 0.0095 0.2891 0.3185 0.0591 0.1820 0.0201 0.0028
8.4 -1.60 -3.25 0.0101 0.0000 0.0858 0.0476 0.1076 0.0000 0.0000 0.3094 0.3496 0.0000 0.0383 0.3564 0.6176 0.1108 0.3527 0.0157 0.0022
8.4 -1.60 -3.00 0.0064 0.0000 0.0883 0.1136 0.0800 0.0012 0.0000 0.3559 0.4006 0.0010 0.1090 0.4074 0.9512 0.1664 0.5412 0.0106 0.0015
8.4 -1.60 -2.75 0.0038 0.0018 0.0864 0.2435 0.0550 0.0031 0.0034 0.3934 0.4258 0.0038 0.2225 0.4321 1.2238 0.2096 0.6904 0.0064 0.0000
8.4 -1.60 -2.50 0.0021 0.0043 0.0797 0.4654 0.0353 0.0073 0.0104 0.4225 0.4224 0.0115 0.3652 0.4277 1.4117 0.2360 0.7831 0.0035 0.0000
8.4 -1.60 -2.25 0.0011 0.0090 0.0685 0.7694 0.0215 0.0151 0.0264 0.4382 0.3853 0.0292 0.5201 0.3891 1.5093 0.2441 0.8132 0.0019 0.0000
8.4 -1.60 -2.00 0.0000 0.0161 0.0553 1.1080 0.0127 0.0269 0.0583 0.4472 0.3266 0.0647 0.6872 0.3289 1.5550 0.2389 0.8019 0.0000 0.0000
8.4 -1.60 -1.75 0.0000 0.0253 0.0417 1.4050 0.0074 0.0418 0.1130 0.4513 0.2578 0.1256 0.8597 0.2590 1.5575 0.2216 0.7568 0.0000 0.0000
8.4 -1.60 -1.50 0.0000 0.0348 0.0298 1.6190 0.0043 0.0572 0.1899 0.4528 0.1912 0.2123 1.0134 0.1916 1.5221 0.1948 0.6878 0.0000 0.0000
8.4 -1.60 -1.25 0.0000 0.0418 0.0206 1.7697 0.0025 0.0682 0.2725 0.4532 0.1347 0.3070 1.1053 0.1345 1.4503 0.1634 0.6034 0.0000 0.0000
8.4 -1.60 -1.00 0.0000 0.0431 0.0139 1.9036 0.0015 0.0696 0.3327 0.4524 0.0904 0.3775 1.0880 0.0900 1.3464 0.1334 0.5129 0.0000 0.0000
8.4 -1.40 -4.00 0.0247 0.0000 0.0614 0.0036 0.1486 0.0000 0.0000 0.1821 0.1452 0.0000 0.0000 0.1508 0.0584 0.0104 0.0341 0.0221 0.0031
8.4 -1.40 -3.75 0.0169 0.0000 0.0689 0.0121 0.1108 0.0000 0.0000 0.2439 0.2099 0.0000 0.0051 0.2155 0.1622 0.0290 0.0942 0.0207 0.0029
8.4 -1.40 -3.50 0.0137 0.0000 0.0850 0.0415 0.0941 0.0000 0.0000 0.3378 0.3117 0.0000 0.0327 0.3183 0.4619 0.0766 0.2664 0.0198 0.0028
8.4 -1.40 -3.25 0.0089 0.0000 0.0898 0.1068 0.0681 0.0013 0.0015 0.3848 0.3787 0.0016 0.1252 0.3852 0.8359 0.1378 0.4818 0.0145 0.0020
8.4 -1.40 -3.00 0.0053 0.0022 0.0900 0.2486 0.0478 0.0037 0.0069 0.4157 0.4224 0.0077 0.3443 0.4278 1.1802 0.1966 0.6787 0.0090 0.0013
8.4 -1.40 -2.75 0.0028 0.0060 0.0827 0.5029 0.0314 0.0100 0.0267 0.4299 0.4264 0.0296 0.6882 0.4302 1.3958 0.2338 0.7977 0.0051 0.0000
8.4 -1.40 -2.50 0.0014 0.0146 0.0685 0.8685 0.0191 0.0240 0.0826 0.4309 0.3876 0.0916 1.1277 0.3896 1.5099 0.2499 0.8507 0.0026 0.0000
8.4 -1.40 -2.25 0.0000 0.0286 0.0526 1.2240 0.0112 0.0467 0.1964 0.4244 0.3170 0.2185 1.5819 0.3175 1.5495 0.2458 0.8507 0.0014 0.0000
8.4 -1.40 -2.00 0.0000 0.0469 0.0375 1.4128 0.0063 0.0758 0.3719 0.4135 0.2335 0.4158 1.9899 0.2333 1.5390 0.2234 0.8116 0.0000 0.0000
8.4 -1.40 -1.75 0.0000 0.0659 0.0254 1.3932 0.0036 0.1056 0.5692 0.4055 0.1626 0.6422 2.2628 0.1620 1.4971 0.1874 0.7468 0.0000 0.0000
8.4 -1.40 -1.50 0.0000 0.0793 0.0170 1.3240 0.0020 0.1260 0.7178 0.4002 0.1120 0.8177 2.3304 0.1114 1.4253 0.1440 0.6629 0.0000 0.0000
8.4 -1.40 -1.25 0.0000 0.0780 0.0116 1.3476 0.0011 0.1231 0.7582 0.3956 0.0771 0.8713 2.1329 0.0765 1.3296 0.1031 0.5701 0.0000 0.0000
8.4 -1.40 -1.00 0.0000 0.0604 0.0081 1.4379 0.0000 0.0952 0.6819 0.3908 0.0516 0.7864 1.7194 0.0511 1.2216 0.0721 0.4788 0.0000 0.0000
8.4 -1.20 -4.00 0.0238 0.0000 0.0695 0.0074 0.1143 0.0000 0.0000 0.2704 0.1777 0.0000 0.0017 0.1847 0.0847 0.0135 0.0502 0.0243 0.0035
8.4 -1.20 -3.75 0.0160 0.0000 0.0769 0.0243 0.0771 0.0000 0.0000 0.3304 0.2505 0.0000 0.0130 0.2571 0.2319 0.0374 0.1363 0.0225 0.0032
8.4 -1.20 -3.50 0.0121 0.0000 0.0932 0.0869 0.0580 0.0011 0.0013 0.4245 0.3622 0.0014 0.0949 0.3686 0.6555 0.1023 0.3826 0.0200 0.0028
8.4 -1.20 -3.25 0.0072 0.0018 0.0945 0.2151 0.0377 0.0029 0.0063 0.4453 0.4154 0.0070 0.3376 0.4196 1.0775 0.1715 0.6284 0.0129 0.0018
8.4 -1.20 -3.00 0.0039 0.0053 0.0901 0.4834 0.0241 0.0088 0.0319 0.4499 0.4374 0.0354 0.9030 0.4389 1.3745 0.2271 0.8002 0.0071 0.0000
8.4 -1.20 -2.75 0.0019 0.0153 0.0751 0.8956 0.0147 0.0248 0.1277 0.4281 0.4045 0.1420 1.7683 0.4034 1.4791 0.2504 0.8575 0.0036 0.0000
8.4 -1.20 -2.50 0.0000 0.0355 0.0543 1.3058 0.0083 0.0571 0.3724 0.3858 0.3195 0.4154 2.7539 0.3171 1.4586 0.2453 0.8377 0.0018 0.0000
8.4 -1.20 -2.25 0.0000 0.0633 0.0364 1.4288 0.0046 0.1006 0.7683 0.3444 0.2161 0.8632 3.5393 0.2135 1.3899 0.2183 0.7829 0.0000 0.0000
8.4 -1.20 -2.00 0.0000 0.0906 0.0233 1.1798 0.0025 0.1424 1.1646 0.3148 0.1309 1.3221 3.9091 0.1291 1.2994 0.1746 0.7087 0.0000 0.0000
8.4 -1.20 -1.75 0.0000 0.1066 0.0147 0.8751 0.0014 0.1657 1.3810 0.2984 0.0812 1.5851 3.7853 0.0800 1.2028 0.1249 0.6254 0.0000 0.0000
8.4 -1.20 -1.50 0.0000 0.0978 0.0095 0.7472 0.0000 0.1509 1.3362 0.2893 0.0551 1.5502 3.2192 0.0542 1.1047 0.0811 0.5392 0.0000 0.0000
8.4 -1.20 -1.25 0.0000 0.0719 0.0067 0.7675 0.0000 0.1107 1.1031 0.2834 0.0388 1.2782 2.4752 0.0382 1.0148 0.0502 0.4575 0.0000 0.0000
8.4 -1.20 -1.00 0.0000 0.0501 0.0048 0.8323 0.0000 0.0777 0.7963 0.2797 0.0258 0.8999 1.7076 0.0253 0.9352 0.0309 0.3825 0.0000 0.0000
8.4 -1.00 -4.00 0.0237 0.0000 0.0806 0.0109 0.0962 0.0000 0.0000 0.3526 0.2214 0.0000 0.0026 0.2308 0.1043 0.0161 0.0627 0.0279 0.0040
8.4 -1.00 -3.75 0.0157 0.0000 0.0877 0.0354 0.0612 0.0000 0.0000 0.4044 0.3021 0.0000 0.0200 0.3095 0.2821 0.0438 0.1678 0.0254 0.0036
8.4 -1.00 -3.50 0.0098 0.0000 0.0930 0.1100 0.0365 0.0013 0.0021 0.4400 0.3797 0.0023 0.1353 0.3840 0.6459 0.1027 0.3821 0.0199 0.0028
8.4 -1.00 -3.25 0.0062 0.0026 0.0979 0.3080 0.0244 0.0042 0.0125 0.4738 0.4414 0.0139 0.5564 0.4432 1.1988 0.1902 0.7046 0.0122 0.0017
8.4 -1.00 -3.00 0.0032 0.0080 0.0900 0.6649 0.0145 0.0130 0.0650 0.4557 0.4402 0.0723 1.4674 0.4385 1.4312 0.2385 0.8392 0.0062 0.0000
8.4 -1.00 -2.75 0.0014 0.0232 0.0701 1.1334 0.0082 0.0372 0.2614 0.3994 0.3745 0.2916 2.8027 0.3704 1.4143 0.2457 0.8270 0.0030 0.0000
8.4 -1.00 -2.50 0.0000 0.0521 0.0467 1.4316 0.0044 0.0827 0.7211 0.3241 0.2639 0.8100 4.0584 0.2595 1.2753 0.2223 0.7409 0.0015 0.0000
8.4 -1.00 -2.25 0.0000 0.0869 0.0285 1.2623 0.0023 0.1362 1.3430 0.2591 0.1512 1.5241 4.7968 0.1481 1.1120 0.1795 0.6379 0.0000 0.0000
8.4 -1.00 -2.00 0.0000 0.1109 0.0170 0.8139 0.0012 0.1717 1.7722 0.2209 0.0795 2.0339 4.7403 0.0778 0.9706 0.1293 0.5438 0.0000 0.0000
8.4 -1.00 -1.75 0.0000 0.1065 0.0100 0.5130 0.0000 0.1628 1.8043 0.2008 0.0461 2.0955 3.9997 0.0452 0.8541 0.0831 0.4607 0.0000 0.0000
8.4 -1.00 -1.50 0.0000 0.0756 0.0063 0.4129 0.0000 0.1146 1.5016 0.1912 0.0316 1.7580 3.0022 0.0310 0.7650 0.0494 0.3908 0.0000 0.0000
8.4 -1.00 -1.25 0.0000 0.0507 0.0046 0.4297 0.0000 0.0772 1.0893 0.1878 0.0234 1.2467 2.1064 0.0229 0.7051 0.0286 0.3333 0.0000 0.0000
8.4 -1.00 -1.00 0.0000 0.0379 0.0035 0.5082 0.0000 0.0581 0.6775 0.1957 0.0161 0.7594 1.2786 0.0157 0.6824 0.0170 0.2884 0.0000 0.0000
8.7 -2.00 -4.00 0.0577 0.0000 0.1117 0.0000 0.3510 0.0000 0.0000 0.1128 0.1785 0.0000 0.0000 0.1855 0.0510 0.0103 0.0279 0.0323 0.0046
8.7 -2.00 -3.75 0.0407 0.0000 0.1301 0.0028 0.3188 0.0000 0.0000 0.1839 0.2713 0.0000 0.0000 0.2789 0.1443 0.0295 0.0788 0.0312 0.0044
8.7 -2.00 -3.50 0.0345 0.0000 0.1649 0.0108 0.3246 0.0000 0.0000 0.3044 0.4244 0.0000 0.0037 0.4335 0.4066 0.0794 0.2197 0.0324 0.0045
8.7 -2.00 -3.25 0.0249 0.0000 0.1781 0.0290 0.2769 0.0000 0.0000 0.4015 0.5352 0.0000 0.0131 0.5454 0.7653 0.1457 0.4141 0.0275 0.0039
8.7 -2.00 -3.00 0.0165 0.0000 0.1903 0.0767 0.2229 0.0000 0.0000 0.5116 0.6447 0.0000 0.0391 0.6554 1.2935 0.2390 0.6958 0.0202 0.0028
8.7 -2.00 -2.75 0.0103 0.0000 0.1918 0.1736 0.1628 0.0000 0.0000 0.6030 0.7044 0.0000 0.0773 0.7145 1.7649 0.3141 0.9344 0.0130 0.0018
8.7 -2.00 -2.50 0.0061 0.0000 0.1881 0.3599 0.1108 0.0014 0.0000 0.6842 0.7306 0.0000 0.1196 0.7392 2.1367 0.3667 1.0981 0.0076 0.0011
8.7 -2.00 -2.25 0.0035 0.0016 0.1784 0.6735 0.0719 0.0030 0.0000 0.7474 0.7189 0.0000 0.1583 0.7252 2.3690 0.3941 1.1632 0.0044 0.0000
8.7 -2.00 -2.00 0.0019 0.0031 0.1611 1.1475 0.0447 0.0056 0.0020 0.7896 0.6640 0.0021 0.1958 0.6670 2.4823 0.4019 1.1464 0.0023 0.0000
8.7 -2.00 -1.75 0.0000 0.0052 0.1383 1.7570 0.0276 0.0093 0.0040 0.8169 0.5749 0.0043 0.2324 0.5745 2.4882 0.3942 1.0676 0.0013 0.0000
8.7 -2.00 -1.50 0.0000 0.0076 0.1116 2.4424 0.0170 0.0136 0.0082 0.8341 0.4642 0.0088 0.2711 0.4610 2.4082 0.3764 0.9528 0.0000 0.0000
8.7 -2.00 -1.25 0.0000 0.0099 0.0841 3.1186 0.0104 0.0177 0.0161 0.8451 0.3485 0.0174 0.3111 0.3439 2.2565 0.3542 0.8207 0.0000 0.0000
8.7 -2.00 -1.00 0.0000 0.0119 0.0592 3.7040 0.0063 0.0211 0.0301 0.8526 0.2438 0.0327 0.3468 0.2393 2.0466 0.3312 0.6853 0.0000 0.0000
8.7 -1.80 -4.00 0.0575 0.0000 0.1129 0.0010 0.3434 0.0000 0.0000 0.1305 0.1816 0.0000 0.0000 0.1887 0.0548 0.0106 0.0300 0.0325 0.0046
8.7 -1.80 -3.75 0.0405 0.0000 0.1314 0.0039 0.3064 0.0000 0.0000 0.2091 0.2758 0.0000 0.0000 0.2836 0.1549 0.0306 0.0846 0.0314 0.0044
8.7 -1.80 -3.50 0.0342 0.0000 0.1663 0.0148 0.3054 0.0000 0.0000 0.3399 0.4302 0.0000 0.0060 0.4396 0.4366 0.0823 0.2365 0.0325 0.0046
8.7 -1.80 -3.25 0.0245 0.0000 0.1799 0.0394 0.2562 0.0000 0.0000 0.4403 0.5436 0.0000 0.0218 0.5539 0.8263 0.1522 0.4481 0.0273 0.0038
8.7 -1.80 -3.00 0.0159 0.0000 0.1892 0.1009 0.2005 0.0000 0.0000 0.5408 0.6443 0.0000 0.0659 0.6550 1.3608 0.2449 0.7338 0.0196 0.0027
8.7 -1.80 -2.75 0.0098 0.0011 0.1913 0.2282 0.1460 0.0020 0.0000 0.6305 0.7073 0.0000 0.1374 0.7174 1.8500 0.3233 0.9820 0.0124 0.0017
8.7 -1.80 -2.50 0.0058 0.0025 0.1860 0.4615 0.0990 0.0045 0.0021 0.7055 0.7285 0.0022 0.2205 0.7373 2.2045 0.3743 1.1365 0.0074 0.0010
8.7 -1.80 -2.25 0.0032 0.0053 0.1721 0.8444 0.0631 0.0095 0.0050 0.7612 0.7046 0.0053 0.3077 0.7109 2.4278 0.4010 1.1965 0.0041 0.0000
8.7 -1.80 -2.00 0.0017 0.0099 0.1513 1.3749 0.0390 0.0176 0.0110 0.7981 0.6378 0.0118 0.3942 0.6412 2.5255 0.4063 1.1714 0.0022 0.0000
8.7 -1.80 -1.75 0.0000 0.0162 0.1254 2.0064 0.0237 0.0287 0.0231 0.8210 0.5391 0.0251 0.4837 0.5395 2.5261 0.3959 1.0895 0.0012 0.0000
8.7 -1.80 -1.50 0.0000 0.0233 0.0977 2.6531 0.0144 0.0411 0.0464 0.8348 0.4261 0.0505 0.5761 0.4241 2.4420 0.3746 0.9710 0.0000 0.0000
8.7 -1.80 -1.25 0.0000 0.0296 0.0716 3.2467 0.0087 0.0518 0.0865 0.8432 0.3144 0.0944 0.6638 0.3113 2.2876 0.3484 0.8361 0.0000 0.0000
8.7 -1.80 -1.00 0.0000 0.0337 0.0495 3.7332 0.0052 0.0583 0.1450 0.8482 0.2174 0.1585 0.7273 0.2143 2.0728 0.3218 0.6976 0.0000 0.0000
8.7 -1.60 -4.00 0.0570 0.0000 0.1166 0.0021 0.3217 0.0000 0.0000 0.1812 0.1912 0.0000 0.0000 0.1988 0.0662 0.0118 0.0365 0.0332 0.0047
8.7 -1.60 -3.75 0.0400 0.0000 0.1356 0.0076 0.2734 0.0000 0.0000 0.2772 0.2897 0.0000 0.0022 0.2980 0.1866 0.0339 0.1025 0.0321 0.0045
8.7 -1.60 -3.50 0.0326 0.0000 0.1719 0.0286 0.2553 0.0000 0.0000 0.4350 0.4548 0.0000 0.0158 0.4648 0.5449 0.0955 0.2974 0.0325 0.0046
8.7 -1.60 -3.25 0.0234 0.0000 0.1851 0.0728 0.2071 0.0000 0.0000 0.5332 0.5683 0.0000 0.0552 0.5791 1.0018 0.1717 0.5469 0.0268 0.0038
8.7 -1.60 -3.00 0.0147 0.0015 0.1925 0.1829 0.1556 0.0026 0.0015 0.6215 0.6656 0.0016 0.1689 0.6764 1.5897 0.2713 0.8629 0.0183 0.0026
8.7 -1.60 -2.75 0.0088 0.0037 0.1907 0.3997 0.1103 0.0066 0.0053 0.6923 0.7174 0.0057 0.3526 0.7276 2.0609 0.3486 1.1021 0.0112 0.0016
8.7 -1.60 -2.50 0.0050 0.0088 0.1778 0.7715 0.0727 0.0156 0.0154 0.7460 0.7162 0.0167 0.5770 0.7248 2.3693 0.3951 1.2320 0.0065 0.0000
8.7 -1.60 -2.25 0.0026 0.0185 0.1549 1.3084 0.0450 0.0324 0.0385 0.7814 0.6602 0.0419 0.8218 0.6665 2.5439 0.4152 1.2665 0.0035 0.0000
8.7 -1.60 -2.00 0.0013 0.0333 0.1263 1.9262 0.0269 0.0581 0.0857 0.8012 0.5620 0.0937 1.0747 0.5658 2.6089 0.4125 1.2248 0.0018 0.0000
8.7 -1.60 -1.75 0.0000 0.0520 0.0966 2.4873 0.0159 0.0898 0.1711 0.8115 0.4465 0.1876 1.3252 0.4481 2.5846 0.3911 1.1292 0.0000 0.0000
8.7 -1.60 -1.50 0.0000 0.0708 0.0704 2.9222 0.0094 0.1210 0.3018 0.8169 0.3355 0.3316 1.5560 0.3355 2.4835 0.3567 1.0006 0.0000 0.0000
8.7 -1.60 -1.25 0.0000 0.0834 0.0497 3.2630 0.0056 0.1410 0.4614 0.8189 0.2403 0.5068 1.7092 0.2394 2.3090 0.3166 0.8541 0.0000 0.0000
8.7 -1.60 -1.00 0.0000 0.0844 0.0342 3.5748 0.0033 0.1406 0.6072 0.8177 0.1636 0.6654 1.6779 0.1624 2.0719 0.2787 0.7039 0.0000 0.0000
8.7 -1.40 -4.00 0.0558 0.0000 0.1267 0.0051 0.2758 0.0000 0.0000 0.2946 0.2180 0.0000 0.0000 0.2271 0.0947 0.0148 0.0528 0.0351 0.0050
8.7 -1.40 -3.75 0.0388 0.0000 0.1464 0.0177 0.2128 0.0000 0.0000 0.4105 0.3274 0.0000 0.0068 0.3369 0.2650 0.0425 0.1474 0.0338 0.0048
8.7 -1.40 -3.50 0.0307 0.0000 0.1829 0.0652 0.1792 0.0011 0.0000 0.5859 0.5030 0.0000 0.0500 0.5140 0.7634 0.1196 0.4224 0.0329 0.0046
8.7 -1.40 -3.25 0.0205 0.0017 0.1955 0.1702 0.1324 0.0030 0.0025 0.6737 0.6236 0.0027 0.1867 0.6348 1.3870 0.2193 0.7676 0.0250 0.0035
8.7 -1.40 -3.00 0.0123 0.0047 0.1981 0.4076 0.0940 0.0082 0.0111 0.7299 0.7072 0.0121 0.5287 0.7178 1.9911 0.3238 1.0965 0.0159 0.0022
8.7 -1.40 -2.75 0.0067 0.0127 0.1846 0.8502 0.0626 0.0221 0.0418 0.7583 0.7237 0.0457 1.0814 0.7330 2.3851 0.3949 1.2961 0.0089 0.0012
8.7 -1.40 -2.50 0.0034 0.0305 0.1561 1.4858 0.0391 0.0523 0.1248 0.7676 0.6668 0.1367 1.7416 0.6741 2.5777 0.4267 1.3659 0.0049 0.0000
8.7 -1.40 -2.25 0.0016 0.0605 0.1199 2.1548 0.0228 0.1028 0.3010 0.7589 0.5464 0.3305 2.4441 0.5513 2.6403 0.4257 1.3443 0.0025 0.0000
8.7 -1.40 -2.00 0.0000 0.0999 0.0861 2.5716 0.0130 0.1678 0.5923 0.7469 0.4074 0.6520 3.0939 0.4103 2.6196 0.3963 1.2620 0.0012 0.0000
8.7 -1.40 -1.75 0.0000 0.1404 0.0598 2.6351 0.0074 0.2331 0.9615 0.7390 0.2910 1.0596 3.5961 0.2924 2.5331 0.3439 1.1373 0.0000 0.0000
8.7 -1.40 -1.50 0.0000 0.1684 0.0409 2.6089 0.0042 0.2762 1.3141 0.7316 0.2048 1.4476 3.7829 0.2052 2.3749 0.2768 0.9827 0.0000 0.0000
8.7 -1.40 -1.25 0.0000 0.1638 0.0289 2.7363 0.0025 0.2655 1.4968 0.7237 0.1441 1.6555 3.3238 0.1440 2.1581 0.2127 0.8173 0.0000 0.0000
8.7 -1.40 -1.00 0.0000 0.1234 0.0208 2.9693 0.0015 0.1990 1.4652 0.7135 0.0974 1.6203 2.3850 0.0971 1.9019 0.1659 0.6589 0.0000 0.0000
8.7 -1.20 -4.00 0.0544 0.0000 0.1476 0.0109 0.2207 0.0000 0.0000 0.4588 0.2755 0.0000 0.0024 0.2880 0.1403 0.0199 0.0799 0.0395 0.0056
8.7 -1.20 -3.75 0.0371 0.0000 0.1672 0.0371 0.1528 0.0000 0.0000 0.5728 0.4027 0.0000 0.0184 0.4148 0.3872 0.0567 0.2195 0.0374 0.0053
8.7 -1.20 -3.50 0.0238 0.0012 0.1828 0.1215 0.0972 0.0021 0.0020 0.6621 0.5405 0.0022 0.1290 0.5515 0.9154 0.1408 0.5198 0.0311 0.0044
8.7 -1.20 -3.25 0.0170 0.0039 0.2089 0.3524 0.0753 0.0067 0.0109 0.7839 0.6991 0.0119 0.5129 0.7101 1.8281 0.2805 1.0300 0.0230 0.0032
8.7 -1.20 -3.00 0.0094 0.0115 0.2022 0.8065 0.0490 0.0196 0.0521 0.7986 0.7500 0.0572 1.3738 0.7588 2.3684 0.3828 1.3280 0.0131 0.0018
8.7 -1.20 -2.75 0.0046 0.0328 0.1714 1.5402 0.0302 0.0553 0.2045 0.7704 0.7023 0.2248 2.7203 0.7081 2.5774 0.4318 1.4299 0.0067 0.0000
8.7 -1.20 -2.50 0.0021 0.0767 0.1266 2.3162 0.0173 0.1278 0.5947 0.7109 0.5660 0.6555 4.2550 0.5686 2.5676 0.4319 1.3969 0.0034 0.0000
8.7 -1.20 -2.25 0.0000 0.1392 0.0852 2.6562 0.0094 0.2292 1.2712 0.6447 0.3904 1.4038 5.6395 0.3909 2.4561 0.3923 1.2923 0.0017 0.0000
8.7 -1.20 -2.00 0.0000 0.2023 0.0558 2.3449 0.0052 0.3285 2.0456 0.5993 0.2482 2.2603 6.5009 0.2479 2.3088 0.3225 1.1559 0.0000 0.0000
8.7 -1.20 -1.75 0.0000 0.2422 0.0360 1.8821 0.0028 0.3877 2.6235 0.5713 0.1609 2.9063 6.4452 0.1604 2.1224 0.2358 0.9940 0.0000 0.0000
8.7 -1.20 -1.50 0.0000 0.2287 0.0246 1.7283 0.0016 0.3622 2.7548 0.5547 0.1127 3.0686 5.2426 0.1122 1.9162 0.1570 0.8272 0.0000 0.0000
8.7 -1.20 -1.25 0.0000 0.1686 0.0181 1.8508 0.0000 0.2666 2.5256 0.5412 0.0794 2.8097 3.5299 0.0790 1.7057 0.1018 0.6701 0.0000 0.0000
8.7 -1.20 -1.00 0.0000 0.1092 0.0133 2.0073 0.0000 0.1733 2.2860 0.5296 0.0518 2.4812 2.0673 0.0515 1.4905 0.0675 0.5299 0.0000 0.0000
8.7 -1.00 -4.00 0.0551 0.0000 0.1758 0.0168 0.1900 0.0000 0.0000 0.6135 0.3553 0.0000 0.0038 0.3726 0.1764 0.0247 0.1027 0.0463 0.0066
8.7 -1.00 -3.75 0.0368 0.0000 0.1947 0.0562 0.1231 0.0000 0.0000 0.7136 0.5017 0.0000 0.0298 0.5177 0.4839 0.0693 0.2797 0.0434 0.0062
8.7 -1.00 -3.50 0.0233 0.0018 0.2089 0.1815 0.0744 0.0030 0.0037 0.7858 0.6490 0.0041 0.2068 0.6620 1.1240 0.1690 0.6479 0.0351 0.0050
8.7 -1.00 -3.25 0.0147 0.0060 0.2193 0.5265 0.0493 0.0101 0.0232 0.8448 0.7596 0.0256 0.8960 0.7697 2.0945 0.3224 1.1957 0.0219 0.0031
8.7 -1.00 -3.00 0.0078 0.0181 0.2052 1.1570 0.0298 0.0303 0.1137 0.8265 0.7741 0.1253 2.3315 0.7796 2.5454 0.4162 1.4461 0.0115 0.0016
8.7 -1.00 -2.75 0.0035 0.0525 0.1630 2.0396 0.0170 0.0869 0.4484 0.7397 0.6701 0.4953 4.5033 0.6706 2.5618 0.4391 1.4433 0.0055 0.0000
8.7 -1.00 -2.50 0.0015 0.1183 0.1116 2.6705 0.0094 0.1938 1.2348 0.6254 0.4880 1.3669 6.6726 0.4858 2.3642 0.4080 1.3111 0.0029 0.0000
8.7 -1.00 -2.25 0.0000 0.2020 0.0689 2.5189 0.0049 0.3262 2.4141 0.5175 0.2926 2.6753 8.3465 0.2901 2.1002 0.3382 1.1343 0.0014 0.0000
8.7 -1.00 -2.00 0.0000 0.2629 0.0423 1.7787 0.0026 0.4179 3.3964 0.4506 0.1661 3.7750 8.5517 0.1645 1.8428 0.2468 0.9538 0.0000 0.0000
8.7 -1.00 -1.75 0.0000 0.2653 0.0266 1.2658 0.0015 0.4156 3.7310 0.4156 0.1052 4.1740 7.1520 0.1042 1.6144 0.1590 0.7861 0.0000 0.0000
8.7 -1.00 -1.50 0.0000 0.2045 0.0181 1.1527 0.0000 0.3182 3.4566 0.3946 0.0739 3.8745 4.9368 0.0733 1.4176 0.0948 0.6376 0.0000 0.0000
8.7 -1.00 -1.25 0.0000 0.1396 0.0137 1.2758 0.0000 0.2181 3.0323 0.3825 0.0526 3.3423 2.9706 0.0522 1.2559 0.0570 0.5121 0.0000 0.0000
8.7 -1.00 -1.00 0.0000 0.0929 0.0097 1.4094 0.0000 0.1457 2.9605 0.3836 0.0326 3.1116 1.7245 0.0324 1.1243 0.0354 0.4102 0.0000 0.0000
9.0 -2.00 -4.00 0.0764 0.0000 0.1315 0.0000 0.5825 0.0000 0.0000 0.1515 0.2398 0.0000 0.0000 0.2475 0.0772 0.0132 0.0393 0.0487 0.0068
9.0 -2.00 -3.75 0.0547 0.0000 0.1553 0.0029 0.5419 0.0000 0.0000 0.2510 0.3659 0.0000 0.0000 0.3722 0.2120 0.0370 0.1068 0.0467 0.0065
9.0 -2.00 -3.50 0.0373 0.0000 0.1806 0.0121 0.4790 0.0000 0.0000 0.4071 0.5432 0.0000 0.0047 0.5488 0.5518 0.1005 0.2795 0.0432 0.0060
9.0 -2.00 -3.25 0.0323 0.0000 0.2210 0.0374 0.4892 0.0000 0.0000 0.6057 0.7855 0.0000 0.0184 0.7889 1.1842 0.2112 0.5910 0.0417 0.0057
9.0 -2.00 -3.00 0.0225 0.0000 0.2385 0.0963 0.4141 0.0000 0.0000 0.7788 0.9673 0.0000 0.0529 0.9701 1.9098 0.3433 0.9496 0.0325 0.0045
9.0 -2.00 -2.75 0.0148 0.0000 0.2475 0.2187 0.3284 0.0000 0.0000 0.9457 1.1001 0.0000 0.1098 1.1013 2.6251 0.4666 1.2788 0.0227 0.0032
9.0 -2.00 -2.50 0.0090 0.0000 0.2466 0.4582 0.2390 0.0016 0.0000 1.0993 1.1708 0.0000 0.1795 1.1678 3.2313 0.5605 1.5114 0.0141 0.0020
9.0 -2.00 -2.25 0.0053 0.0017 0.2374 0.8741 0.1638 0.0033 0.0012 1.2254 1.1779 0.0012 0.2455 1.1686 3.6267 0.6147 1.5999 0.0083 0.0012
9.0 -2.00 -2.00 0.0030 0.0032 0.2195 1.5203 0.1076 0.0064 0.0024 1.3184 1.1205 0.0025 0.3031 1.1031 3.7994 0.6357 1.5604 0.0046 0.0000
9.0 -2.00 -1.75 0.0016 0.0053 0.1947 2.3993 0.0696 0.0106 0.0048 1.3821 1.0051 0.0049 0.3509 0.9795 3.7632 0.6310 1.4286 0.0025 0.0000
9.0 -2.00 -1.50 0.0000 0.0077 0.1636 3.4634 0.0444 0.0154 0.0094 1.4246 0.8438 0.0096 0.3940 0.8121 3.5614 0.6092 1.2481 0.0014 0.0000
9.0 -2.00 -1.25 0.0000 0.0759 0.0558 4.3064 0.0063 0.1650 0.3718 0.8296 0.3055 0.3738 11.0559 0.2965 1.2715 0.2933 0.5821 0.0000 0.0000
9.0 -2.00 -1.00 0.0000 0.1318 0.0307 4.4125 0.0028 0.2872 0.9147 0.6528 0.1727 0.9187 12.8700 0.1667 0.8315 0.2084 0.3720 0.0000 0.0000
9.0 -1.80 -4.00 0.0762 0.0000 0.1332 0.0011 0.5738 0.0000 0.0000 0.1766 0.2442 0.0000 0.0000 0.2521 0.0830 0.0137 0.0423 0.0491 0.0068
9.0 -1.80 -3.75 0.0545 0.0000 0.1572 0.0043 0.5259 0.0000 0.0000 0.2887 0.3727 0.0000 0.0000 0.3792 0.2279 0.0384 0.1151 0.0471 0.0065
9.0 -1.80 -3.50 0.0372 0.0000 0.1830 0.0168 0.4552 0.0000 0.0000 0.4592 0.5539 0.0000 0.0075 0.5597 0.5918 0.1045 0.3006 0.0434 0.0060
9.0 -1.80 -3.25 0.0328 0.0000 0.2239 0.0493 0.4626 0.0000 0.0000 0.6677 0.7960 0.0000 0.0281 0.8001 1.2404 0.2136 0.6214 0.0425 0.0059
9.0 -1.80 -3.00 0.0222 0.0000 0.2420 0.1317 0.3809 0.0000 0.0000 0.8512 0.9869 0.0000 0.0895 0.9906 2.0560 0.3590 1.0267 0.0322 0.0044
9.0 -1.80 -2.75 0.0141 0.0011 0.2502 0.3046 0.2950 0.0023 0.0000 1.0198 1.1219 0.0010 0.1986 1.1237 2.8448 0.4930 1.3908 0.0215 0.0030
9.0 -1.80 -2.50 0.0085 0.0026 0.2460 0.6233 0.2108 0.0052 0.0027 1.1598 1.1775 0.0027 0.3316 1.1757 3.4185 0.5821 1.6051 0.0132 0.0018
9.0 -1.80 -2.25 0.0049 0.0055 0.2329 1.1622 0.1419 0.0109 0.0063 1.2776 1.1670 0.0064 0.4690 1.1598 3.7859 0.6337 1.6773 0.0077 0.0011
9.0 -1.80 -2.00 0.0027 0.0105 0.2095 1.9633 0.0910 0.0206 0.0136 1.3628 1.0833 0.0139 0.6017 1.0694 3.9342 0.6523 1.6235 0.0042 0.0000
9.0 -1.80 -1.75 0.0014 0.0173 0.1796 2.9644 0.0575 0.0337 0.0281 1.4214 0.9439 0.0287 0.7229 0.9239 3.8804 0.6450 1.4813 0.0023 0.0000
9.0 -1.80 -1.50 0.0000 0.0248 0.1454 4.0759 0.0358 0.0477 0.0565 1.4604 0.7681 0.0580 0.8366 0.7444 3.6713 0.6210 1.2941 0.0012 0.0000
9.0 -1.80 -1.25 0.0000 0.0309 0.1108 5.1660 0.0219 0.0586 0.1080 1.4852 0.5837 0.1117 0.9305 0.5598 3.3370 0.5859 1.0883 0.0000 0.0000
9.0 -1.80 -1.00 0.0000 0.0347 0.0791 6.1173 0.0130 0.0644 0.1888 1.4982 0.4131 0.1970 0.9891 0.3924 2.9171 0.5411 0.8875 0.0000 0.0000
9.0 -1.60 -4.00 0.0758 0.0000 0.1385 0.0024 0.5484 0.0000 0.0000 0.2511 0.2580 0.0000 0.0000 0.2667 0.1006 0.0152 0.0516 0.0501 0.0070
9.0 -1.60 -3.75 0.0541 0.0000 0.1634 0.0086 0.4819 0.0000 0.0000 0.3953 0.3945 0.0000 0.0024 0.4020 0.2765 0.0430 0.1406 0.0482 0.0067
9.0 -1.60 -3.50 0.0368 0.0000 0.1904 0.0320 0.3940 0.0000 0.0000 0.5971 0.5876 0.0000 0.0180 0.5947 0.7137 0.1173 0.3659 0.0443 0.0061
9.0 -1.60 -3.25 0.0311 0.0000 0.2341 0.0994 0.3778 0.0012 0.0000 0.8507 0.8526 0.0000 0.0776 0.8581 1.5713 0.2530 0.7963 0.0416 0.0058
9.0 -1.60 -3.00 0.0210 0.0016 0.2515 0.2485 0.3041 0.0031 0.0021 1.0219 1.0414 0.0021 0.2273 1.0477 2.4604 0.4043 1.2430 0.0312 0.0043
9.0 -1.60 -2.75 0.0128 0.0041 0.2544 0.5663 0.2244 0.0078 0.0072 1.1668 1.1584 0.0074 0.5082 1.1634 3.2741 0.5428 1.6184 0.0198 0.0028
9.0 -1.60 -2.50 0.0073 0.0098 0.2417 1.1411 0.1524 0.0187 0.0205 1.2834 1.1822 0.0211 0.8721 1.1840 3.8266 0.6333 1.8164 0.0113 0.0016
9.0 -1.60 -2.25 0.0039 0.0208 0.2156 2.0059 0.0973 0.0395 0.0500 1.3707 1.1134 0.0514 1.2521 1.1113 4.1108 0.6767 1.8437 0.0062 0.0000
9.0 -1.60 -2.00 0.0020 0.0381 0.1805 3.0607 0.0597 0.0714 0.1095 1.4281 0.9686 0.1131 1.6135 0.9626 4.1784 0.6830 1.7486 0.0034 0.0000
9.0 -1.60 -1.75 0.0000 0.0596 0.1425 4.1051 0.0360 0.1103 0.2223 1.4638 0.7873 0.2321 1.9451 0.7783 4.0821 0.6628 1.5816 0.0018 0.0000
9.0 -1.60 -1.50 0.0000 0.0799 0.1070 5.0090 0.0216 0.1454 0.4090 1.4837 0.6053 0.4332 2.2256 0.5946 3.8383 0.6237 1.3717 0.0000 0.0000
9.0 -1.60 -1.25 0.0000 0.0921 0.0770 5.7845 0.0128 0.1643 0.6669 1.4896 0.4397 0.7134 2.4036 0.4289 3.4559 0.5716 1.1406 0.0000 0.0000
9.0 -1.60 -1.00 0.0000 0.0928 0.0533 6.4511 0.0074 0.1615 0.9542 1.4845 0.3001 1.0112 2.3888 0.2908 2.9853 0.5105 0.9154 0.0000 0.0000
9.0 -1.40 -4.00 0.0751 0.0000 0.1531 0.0061 0.4906 0.0000 0.0000 0.4301 0.2979 0.0000 0.0010 0.3087 0.1453 0.0192 0.0756 0.0532 0.0075
9.0 -1.40 -3.75 0.0531 0.0000 0.1799 0.0212 0.3944 0.0000 0.0000 0.6234 0.4555 0.0000 0.0077 0.4651 0.3993 0.0549 0.2065 0.0512 0.0071
9.0 -1.40 -3.50 0.0359 0.0000 0.2095 0.0779 0.2896 0.0011 0.0000 0.8549 0.6782 0.0000 0.0596 0.6882 1.0151 0.1507 0.5312 0.0466 0.0065
9.0 -1.40 -3.25 0.0293 0.0019 0.2560 0.2375 0.2580 0.0036 0.0037 1.1369 0.9702 0.0038 0.2491 0.9807 2.1722 0.3225 1.1289 0.0418 0.0058
9.0 -1.40 -3.00 0.0180 0.0056 0.2665 0.6067 0.1864 0.0104 0.0165 1.2729 1.1492 0.0171 0.7592 1.1603 3.2458 0.5085 1.6774 0.0275 0.0038
9.0 -1.40 -2.75 0.0100 0.0151 0.2543 1.3087 0.1277 0.0278 0.0596 1.3489 1.2057 0.0620 1.5964 1.2153 3.9445 0.6393 1.9933 0.0159 0.0022
9.0 -1.40 -2.50 0.0052 0.0362 0.2206 2.3711 0.0812 0.0661 0.1702 1.3889 1.1319 0.1781 2.5894 1.1387 4.2813 0.7044 2.0814 0.0088 0.0012
9.0 -1.40 -2.25 0.0025 0.0732 0.1732 3.5883 0.0479 0.1321 0.4027 1.3957 0.9447 0.4247 3.6139 0.9484 4.3785 0.7165 2.0169 0.0044 0.0000
9.0 -1.40 -2.00 0.0011 0.1215 0.1281 4.4757 0.0276 0.2162 0.8014 1.3903 0.7254 0.8556 4.5011 0.7269 4.3217 0.6858 1.8605 0.0023 0.0000
9.0 -1.40 -1.75 0.0000 0.1710 0.0901 4.8871 0.0157 0.2990 1.3832 1.3794 0.5302 1.4913 5.2157 0.5300 4.1295 0.6199 1.6434 0.0012 0.0000
9.0 -1.40 -1.50 0.0000 0.2020 0.0639 5.1301 0.0091 0.3464 2.0559 1.3695 0.3853 2.2028 5.5070 0.3838 3.7827 0.5304 1.3818 0.0000 0.0000
9.0 -1.40 -1.25 0.0000 0.1949 0.0457 5.5700 0.0053 0.3279 2.5810 1.3491 0.2700 2.7263 5.0144 0.2676 3.2898 0.4375 1.1016 0.0000 0.0000
9.0 -1.40 -1.00 0.0000 0.1506 0.0325 6.0448 0.0032 0.2507 2.7775 1.3189 0.1782 2.8662 3.7921 0.1759 2.7405 0.3651 0.8478 0.0000 0.0000
9.0 -1.20 -4.00 0.0749 0.0000 0.1835 0.0136 0.4142 0.0000 0.0000 0.7178 0.3874 0.0000 0.0028 0.4036 0.2192 0.0266 0.1170 0.0605 0.0085
9.0 -1.20 -3.75 0.0521 0.0000 0.2132 0.0481 0.2974 0.0000 0.0000 0.9392 0.5881 0.0000 0.0223 0.6040 0.6057 0.0771 0.3229 0.0583 0.0082
9.0 -1.20 -3.50 0.0346 0.0015 0.2435 0.1748 0.1950 0.0027 0.0032 1.1521 0.8503 0.0033 0.1710 0.8670 1.4889 0.2083 0.8033 0.0515 0.0072
9.0 -1.20 -3.25 0.0251 0.0050 0.2833 0.5386 0.1509 0.0091 0.0178 1.3927 1.1406 0.0187 0.7398 1.1567 3.0174 0.4388 1.6160 0.0398 0.0056
9.0 -1.20 -3.00 0.0141 0.0148 0.2797 1.2856 0.0990 0.0265 0.0816 1.4354 1.2549 0.0868 2.0372 1.2679 4.0049 0.6266 2.1262 0.0231 0.0032
9.0 -1.20 -2.75 0.0070 0.0418 0.2439 2.5436 0.0625 0.0742 0.3025 1.4041 1.2015 0.3241 4.0598 1.2110 4.4164 0.7260 2.2946 0.0120 0.0017
9.0 -1.20 -2.50 0.0031 0.0970 0.1822 3.9400 0.0361 0.1704 0.8382 1.3083 0.9768 0.9043 6.2688 0.9830 4.3859 0.7349 2.2027 0.0060 0.0000
9.0 -1.20 -2.25 0.0014 0.1757 0.1259 4.7323 0.0201 0.3045 1.7831 1.2173 0.7004 1.9337 8.1874 0.7045 4.2148 0.6863 2.0140 0.0030 0.0000
9.0 -1.20 -2.00 0.0000 0.2585 0.0837 4.5565 0.0110 0.4396 3.0473 1.1521 0.4688 3.2964 9.5074 0.4714 3.9666 0.5869 1.7730 0.0015 0.0000
9.0 -1.20 -1.75 0.0000 0.3145 0.0561 4.1036 0.0061 0.5242 4.2233 1.1174 0.3227 4.5298 9.7592 0.3240 3.6161 0.4510 1.4872 0.0000 0.0000
9.0 -1.20 -1.50 0.0000 0.3013 0.0397 4.1642 0.0035 0.4952 4.8653 1.0828 0.2282 5.1397 8.2561 0.2285 3.1435 0.3184 1.1754 0.0000 0.0000
9.0 -1.20 -1.25 0.0000 0.2276 0.0292 4.5570 0.0021 0.3738 4.9213 1.0473 0.1560 5.0512 5.9127 0.1557 2.6513 0.2314 0.9015 0.0000 0.0000
9.0 -1.20 -1.00 0.0000 0.1677 0.0196 4.6497 0.0013 0.2795 4.9714 1.0113 0.0960 4.7714 4.2511 0.0956 2.1928 0.1778 0.6865 0.0000 0.0000
9.0 -1.00 -4.00 0.0770 0.0000 0.2259 0.0226 0.3670 0.0000 0.0000 1.0180 0.5221 0.0000 0.0049 0.5504 0.2856 0.0346 0.1581 0.0726 0.0104
9.0 -1.00 -3.75 0.0529 0.0000 0.2566 0.0786 0.2456 0.0012 0.0000 1.2313 0.7690 0.0000 0.0391 0.7953 0.7856 0.0993 0.4317 0.0695 0.0098
9.0 -1.00 -3.50 0.0341 0.0023 0.2860 0.2760 0.1512 0.0042 0.0062 1.4019 1.0564 0.0067 0.2912 1.0791 1.8846 0.2608 1.0421 0.0594 0.0084
9.0 -1.00 -3.25 0.0220 0.0079 0.3042 0.8264 0.1010 0.0141 0.0383 1.5179 1.2711 0.0412 1.2980 1.2889 3.5226 0.5167 1.9290 0.0392 0.0055
9.0 -1.00 -3.00 0.0119 0.0243 0.2898 1.8953 0.0623 0.0425 0.1806 1.4921 1.3262 0.1964 3.4646 1.3384 4.3929 0.6965 2.3793 0.0211 0.0030
9.0 -1.00 -2.75 0.0055 0.0690 0.2335 3.4412 0.0363 0.1194 0.6788 1.3510 1.1629 0.7400 6.6595 1.1699 4.4768 0.7509 2.3769 0.0102 0.0014
9.0 -1.00 -2.50 0.0023 0.1564 0.1598 4.7381 0.0200 0.2679 1.8574 1.1725 0.8556 2.0254 9.9793 0.8591 4.1718 0.7133 2.1488 0.0049 0.0000
9.0 -1.00 -2.25 0.0000 0.2645 0.1026 4.7613 0.0108 0.4460 3.6468 1.0267 0.5487 3.9682 12.3368 0.5504 3.7779 0.6126 1.8572 0.0025 0.0000
9.0 -1.00 -2.00 0.0000 0.3550 0.0649 3.8335 0.0058 0.5872 5.4399 0.9358 0.3411 5.8781 13.2163 0.3420 3.3656 0.4641 1.5473 0.0012 0.0000
9.0 -1.00 -1.75 0.0000 0.3746 0.0423 3.2707 0.0032 0.6093 6.4537 0.8843 0.2297 6.8804 11.6837 0.2303 2.9178 0.3060 1.2293 0.0000 0.0000
9.0 -1.00 -1.50 0.0000 0.3056 0.0305 3.4366 0.0019 0.4950 6.5192 0.8484 0.1617 6.7932 8.5110 0.1620 2.4925 0.1963 0.9492 0.0000 0.0000
9.0 -1.00 -1.25 0.0000 0.2272 0.0213 3.6613 0.0011 0.3725 6.4031 0.8114 0.1038 6.3219 6.0372 0.1038 2.1024 0.1323 0.7260 0.0000 0.0000
9.0 -1.00 -1.00 0.0000 0.1828 0.0135 3.3651 0.0000 0.3063 6.6566 0.7870 0.0599 5.9287 4.6213 0.0598 1.7572 0.0914 0.5555 0.0000 0.0000
