 7.1 -1.400 -2.50  9.1848  0.0681  1.0822  0.0349  0.0051
 7.1 -1.275 -2.50  9.1842  0.0680  1.0819  0.0465  0.0067
 7.1 -1.150 -2.50  9.1829  0.0679  1.0816  0.0619  0.0088
 7.1 -1.025 -2.50  9.1809  0.0678  1.0808  0.0825  0.0114
 7.1 -0.900 -2.50  9.1845  0.0676  1.0800  0.1098  0.0148
 7.1 -0.775 -2.50  9.1750  0.0675  1.0791  0.1461  0.0192
 7.1 -0.650 -2.50  9.1746  0.0672  1.0776  0.1941  0.0248
 7.1 -0.525 -2.50  9.1683  0.0668  1.0757  0.2577  0.0320
 7.1 -0.400 -2.50  9.1604  0.0663  1.0733  0.3418  0.0412
 7.1 -0.275 -2.50  9.1456  0.0657  1.0703  0.4526  0.0532
 7.1 -0.150 -2.50  9.1327  0.0649  1.0659  0.5977  0.0685
 7.1 -0.025 -2.50  9.1168  0.0639  1.0603  0.7868  0.0881
 7.1  0.100 -2.50  9.1064  0.0625  1.0529  1.0317  0.1127
 7.1  0.225 -2.50  9.0700  0.0607  1.0428  1.3445  0.1433
 7.1  0.350 -2.50  9.0335  0.0585  1.0303  1.7420  0.1805
 7.1  0.475 -2.50  8.9809  0.0558  1.0144  2.2385  0.2246
 7.1  0.600 -2.50  8.9176  0.0526  0.9940  2.8457  0.2746
 7.1 -1.400 -2.25  6.4805  0.1037  1.3295  0.0469  0.0131
 7.1 -1.275 -2.25  6.4752  0.1035  1.3288  0.0624  0.0170
 7.1 -1.150 -2.25  6.4782  0.1033  1.3280  0.0831  0.0219
 7.1 -1.025 -2.25  6.4754  0.1031  1.3273  0.1107  0.0283
 7.1 -0.900 -2.25  6.4700  0.1028  1.3260  0.1472  0.0365
 7.1 -0.775 -2.25  6.4687  0.1023  1.3240  0.1956  0.0471
 7.1 -0.650 -2.25  6.4659  0.1018  1.3219  0.2598  0.0609
 7.1 -0.525 -2.25  6.4593  0.1010  1.3186  0.3442  0.0788
 7.1 -0.400 -2.25  6.4486  0.1000  1.3147  0.4557  0.1020
 7.1 -0.275 -2.25  6.4416  0.0987  1.3094  0.6014  0.1316
 7.1 -0.150 -2.25  6.4288  0.0970  1.3022  0.7910  0.1693
 7.1 -0.025 -2.25  6.4119  0.0949  1.2931  1.0365  0.2167
 7.1  0.100 -2.25  6.3912  0.0922  1.2812  1.3510  0.2751
 7.1  0.225 -2.25  6.3649  0.0888  1.2659  1.7492  0.3451
 7.1  0.350 -2.25  6.3314  0.0846  1.2461  2.2444  0.4257
 7.1  0.475 -2.25  6.2862  0.0797  1.2214  2.8518  0.5148
 7.1  0.600 -2.25  6.2386  0.0739  1.1910  3.5818  0.6068
 7.1 -1.400 -2.00  4.7309  0.1503  1.5691  0.0599  0.0291
 7.1 -1.275 -2.00  4.7310  0.1499  1.5680  0.0797  0.0374
 7.1 -1.150 -2.00  4.7289  0.1496  1.5668  0.1061  0.0482
 7.1 -1.025 -2.00  4.7254  0.1491  1.5652  0.1410  0.0622
 7.1 -0.900 -2.00  4.7236  0.1484  1.5630  0.1874  0.0804
 7.1 -0.775 -2.00  4.7194  0.1475  1.5602  0.2487  0.1041
 7.1 -0.650 -2.00  4.7156  0.1464  1.5565  0.3296  0.1347
 7.1 -0.525 -2.00  4.7099  0.1449  1.5517  0.4360  0.1743
 7.1 -0.400 -2.00  4.7008  0.1429  1.5449  0.5749  0.2247
 7.1 -0.275 -2.00  4.6908  0.1404  1.5365  0.7560  0.2885
 7.1 -0.150 -2.00  4.6770  0.1371  1.5252  0.9891  0.3672
 7.1 -0.025 -2.00  4.6614  0.1330  1.5107  1.2874  0.4623
 7.1  0.100 -2.00  4.6419  0.1281  1.4926  1.6652  0.5738
 7.1  0.225 -2.00  4.6175  0.1218  1.4689  2.1338  0.6969
 7.1  0.350 -2.00  4.5865  0.1146  1.4400  2.7092  0.8271
 7.1  0.475 -2.00  4.5500  0.1062  1.4043  3.3989  0.9514
 7.1  0.600 -2.00  4.5091  0.0969  1.3617  4.2107  1.0567
 7.2 -1.400 -2.50  9.1309  0.0821  1.3431  0.0425  0.0061
 7.2 -1.275 -2.50  9.1237  0.0820  1.3426  0.0566  0.0080
 7.2 -1.150 -2.50  9.1270  0.0818  1.3416  0.0753  0.0104
 7.2 -1.025 -2.50  9.1194  0.0816  1.3407  0.1002  0.0135
 7.2 -0.900 -2.50  9.1165  0.0814  1.3394  0.1334  0.0174
 7.2 -0.775 -2.50  9.1126  0.0811  1.3380  0.1774  0.0225
 7.2 -0.650 -2.50  9.1051  0.0806  1.3356  0.2355  0.0290
 7.2 -0.525 -2.50  9.1025  0.0802  1.3330  0.3126  0.0374
 7.2 -0.400 -2.50  9.1034  0.0794  1.3289  0.4138  0.0482
 7.2 -0.275 -2.50  9.0786  0.0785  1.3240  0.5469  0.0620
 7.2 -0.150 -2.50  9.0721  0.0773  1.3170  0.7201  0.0796
 7.2 -0.025 -2.50  9.0493  0.0757  1.3083  0.9450  0.1018
 7.2  0.100 -2.50  9.0223  0.0737  1.2967  1.2339  0.1296
 7.2  0.225 -2.50  8.9874  0.0712  1.2820  1.6014  0.1636
 7.2  0.350 -2.50  8.9406  0.0681  1.2631  2.0618  0.2041
 7.2  0.475 -2.50  8.8781  0.0643  1.2389  2.6277  0.2504
 7.2  0.600 -2.50  8.8049  0.0599  1.2089  3.3109  0.3012
 7.2 -1.400 -2.25  6.4415  0.1243  1.6480  0.0568  0.0155
 7.2 -1.275 -2.25  6.4402  0.1242  1.6474  0.0757  0.0200
 7.2 -1.150 -2.25  6.4378  0.1238  1.6458  0.1007  0.0257
 7.2 -1.025 -2.25  6.4375  0.1235  1.6445  0.1340  0.0331
 7.2 -0.900 -2.25  6.4334  0.1229  1.6422  0.1781  0.0427
 7.2 -0.775 -2.25  6.4288  0.1223  1.6395  0.2365  0.0551
 7.2 -0.650 -2.25  6.4241  0.1215  1.6359  0.3137  0.0711
 7.2 -0.525 -2.25  6.4173  0.1204  1.6312  0.4153  0.0919
 7.2 -0.400 -2.25  6.4101  0.1189  1.6249  0.5484  0.1186
 7.2 -0.275 -2.25  6.3960  0.1170  1.6167  0.7223  0.1526
 7.2 -0.150 -2.25  6.3808  0.1147  1.6060  0.9475  0.1955
 7.2 -0.025 -2.25  6.3615  0.1115  1.5918  1.2362  0.2484
 7.2  0.100 -2.25  6.3367  0.1077  1.5737  1.6032  0.3124
 7.2  0.225 -2.25  6.3037  0.1029  1.5505  2.0624  0.3869
 7.2  0.350 -2.25  6.2659  0.0972  1.5214  2.6279  0.4701
 7.2  0.475 -2.25  6.2182  0.0906  1.4856  3.3123  0.5578
 7.2  0.600 -2.25  6.1651  0.0830  1.4417  4.1172  0.6420
 7.2 -1.400 -2.00  4.7037  0.1793  1.9425  0.0723  0.0340
 7.2 -1.275 -2.00  4.7026  0.1788  1.9408  0.0962  0.0437
 7.2 -1.150 -2.00  4.6998  0.1783  1.9391  0.1279  0.0562
 7.2 -1.025 -2.00  4.6999  0.1776  1.9368  0.1701  0.0726
 7.2 -0.900 -2.00  4.6953  0.1766  1.9331  0.2257  0.0938
 7.2 -0.775 -2.00  4.6903  0.1753  1.9288  0.2993  0.1213
 7.2 -0.650 -2.00  4.6850  0.1736  1.9230  0.3960  0.1568
 7.2 -0.525 -2.00  4.6786  0.1714  1.9154  0.5227  0.2022
 7.2 -0.400 -2.00  4.6698  0.1686  1.9054  0.6878  0.2596
 7.2 -0.275 -2.00  4.6573  0.1651  1.8927  0.9018  0.3312
 7.2 -0.150 -2.00  4.6460  0.1604  1.8756  1.1752  0.4178
 7.2 -0.025 -2.00  4.6289  0.1548  1.8543  1.5231  0.5203
 7.2  0.100 -2.00  4.6037  0.1479  1.8270  1.9579  0.6359
 7.2  0.225 -2.00  4.5752  0.1396  1.7929  2.4932  0.7588
 7.2  0.350 -2.00  4.5434  0.1299  1.7503  3.1374  0.8789
 7.2  0.475 -2.00  4.5028  0.1191  1.6997  3.9018  0.9849
 7.2  0.600 -2.00  4.4528  0.1073  1.6400  4.7857  1.0620
 7.3 -1.400 -2.50  9.0412  0.0973  1.6574  0.0510  0.0072
 7.3 -1.275 -2.50  9.0499  0.0971  1.6563  0.0679  0.0093
 7.3 -1.150 -2.50  9.0517  0.0969  1.6551  0.0904  0.0121
 7.3 -1.025 -2.50  9.0443  0.0966  1.6537  0.1203  0.0156
 7.3 -0.900 -2.50  9.0311  0.0963  1.6517  0.1600  0.0201
 7.3 -0.775 -2.50  9.0346  0.0958  1.6489  0.2125  0.0258
 7.3 -0.650 -2.50  9.0277  0.0952  1.6457  0.2820  0.0332
 7.3 -0.525 -2.50  9.0241  0.0944  1.6412  0.3736  0.0427
 7.3 -0.400 -2.50  9.0108  0.0934  1.6352  0.4939  0.0548
 7.3 -0.275 -2.50  8.9978  0.0920  1.6273  0.6511  0.0703
 7.3 -0.150 -2.50  8.9737  0.0903  1.6168  0.8551  0.0899
 7.3 -0.025 -2.50  8.9464  0.0880  1.6034  1.1180  0.1145
 7.3  0.100 -2.50  8.9112  0.0852  1.5860  1.4530  0.1446
 7.3  0.225 -2.50  8.8694  0.0816  1.5633  1.8734  0.1806
 7.3  0.350 -2.50  8.8149  0.0774  1.5350  2.3942  0.2225
 7.3  0.475 -2.50  8.7469  0.0723  1.4995  3.0252  0.2688
 7.3  0.600 -2.50  8.6695  0.0664  1.4557  3.7701  0.3169
 7.3 -1.400 -2.25  6.3894  0.1466  2.0312  0.0680  0.0179
 7.3 -1.275 -2.25  6.3885  0.1462  2.0296  0.0905  0.0230
 7.3 -1.150 -2.25  6.3862  0.1458  2.0279  0.1204  0.0295
 7.3 -1.025 -2.25  6.3832  0.1452  2.0252  0.1600  0.0379
 7.3 -0.900 -2.25  6.3796  0.1446  2.0224  0.2126  0.0488
 7.3 -0.775 -2.25  6.3756  0.1437  2.0181  0.2821  0.0629
 7.3 -0.650 -2.25  6.3690  0.1425  2.0127  0.3737  0.0811
 7.3 -0.525 -2.25  6.3651  0.1409  2.0054  0.4939  0.1045
 7.3 -0.400 -2.25  6.3536  0.1387  1.9953  0.6506  0.1343
 7.3 -0.275 -2.25  6.3365  0.1360  1.9826  0.8541  0.1720
 7.3 -0.150 -2.25  6.3216  0.1326  1.9661  1.1162  0.2188
 7.3 -0.025 -2.25  6.2995  0.1283  1.9448  1.4497  0.2756
 7.3  0.100 -2.25  6.2714  0.1230  1.9176  1.8690  0.3425
 7.3  0.225 -2.25  6.2346  0.1165  1.8833  2.3882  0.4181
 7.3  0.350 -2.25  6.1888  0.1090  1.8410  3.0187  0.4989
 7.3  0.475 -2.25  6.1368  0.1003  1.7892  3.7671  0.5787
 7.3  0.600 -2.25  6.0776  0.0907  1.7273  4.6332  0.6492
 7.3 -1.400 -2.00  4.6776  0.2100  2.3899  0.0860  0.0389
 7.3 -1.275 -2.00  4.6726  0.2093  2.3873  0.1144  0.0499
 7.3 -1.150 -2.00  4.6720  0.2085  2.3846  0.1521  0.0642
 7.3 -1.025 -2.00  4.6690  0.2074  2.3807  0.2020  0.0827
 7.3 -0.900 -2.00  4.6672  0.2060  2.3756  0.2679  0.1067
 7.3 -0.775 -2.00  4.6606  0.2043  2.3691  0.3548  0.1378
 7.3 -0.650 -2.00  4.6554  0.2018  2.3600  0.4685  0.1775
 7.3 -0.525 -2.00  4.6473  0.1987  2.3485  0.6172  0.2279
 7.3 -0.400 -2.00  4.6364  0.1948  2.3334  0.8099  0.2909
 7.3 -0.275 -2.00  4.6239  0.1898  2.3139  1.0577  0.3680
 7.3 -0.150 -2.00  4.6093  0.1837  2.2893  1.3737  0.4598
 7.3 -0.025 -2.00  4.5858  0.1759  2.2572  1.7697  0.5643
 7.3  0.100 -2.00  4.5601  0.1667  2.2171  2.2597  0.6773
 7.3  0.225 -2.00  4.5303  0.1559  2.1677  2.8551  0.7910
 7.3  0.350 -2.00  4.4924  0.1436  2.1081  3.5652  0.8946
 7.3  0.475 -2.00  4.4509  0.1301  2.0374  4.3921  0.9746
 7.3  0.600 -2.00  4.3916  0.1158  1.9556  5.3329  1.0206
 7.4 -1.400 -2.50  8.9484  0.1134  2.0330  0.0605  0.0083
 7.4 -1.275 -2.50  8.9470  0.1133  2.0324  0.0806  0.0107
 7.4 -1.150 -2.50  8.9419  0.1130  2.0305  0.1072  0.0138
 7.4 -1.025 -2.50  8.9406  0.1125  2.0277  0.1425  0.0177
 7.4 -0.900 -2.50  8.9359  0.1120  2.0245  0.1893  0.0227
 7.4 -0.775 -2.50  8.9300  0.1113  2.0203  0.2512  0.0291
 7.4 -0.650 -2.50  8.9209  0.1105  2.0155  0.3332  0.0373
 7.4 -0.525 -2.50  8.9119  0.1093  2.0078  0.4403  0.0478
 7.4 -0.400 -2.50  8.8965  0.1078  1.9986  0.5809  0.0612
 7.4 -0.275 -2.50  8.8796  0.1059  1.9869  0.7639  0.0782
 7.4 -0.150 -2.50  8.8547  0.1034  1.9711  0.9999  0.0995
 7.4 -0.025 -2.50  8.8266  0.1003  1.9503  1.3009  0.1257
 7.4  0.100 -2.50  8.7911  0.0964  1.9242  1.6815  0.1573
 7.4  0.225 -2.50  8.7423  0.0916  1.8910  2.1541  0.1943
 7.4  0.350 -2.50  8.6824  0.0859  1.8492  2.7294  0.2356
 7.4  0.475 -2.50  8.5957  0.0793  1.7976  3.4134  0.2794
 7.4  0.600 -2.50  8.5064  0.0718  1.7352  4.2037  0.3222
 7.4 -1.400 -2.25  6.3276  0.1696  2.4870  0.0801  0.0203
 7.4 -1.275 -2.25  6.3259  0.1691  2.4846  0.1066  0.0259
 7.4 -1.150 -2.25  6.3229  0.1685  2.4818  0.1417  0.0332
 7.4 -1.025 -2.25  6.3209  0.1678  2.4781  0.1883  0.0426
 7.4 -0.900 -2.25  6.3180  0.1668  2.4732  0.2499  0.0547
 7.4 -0.775 -2.25  6.3111  0.1654  2.4669  0.3312  0.0703
 7.4 -0.650 -2.25  6.3030  0.1637  2.4584  0.4380  0.0904
 7.4 -0.525 -2.25  6.2939  0.1615  2.4473  0.5777  0.1161
 7.4 -0.400 -2.25  6.2844  0.1586  2.4327  0.7594  0.1487
 7.4 -0.275 -2.25  6.2666  0.1549  2.4134  0.9935  0.1892
 7.4 -0.150 -2.25  6.2506  0.1502  2.3888  1.2929  0.2388
 7.4 -0.025 -2.25  6.2209  0.1444  2.3573  1.6709  0.2977
 7.4  0.100 -2.25  6.1931  0.1374  2.3177  2.1411  0.3650
 7.4  0.225 -2.25  6.1541  0.1290  2.2682  2.7153  0.4381
 7.4  0.350 -2.25  6.1063  0.1193  2.2077  3.4018  0.5121
 7.4  0.475 -2.25  6.0469  0.1085  2.1350  4.2028  0.5797
 7.4  0.600 -2.25  5.9814  0.0967  2.0494  5.1105  0.6322
 7.4 -1.400 -2.00  4.6367  0.2412  2.9209  0.1008  0.0437
 7.4 -1.275 -2.00  4.6350  0.2402  2.9168  0.1340  0.0559
 7.4 -1.150 -2.00  4.6358  0.2393  2.9130  0.1781  0.0719
 7.4 -1.025 -2.00  4.6298  0.2378  2.9072  0.2363  0.0925
 7.4 -0.900 -2.00  4.6289  0.2357  2.8991  0.3129  0.1190
 7.4 -0.775 -2.00  4.6238  0.2332  2.8890  0.4137  0.1532
 7.4 -0.650 -2.00  4.6169  0.2301  2.8763  0.5457  0.1967
 7.4 -0.525 -2.00  4.6081  0.2258  2.8586  0.7167  0.2511
 7.4 -0.400 -2.00  4.5963  0.2206  2.8370  0.9382  0.3183
 7.4 -0.275 -2.00  4.5798  0.2139  2.8079  1.2203  0.3986
 7.4 -0.150 -2.00  4.5620  0.2057  2.7714  1.5767  0.4914
 7.4 -0.025 -2.00  4.5391  0.1956  2.7250  2.0195  0.5932
 7.4  0.100 -2.00  4.5133  0.1838  2.6679  2.5615  0.6982
 7.4  0.225 -2.00  4.4685  0.1703  2.5988  3.2126  0.7972
 7.4  0.350 -2.00  4.4319  0.1553  2.5164  3.9774  0.8780
 7.4  0.475 -2.00  4.3824  0.1390  2.4199  4.8536  0.9297
 7.4  0.600 -2.00  4.3258  0.1222  2.3107  5.8365  0.9450
 7.5 -1.400 -2.50  8.8306  0.1293  2.4734  0.0704  0.0093
 7.5 -1.275 -2.50  8.8258  0.1290  2.4716  0.0937  0.0120
 7.5 -1.150 -2.50  8.8264  0.1286  2.4688  0.1247  0.0154
 7.5 -1.025 -2.50  8.8247  0.1281  2.4655  0.1657  0.0196
 7.5 -0.900 -2.50  8.8173  0.1273  2.4608  0.2200  0.0251
 7.5 -0.775 -2.50  8.8058  0.1264  2.4547  0.2916  0.0320
 7.5 -0.650 -2.50  8.8010  0.1252  2.4466  0.3860  0.0409
 7.5 -0.525 -2.50  8.7908  0.1236  2.4360  0.5095  0.0522
 7.5 -0.400 -2.50  8.7740  0.1216  2.4222  0.6706  0.0666
 7.5 -0.275 -2.50  8.7503  0.1190  2.4041  0.8789  0.0846
 7.5 -0.150 -2.50  8.7247  0.1156  2.3807  1.1460  0.1069
 7.5 -0.025 -2.50  8.6896  0.1115  2.3506  1.4842  0.1340
 7.5  0.100 -2.50  8.6471  0.1063  2.3120  1.9061  0.1659
 7.5  0.225 -2.50  8.5973  0.1001  2.2637  2.4230  0.2020
 7.5  0.350 -2.50  8.5193  0.0928  2.2036  3.0411  0.2408
 7.5  0.475 -2.50  8.4200  0.0844  2.1304  3.7597  0.2796
 7.5  0.600 -2.50  8.3206  0.0752  2.0441  4.5732  0.3146
 7.5 -1.400 -2.25  6.2527  0.1917  3.0195  0.0926  0.0224
 7.5 -1.275 -2.25  6.2547  0.1911  3.0163  0.1232  0.0286
 7.5 -1.150 -2.25  6.2509  0.1903  3.0120  0.1637  0.0365
 7.5 -1.025 -2.25  6.2479  0.1892  3.0066  0.2174  0.0467
 7.5 -0.900 -2.25  6.2391  0.1879  2.9991  0.2882  0.0598
 7.5 -0.775 -2.25  6.2354  0.1860  2.9893  0.3813  0.0766
 7.5 -0.650 -2.25  6.2276  0.1837  2.9768  0.5034  0.0982
 7.5 -0.525 -2.25  6.2187  0.1807  2.9601  0.6625  0.1256
 7.5 -0.400 -2.25  6.2052  0.1768  2.9385  0.8684  0.1600
 7.5 -0.275 -2.25  6.1871  0.1720  2.9108  1.1325  0.2022
 7.5 -0.150 -2.25  6.1648  0.1659  2.8749  1.4673  0.2527
 7.5 -0.025 -2.25  6.1366  0.1584  2.8296  1.8859  0.3112
 7.5  0.100 -2.25  6.1024  0.1495  2.7730  2.4004  0.3757
 7.5  0.225 -2.25  6.0618  0.1390  2.7033  3.0203  0.4424
 7.5  0.350 -2.25  6.0085  0.1271  2.6190  3.7489  0.5054
 7.5  0.475 -2.25  5.9486  0.1142  2.5200  4.5853  0.5576
 7.5  0.600 -2.25  5.8737  0.1004  2.4054  5.5147  0.5913
 7.5 -1.400 -2.00  4.5900  0.2702  3.5372  0.1157  0.0478
 7.5 -1.275 -2.00  4.5887  0.2692  3.5327  0.1538  0.0612
 7.5 -1.150 -2.00  4.5861  0.2677  3.5264  0.2042  0.0784
 7.5 -1.025 -2.00  4.5830  0.2657  3.5173  0.2706  0.1007
 7.5 -0.900 -2.00  4.5781  0.2634  3.5073  0.3584  0.1294
 7.5 -0.775 -2.00  4.5750  0.2599  3.4916  0.4728  0.1658
 7.5 -0.650 -2.00  4.5646  0.2558  3.4731  0.6225  0.2118
 7.5 -0.525 -2.00  4.5542  0.2502  3.4479  0.8157  0.2686
 7.5 -0.400 -2.00  4.5417  0.2432  3.4149  1.0632  0.3371
 7.5 -0.275 -2.00  4.5211  0.2348  3.3741  1.3779  0.4175
 7.5 -0.150 -2.00  4.4989  0.2243  3.3219  1.7715  0.5071
 7.5 -0.025 -2.00  4.4765  0.2120  3.2576  2.2569  0.6015
 7.5  0.100 -2.00  4.4448  0.1976  3.1789  2.8445  0.6930
 7.5  0.225 -2.00  4.4076  0.1814  3.0842  3.5406  0.7717
 7.5  0.350 -2.00  4.3646  0.1636  2.9728  4.3458  0.8273
 7.5  0.475 -2.00  4.3142  0.1450  2.8462  5.2603  0.8525
 7.5  0.600 -2.00  4.2548  0.1259  2.7031  6.2624  0.8422
 7.6 -1.400 -2.50  8.6953  0.1434  2.9787  0.0802  0.0102
 7.6 -1.275 -2.50  8.6933  0.1430  2.9757  0.1067  0.0131
 7.6 -1.150 -2.50  8.6853  0.1424  2.9719  0.1418  0.0166
 7.6 -1.025 -2.50  8.6858  0.1417  2.9667  0.1884  0.0211
 7.6 -0.900 -2.50  8.6786  0.1408  2.9598  0.2499  0.0269
 7.6 -0.775 -2.50  8.6721  0.1396  2.9509  0.3309  0.0342
 7.6 -0.650 -2.50  8.6605  0.1380  2.9391  0.4372  0.0435
 7.6 -0.525 -2.50  8.6482  0.1359  2.9235  0.5760  0.0553
 7.6 -0.400 -2.50  8.6298  0.1332  2.9032  0.7560  0.0701
 7.6 -0.275 -2.50  8.6094  0.1297  2.8767  0.9875  0.0885
 7.6 -0.150 -2.50  8.5694  0.1254  2.8423  1.2816  0.1109
 7.6 -0.025 -2.50  8.5321  0.1200  2.7988  1.6505  0.1376
 7.6  0.100 -2.50  8.4906  0.1135  2.7439  2.1053  0.1682
 7.6  0.225 -2.50  8.4038  0.1057  2.6753  2.6528  0.2016
 7.6  0.350 -2.50  8.3363  0.0969  2.5918  3.2973  0.2359
 7.6  0.475 -2.50  8.2470  0.0870  2.4923  4.0334  0.2679
 7.6  0.600 -2.50  8.1447  0.0763  2.3754  4.8407  0.2937
 7.6 -1.400 -2.25  6.1703  0.2103  3.6254  0.1045  0.0241
 7.6 -1.275 -2.25  6.1647  0.2095  3.6208  0.1389  0.0306
 7.6 -1.150 -2.25  6.1608  0.2085  3.6148  0.1846  0.0389
 7.6 -1.025 -2.25  6.1573  0.2071  3.6067  0.2448  0.0496
 7.6 -0.900 -2.25  6.1528  0.2054  3.5961  0.3243  0.0633
 7.6 -0.775 -2.25  6.1504  0.2031  3.5823  0.4286  0.0809
 7.6 -0.650 -2.25  6.1411  0.2001  3.5641  0.5648  0.1032
 7.6 -0.525 -2.25  6.1285  0.1962  3.5401  0.7415  0.1314
 7.6 -0.400 -2.25  6.1127  0.1913  3.5093  0.9691  0.1661
 7.6 -0.275 -2.25  6.0943  0.1852  3.4695  1.2589  0.2081
 7.6 -0.150 -2.25  6.0698  0.1776  3.4190  1.6236  0.2572
 7.6 -0.025 -2.25  6.0397  0.1684  3.3556  2.0747  0.3123
 7.6  0.100 -2.25  6.0008  0.1576  3.2769  2.6225  0.3706
 7.6  0.225 -2.25  5.9553  0.1452  3.1819  3.2740  0.4276
 7.6  0.350 -2.25  5.9021  0.1314  3.0690  4.0289  0.4772
 7.6  0.475 -2.25  5.8358  0.1166  2.9380  4.8793  0.5130
 7.6  0.600 -2.25  5.7590  0.1012  2.7885  5.8032  0.5288
 7.6 -1.400 -2.00  4.5277  0.2938  4.2364  0.1296  0.0509
 7.6 -1.275 -2.00  4.5258  0.2923  4.2292  0.1721  0.0649
 7.6 -1.150 -2.00  4.5211  0.2905  4.2198  0.2284  0.0829
 7.6 -1.025 -2.00  4.5187  0.2880  4.2080  0.3025  0.1061
 7.6 -0.900 -2.00  4.5132  0.2849  4.1921  0.3998  0.1358
 7.6 -0.775 -2.00  4.5049  0.2808  4.1713  0.5269  0.1732
 7.6 -0.650 -2.00  4.4965  0.2755  4.1442  0.6920  0.2199
 7.6 -0.525 -2.00  4.4870  0.2687  4.1088  0.9046  0.2767
 7.6 -0.400 -2.00  4.4727  0.2603  4.0639  1.1759  0.3437
 7.6 -0.275 -2.00  4.4558  0.2501  4.0074  1.5182  0.4200
 7.6 -0.150 -2.00  4.4352  0.2376  3.9360  1.9428  0.5019
 7.6 -0.025 -2.00  4.4090  0.2229  3.8481  2.4610  0.5836
 7.6  0.100 -2.00  4.3778  0.2061  3.7421  3.0815  0.6574
 7.6  0.225 -2.00  4.3395  0.1876  3.6177  3.8108  0.7147
 7.6  0.350 -2.00  4.2945  0.1676  3.4724  4.6420  0.7466
 7.6  0.475 -2.00  4.2371  0.1470  3.3086  5.5712  0.7493
 7.6  0.600 -2.00  4.1697  0.1264  3.1284  6.5803  0.7231
 7.6 -1.400 -1.75  3.4336  0.3979  4.8329  0.1532  0.0996
 7.6 -1.275 -1.75  3.4310  0.3954  4.8227  0.2033  0.1273
 7.6 -1.150 -1.75  3.4291  0.3922  4.8095  0.2693  0.1627
 7.6 -1.025 -1.75  3.4250  0.3879  4.7913  0.3559  0.2076
 7.6 -0.900 -1.75  3.4196  0.3823  4.7679  0.4690  0.2637
 7.6 -0.775 -1.75  3.4130  0.3752  4.7374  0.6160  0.3323
 7.6 -0.650 -1.75  3.4063  0.3662  4.6982  0.8055  0.4141
 7.6 -0.525 -1.75  3.3958  0.3550  4.6482  1.0474  0.5078
 7.6 -0.400 -1.75  3.3835  0.3412  4.5848  1.3528  0.6100
 7.6 -0.275 -1.75  3.3626  0.3247  4.5066  1.7334  0.7145
 7.6 -0.150 -1.75  3.3459  0.3053  4.4099  2.1996  0.8117
 7.6 -0.025 -1.75  3.3214  0.2832  4.2940  2.7611  0.8914
 7.6  0.100 -1.75  3.2938  0.2587  4.1569  3.4246  0.9439
 7.6  0.225 -1.75  3.2594  0.2325  3.9992  4.1932  0.9615
 7.6  0.350 -1.75  3.2180  0.2055  3.8221  5.0672  0.9454
 7.6  0.475 -1.75  3.1686  0.1782  3.6260  6.0354  0.8997
 7.6  0.600 -1.75  3.1133  0.1518  3.4159  7.0935  0.8653
 7.6 -1.400 -1.50  2.7074  0.5295  5.4367  0.1735  0.1815
 7.6 -1.275 -1.50  2.7063  0.5251  5.4215  0.2298  0.2311
 7.6 -1.150 -1.50  2.7015  0.5195  5.4016  0.3037  0.2933
 7.6 -1.025 -1.50  2.6994  0.5121  5.3755  0.4003  0.3699
 7.6 -0.900 -1.50  2.6937  0.5027  5.3420  0.5258  0.4620
 7.6 -0.775 -1.50  2.6874  0.4908  5.2986  0.6875  0.5690
 7.6 -0.650 -1.50  2.6791  0.4760  5.2434  0.8942  0.6877
 7.6 -0.525 -1.50  2.6683  0.4579  5.1740  1.1553  0.8121
 7.6 -0.400 -1.50  2.6562  0.4362  5.0877  1.4810  0.9328
 7.6 -0.275 -1.50  2.6408  0.4108  4.9824  1.8812  1.0380
 7.6 -0.150 -1.50  2.6197  0.3819  4.8557  2.3651  1.1161
 7.6 -0.025 -1.50  2.5970  0.3499  4.7071  2.9403  1.1582
 7.6  0.100 -1.50  2.5703  0.3158  4.5364  3.6128  1.1606
 7.6  0.225 -1.50  2.5394  0.2803  4.3435  4.3829  1.1293
 7.6  0.350 -1.50  2.5017  0.2450  4.1335  5.2583  1.0741
 7.6  0.475 -1.50  2.4591  0.2105  3.9069  6.2310  1.0515
 7.6  0.600 -1.50  2.4105  0.1780  3.6692  7.3045  1.0439
 7.7 -1.400 -2.50  8.5338  0.1533  3.5380  0.0887  0.0109
 7.7 -1.275 -2.50  8.5302  0.1528  3.5334  0.1179  0.0138
 7.7 -1.150 -2.50  8.5271  0.1521  3.5278  0.1567  0.0174
 7.7 -1.025 -2.50  8.5277  0.1512  3.5204  0.2079  0.0220
 7.7 -0.900 -2.50  8.5197  0.1500  3.5109  0.2756  0.0278
 7.7 -0.775 -2.50  8.5082  0.1485  3.4981  0.3645  0.0351
 7.7 -0.650 -2.50  8.5003  0.1464  3.4807  0.4806  0.0444
 7.7 -0.525 -2.50  8.4826  0.1438  3.4586  0.6319  0.0561
 7.7 -0.400 -2.50  8.4693  0.1405  3.4295  0.8269  0.0707
 7.7 -0.275 -2.50  8.4418  0.1362  3.3918  1.0757  0.0886
 7.7 -0.150 -2.50  8.3887  0.1308  3.3436  1.3892  0.1100
 7.7 -0.025 -2.50  8.3471  0.1244  3.2828  1.7790  0.1350
 7.7  0.100 -2.50  8.2984  0.1166  3.2070  2.2530  0.1626
 7.7  0.225 -2.50  8.2411  0.1076  3.1142  2.8165  0.1917
 7.7  0.350 -2.50  8.1640  0.0973  3.0019  3.4658  0.2198
 7.7  0.475 -2.50  8.0689  0.0862  2.8697  4.1892  0.2439
 7.7  0.600 -2.50  7.9619  0.0744  2.7180  4.9640  0.2606
 7.7 -1.400 -2.25  6.0659  0.2222  4.2918  0.1144  0.0249
 7.7 -1.275 -2.25  6.0679  0.2212  4.2849  0.1520  0.0315
 7.7 -1.150 -2.25  6.0623  0.2200  4.2766  0.2018  0.0398
 7.7 -1.025 -2.25  6.0574  0.2184  4.2655  0.2675  0.0506
 7.7 -0.900 -2.25  6.0526  0.2162  4.2504  0.3539  0.0643
 7.7 -0.775 -2.25  6.0480  0.2134  4.2308  0.4670  0.0818
 7.7 -0.650 -2.25  6.0390  0.2098  4.2055  0.6143  0.1039
 7.7 -0.525 -2.25  6.0269  0.2051  4.1721  0.8046  0.1313
 7.7 -0.400 -2.25  6.0108  0.1993  4.1296  1.0484  0.1648
 7.7 -0.275 -2.25  5.9922  0.1920  4.0749  1.3568  0.2044
 7.7 -0.150 -2.25  5.9646  0.1831  4.0061  1.7418  0.2495
 7.7 -0.025 -2.25  5.9357  0.1725  3.9209  2.2140  0.2984
 7.7  0.100 -2.25  5.8950  0.1603  3.8171  2.7821  0.3480
 7.7  0.225 -2.25  5.8463  0.1462  3.6914  3.4461  0.3931
 7.7  0.350 -2.25  5.7904  0.1310  3.5452  4.2061  0.4287
 7.7  0.475 -2.25  5.7184  0.1149  3.3770  5.0454  0.4492
 7.7  0.600 -2.25  5.6333  0.0986  3.1892  5.9426  0.4513
 7.7 -1.400 -2.00  4.4581  0.3074  4.9995  0.1407  0.0520
 7.7 -1.275 -2.00  4.4554  0.3057  4.9902  0.1868  0.0661
 7.7 -1.150 -2.00  4.4529  0.3036  4.9782  0.2477  0.0842
 7.7 -1.025 -2.00  4.4481  0.3007  4.9611  0.3277  0.1073
 7.7 -0.900 -2.00  4.4451  0.2969  4.9390  0.4326  0.1365
 7.7 -0.775 -2.00  4.4376  0.2922  4.9115  0.5695  0.1733
 7.7 -0.650 -2.00  4.4284  0.2859  4.8738  0.7463  0.2182
 7.7 -0.525 -2.00  4.4178  0.2781  4.8264  0.9734  0.2719
 7.7 -0.400 -2.00  4.4037  0.2685  4.7662  1.2617  0.3339
 7.7 -0.275 -2.00  4.3850  0.2568  4.6910  1.6233  0.4022
 7.7 -0.150 -2.00  4.3637  0.2427  4.5971  2.0690  0.4725
 7.7 -0.025 -2.00  4.3374  0.2264  4.4825  2.6087  0.5387
 7.7  0.100 -2.00  4.3013  0.2080  4.3458  3.2493  0.5937
 7.7  0.225 -2.00  4.2635  0.1878  4.1862  3.9928  0.6304
 7.7  0.350 -2.00  4.2091  0.1665  4.0039  4.8342  0.6442
 7.7  0.475 -2.00  4.1513  0.1447  3.8002  5.7609  0.6316
 7.7  0.600 -2.00  4.0857  0.1232  3.5779  6.7529  0.5981
 7.8 -1.400 -2.50  8.3560  0.1563  4.1260  0.0944  0.0111
 7.8 -1.275 -2.50  8.3505  0.1557  4.1205  0.1255  0.0139
 7.8 -1.150 -2.50  8.3475  0.1549  4.1126  0.1666  0.0174
 7.8 -1.025 -2.50  8.3439  0.1538  4.1021  0.2209  0.0218
 7.8 -0.900 -2.50  8.3364  0.1525  4.0887  0.2925  0.0273
 7.8 -0.775 -2.50  8.3267  0.1506  4.0708  0.3863  0.0343
 7.8 -0.650 -2.50  8.3141  0.1483  4.0480  0.5088  0.0431
 7.8 -0.525 -2.50  8.2981  0.1453  4.0175  0.6673  0.0541
 7.8 -0.400 -2.50  8.2920  0.1414  3.9777  0.8708  0.0676
 7.8 -0.275 -2.50  8.2558  0.1365  3.9274  1.1291  0.0841
 7.8 -0.150 -2.50  8.2228  0.1304  3.8620  1.4513  0.1033
 7.8 -0.025 -2.50  8.1809  0.1231  3.7809  1.8479  0.1251
 7.8  0.100 -2.50  8.1266  0.1145  3.6811  2.3248  0.1487
 7.8  0.225 -2.50  8.0645  0.1045  3.5588  2.8811  0.1722
 7.8  0.350 -2.50  7.9839  0.0935  3.4147  3.5128  0.1936
 7.8  0.475 -2.50  7.8905  0.0818  3.2473  4.2012  0.2102
 7.8  0.600 -2.50  7.7759  0.0696  3.0567  4.9147  0.2191
 7.8 -1.400 -2.25  5.9612  0.2239  4.9866  0.1205  0.0247
 7.8 -1.275 -2.25  5.9595  0.2228  4.9776  0.1600  0.0309
 7.8 -1.150 -2.25  5.9555  0.2213  4.9655  0.2122  0.0389
 7.8 -1.025 -2.25  5.9514  0.2195  4.9511  0.2812  0.0491
 7.8 -0.900 -2.25  5.9451  0.2171  4.9311  0.3716  0.0620
 7.8 -0.775 -2.25  5.9376  0.2141  4.9062  0.4900  0.0785
 7.8 -0.650 -2.25  5.9275  0.2100  4.8718  0.6433  0.0990
 7.8 -0.525 -2.25  5.9160  0.2048  4.8282  0.8409  0.1242
 7.8 -0.400 -2.25  5.8993  0.1984  4.7719  1.0928  0.1545
 7.8 -0.275 -2.25  5.8771  0.1903  4.7005  1.4095  0.1895
 7.8 -0.150 -2.25  5.8525  0.1807  4.6116  1.8025  0.2285
 7.8 -0.025 -2.25  5.8190  0.1692  4.5015  2.2801  0.2692
 7.8  0.100 -2.25  5.7816  0.1562  4.3701  2.8501  0.3086
 7.8  0.225 -2.25  5.7299  0.1415  4.2129  3.5101  0.3419
 7.8  0.350 -2.25  5.6688  0.1256  4.0294  4.2505  0.3647
 7.8  0.475 -2.25  5.5923  0.1092  3.8224  5.0579  0.3736
 7.8  0.600 -2.25  5.5091  0.0926  3.5925  5.8999  0.3661
 7.8 -1.400 -2.00  4.3791  0.3070  5.7928  0.1470  0.0507
 7.8 -1.275 -2.00  4.3771  0.3051  5.7802  0.1951  0.0641
 7.8 -1.150 -2.00  4.3759  0.3027  5.7640  0.2585  0.0811
 7.8 -1.025 -2.00  4.3697  0.2997  5.7429  0.3419  0.1028
 7.8 -0.900 -2.00  4.3649  0.2956  5.7145  0.4510  0.1301
 7.8 -0.775 -2.00  4.3575  0.2904  5.6779  0.5928  0.1639
 7.8 -0.650 -2.00  4.3514  0.2838  5.6312  0.7762  0.2047
 7.8 -0.525 -2.00  4.3399  0.2755  5.5705  1.0106  0.2526
 7.8 -0.400 -2.00  4.3251  0.2652  5.4936  1.3071  0.3063
 7.8 -0.275 -2.00  4.3051  0.2528  5.3984  1.6772  0.3637
 7.8 -0.150 -2.00  4.2811  0.2380  5.2796  2.1305  0.4200
 7.8 -0.025 -2.00  4.2511  0.2210  5.1368  2.6767  0.4700
 7.8  0.100 -2.00  4.2170  0.2020  4.9688  3.3219  0.5081
 7.8  0.225 -2.00  4.1737  0.1814  4.7725  4.0621  0.5285
 7.8  0.350 -2.00  4.1243  0.1598  4.5507  4.8930  0.5285
 7.8  0.475 -2.00  4.0635  0.1378  4.3040  5.7945  0.5087
 7.8  0.600 -2.00  3.9883  0.1162  4.0361  6.7411  0.4874
 7.9 -1.400 -2.75  11.5596  0.0991  3.6422  0.0729  0.0042
 7.9 -1.275 -2.75  11.5553  0.0987  3.6371  0.0969  0.0054
 7.9 -1.150 -2.75  11.5507  0.0982  3.6301  0.1287  0.0068
 7.9 -1.025 -2.75  11.5416  0.0975  3.6209  0.1706  0.0086
 7.9 -0.900 -2.75  11.5312  0.0968  3.6107  0.2262  0.0107
 7.9 -0.775 -2.75  11.5189  0.0955  3.5927  0.2984  0.0133
 7.9 -0.650 -2.75  11.5004  0.0940  3.5717  0.3930  0.0164
 7.9 -0.525 -2.75  11.4809  0.0921  3.5440  0.5154  0.0203
 7.9 -0.400 -2.75  11.4536  0.0896  3.5083  0.6726  0.0250
 7.9 -0.275 -2.75  11.4162  0.0864  3.4620  0.8720  0.0306
 7.9 -0.150 -2.75  11.3672  0.0825  3.4028  1.1207  0.0372
 7.9 -0.025 -2.75  11.3160  0.0778  3.3279  1.4253  0.0447
 7.9  0.100 -2.75  11.2416  0.0721  3.2345  1.7887  0.0528
 7.9  0.225 -2.75  11.1150  0.0654  3.1197  2.2075  0.0612
 7.9  0.350 -2.75  11.0040  0.0580  2.9819  2.6732  0.0691
 7.9  0.475 -2.75  10.8729  0.0500  2.8191  3.1605  0.0755
 7.9  0.600 -2.75  10.7143  0.0417  2.6322  3.6350  0.0793
 7.9 -1.400 -2.50  8.1865  0.1505  4.7027  0.0959  0.0108
 7.9 -1.275 -2.50  8.1794  0.1499  4.6956  0.1275  0.0134
 7.9 -1.150 -2.50  8.1750  0.1490  4.6855  0.1692  0.0165
 7.9 -1.025 -2.50  8.1693  0.1479  4.6720  0.2243  0.0205
 7.9 -0.900 -2.50  8.1668  0.1464  4.6548  0.2967  0.0254
 7.9 -0.775 -2.50  8.1581  0.1444  4.6306  0.3912  0.0316
 7.9 -0.650 -2.50  8.1453  0.1418  4.6002  0.5143  0.0394
 7.9 -0.525 -2.50  8.1324  0.1386  4.5607  0.6731  0.0490
 7.9 -0.400 -2.50  8.1092  0.1345  4.5105  0.8764  0.0608
 7.9 -0.275 -2.50  8.0834  0.1294  4.4458  1.1327  0.0748
 7.9 -0.150 -2.50  8.0502  0.1231  4.3636  1.4510  0.0909
 7.9 -0.025 -2.50  8.0079  0.1154  4.2602  1.8375  0.1088
 7.9  0.100 -2.50  7.9557  0.1066  4.1349  2.2979  0.1274
 7.9  0.225 -2.50  7.8879  0.0965  3.9841  2.8285  0.1453
 7.9  0.350 -2.50  7.8079  0.0855  3.8068  3.4191  0.1604
 7.9  0.475 -2.50  7.7089  0.0739  3.6020  4.0464  0.1705
 7.9  0.600 -2.50  7.5906  0.0619  3.3701  4.6702  0.1735
 7.9 -1.400 -2.25  5.8433  0.2131  5.6622  0.1211  0.0232
 7.9 -1.275 -2.25  5.8406  0.2120  5.6518  0.1608  0.0287
 7.9 -1.150 -2.25  5.8353  0.2106  5.6374  0.2133  0.0358
 7.9 -1.025 -2.25  5.8351  0.2087  5.6186  0.2823  0.0448
 7.9 -0.900 -2.25  5.8264  0.2062  5.5937  0.3729  0.0563
 7.9 -0.775 -2.25  5.8209  0.2031  5.5626  0.4912  0.0707
 7.9 -0.650 -2.25  5.8104  0.1990  5.5204  0.6443  0.0884
 7.9 -0.525 -2.25  5.7984  0.1937  5.4651  0.8407  0.1100
 7.9 -0.400 -2.25  5.7823  0.1872  5.3968  1.0908  0.1356
 7.9 -0.275 -2.25  5.7620  0.1791  5.3084  1.4036  0.1646
 7.9 -0.150 -2.25  5.7351  0.1695  5.1999  1.7900  0.1961
 7.9 -0.025 -2.25  5.7015  0.1581  5.0658  2.2561  0.2277
 7.9  0.100 -2.25  5.6577  0.1451  4.9050  2.8069  0.2567
 7.9  0.225 -2.25  5.6048  0.1306  4.7149  3.4381  0.2793
 7.9  0.350 -2.25  5.5469  0.1152  4.4960  4.1392  0.2922
 7.9  0.475 -2.25  5.4670  0.0992  4.2495  4.8889  0.2934
 7.9  0.600 -2.25  5.3730  0.0832  3.9758  5.6469  0.2816
 8.0 -1.400 -2.75  11.2957  0.0906  4.0576  0.0714  0.0041
 8.0 -1.275 -2.75  11.2929  0.0902  4.0511  0.0949  0.0052
 8.0 -1.150 -2.75  11.2877  0.0896  4.0418  0.1259  0.0065
 8.0 -1.025 -2.75  11.2788  0.0889  4.0294  0.1668  0.0081
 8.0 -0.900 -2.75  11.2703  0.0880  4.0143  0.2207  0.0099
 8.0 -0.775 -2.75  11.2576  0.0868  3.9937  0.2912  0.0122
 8.0 -0.650 -2.75  11.2134  0.0852  3.9663  0.3825  0.0148
 8.0 -0.525 -2.75  11.1971  0.0833  3.9315  0.5007  0.0180
 8.0 -0.400 -2.75  11.1683  0.0808  3.8867  0.6516  0.0219
 8.0 -0.275 -2.75  11.1321  0.0775  3.8271  0.8411  0.0264
 8.0 -0.150 -2.75  11.0866  0.0736  3.7526  1.0758  0.0317
 8.0 -0.025 -2.75  11.0283  0.0688  3.6590  1.3598  0.0375
 8.0  0.100 -2.75  10.9548  0.0632  3.5434  1.6939  0.0437
 8.0  0.225 -2.75  10.8667  0.0568  3.4033  2.0724  0.0498
 8.0  0.350 -2.75  10.7562  0.0496  3.2334  2.4764  0.0551
 8.0  0.475 -2.75  10.6257  0.0420  3.0367  2.8840  0.0589
 8.0  0.600 -2.75  10.4764  0.0342  2.8104  3.2493  0.0603
 8.0 -1.400 -2.50  8.0187  0.1355  5.2141  0.0924  0.0100
 8.0 -1.275 -2.50  8.0170  0.1349  5.2048  0.1227  0.0122
 8.0 -1.150 -2.50  8.0081  0.1340  5.1924  0.1628  0.0149
 8.0 -1.025 -2.50  8.0066  0.1329  5.1762  0.2157  0.0182
 8.0 -0.900 -2.50  8.0008  0.1314  5.1549  0.2851  0.0223
 8.0 -0.775 -2.50  7.9907  0.1296  5.1276  0.3759  0.0274
 8.0 -0.650 -2.50  7.9806  0.1272  5.0909  0.4936  0.0338
 8.0 -0.525 -2.50  7.9641  0.1240  5.0423  0.6449  0.0415
 8.0 -0.400 -2.50  7.9423  0.1201  4.9823  0.8381  0.0509
 8.0 -0.275 -2.50  7.9158  0.1151  4.9031  1.0801  0.0620
 8.0 -0.150 -2.50  7.8821  0.1091  4.8049  1.3793  0.0746
 8.0 -0.025 -2.50  7.8412  0.1019  4.6827  1.7407  0.0881
 8.0  0.100 -2.50  7.7859  0.0936  4.5344  2.1664  0.1019
 8.0  0.225 -2.50  7.7185  0.0841  4.3541  2.6479  0.1144
 8.0  0.350 -2.50  7.6348  0.0738  4.1441  3.1738  0.1241
 8.0  0.475 -2.50  7.5326  0.0629  3.9024  3.7144  0.1293
 8.0  0.600 -2.50  7.4163  0.0520  3.6306  4.2293  0.1287
 8.0 -1.400 -2.25  5.7231  0.1902  6.2609  0.1155  0.0206
 8.0 -1.275 -2.25  5.7213  0.1892  6.2483  0.1534  0.0252
 8.0 -1.150 -2.25  5.7186  0.1879  6.2318  0.2034  0.0310
 8.0 -1.025 -2.25  5.7152  0.1862  6.2102  0.2692  0.0384
 8.0 -0.900 -2.25  5.7109  0.1839  6.1820  0.3555  0.0477
 8.0 -0.775 -2.25  5.7009  0.1809  6.1437  0.4677  0.0593
 8.0 -0.650 -2.25  5.6929  0.1772  6.0958  0.6133  0.0735
 8.0 -0.525 -2.25  5.6782  0.1724  6.0322  0.7998  0.0906
 8.0 -0.400 -2.25  5.6691  0.1664  5.9516  1.0365  0.1106
 8.0 -0.275 -2.25  5.6475  0.1590  5.8503  1.3324  0.1329
 8.0 -0.150 -2.25  5.6230  0.1501  5.7242  1.6958  0.1564
 8.0 -0.025 -2.25  5.5871  0.1397  5.5699  2.1332  0.1794
 8.0  0.100 -2.25  5.5425  0.1278  5.3857  2.6470  0.1995
 8.0  0.225 -2.25  5.4853  0.1145  5.1658  3.2279  0.2138
 8.0  0.350 -2.25  5.4181  0.1004  4.9136  3.8654  0.2202
 8.0  0.475 -2.25  5.3359  0.0857  4.6287  4.5311  0.2172
 8.0  0.600 -2.25  5.2378  0.0711  4.3133  5.1831  0.2065
 8.1 -1.400 -3.00  15.1103  0.0467  3.0410  0.0502  0.0012
 8.1 -1.275 -3.00  15.1034  0.0465  3.0353  0.0667  0.0016
 8.1 -1.150 -3.00  15.0920  0.0462  3.0274  0.0884  0.0021
 8.1 -1.025 -3.00  15.0848  0.0458  3.0173  0.1171  0.0027
 8.1 -0.900 -3.00  15.0703  0.0454  3.0067  0.1549  0.0034
 8.1 -0.775 -3.00  15.0557  0.0446  2.9885  0.2040  0.0043
 8.1 -0.650 -3.00  15.0302  0.0437  2.9634  0.2674  0.0054
 8.1 -0.525 -3.00  15.0010  0.0426  2.9344  0.3494  0.0066
 8.1 -0.400 -3.00  14.9685  0.0410  2.8924  0.4523  0.0079
 8.1 -0.275 -3.00  14.9186  0.0391  2.8411  0.5811  0.0094
 8.1 -0.150 -3.00  14.8488  0.0368  2.7753  0.7381  0.0110
 8.1 -0.025 -3.00  14.7735  0.0340  2.6923  0.9236  0.0127
 8.1  0.100 -3.00  14.6708  0.0306  2.5894  1.1348  0.0144
 8.1  0.225 -3.00  14.5525  0.0269  2.4632  1.3620  0.0160
 8.1  0.350 -3.00  14.4149  0.0227  2.3114  1.5872  0.0172
 8.1  0.475 -3.00  14.2638  0.0184  2.1316  1.7802  0.0178
 8.1  0.600 -3.00  14.1026  0.0141  1.9259  1.9059  0.0177
 8.1 -1.400 -2.75  11.0390  0.0766  4.3775  0.0659  0.0040
 8.1 -1.275 -2.75  11.0365  0.0762  4.3682  0.0875  0.0049
 8.1 -1.150 -2.75  11.0307  0.0757  4.3587  0.1161  0.0060
 8.1 -1.025 -2.75  11.0240  0.0751  4.3447  0.1538  0.0073
 8.1 -0.900 -2.75  11.0144  0.0742  4.3250  0.2032  0.0089
 8.1 -0.775 -2.75  11.0013  0.0732  4.3022  0.2679  0.0106
 8.1 -0.650 -2.75  10.9829  0.0717  4.2685  0.3515  0.0127
 8.1 -0.525 -2.75  10.9630  0.0699  4.2281  0.4593  0.0152
 8.1 -0.400 -2.75  10.9375  0.0675  4.1730  0.5958  0.0181
 8.1 -0.275 -2.75  10.9012  0.0647  4.1050  0.7673  0.0216
 8.1 -0.150 -2.75  10.8577  0.0611  4.0171  0.9771  0.0254
 8.1 -0.025 -2.75  10.8026  0.0567  3.9060  1.2276  0.0296
 8.1  0.100 -2.75  10.7333  0.0516  3.7678  1.5159  0.0339
 8.1  0.225 -2.75  10.6457  0.0458  3.6021  1.8345  0.0380
 8.1  0.350 -2.75  10.5420  0.0395  3.4050  2.1653  0.0413
 8.1  0.475 -2.75  10.4217  0.0327  3.1734  2.4750  0.0431
 8.1  0.600 -2.75  10.2932  0.0260  2.9096  2.7235  0.0430
 8.1 -1.400 -2.50  7.8611  0.1133  5.6040  0.0839  0.0090
 8.1 -1.275 -2.50  7.8613  0.1128  5.5935  0.1114  0.0108
 8.1 -1.150 -2.50  7.8579  0.1121  5.5800  0.1478  0.0129
 8.1 -1.025 -2.50  7.8512  0.1111  5.5619  0.1958  0.0154
 8.1 -0.900 -2.50  7.8442  0.1099  5.5376  0.2587  0.0185
 8.1 -0.775 -2.50  7.8349  0.1082  5.5058  0.3408  0.0224
 8.1 -0.650 -2.50  7.8234  0.1061  5.4644  0.4472  0.0272
 8.1 -0.525 -2.50  7.8060  0.1033  5.4103  0.5838  0.0330
 8.1 -0.400 -2.50  7.7853  0.0999  5.3410  0.7574  0.0399
 8.1 -0.275 -2.50  7.7631  0.0956  5.2527  0.9746  0.0479
 8.1 -0.150 -2.50  7.7284  0.0904  5.1416  1.2416  0.0569
 8.1 -0.025 -2.50  7.6854  0.0841  5.0032  1.5614  0.0665
 8.1  0.100 -2.50  7.6309  0.0768  4.8344  1.9338  0.0758
 8.1  0.225 -2.50  7.5598  0.0686  4.6316  2.3501  0.0839
 8.1  0.350 -2.50  7.4760  0.0596  4.3928  2.7920  0.0896
 8.1  0.475 -2.50  7.3776  0.0502  4.1172  3.2286  0.0916
 8.1  0.600 -2.50  7.2653  0.0407  3.8062  3.6146  0.0892
 8.1 -1.400 -2.25  5.6165  0.1585  6.7197  0.1041  0.0175
 8.1 -1.275 -2.25  5.6146  0.1576  6.7060  0.1383  0.0210
 8.1 -1.150 -2.25  5.6117  0.1565  6.6879  0.1833  0.0254
 8.1 -1.025 -2.25  5.6071  0.1551  6.6647  0.2427  0.0310
 8.1 -0.900 -2.25  5.6010  0.1532  6.6338  0.3204  0.0379
 8.1 -0.775 -2.25  5.5926  0.1508  6.5929  0.4217  0.0464
 8.1 -0.650 -2.25  5.5825  0.1476  6.5397  0.5528  0.0569
 8.1 -0.525 -2.25  5.5683  0.1436  6.4720  0.7210  0.0694
 8.1 -0.400 -2.25  5.5508  0.1386  6.3843  0.9339  0.0837
 8.1 -0.275 -2.25  5.5315  0.1324  6.2747  1.2003  0.0995
 8.1 -0.150 -2.25  5.5020  0.1249  6.1362  1.5261  0.1159
 8.1 -0.025 -2.25  5.4641  0.1161  5.9675  1.9173  0.1314
 8.1  0.100 -2.25  5.4188  0.1060  5.7644  2.3736  0.1444
 8.1  0.225 -2.25  5.3617  0.0946  5.5218  2.8855  0.1528
 8.1  0.350 -2.25  5.2882  0.0824  5.2416  3.4364  0.1553
 8.1  0.475 -2.25  5.2057  0.0698  4.9232  3.9962  0.1513
 8.1  0.600 -2.25  5.0929  0.0571  4.5670  4.5143  0.1440
 8.2 -1.400 -3.00  14.7459  0.0365  3.1624  0.0440  0.0012
 8.2 -1.275 -3.00  14.7390  0.0362  3.1536  0.0584  0.0015
 8.2 -1.150 -3.00  14.7351  0.0360  3.1448  0.0774  0.0019
 8.2 -1.025 -3.00  14.7288  0.0357  3.1351  0.1025  0.0025
 8.2 -0.900 -3.00  14.7143  0.0351  3.1166  0.1351  0.0031
 8.2 -0.775 -3.00  14.6985  0.0345  3.0950  0.1776  0.0039
 8.2 -0.650 -3.00  14.6769  0.0337  3.0676  0.2324  0.0047
 8.2 -0.525 -3.00  14.6494  0.0327  3.0310  0.3023  0.0057
 8.2 -0.400 -3.00  14.6151  0.0314  2.9842  0.3902  0.0067
 8.2 -0.275 -3.00  14.5754  0.0297  2.9244  0.4986  0.0078
 8.2 -0.150 -3.00  14.5188  0.0277  2.8470  0.6285  0.0090
 8.2 -0.025 -3.00  14.4426  0.0253  2.7485  0.7783  0.0101
 8.2  0.100 -3.00  14.3671  0.0224  2.6269  0.9432  0.0112
 8.2  0.225 -3.00  14.2610  0.0193  2.4797  1.1118  0.0122
 8.2  0.350 -3.00  14.1453  0.0159  2.3032  1.2645  0.0128
 8.2  0.475 -3.00  14.0295  0.0124  2.0978  1.3758  0.0130
 8.2  0.600 -3.00  13.9219  0.0091  1.8647  1.4153  0.0127
 8.2 -1.400 -2.75  10.8206  0.0586  4.5216  0.0563  0.0036
 8.2 -1.275 -2.75  10.8176  0.0583  4.5139  0.0749  0.0044
 8.2 -1.150 -2.75  10.8117  0.0578  4.4994  0.0992  0.0053
 8.2 -1.025 -2.75  10.8062  0.0573  4.4849  0.1313  0.0063
 8.2 -0.900 -2.75  10.7975  0.0567  4.4647  0.1734  0.0075
 8.2 -0.775 -2.75  10.7814  0.0557  4.4366  0.2282  0.0088
 8.2 -0.650 -2.75  10.7692  0.0546  4.4015  0.2992  0.0103
 8.2 -0.525 -2.75  10.7476  0.0531  4.3543  0.3900  0.0120
 8.2 -0.400 -2.75  10.7234  0.0512  4.2950  0.5050  0.0140
 8.2 -0.275 -2.75  10.6901  0.0488  4.2178  0.6476  0.0162
 8.2 -0.150 -2.75  10.6491  0.0458  4.1178  0.8202  0.0187
 8.2 -0.025 -2.75  10.5946  0.0422  3.9938  1.0239  0.0213
 8.2  0.100 -2.75  10.5313  0.0380  3.8398  1.2529  0.0239
 8.2  0.225 -2.75  10.4575  0.0333  3.6544  1.4989  0.0262
 8.2  0.350 -2.75  10.3667  0.0282  3.4307  1.7382  0.0278
 8.2  0.475 -2.75  10.2644  0.0228  3.1694  1.9414  0.0284
 8.2  0.600 -2.75  10.1658  0.0175  2.8716  2.0691  0.0277
 8.2 -1.400 -2.50  7.7199  0.0862  5.7780  0.0707  0.0078
 8.2 -1.275 -2.50  7.7135  0.0857  5.7670  0.0939  0.0090
 8.2 -1.150 -2.50  7.7135  0.0852  5.7539  0.1246  0.0105
 8.2 -1.025 -2.50  7.7085  0.0844  5.7332  0.1649  0.0123
 8.2 -0.900 -2.50  7.7022  0.0834  5.7077  0.2178  0.0144
 8.2 -0.775 -2.50  7.6908  0.0821  5.6741  0.2868  0.0170
 8.2 -0.650 -2.50  7.6823  0.0805  5.6303  0.3761  0.0201
 8.2 -0.525 -2.50  7.6639  0.0784  5.5735  0.4907  0.0238
 8.2 -0.400 -2.50  7.6412  0.0757  5.5001  0.6359  0.0282
 8.2 -0.275 -2.50  7.6165  0.0723  5.4058  0.8169  0.0333
 8.2 -0.150 -2.50  7.5815  0.0681  5.2873  1.0379  0.0389
 8.2 -0.025 -2.50  7.5392  0.0632  5.1388  1.3008  0.0447
 8.2  0.100 -2.50  7.4859  0.0574  4.9564  1.6023  0.0502
 8.2  0.225 -2.50  7.4208  0.0508  4.7354  1.9319  0.0548
 8.2  0.350 -2.50  7.3491  0.0436  4.4746  2.2708  0.0575
 8.2  0.475 -2.50  7.2590  0.0361  4.1707  2.5837  0.0578
 8.2  0.600 -2.50  7.1645  0.0285  3.8240  2.8258  0.0551
 8.2 -1.400 -2.25  5.4980  0.1205  6.9307  0.0873  0.0140
 8.2 -1.275 -2.25  5.4952  0.1199  6.9170  0.1160  0.0164
 8.2 -1.150 -2.25  5.4921  0.1191  6.8992  0.1538  0.0193
 8.2 -1.025 -2.25  5.4867  0.1180  6.8753  0.2036  0.0230
 8.2 -0.900 -2.25  5.4814  0.1166  6.8456  0.2689  0.0274
 8.2 -0.775 -2.25  5.4733  0.1148  6.8033  0.3539  0.0329
 8.2 -0.650 -2.25  5.4641  0.1125  6.7511  0.4642  0.0396
 8.2 -0.525 -2.25  5.4526  0.1095  6.6823  0.6055  0.0475
 8.2 -0.400 -2.25  5.4346  0.1056  6.5929  0.7845  0.0564
 8.2 -0.275 -2.25  5.4108  0.1009  6.4791  1.0076  0.0662
 8.2 -0.150 -2.25  5.3824  0.0952  6.3378  1.2810  0.0763
 8.2 -0.025 -2.25  5.3311  0.0882  6.1587  1.6055  0.0856
 8.2  0.100 -2.25  5.2819  0.0803  5.9448  1.9820  0.0931
 8.2  0.225 -2.25  5.2252  0.0714  5.6889  2.3996  0.0976
 8.2  0.350 -2.25  5.1582  0.0618  5.3885  2.8378  0.0980
 8.2  0.475 -2.25  5.0783  0.0517  5.0434  3.2635  0.0953
 8.2  0.600 -2.25  4.9902  0.0416  4.6544  3.6287  0.0898
 8.3 -1.400 -3.00  14.3883  0.0247  3.0802  0.0347  0.0010
 8.3 -1.275 -3.00  14.3825  0.0245  3.0725  0.0460  0.0013
 8.3 -1.150 -3.00  14.3778  0.0243  3.0633  0.0609  0.0016
 8.3 -1.025 -3.00  14.3758  0.0240  3.0488  0.0804  0.0021
 8.3 -0.900 -3.00  14.3668  0.0237  3.0325  0.1060  0.0026
 8.3 -0.775 -3.00  14.3513  0.0232  3.0079  0.1390  0.0032
 8.3 -0.650 -3.00  14.3291  0.0226  2.9771  0.1814  0.0039
 8.3 -0.525 -3.00  14.3127  0.0218  2.9367  0.2350  0.0046
 8.3 -0.400 -3.00  14.2809  0.0208  2.8842  0.3016  0.0054
 8.3 -0.275 -3.00  14.2469  0.0195  2.8186  0.3826  0.0061
 8.3 -0.150 -3.00  14.2026  0.0180  2.7318  0.4773  0.0069
 8.3 -0.025 -3.00  14.1509  0.0161  2.6230  0.5832  0.0076
 8.3  0.100 -3.00  14.0879  0.0141  2.4902  0.6947  0.0083
 8.3  0.225 -3.00  14.0228  0.0118  2.3287  0.8002  0.0088
 8.3  0.350 -3.00  13.9578  0.0093  2.1337  0.8811  0.0091
 8.3  0.475 -3.00  13.9007  0.0070  1.9109  0.9188  0.0091
 8.3  0.600 -3.00  13.8696  0.0048  1.6600  0.8932  0.0089
 8.3 -1.400 -2.75  10.6080  0.0390  4.3892  0.0434  0.0031
 8.3 -1.275 -2.75  10.6118  0.0388  4.3827  0.0576  0.0038
 8.3 -1.150 -2.75  10.6020  0.0385  4.3679  0.0763  0.0045
 8.3 -1.025 -2.75  10.6001  0.0381  4.3527  0.1009  0.0052
 8.3 -0.900 -2.75  10.5889  0.0376  4.3308  0.1331  0.0060
 8.3 -0.775 -2.75  10.5827  0.0369  4.3002  0.1748  0.0069
 8.3 -0.650 -2.75  10.5635  0.0360  4.2624  0.2286  0.0079
 8.3 -0.525 -2.75  10.5499  0.0350  4.2157  0.2975  0.0089
 8.3 -0.400 -2.75  10.5257  0.0336  4.1495  0.3833  0.0100
 8.3 -0.275 -2.75  10.4971  0.0318  4.0672  0.4890  0.0113
 8.3 -0.150 -2.75  10.4644  0.0296  3.9629  0.6155  0.0126
 8.3 -0.025 -2.75  10.4230  0.0271  3.8314  0.7614  0.0139
 8.3  0.100 -2.75  10.3707  0.0240  3.6652  0.9193  0.0152
 8.3  0.225 -2.75  10.3122  0.0206  3.4634  1.0788  0.0162
 8.3  0.350 -2.75  10.2450  0.0170  3.2230  1.2201  0.0168
 8.3  0.475 -2.75  10.1948  0.0132  2.9411  1.3170  0.0168
 8.3  0.600 -2.75  10.1490  0.0096  2.6175  1.3383  0.0162
 8.3 -1.400 -2.50  7.5889  0.0573  5.6138  0.0537  0.0064
 8.3 -1.275 -2.50  7.5877  0.0570  5.6029  0.0713  0.0073
 8.3 -1.150 -2.50  7.5822  0.0566  5.5883  0.0945  0.0083
 8.3 -1.025 -2.50  7.5821  0.0560  5.5690  0.1251  0.0094
 8.3 -0.900 -2.50  7.5723  0.0554  5.5439  0.1651  0.0106
 8.3 -0.775 -2.50  7.5650  0.0545  5.5099  0.2172  0.0120
 8.3 -0.650 -2.50  7.5508  0.0533  5.4668  0.2847  0.0137
 8.3 -0.525 -2.50  7.5375  0.0518  5.4105  0.3710  0.0156
 8.3 -0.400 -2.50  7.5179  0.0499  5.3353  0.4795  0.0179
 8.3 -0.275 -2.50  7.4951  0.0476  5.2399  0.6142  0.0204
 8.3 -0.150 -2.50  7.4626  0.0446  5.1188  0.7770  0.0232
 8.3 -0.025 -2.50  7.4259  0.0411  4.9657  0.9676  0.0260
 8.3  0.100 -2.50  7.3787  0.0370  4.7765  1.1813  0.0286
 8.3  0.225 -2.50  7.3212  0.0323  4.5482  1.4077  0.0306
 8.3  0.350 -2.50  7.2571  0.0272  4.2697  1.6226  0.0315
 8.3  0.475 -2.50  7.1907  0.0219  3.9449  1.7986  0.0312
 8.3  0.600 -2.50  7.1241  0.0166  3.5718  1.8956  0.0294
 8.4 -1.400 -3.00  14.1700  0.0151  2.8729  0.0255  0.0009
 8.4 -1.275 -3.00  14.1656  0.0150  2.8651  0.0338  0.0011
 8.4 -1.150 -3.00  14.1636  0.0149  2.8540  0.0447  0.0014
 8.4 -1.025 -3.00  14.1575  0.0147  2.8391  0.0589  0.0018
 8.4 -0.900 -3.00  14.1522  0.0144  2.8200  0.0774  0.0023
 8.4 -0.775 -3.00  14.1386  0.0141  2.7957  0.1012  0.0028
 8.4 -0.650 -3.00  14.1274  0.0136  2.7623  0.1315  0.0033
 8.4 -0.525 -3.00  14.1157  0.0131  2.7191  0.1694  0.0039
 8.4 -0.400 -3.00  14.0967  0.0123  2.6616  0.2158  0.0045
 8.4 -0.275 -3.00  14.0710  0.0115  2.5921  0.2713  0.0051
 8.4 -0.150 -3.00  14.0452  0.0104  2.5005  0.3343  0.0057
 8.4 -0.025 -3.00  14.0151  0.0092  2.3837  0.4015  0.0062
 8.4  0.100 -3.00  13.9797  0.0078  2.2410  0.4671  0.0066
 8.4  0.225 -3.00  13.9545  0.0063  2.0708  0.5222  0.0070
 8.4  0.350 -3.00  13.9432  0.0048  1.8675  0.5522  0.0072
 8.4  0.475 -3.00  13.9410  0.0034  1.6373  0.5465  0.0073
 8.4  0.600 -3.00  13.9919  0.0021  1.3821  0.4949  0.0072
 8.4 -1.400 -2.75  10.5113  0.0236  4.0788  0.0311  0.0028
 8.4 -1.275 -2.75  10.5106  0.0234  4.0694  0.0413  0.0033
 8.4 -1.150 -2.75  10.5062  0.0232  4.0562  0.0547  0.0039
 8.4 -1.025 -2.75  10.4978  0.0230  4.0386  0.0722  0.0046
 8.4 -0.900 -2.75  10.4911  0.0226  4.0163  0.0951  0.0052
 8.4 -0.775 -2.75  10.4830  0.0222  3.9863  0.1247  0.0058
 8.4 -0.650 -2.75  10.4763  0.0216  3.9469  0.1625  0.0065
 8.4 -0.525 -2.75  10.4644  0.0208  3.8970  0.2106  0.0072
 8.4 -0.400 -2.75  10.4427  0.0199  3.8302  0.2700  0.0079
 8.4 -0.275 -2.75  10.4223  0.0187  3.7448  0.3420  0.0086
 8.4 -0.150 -2.75  10.3949  0.0172  3.6349  0.4257  0.0093
 8.4 -0.025 -2.75  10.3652  0.0155  3.4964  0.5192  0.0100
 8.4  0.100 -2.75  10.3324  0.0135  3.3249  0.6156  0.0106
 8.4  0.225 -2.75  10.2982  0.0112  3.1139  0.7039  0.0111
 8.4  0.350 -2.75  10.2699  0.0089  2.8585  0.7679  0.0113
 8.4  0.475 -2.75  10.2574  0.0066  2.5623  0.7895  0.0112
 8.4  0.600 -2.75  10.2715  0.0044  2.2246  0.7503  0.0108
 8.4 -1.400 -2.50  7.5139  0.0347  5.2242  0.0380  0.0057
 8.4 -1.275 -2.50  7.5113  0.0345  5.2136  0.0504  0.0063
 8.4 -1.150 -2.50  7.5086  0.0342  5.1992  0.0668  0.0070
 8.4 -1.025 -2.50  7.5032  0.0339  5.1838  0.0883  0.0077
 8.4 -0.900 -2.50  7.4963  0.0334  5.1541  0.1164  0.0085
 8.4 -0.775 -2.50  7.4892  0.0328  5.1223  0.1529  0.0093
 8.4 -0.650 -2.50  7.4808  0.0320  5.0789  0.1999  0.0102
 8.4 -0.525 -2.50  7.4671  0.0310  5.0217  0.2597  0.0112
 8.4 -0.400 -2.50  7.4490  0.0298  4.9493  0.3346  0.0124
 8.4 -0.275 -2.50  7.4013  0.0282  4.8497  0.4257  0.0136
 8.4 -0.150 -2.50  7.3757  0.0262  4.7293  0.5350  0.0149
 8.4 -0.025 -2.50  7.3433  0.0239  4.5733  0.6593  0.0161
 8.4  0.100 -2.50  7.3074  0.0212  4.3810  0.7939  0.0172
 8.4  0.225 -2.50  7.2659  0.0181  4.1423  0.9262  0.0180
 8.4  0.350 -2.50  7.2238  0.0148  3.8533  1.0379  0.0182
 8.4  0.475 -2.50  7.1869  0.0114  3.5123  1.1053  0.0179
 8.4  0.600 -2.50  7.1679  0.0081  3.1159  1.0998  0.0168
 8.5 -1.400 -3.25  17.7553  0.0046  1.4470  0.0140  0.0002
 8.5 -1.275 -3.25  17.7534  0.0046  1.4401  0.0184  0.0002
 8.5 -1.150 -3.25  17.7510  0.0045  1.4325  0.0243  0.0003
 8.5 -1.025 -3.25  17.7504  0.0044  1.4217  0.0319  0.0003
 8.5 -0.900 -3.25  17.7423  0.0043  1.4087  0.0418  0.0005
 8.5 -0.775 -3.25  17.7385  0.0042  1.3917  0.0542  0.0006
 8.5 -0.650 -3.25  17.7308  0.0040  1.3673  0.0697  0.0008
 8.5 -0.525 -3.25  17.7236  0.0038  1.3363  0.0887  0.0010
 8.5 -0.400 -3.25  17.7154  0.0035  1.2965  0.1110  0.0012
 8.5 -0.275 -3.25  17.7028  0.0031  1.2469  0.1364  0.0016
 8.5 -0.150 -3.25  17.6958  0.0027  1.1843  0.1630  0.0019
 8.5 -0.025 -3.25  17.6940  0.0023  1.1065  0.1883  0.0023
 8.5  0.100 -3.25  17.6987  0.0018  1.0135  0.2083  0.0027
 8.5  0.225 -3.25  17.7210  0.0014  0.9055  0.2182  0.0031
 8.5  0.350 -3.25  17.7662  0.0009  0.7839  0.2132  0.0034
 8.5  0.475 -3.25  17.8604  0.0006  0.6529  0.1904  0.0037
 8.5  0.600 -3.25  17.9961  0.0003  0.5192  0.1528  0.0039
 8.5 -1.400 -3.00  14.0106  0.0080  2.4495  0.0173  0.0007
 8.5 -1.275 -3.00  14.0063  0.0079  2.4423  0.0229  0.0009
 8.5 -1.150 -3.00  14.0053  0.0078  2.4318  0.0302  0.0011
 8.5 -1.025 -3.00  14.0025  0.0077  2.4179  0.0398  0.0014
 8.5 -0.900 -3.00  13.9975  0.0075  2.3972  0.0521  0.0018
 8.5 -0.775 -3.00  13.9957  0.0073  2.3721  0.0678  0.0022
 8.5 -0.650 -3.00  13.9940  0.0070  2.3396  0.0876  0.0027
 8.5 -0.525 -3.00  13.9887  0.0067  2.2955  0.1121  0.0032
 8.5 -0.400 -3.00  13.9794  0.0063  2.2404  0.1415  0.0037
 8.5 -0.275 -3.00  13.9758  0.0057  2.1661  0.1751  0.0043
 8.5 -0.150 -3.00  13.9684  0.0051  2.0746  0.2118  0.0047
 8.5 -0.025 -3.00  13.9664  0.0044  1.9599  0.2486  0.0052
 8.5  0.100 -3.00  13.9770  0.0036  1.8193  0.2803  0.0056
 8.5  0.225 -3.00  13.9999  0.0028  1.6522  0.3003  0.0059
 8.5  0.350 -3.00  14.0523  0.0020  1.4568  0.3006  0.0061
 8.5  0.475 -3.00  14.1412  0.0013  1.2373  0.2759  0.0062
 8.5  0.600 -3.00  14.2791  0.0007  1.0046  0.2275  0.0063
 8.5 -1.400 -2.75  10.4282  0.0123  3.4969  0.0206  0.0022
 8.5 -1.275 -2.75  10.4269  0.0122  3.4866  0.0272  0.0027
 8.5 -1.150 -2.75  10.4283  0.0121  3.4732  0.0360  0.0033
 8.5 -1.025 -2.75  10.4207  0.0119  3.4558  0.0474  0.0038
 8.5 -0.900 -2.75  10.4177  0.0117  3.4337  0.0623  0.0044
 8.5 -0.775 -2.75  10.4166  0.0114  3.4037  0.0813  0.0049
 8.5 -0.650 -2.75  10.4057  0.0110  3.3647  0.1056  0.0055
 8.5 -0.525 -2.75  10.3999  0.0106  3.3142  0.1359  0.0060
 8.5 -0.400 -2.75  10.3921  0.0100  3.2479  0.1727  0.0065
 8.5 -0.275 -2.75  10.3858  0.0093  3.1612  0.2161  0.0070
 8.5 -0.150 -2.75  10.3759  0.0084  3.0505  0.2647  0.0074
 8.5 -0.025 -2.75  10.3689  0.0073  2.9100  0.3155  0.0078
 8.5  0.100 -2.75  10.3645  0.0062  2.7370  0.3634  0.0081
 8.5  0.225 -2.75  10.3393  0.0049  2.5236  0.3988  0.0084
 8.5  0.350 -2.75  10.3622  0.0037  2.2701  0.4122  0.0085
 8.5  0.475 -2.75  10.4163  0.0025  1.9759  0.3935  0.0086
 8.5  0.600 -2.75  10.5133  0.0015  1.6460  0.3378  0.0085
 8.6 -1.400 -3.25  17.5823  0.0020  1.0129  0.0092  0.0001
 8.6 -1.275 -3.25  17.5828  0.0020  1.0086  0.0121  0.0001
 8.6 -1.150 -3.25  17.5852  0.0019  1.0004  0.0159  0.0001
 8.6 -1.025 -3.25  17.5871  0.0019  0.9913  0.0208  0.0002
 8.6 -0.900 -3.25  17.5913  0.0018  0.9794  0.0270  0.0002
 8.6 -0.775 -3.25  17.5944  0.0017  0.9642  0.0349  0.0003
 8.6 -0.650 -3.25  17.5972  0.0017  0.9450  0.0445  0.0004
 8.6 -0.525 -3.25  17.6061  0.0015  0.9199  0.0560  0.0005
 8.6 -0.400 -3.25  17.6240  0.0014  0.8859  0.0690  0.0006
 8.6 -0.275 -3.25  17.6388  0.0012  0.8446  0.0831  0.0008
 8.6 -0.150 -3.25  17.6671  0.0010  0.7938  0.0970  0.0010
 8.6 -0.025 -3.25  17.7065  0.0008  0.7319  0.1085  0.0013
 8.6  0.100 -3.25  17.7663  0.0006  0.6576  0.1147  0.0016
 8.6  0.225 -3.25  17.8553  0.0004  0.5734  0.1135  0.0019
 8.6  0.350 -3.25  17.9766  0.0003  0.4822  0.1031  0.0022
 8.6  0.475 -3.25  18.1470  0.0002  0.3871  0.0842  0.0025
 8.6  0.600 -3.25  18.3604  0.0001  0.2947  0.0606  0.0027
 8.6 -1.400 -3.00  13.9333  0.0035  1.7980  0.0112  0.0003
 8.6 -1.275 -3.00  13.9324  0.0034  1.7896  0.0149  0.0004
 8.6 -1.150 -3.00  13.9369  0.0034  1.7806  0.0196  0.0006
 8.6 -1.025 -3.00  13.9389  0.0033  1.7664  0.0257  0.0008
 8.6 -0.900 -3.00  13.9425  0.0032  1.7479  0.0334  0.0010
 8.6 -0.775 -3.00  13.9436  0.0031  1.7273  0.0433  0.0012
 8.6 -0.650 -3.00  13.9478  0.0030  1.6958  0.0555  0.0016
 8.6 -0.525 -3.00  13.9557  0.0028  1.6575  0.0702  0.0020
 8.6 -0.400 -3.00  13.9704  0.0026  1.6075  0.0873  0.0024
 8.6 -0.275 -3.00  13.9908  0.0023  1.5432  0.1063  0.0029
 8.6 -0.150 -3.00  14.0206  0.0020  1.4609  0.1251  0.0033
 8.6 -0.025 -3.00  14.0586  0.0016  1.3618  0.1421  0.0038
 8.6  0.100 -3.00  14.1176  0.0013  1.2399  0.1531  0.0042
 8.6  0.225 -3.00  14.2067  0.0009  1.0984  0.1547  0.0046
 8.6  0.350 -3.00  14.3248  0.0006  0.9373  0.1433  0.0049
 8.6  0.475 -3.00  14.4933  0.0004  0.7634  0.1192  0.0051
 8.6  0.600 -3.00  14.7100  0.0002  0.5861  0.0865  0.0053
 8.6 -1.400 -2.75  10.4027  0.0054  2.6481  0.0130  0.0013
 8.6 -1.275 -2.75  10.4002  0.0053  2.6388  0.0171  0.0016
 8.6 -1.150 -2.75  10.4023  0.0052  2.6265  0.0226  0.0020
 8.6 -1.025 -2.75  10.4004  0.0052  2.6125  0.0297  0.0025
 8.6 -0.900 -2.75  10.4011  0.0050  2.5891  0.0388  0.0030
 8.6 -0.775 -2.75  10.3767  0.0049  2.5622  0.0505  0.0035
 8.6 -0.650 -2.75  10.3785  0.0047  2.5253  0.0650  0.0041
 8.6 -0.525 -2.75  10.3813  0.0044  2.4768  0.0827  0.0046
 8.6 -0.400 -2.75  10.3909  0.0041  2.4151  0.1037  0.0051
 8.6 -0.275 -2.75  10.4010  0.0038  2.3323  0.1273  0.0056
 8.6 -0.150 -2.75  10.4177  0.0033  2.2315  0.1524  0.0060
 8.6 -0.025 -2.75  10.4403  0.0028  2.1032  0.1759  0.0064
 8.6  0.100 -2.75  10.4812  0.0022  1.9389  0.1933  0.0067
 8.6  0.225 -2.75  10.5408  0.0017  1.7457  0.2000  0.0069
 8.6  0.350 -2.75  10.6289  0.0011  1.5179  0.1907  0.0071
 8.6  0.475 -2.75  10.7610  0.0007  1.2617  0.1633  0.0072
 8.6  0.600 -2.75  10.9377  0.0004  0.9862  0.1214  0.0073
 8.7 -1.400 -3.50  20.6591  0.0003  0.2978  0.0041  0.0000
 8.7 -1.275 -3.50  20.6556  0.0003  0.2960  0.0054  0.0000
 8.7 -1.150 -3.50  20.6637  0.0003  0.2933  0.0071  0.0000
 8.7 -1.025 -3.50  20.6679  0.0003  0.2899  0.0093  0.0000
 8.7 -0.900 -3.50  20.6754  0.0003  0.2856  0.0120  0.0000
 8.7 -0.775 -3.50  20.6793  0.0003  0.2798  0.0153  0.0000
 8.7 -0.650 -3.50  20.6924  0.0003  0.2725  0.0193  0.0000
 8.7 -0.525 -3.50  20.7096  0.0002  0.2628  0.0238  0.0000
 8.7 -0.400 -3.50  20.7277  0.0002  0.2509  0.0288  0.0001
 8.7 -0.275 -3.50  20.7565  0.0002  0.2360  0.0337  0.0001
 8.7 -0.150 -3.50  20.7999  0.0002  0.2178  0.0379  0.0001
 8.7 -0.025 -3.50  20.8553  0.0001  0.1964  0.0404  0.0001
 8.7  0.100 -3.50  20.9339  0.0001  0.1720  0.0404  0.0002
 8.7  0.225 -3.50  21.0410  0.0001  0.1452  0.0371  0.0002
 8.7  0.350 -3.50  21.1715  0.0000  0.1176  0.0310  0.0003
 8.7  0.475 -3.50  21.3316  0.0000  0.0909  0.0230  0.0003
 8.7  0.600 -3.50  21.5233  0.0000  0.0664  0.0148  0.0004
 8.7 -1.400 -3.25  17.6982  0.0008  0.6874  0.0058  0.0000
 8.7 -1.275 -3.25  17.7010  0.0008  0.6837  0.0077  0.0000
 8.7 -1.150 -3.25  17.7056  0.0008  0.6777  0.0100  0.0001
 8.7 -1.025 -3.25  17.7093  0.0007  0.6707  0.0131  0.0001
 8.7 -0.900 -3.25  17.7188  0.0007  0.6615  0.0169  0.0001
 8.7 -0.775 -3.25  17.7333  0.0007  0.6490  0.0217  0.0001
 8.7 -0.650 -3.25  17.7518  0.0006  0.6333  0.0274  0.0002
 8.7 -0.525 -3.25  17.7697  0.0006  0.6121  0.0340  0.0003
 8.7 -0.400 -3.25  17.8025  0.0005  0.5862  0.0413  0.0003
 8.7 -0.275 -3.25  17.8418  0.0004  0.5539  0.0487  0.0004
 8.7 -0.150 -3.25  17.8969  0.0004  0.5133  0.0551  0.0005
 8.7 -0.025 -3.25  17.9672  0.0003  0.4657  0.0594  0.0007
 8.7  0.100 -3.25  18.0631  0.0002  0.4098  0.0598  0.0008
 8.7  0.225 -3.25  18.1935  0.0001  0.3480  0.0556  0.0010
 8.7  0.350 -3.25  18.3543  0.0001  0.2826  0.0467  0.0012
 8.7  0.475 -3.25  18.5497  0.0000  0.2178  0.0346  0.0014
 8.7  0.600 -3.25  18.7973  0.0000  0.1578  0.0223  0.0016
 8.7 -1.400 -3.00  14.1114  0.0014  1.2673  0.0072  0.0002
 8.7 -1.275 -3.00  14.1156  0.0014  1.2603  0.0095  0.0002
 8.7 -1.150 -3.00  14.1202  0.0014  1.2517  0.0125  0.0003
 8.7 -1.025 -3.00  14.1220  0.0013  1.2407  0.0163  0.0004
 8.7 -0.900 -3.00  14.1344  0.0013  1.2252  0.0211  0.0005
 8.7 -0.775 -3.00  14.1412  0.0013  1.2061  0.0272  0.0007
 8.7 -0.650 -3.00  14.1621  0.0012  1.1798  0.0345  0.0009
 8.7 -0.525 -3.00  14.1811  0.0011  1.1465  0.0431  0.0011
 8.7 -0.400 -3.00  14.2095  0.0010  1.1036  0.0528  0.0014
 8.7 -0.275 -3.00  14.2483  0.0009  1.0485  0.0626  0.0017
 8.7 -0.150 -3.00  14.2986  0.0007  0.9807  0.0718  0.0021
 8.7 -0.025 -3.00  14.3700  0.0006  0.8984  0.0784  0.0025
 8.7  0.100 -3.00  14.4595  0.0004  0.7996  0.0802  0.0029
 8.7  0.225 -3.00  14.5905  0.0003  0.6863  0.0756  0.0033
 8.7  0.350 -3.00  14.7552  0.0002  0.5628  0.0643  0.0037
 8.7  0.475 -3.00  14.9778  0.0001  0.4354  0.0479  0.0039
 8.7  0.600 -3.00  15.2332  0.0000  0.3132  0.0304  0.0041
 8.8 -1.400 -3.50  20.8533  0.0001  0.1892  0.0024  0.0000
 8.8 -1.275 -3.50  20.8539  0.0001  0.1878  0.0031  0.0000
 8.8 -1.150 -3.50  20.8631  0.0001  0.1859  0.0041  0.0000
 8.8 -1.025 -3.50  20.8658  0.0001  0.1833  0.0053  0.0000
 8.8 -0.900 -3.50  20.8788  0.0001  0.1802  0.0068  0.0000
 8.8 -0.775 -3.50  20.8945  0.0001  0.1758  0.0086  0.0000
 8.8 -0.650 -3.50  20.9152  0.0001  0.1704  0.0108  0.0000
 8.8 -0.525 -3.50  20.9434  0.0001  0.1631  0.0131  0.0000
 8.8 -0.400 -3.50  20.9738  0.0001  0.1544  0.0156  0.0000
 8.8 -0.275 -3.50  21.0146  0.0001  0.1436  0.0178  0.0000
 8.8 -0.150 -3.50  21.0692  0.0000  0.1309  0.0194  0.0001
 8.8 -0.025 -3.50  21.1483  0.0000  0.1159  0.0199  0.0001
 8.8  0.100 -3.50  21.2392  0.0000  0.0994  0.0189  0.0001
 8.8  0.225 -3.50  21.3618  0.0000  0.0818  0.0163  0.0001
 8.8  0.350 -3.50  21.5132  0.0000  0.0641  0.0126  0.0001
 8.8  0.475 -3.50  21.6888  0.0000  0.0476  0.0085  0.0002
 8.8  0.600 -3.50  21.8953  0.0000  0.0334  0.0049  0.0002
 8.8 -1.400 -3.25  17.9952  0.0003  0.4433  0.0034  0.0000
 8.8 -1.275 -3.25  17.9971  0.0003  0.4401  0.0045  0.0000
 8.8 -1.150 -3.25  18.0016  0.0003  0.4359  0.0059  0.0000
 8.8 -1.025 -3.25  18.0152  0.0003  0.4300  0.0077  0.0000
 8.8 -0.900 -3.25  18.0209  0.0002  0.4231  0.0099  0.0001
 8.8 -0.775 -3.25  18.0443  0.0002  0.4135  0.0125  0.0001
 8.8 -0.650 -3.25  18.0728  0.0002  0.4011  0.0157  0.0001
 8.8 -0.525 -3.25  18.0936  0.0002  0.3853  0.0192  0.0001
 8.8 -0.400 -3.25  18.1386  0.0002  0.3656  0.0228  0.0002
 8.8 -0.275 -3.25  18.1825  0.0001  0.3410  0.0262  0.0002
 8.8 -0.150 -3.25  18.2528  0.0001  0.3115  0.0288  0.0003
 8.8 -0.025 -3.25  18.3499  0.0001  0.2767  0.0296  0.0004
 8.8  0.100 -3.25  18.4664  0.0001  0.2374  0.0283  0.0004
 8.8  0.225 -3.25  18.6150  0.0000  0.1953  0.0246  0.0005
 8.8  0.350 -3.25  18.8032  0.0000  0.1524  0.0189  0.0007
 8.8  0.475 -3.25  19.0175  0.0000  0.1119  0.0127  0.0008
 8.8  0.600 -3.25  19.2697  0.0000  0.0770  0.0072  0.0009
 8.8 -1.400 -3.00  14.4542  0.0005  0.8380  0.0044  0.0001
 8.8 -1.275 -3.00  14.4632  0.0005  0.8324  0.0058  0.0001
 8.8 -1.150 -3.00  14.4678  0.0005  0.8256  0.0076  0.0002
 8.8 -1.025 -3.00  14.4720  0.0005  0.8161  0.0098  0.0002
 8.8 -0.900 -3.00  14.4865  0.0005  0.8036  0.0127  0.0003
 8.8 -0.775 -3.00  14.5093  0.0004  0.7873  0.0161  0.0003
 8.8 -0.650 -3.00  14.5273  0.0004  0.7667  0.0203  0.0005
 8.8 -0.525 -3.00  14.5558  0.0004  0.7393  0.0249  0.0006
 8.8 -0.400 -3.00  14.5976  0.0003  0.7046  0.0299  0.0007
 8.8 -0.275 -3.00  14.6487  0.0003  0.6616  0.0346  0.0009
 8.8 -0.150 -3.00  14.7179  0.0002  0.6079  0.0383  0.0012
 8.8 -0.025 -3.00  14.8174  0.0002  0.5441  0.0399  0.0015
 8.8  0.100 -3.00  14.9329  0.0001  0.4701  0.0385  0.0018
 8.8  0.225 -3.00  15.0854  0.0001  0.3880  0.0337  0.0021
 8.8  0.350 -3.00  15.2838  0.0000  0.3023  0.0259  0.0024
 8.8  0.475 -3.00  15.5209  0.0000  0.2187  0.0171  0.0026
 8.8  0.600 -3.00  15.7833  0.0000  0.1454  0.0093  0.0028
 8.9 -1.400 -3.75  23.0280  0.0000  0.0365  0.0006  0.0000
 8.9 -1.275 -3.75  23.0278  0.0000  0.0362  0.0008  0.0000
 8.9 -1.150 -3.75  23.0388  0.0000  0.0357  0.0010  0.0000
 8.9 -1.025 -3.75  23.0448  0.0000  0.0352  0.0013  0.0000
 8.9 -0.900 -3.75  23.0522  0.0000  0.0344  0.0016  0.0000
 8.9 -0.775 -3.75  23.0654  0.0000  0.0334  0.0021  0.0000
 8.9 -0.650 -3.75  23.0846  0.0000  0.0322  0.0025  0.0000
 8.9 -0.525 -3.75  23.1097  0.0000  0.0306  0.0030  0.0000
 8.9 -0.400 -3.75  23.1383  0.0000  0.0286  0.0035  0.0000
 8.9 -0.275 -3.75  23.1757  0.0000  0.0263  0.0038  0.0000
 8.9 -0.150 -3.75  23.2283  0.0000  0.0235  0.0040  0.0000
 8.9 -0.025 -3.75  23.2958  0.0000  0.0204  0.0039  0.0000
 8.9  0.100 -3.75  23.3868  0.0000  0.0170  0.0034  0.0000
 8.9  0.225 -3.75  23.4844  0.0000  0.0136  0.0027  0.0000
 8.9  0.350 -3.75  23.6063  0.0000  0.0103  0.0019  0.0000
 8.9  0.475 -3.75  23.7383  0.0000  0.0074  0.0011  0.0000
 8.9  0.600 -3.75  23.8816  0.0000  0.0049  0.0005  0.0000
 8.9 -1.400 -3.50  21.1673  0.0000  0.0973  0.0010  0.0000
 8.9 -1.275 -3.50  21.1760  0.0000  0.0965  0.0013  0.0000
 8.9 -1.150 -3.50  21.1889  0.0000  0.0952  0.0017  0.0000
 8.9 -1.025 -3.50  21.1919  0.0000  0.0937  0.0022  0.0000
 8.9 -0.900 -3.50  21.2062  0.0000  0.0915  0.0028  0.0000
 8.9 -0.775 -3.50  21.2266  0.0000  0.0889  0.0035  0.0000
 8.9 -0.650 -3.50  21.2557  0.0000  0.0854  0.0043  0.0000
 8.9 -0.525 -3.50  21.2784  0.0000  0.0813  0.0051  0.0000
 8.9 -0.400 -3.50  21.3256  0.0000  0.0759  0.0059  0.0000
 8.9 -0.275 -3.50  21.3855  0.0000  0.0696  0.0065  0.0000
 8.9 -0.150 -3.50  21.4455  0.0000  0.0621  0.0068  0.0000
 8.9 -0.025 -3.50  21.5422  0.0000  0.0536  0.0066  0.0000
 8.9  0.100 -3.50  21.6471  0.0000  0.0447  0.0059  0.0000
 8.9  0.225 -3.50  21.7863  0.0000  0.0354  0.0047  0.0000
 8.9  0.350 -3.50  21.9397  0.0000  0.0268  0.0033  0.0001
 8.9  0.475 -3.50  22.1207  0.0000  0.0190  0.0019  0.0001
 8.9  0.600 -3.50  22.3114  0.0000  0.0125  0.0010  0.0001
 8.9 -1.400 -3.25  18.4138  0.0001  0.2277  0.0015  0.0000
 8.9 -1.275 -3.25  18.4211  0.0001  0.2256  0.0019  0.0000
 8.9 -1.150 -3.25  18.4365  0.0001  0.2229  0.0025  0.0000
 8.9 -1.025 -3.25  18.4493  0.0001  0.2192  0.0033  0.0000
 8.9 -0.900 -3.25  18.4659  0.0001  0.2145  0.0042  0.0000
 8.9 -0.775 -3.25  18.4844  0.0001  0.2085  0.0052  0.0000
 8.9 -0.650 -3.25  18.5168  0.0000  0.2007  0.0064  0.0000
 8.9 -0.525 -3.25  18.5522  0.0000  0.1907  0.0077  0.0001
 8.9 -0.400 -3.25  18.5965  0.0000  0.1784  0.0089  0.0001
 8.9 -0.275 -3.25  18.6669  0.0000  0.1633  0.0099  0.0001
 8.9 -0.150 -3.25  18.7389  0.0000  0.1456  0.0104  0.0001
 8.9 -0.025 -3.25  18.8425  0.0000  0.1255  0.0101  0.0002
 8.9  0.100 -3.25  18.9851  0.0000  0.1038  0.0090  0.0002
 8.9  0.225 -3.25  19.1417  0.0000  0.0815  0.0071  0.0003
 8.9  0.350 -3.25  19.3703  0.0000  0.0610  0.0049  0.0003
 8.9  0.475 -3.25  19.5713  0.0000  0.0420  0.0029  0.0004
 8.9  0.600 -3.25  19.8156  0.0000  0.0267  0.0014  0.0004
 9.0 -1.400 -3.75  23.3856  0.0000  0.0115  0.0001  0.0000
 9.0 -1.275 -3.75  23.3932  0.0000  0.0114  0.0001  0.0000
 9.0 -1.150 -3.75  23.3995  0.0000  0.0112  0.0002  0.0000
 9.0 -1.025 -3.75  23.4139  0.0000  0.0110  0.0002  0.0000
 9.0 -0.900 -3.75  23.4251  0.0000  0.0107  0.0003  0.0000
 9.0 -0.775 -3.75  23.4383  0.0000  0.0103  0.0003  0.0000
 9.0 -0.650 -3.75  23.4624  0.0000  0.0098  0.0004  0.0000
 9.0 -0.525 -3.75  23.4891  0.0000  0.0092  0.0005  0.0000
 9.0 -0.400 -3.75  23.5244  0.0000  0.0085  0.0005  0.0000
 9.0 -0.275 -3.75  23.5776  0.0000  0.0076  0.0005  0.0000
 9.0 -0.150 -3.75  23.6305  0.0000  0.0067  0.0005  0.0000
 9.0 -0.025 -3.75  23.7074  0.0000  0.0056  0.0005  0.0000
 9.0  0.100 -3.75  23.7831  0.0000  0.0045  0.0004  0.0000
 9.0  0.225 -3.75  23.8770  0.0000  0.0034  0.0003  0.0000
 9.0  0.350 -3.75  23.9933  0.0000  0.0024  0.0001  0.0000
 9.0  0.475 -3.75  24.1256  0.0000  0.0015  0.0001  0.0000
 9.0  0.600 -3.75  24.2860  0.0000  0.0009  0.0000  0.0000
 9.0 -1.400 -3.50  21.6660  0.0000  0.0286  0.0002  0.0000
 9.0 -1.275 -3.50  21.6693  0.0000  0.0283  0.0002  0.0000
 9.0 -1.150 -3.50  21.6820  0.0000  0.0278  0.0003  0.0000
 9.0 -1.025 -3.50  21.6963  0.0000  0.0272  0.0004  0.0000
 9.0 -0.900 -3.50  21.7115  0.0000  0.0264  0.0005  0.0000
 9.0 -0.775 -3.50  21.7315  0.0000  0.0254  0.0006  0.0000
 9.0 -0.650 -3.50  21.7556  0.0000  0.0243  0.0007  0.0000
 9.0 -0.525 -3.50  21.7926  0.0000  0.0228  0.0008  0.0000
 9.0 -0.400 -3.50  21.8550  0.0000  0.0210  0.0009  0.0000
 9.0 -0.275 -3.50  21.9207  0.0000  0.0188  0.0009  0.0000
 9.0 -0.150 -3.50  22.0010  0.0000  0.0164  0.0009  0.0000
 9.0 -0.025 -3.50  22.0809  0.0000  0.0137  0.0008  0.0000
 9.0  0.100 -3.50  22.1810  0.0000  0.0109  0.0007  0.0000
 9.0  0.225 -3.50  22.3274  0.0000  0.0082  0.0005  0.0000
 9.0  0.350 -3.50  22.4827  0.0000  0.0057  0.0003  0.0000
 9.0  0.475 -3.50  22.6640  0.0000  0.0036  0.0001  0.0000
 9.0  0.600 -3.50  22.8726  0.0000  0.0021  0.0001  0.0000
 9.0 -1.400 -3.25  19.0479  0.0000  0.0640  0.0003  0.0000
 9.0 -1.275 -3.25  19.0559  0.0000  0.0633  0.0004  0.0000
 9.0 -1.150 -3.25  19.0618  0.0000  0.0623  0.0005  0.0000
 9.0 -1.025 -3.25  19.0820  0.0000  0.0610  0.0006  0.0000
 9.0 -0.900 -3.25  19.0939  0.0000  0.0591  0.0007  0.0000
 9.0 -0.775 -3.25  19.1250  0.0000  0.0570  0.0009  0.0000
 9.0 -0.650 -3.25  19.1834  0.0000  0.0542  0.0011  0.0000
 9.0 -0.525 -3.25  19.2251  0.0000  0.0507  0.0013  0.0000
 9.0 -0.400 -3.25  19.2784  0.0000  0.0464  0.0014  0.0000
 9.0 -0.275 -3.25  19.3627  0.0000  0.0415  0.0015  0.0000
 9.0 -0.150 -3.25  19.4466  0.0000  0.0358  0.0015  0.0001
 9.0 -0.025 -3.25  19.5607  0.0000  0.0296  0.0013  0.0001
 9.0  0.100 -3.25  19.7117  0.0000  0.0232  0.0010  0.0001
 9.0  0.225 -3.25  19.8715  0.0000  0.0172  0.0007  0.0001
 9.0  0.350 -3.25  20.0859  0.0000  0.0117  0.0004  0.0001
 9.0  0.475 -3.25  20.3268  0.0000  0.0072  0.0002  0.0001
 9.0  0.600 -3.25  20.6022  0.0000  0.0039  0.0001  0.0002
 9.1 -1.400 -3.75  23.8174  0.0000  0.0027  0.0000  0.0000
 9.1 -1.275 -3.75  23.8246  0.0000  0.0027  0.0000  0.0000
 9.1 -1.150 -3.75  23.8297  0.0000  0.0026  0.0000  0.0000
 9.1 -1.025 -3.75  23.8401  0.0000  0.0025  0.0000  0.0000
 9.1 -0.900 -3.75  23.8538  0.0000  0.0024  0.0000  0.0000
 9.1 -0.775 -3.75  23.8735  0.0000  0.0023  0.0000  0.0000
 9.1 -0.650 -3.75  23.8912  0.0000  0.0022  0.0000  0.0000
 9.1 -0.525 -3.75  23.9208  0.0000  0.0020  0.0000  0.0000
 9.1 -0.400 -3.75  23.9511  0.0000  0.0018  0.0000  0.0000
 9.1 -0.275 -3.75  24.0015  0.0000  0.0016  0.0000  0.0000
 9.1 -0.150 -3.75  24.0621  0.0000  0.0013  0.0000  0.0000
 9.1 -0.025 -3.75  24.1335  0.0000  0.0010  0.0000  0.0000
 9.1  0.100 -3.75  24.2176  0.0000  0.0008  0.0000  0.0000
 9.1  0.225 -3.75  24.3253  0.0000  0.0005  0.0000  0.0000
 9.1  0.350 -3.75  24.4647  0.0000  0.0003  0.0000  0.0000
 9.1  0.475 -3.75  24.6392  0.0000  0.0002  0.0000  0.0000
 9.1  0.600 -3.75  24.8641  0.0000  0.0001  0.0000  0.0000
 9.1 -1.400 -3.50  22.2751  0.0000  0.0059  0.0000  0.0000
 9.1 -1.275 -3.50  22.2829  0.0000  0.0058  0.0000  0.0000
 9.1 -1.150 -3.50  22.2949  0.0000  0.0057  0.0000  0.0000
 9.1 -1.025 -3.50  22.3055  0.0000  0.0055  0.0000  0.0000
 9.1 -0.900 -3.50  22.3202  0.0000  0.0053  0.0001  0.0000
 9.1 -0.775 -3.50  22.3352  0.0000  0.0051  0.0001  0.0000
 9.1 -0.650 -3.50  22.3713  0.0000  0.0048  0.0001  0.0000
 9.1 -0.525 -3.50  22.4106  0.0000  0.0044  0.0001  0.0000
 9.1 -0.400 -3.50  22.4491  0.0000  0.0040  0.0001  0.0000
 9.1 -0.275 -3.50  22.5196  0.0000  0.0034  0.0001  0.0000
 9.1 -0.150 -3.50  22.5952  0.0000  0.0029  0.0001  0.0000
 9.1 -0.025 -3.50  22.6965  0.0000  0.0023  0.0001  0.0000
 9.1  0.100 -3.50  22.8107  0.0000  0.0017  0.0000  0.0000
 9.1  0.225 -3.50  22.9561  0.0000  0.0012  0.0000  0.0000
 9.1  0.350 -3.50  23.1306  0.0000  0.0007  0.0000  0.0000
 9.1  0.475 -3.50  23.3585  0.0000  0.0004  0.0000  0.0000
 9.1  0.600 -3.50  23.6476  0.0000  0.0002  0.0000  0.0000
 9.1 -1.400 -3.25  19.8585  0.0000  0.0116  0.0000  0.0000
 9.1 -1.275 -3.25  19.8680  0.0000  0.0114  0.0000  0.0000
 9.1 -1.150 -3.25  19.8846  0.0000  0.0111  0.0001  0.0000
 9.1 -1.025 -3.25  19.9062  0.0000  0.0108  0.0001  0.0000
 9.1 -0.900 -3.25  19.9242  0.0000  0.0104  0.0001  0.0000
 9.1 -0.775 -3.25  19.9609  0.0000  0.0099  0.0001  0.0000
 9.1 -0.650 -3.25  19.9879  0.0000  0.0093  0.0001  0.0000
 9.1 -0.525 -3.25  20.0415  0.0000  0.0086  0.0001  0.0000
 9.1 -0.400 -3.25  20.0991  0.0000  0.0077  0.0001  0.0000
 9.1 -0.275 -3.25  20.1717  0.0000  0.0066  0.0001  0.0000
 9.1 -0.150 -3.25  20.2820  0.0000  0.0055  0.0001  0.0000
 9.1 -0.025 -3.25  20.4005  0.0000  0.0043  0.0001  0.0000
 9.1  0.100 -3.25  20.5587  0.0000  0.0032  0.0001  0.0000
 9.1  0.225 -3.25  20.7513  0.0000  0.0021  0.0000  0.0000
 9.1  0.350 -3.25  20.9807  0.0000  0.0013  0.0000  0.0000
 9.1  0.475 -3.25  21.2955  0.0000  0.0006  0.0000  0.0000
 9.1  0.600 -3.25  21.6423  0.0000  0.0003  0.0000  0.0000
