#Cloudy 17.00 models results grids
# O/H: 7.1 - 8.9, log U: -4.0 - -1.5, T*: 30 - 90 kK
# SED: Wm-Basic (Pauldrach et al 2002)
# Plane-parallel geometry
#
#12+log(O/H) Teff log(U) OII_3727 OIII_5007 SII_6717,31 SIII_9069 He1_4471 He1_5876 He2_4686
7.1 30000 -4.00 0.2570 0.0000 0.0991 0.0000 0.0010 0.0026 0.0000
7.1 32500 -4.00 0.3696 0.0000 0.1343 0.0019 0.0034 0.0088 0.0000
7.1 35000 -4.00 0.4480 0.0000 0.1487 0.0035 0.0089 0.0227 0.0000
7.1 37500 -4.00 0.4763 0.0000 0.1465 0.0052 0.0149 0.0383 0.0000
7.1 40000 -4.00 0.5119 0.0034 0.1430 0.0080 0.0204 0.0521 0.0000
7.1 45000 -4.00 0.5340 0.0051 0.1416 0.0096 0.0218 0.0559 0.0000
7.1 50000 -4.00 0.5429 0.0092 0.1457 0.0102 0.0229 0.0585 0.0000
7.1 55000 -4.00 0.5530 0.0104 0.1438 0.0112 0.0237 0.0608 0.0000
7.1 60000 -4.00 0.5510 0.0162 0.1578 0.0099 0.0239 0.0611 0.0000
7.1 30000 -3.75 0.3070 0.0000 0.1011 0.0014 0.0011 0.0028 0.0000
7.1 32500 -3.75 0.4437 0.0000 0.1346 0.0031 0.0038 0.0097 0.0000
7.1 35000 -3.75 0.5384 0.0000 0.1437 0.0058 0.0100 0.0257 0.0000
7.1 37500 -3.75 0.5733 0.0026 0.1356 0.0083 0.0165 0.0422 0.0000
7.1 40000 -3.75 0.6116 0.0113 0.1245 0.0121 0.0209 0.0534 0.0000
7.1 45000 -3.75 0.6348 0.0169 0.1201 0.0140 0.0219 0.0560 0.0000
7.1 50000 -3.75 0.6368 0.0303 0.1223 0.0147 0.0226 0.0577 0.0000
7.1 55000 -3.75 0.6463 0.0338 0.1190 0.0157 0.0231 0.0593 0.0000
7.1 60000 -3.75 0.6314 0.0513 0.1331 0.0142 0.0231 0.0590 0.0000
7.1 30000 -3.50 0.3615 0.0000 0.1012 0.0024 0.0011 0.0029 0.0000
7.1 32500 -3.50 0.5315 0.0000 0.1320 0.0052 0.0040 0.0102 0.0000
7.1 35000 -3.50 0.6465 0.0016 0.1344 0.0092 0.0108 0.0278 0.0000
7.1 37500 -3.50 0.6853 0.0083 0.1198 0.0127 0.0177 0.0454 0.0000
7.1 40000 -3.50 0.7139 0.0361 0.1029 0.0171 0.0211 0.0540 0.0000
7.1 45000 -3.50 0.7310 0.0534 0.0968 0.0192 0.0218 0.0559 0.0000
7.1 50000 -3.50 0.7069 0.0921 0.0979 0.0199 0.0223 0.0569 0.0000
7.1 55000 -3.50 0.7126 0.1012 0.0943 0.0209 0.0226 0.0579 0.0000
7.1 60000 -3.50 0.6666 0.1449 0.1075 0.0193 0.0224 0.0572 0.0012
7.1 30000 -3.25 0.4174 0.0000 0.0975 0.0041 0.0012 0.0030 0.0000
7.1 32500 -3.25 0.6338 0.0000 0.1239 0.0085 0.0041 0.0106 0.0000
7.1 35000 -3.25 0.7735 0.0047 0.1194 0.0138 0.0113 0.0289 0.0000
7.1 37500 -3.25 0.8076 0.0258 0.0998 0.0181 0.0187 0.0478 0.0000
7.1 40000 -3.25 0.7893 0.1046 0.0804 0.0228 0.0212 0.0542 0.0000
7.1 45000 -3.25 0.7811 0.1507 0.0740 0.0249 0.0217 0.0555 0.0000
7.1 50000 -3.25 0.7031 0.2343 0.0748 0.0255 0.0219 0.0561 0.0000
7.1 55000 -3.25 0.6990 0.2556 0.0715 0.0264 0.0221 0.0567 0.0000
7.1 60000 -3.25 0.6127 0.3295 0.0831 0.0248 0.0218 0.0557 0.0014
7.1 30000 -3.00 0.4654 0.0000 0.0879 0.0064 0.0012 0.0032 0.0000
7.1 32500 -3.00 0.7433 0.0000 0.1087 0.0127 0.0043 0.0110 0.0000
7.1 35000 -3.00 0.9170 0.0137 0.0994 0.0195 0.0117 0.0301 0.0000
7.1 37500 -3.00 0.9186 0.0731 0.0781 0.0241 0.0194 0.0496 0.0000
7.1 40000 -3.00 0.7878 0.2547 0.0597 0.0287 0.0212 0.0542 0.0000
7.1 45000 -3.00 0.7368 0.3407 0.0545 0.0305 0.0215 0.0551 0.0000
7.1 50000 -3.00 0.6048 0.4679 0.0552 0.0308 0.0216 0.0553 0.0000
7.1 55000 -3.00 0.5918 0.4997 0.0528 0.0315 0.0217 0.0558 0.0000
7.1 60000 -3.00 0.4873 0.5859 0.0621 0.0300 0.0213 0.0545 0.0015
7.1 30000 -2.75 0.4947 0.0000 0.0729 0.0089 0.0013 0.0034 0.0000
7.1 32500 -2.75 0.8474 0.0025 0.0883 0.0175 0.0046 0.0117 0.0000
7.1 35000 -2.75 1.0616 0.0366 0.0775 0.0255 0.0123 0.0316 0.0000
7.1 37500 -2.75 0.9782 0.1775 0.0581 0.0301 0.0199 0.0510 0.0000
7.1 40000 -2.75 0.6927 0.4926 0.0430 0.0341 0.0211 0.0541 0.0000
7.1 45000 -2.75 0.6092 0.6103 0.0393 0.0357 0.0214 0.0547 0.0000
7.1 50000 -2.75 0.4607 0.7509 0.0400 0.0356 0.0214 0.0547 0.0000
7.1 55000 -2.75 0.4460 0.7879 0.0384 0.0361 0.0214 0.0550 0.0000
7.1 60000 -2.75 0.3520 0.8637 0.0453 0.0342 0.0209 0.0534 0.0016
7.1 30000 -2.50 0.5075 0.0000 0.0560 0.0114 0.0014 0.0037 0.0000
7.1 32500 -2.50 0.9283 0.0062 0.0666 0.0220 0.0050 0.0128 0.0000
7.1 35000 -2.50 1.1744 0.0887 0.0573 0.0313 0.0132 0.0340 0.0000
7.1 37500 -2.50 0.9472 0.3589 0.0416 0.0356 0.0203 0.0521 0.0000
7.1 40000 -2.50 0.5472 0.7765 0.0306 0.0389 0.0210 0.0540 0.0000
7.1 45000 -2.50 0.4586 0.9090 0.0281 0.0401 0.0212 0.0544 0.0000
7.1 50000 -2.50 0.3286 1.0385 0.0288 0.0392 0.0211 0.0541 0.0000
7.1 55000 -2.50 0.3165 1.0793 0.0279 0.0395 0.0211 0.0543 0.0000
7.1 60000 -2.50 0.2446 1.1372 0.0328 0.0369 0.0205 0.0526 0.0017
7.1 30000 -2.25 0.5038 0.0000 0.0404 0.0134 0.0016 0.0042 0.0000
7.1 32500 -2.25 0.9786 0.0146 0.0476 0.0255 0.0057 0.0146 0.0000
7.1 35000 -2.25 1.2139 0.1876 0.0408 0.0362 0.0145 0.0372 0.0000
7.1 37500 -2.25 0.8267 0.6013 0.0292 0.0402 0.0206 0.0528 0.0000
7.1 40000 -2.25 0.4058 1.0591 0.0219 0.0428 0.0209 0.0538 0.0000
7.1 45000 -2.25 0.3310 1.1989 0.0204 0.0435 0.0211 0.0541 0.0000
7.1 50000 -2.25 0.2307 1.3127 0.0211 0.0414 0.0209 0.0537 0.0010
7.1 55000 -2.25 0.2219 1.3596 0.0205 0.0415 0.0209 0.0539 0.0000
7.1 60000 -2.25 0.1704 1.4027 0.0240 0.0377 0.0202 0.0519 0.0019
7.1 30000 -2.00 0.4887 0.0014 0.0278 0.0145 0.0019 0.0051 0.0000
7.1 32500 -2.00 0.9958 0.0324 0.0331 0.0279 0.0066 0.0172 0.0000
7.1 35000 -2.00 1.1544 0.3449 0.0285 0.0400 0.0161 0.0414 0.0000
7.1 37500 -2.00 0.6617 0.8627 0.0205 0.0438 0.0207 0.0532 0.0000
7.1 40000 -2.00 0.2942 1.3156 0.0160 0.0454 0.0209 0.0537 0.0000
7.1 45000 -2.00 0.2380 1.4672 0.0152 0.0454 0.0209 0.0539 0.0000
7.1 50000 -2.00 0.1647 1.5715 0.0158 0.0418 0.0207 0.0534 0.0013
7.1 55000 -2.00 0.1586 1.6295 0.0156 0.0417 0.0207 0.0536 0.0000
7.1 60000 -2.00 0.1222 1.6626 0.0180 0.0365 0.0200 0.0513 0.0023
7.1 30000 -1.75 0.4673 0.0032 0.0187 0.0149 0.0024 0.0063 0.0000
7.1 32500 -1.75 0.9802 0.0666 0.0227 0.0294 0.0079 0.0205 0.0000
7.1 35000 -1.75 1.0065 0.5518 0.0199 0.0428 0.0177 0.0457 0.0000
7.1 37500 -1.75 0.5011 1.1062 0.0146 0.0464 0.0207 0.0533 0.0000
7.1 40000 -1.75 0.2144 1.5434 0.0121 0.0466 0.0207 0.0536 0.0000
7.1 45000 -1.75 0.1742 1.7138 0.0117 0.0457 0.0208 0.0538 0.0000
7.1 50000 -1.75 0.1213 1.8152 0.0123 0.0403 0.0205 0.0531 0.0016
7.1 55000 -1.75 0.1173 1.8893 0.0122 0.0401 0.0205 0.0534 0.0000
7.1 60000 -1.75 0.0912 1.9173 0.0139 0.0337 0.0197 0.0508 0.0029
7.1 30000 -1.50 0.4425 0.0074 0.0124 0.0148 0.0030 0.0079 0.0000
7.1 32500 -1.50 0.9286 0.1266 0.0156 0.0302 0.0094 0.0245 0.0000
7.1 35000 -1.50 0.8130 0.7829 0.0140 0.0449 0.0191 0.0493 0.0000
7.1 37500 -1.50 0.3705 1.3190 0.0107 0.0480 0.0206 0.0533 0.0000
7.1 40000 -1.50 0.1592 1.7498 0.0094 0.0463 0.0206 0.0534 0.0000
7.1 45000 -1.50 0.1309 1.9424 0.0094 0.0443 0.0207 0.0536 0.0000
7.1 50000 -1.50 0.0924 2.0449 0.0099 0.0371 0.0204 0.0528 0.0022
7.1 55000 -1.50 0.0899 2.1391 0.0100 0.0371 0.0204 0.0532 0.0000
7.1 60000 -1.50 0.0707 2.1629 0.0112 0.0301 0.0194 0.0503 0.0040
7.4 30000 -4.00 0.4490 0.0000 0.1845 0.0015 0.0010 0.0026 0.0000
7.4 32500 -4.00 0.6557 0.0000 0.2519 0.0034 0.0034 0.0088 0.0000
7.4 35000 -4.00 0.8110 0.0000 0.2821 0.0067 0.0089 0.0228 0.0000
7.4 37500 -4.00 0.8730 0.0015 0.2803 0.0100 0.0150 0.0384 0.0000
7.4 40000 -4.00 0.9568 0.0063 0.2769 0.0154 0.0204 0.0524 0.0000
7.4 45000 -4.00 1.0077 0.0096 0.2756 0.0186 0.0219 0.0561 0.0000
7.4 50000 -4.00 1.0328 0.0176 0.2847 0.0199 0.0230 0.0587 0.0000
7.4 55000 -4.00 1.0590 0.0199 0.2821 0.0219 0.0238 0.0611 0.0000
7.4 60000 -4.00 1.0593 0.0311 0.3101 0.0194 0.0240 0.0614 0.0000
7.4 30000 -3.75 0.5340 0.0000 0.1879 0.0026 0.0011 0.0029 0.0000
7.4 32500 -3.75 0.7819 0.0000 0.2517 0.0058 0.0038 0.0098 0.0000
7.4 35000 -3.75 0.9687 0.0000 0.2720 0.0108 0.0100 0.0258 0.0000
7.4 37500 -3.75 1.0452 0.0047 0.2590 0.0158 0.0165 0.0423 0.0000
7.4 40000 -3.75 1.1387 0.0210 0.2411 0.0231 0.0210 0.0536 0.0000
7.4 45000 -3.75 1.1948 0.0318 0.2338 0.0270 0.0220 0.0563 0.0000
7.4 50000 -3.75 1.2077 0.0575 0.2392 0.0285 0.0227 0.0581 0.0000
7.4 55000 -3.75 1.2357 0.0644 0.2337 0.0306 0.0233 0.0596 0.0000
7.4 60000 -3.75 1.2127 0.0983 0.2617 0.0278 0.0233 0.0594 0.0000
7.4 30000 -3.50 0.6226 0.0000 0.1872 0.0045 0.0011 0.0030 0.0000
7.4 32500 -3.50 0.9277 0.0000 0.2460 0.0097 0.0040 0.0103 0.0000
7.4 35000 -3.50 1.1532 0.0029 0.2538 0.0171 0.0109 0.0279 0.0000
7.4 37500 -3.50 1.2403 0.0151 0.2285 0.0239 0.0178 0.0455 0.0000
7.4 40000 -3.50 1.3226 0.0668 0.1991 0.0328 0.0212 0.0543 0.0000
7.4 45000 -3.50 1.3703 0.0998 0.1886 0.0371 0.0220 0.0562 0.0000
7.4 50000 -3.50 1.3368 0.1736 0.1914 0.0386 0.0224 0.0572 0.0000
7.4 55000 -3.50 1.3600 0.1924 0.1852 0.0407 0.0228 0.0583 0.0000
7.4 60000 -3.50 1.2786 0.2767 0.2115 0.0377 0.0226 0.0576 0.0012
7.4 30000 -3.25 0.7095 0.0000 0.1794 0.0074 0.0012 0.0031 0.0000
7.4 32500 -3.25 1.0929 0.0000 0.2299 0.0155 0.0041 0.0107 0.0000
7.4 35000 -3.25 1.3635 0.0084 0.2248 0.0256 0.0113 0.0291 0.0000
7.4 37500 -3.25 1.4476 0.0461 0.1901 0.0339 0.0188 0.0480 0.0000
7.4 40000 -3.25 1.4526 0.1914 0.1554 0.0435 0.0213 0.0546 0.0000
7.4 45000 -3.25 1.4562 0.2792 0.1441 0.0479 0.0219 0.0559 0.0000
7.4 50000 -3.25 1.3253 0.4383 0.1463 0.0492 0.0221 0.0565 0.0000
7.4 55000 -3.25 1.3306 0.4828 0.1405 0.0512 0.0223 0.0571 0.0000
7.4 60000 -3.25 1.1743 0.6262 0.1636 0.0483 0.0220 0.0561 0.0014
7.4 30000 -3.00 0.7786 0.0000 0.1610 0.0114 0.0012 0.0032 0.0000
7.4 32500 -3.00 1.2630 0.0017 0.2010 0.0231 0.0043 0.0111 0.0000
7.4 35000 -3.00 1.5937 0.0237 0.1865 0.0359 0.0118 0.0303 0.0000
7.4 37500 -3.00 1.6270 0.1285 0.1484 0.0449 0.0195 0.0499 0.0000
7.4 40000 -3.00 1.4401 0.4602 0.1152 0.0543 0.0213 0.0546 0.0000
7.4 45000 -3.00 1.3675 0.6248 0.1060 0.0583 0.0217 0.0556 0.0000
7.4 50000 -3.00 1.1378 0.8686 0.1079 0.0592 0.0218 0.0558 0.0000
7.4 55000 -3.00 1.1262 0.9385 0.1037 0.0611 0.0219 0.0562 0.0000
7.4 60000 -3.00 0.9349 1.1087 0.1221 0.0582 0.0215 0.0550 0.0015
7.4 30000 -2.75 0.8151 0.0000 0.1329 0.0160 0.0013 0.0034 0.0000
7.4 32500 -2.75 1.4162 0.0042 0.1626 0.0316 0.0046 0.0118 0.0000
7.4 35000 -2.75 1.8170 0.0617 0.1451 0.0467 0.0124 0.0318 0.0000
7.4 37500 -2.75 1.7125 0.3063 0.1101 0.0556 0.0201 0.0514 0.0000
7.4 40000 -2.75 1.2589 0.8796 0.0827 0.0642 0.0213 0.0546 0.0000
7.4 45000 -2.75 1.1267 1.1089 0.0761 0.0677 0.0216 0.0553 0.0000
7.4 50000 -2.75 0.8663 1.3841 0.0780 0.0680 0.0216 0.0552 0.0000
7.4 55000 -2.75 0.8488 1.4711 0.0753 0.0696 0.0216 0.0556 0.0000
7.4 60000 -2.75 0.6765 1.6263 0.0892 0.0663 0.0211 0.0541 0.0016
7.4 30000 -2.50 0.8249 0.0000 0.1020 0.0204 0.0014 0.0037 0.0000
7.4 32500 -2.50 1.5246 0.0100 0.1221 0.0393 0.0050 0.0129 0.0000
7.4 35000 -2.50 1.9796 0.1457 0.1067 0.0568 0.0133 0.0341 0.0000
7.4 37500 -2.50 1.6418 0.6090 0.0784 0.0652 0.0205 0.0525 0.0000
7.4 40000 -2.50 0.9906 1.3721 0.0586 0.0726 0.0213 0.0545 0.0000
7.4 45000 -2.50 0.8466 1.6366 0.0544 0.0757 0.0215 0.0550 0.0000
7.4 50000 -2.50 0.6176 1.8985 0.0561 0.0747 0.0214 0.0548 0.0000
7.4 55000 -2.50 0.6024 2.0009 0.0546 0.0759 0.0214 0.0550 0.0000
7.4 60000 -2.50 0.4705 2.1278 0.0646 0.0713 0.0208 0.0533 0.0017
7.4 30000 -2.25 0.8119 0.0000 0.0734 0.0238 0.0016 0.0043 0.0000
7.4 32500 -2.25 1.5843 0.0229 0.0871 0.0454 0.0057 0.0146 0.0000
7.4 35000 -2.25 2.0233 0.3008 0.0756 0.0650 0.0145 0.0373 0.0000
7.4 37500 -2.25 1.4242 1.0065 0.0547 0.0730 0.0208 0.0533 0.0000
7.4 40000 -2.25 0.7323 1.8517 0.0418 0.0793 0.0212 0.0544 0.0000
7.4 45000 -2.25 0.6094 2.1384 0.0393 0.0815 0.0213 0.0548 0.0000
7.4 50000 -2.25 0.4329 2.3789 0.0409 0.0783 0.0212 0.0544 0.0010
7.4 55000 -2.25 0.4217 2.5018 0.0402 0.0793 0.0212 0.0547 0.0000
7.4 60000 -2.25 0.3275 2.6062 0.0471 0.0724 0.0206 0.0527 0.0019
7.4 30000 -2.00 0.7842 0.0022 0.0506 0.0259 0.0020 0.0051 0.0000
7.4 32500 -2.00 1.5962 0.0497 0.0603 0.0495 0.0066 0.0171 0.0000
7.4 35000 -2.00 1.9146 0.5446 0.0526 0.0713 0.0161 0.0414 0.0000
7.4 37500 -2.00 1.1366 1.4302 0.0380 0.0789 0.0209 0.0537 0.0000
7.4 40000 -2.00 0.5293 2.2789 0.0303 0.0835 0.0211 0.0544 0.0000
7.4 45000 -2.00 0.4366 2.5943 0.0291 0.0845 0.0213 0.0547 0.0000
7.4 50000 -2.00 0.3080 2.8225 0.0305 0.0784 0.0211 0.0542 0.0012
7.4 55000 -2.00 0.3004 2.9734 0.0303 0.0791 0.0211 0.0545 0.0000
7.4 60000 -2.00 0.2342 3.0652 0.0352 0.0696 0.0204 0.0523 0.0023
7.4 30000 -1.75 0.7491 0.0051 0.0340 0.0268 0.0024 0.0062 0.0000
7.4 32500 -1.75 1.5645 0.1010 0.0413 0.0520 0.0079 0.0204 0.0000
7.4 35000 -1.75 1.6723 0.8665 0.0365 0.0759 0.0178 0.0457 0.0000
7.4 37500 -1.75 0.8601 1.8226 0.0270 0.0830 0.0209 0.0538 0.0000
7.4 40000 -1.75 0.3845 2.6536 0.0227 0.0851 0.0211 0.0543 0.0000
7.4 45000 -1.75 0.3184 3.0065 0.0223 0.0844 0.0212 0.0546 0.0000
7.4 50000 -1.75 0.2257 3.2330 0.0236 0.0749 0.0209 0.0540 0.0016
7.4 55000 -1.75 0.2210 3.4206 0.0237 0.0754 0.0210 0.0544 0.0000
7.4 60000 -1.75 0.1739 3.5072 0.0272 0.0638 0.0202 0.0519 0.0030
7.4 30000 -1.50 0.7100 0.0116 0.0226 0.0266 0.0030 0.0079 0.0000
7.4 32500 -1.50 1.4847 0.1913 0.0284 0.0534 0.0094 0.0244 0.0000
7.4 35000 -1.50 1.3587 1.2329 0.0255 0.0792 0.0192 0.0495 0.0000
7.4 37500 -1.50 0.6364 2.1676 0.0197 0.0854 0.0208 0.0538 0.0000
7.4 40000 -1.50 0.2850 2.9932 0.0176 0.0839 0.0209 0.0541 0.0000
7.4 45000 -1.50 0.2382 3.3876 0.0177 0.0811 0.0211 0.0544 0.0000
7.4 50000 -1.50 0.1710 3.6163 0.0190 0.0684 0.0208 0.0538 0.0022
7.4 55000 -1.50 0.1684 3.8454 0.0192 0.0691 0.0209 0.0543 0.0000
7.4 60000 -1.50 0.1341 3.9268 0.0218 0.0562 0.0200 0.0515 0.0040
7.7 30000 -4.00 0.6596 0.0000 0.3136 0.0025 0.0010 0.0026 0.0000
7.7 32500 -4.00 0.9976 0.0000 0.4351 0.0059 0.0034 0.0088 0.0000
7.7 35000 -4.00 1.2930 0.0000 0.5000 0.0117 0.0088 0.0228 0.0000
7.7 37500 -4.00 1.4365 0.0024 0.5066 0.0178 0.0150 0.0385 0.0000
7.7 40000 -4.00 1.6505 0.0110 0.5152 0.0284 0.0206 0.0527 0.0000
7.7 45000 -4.00 1.7778 0.0170 0.5197 0.0347 0.0221 0.0566 0.0000
7.7 50000 -4.00 1.8515 0.0317 0.5416 0.0374 0.0232 0.0593 0.0000
7.7 55000 -4.00 1.9293 0.0362 0.5411 0.0417 0.0241 0.0617 0.0000
7.7 60000 -4.00 1.9489 0.0572 0.5975 0.0370 0.0243 0.0620 0.0000
7.7 30000 -3.75 0.7875 0.0000 0.3197 0.0044 0.0011 0.0029 0.0000
7.7 32500 -3.75 1.1863 0.0000 0.4344 0.0098 0.0038 0.0099 0.0000
7.7 35000 -3.75 1.5374 0.0016 0.4818 0.0189 0.0101 0.0259 0.0000
7.7 37500 -3.75 1.7106 0.0078 0.4683 0.0281 0.0166 0.0425 0.0000
7.7 40000 -3.75 1.9550 0.0362 0.4492 0.0424 0.0211 0.0541 0.0000
7.7 45000 -3.75 2.0979 0.0558 0.4414 0.0502 0.0222 0.0568 0.0000
7.7 50000 -3.75 2.1582 0.1026 0.4557 0.0534 0.0229 0.0586 0.0000
7.7 55000 -3.75 2.2460 0.1168 0.4490 0.0581 0.0235 0.0603 0.0000
7.7 60000 -3.75 2.2262 0.1799 0.5051 0.0529 0.0235 0.0600 0.0000
7.7 30000 -3.50 0.9163 0.0000 0.3185 0.0074 0.0012 0.0030 0.0000
7.7 32500 -3.50 1.3975 0.0000 0.4238 0.0163 0.0040 0.0104 0.0000
7.7 35000 -3.50 1.8086 0.0046 0.4485 0.0295 0.0109 0.0281 0.0000
7.7 37500 -3.50 2.0094 0.0246 0.4130 0.0422 0.0179 0.0458 0.0000
7.7 40000 -3.50 2.2511 0.1133 0.3711 0.0598 0.0214 0.0548 0.0000
7.7 45000 -3.50 2.3914 0.1734 0.3563 0.0686 0.0222 0.0567 0.0000
7.7 50000 -3.50 2.3758 0.3063 0.3650 0.0722 0.0226 0.0578 0.0000
7.7 55000 -3.50 2.4649 0.3463 0.3565 0.0771 0.0230 0.0589 0.0000
7.7 60000 -3.50 2.3423 0.5026 0.4086 0.0717 0.0228 0.0583 0.0012
7.7 30000 -3.25 1.0366 0.0000 0.3050 0.0123 0.0012 0.0031 0.0000
7.7 32500 -3.25 1.6286 0.0011 0.3957 0.0260 0.0042 0.0108 0.0000
7.7 35000 -3.25 2.1087 0.0131 0.3966 0.0439 0.0114 0.0294 0.0000
7.7 37500 -3.25 2.3111 0.0735 0.3431 0.0595 0.0189 0.0484 0.0000
7.7 40000 -3.25 2.4453 0.3191 0.2893 0.0789 0.0215 0.0551 0.0000
7.7 45000 -3.25 2.5181 0.4767 0.2720 0.0881 0.0221 0.0565 0.0000
7.7 50000 -3.25 2.3422 0.7628 0.2788 0.0914 0.0223 0.0571 0.0000
7.7 55000 -3.25 2.4016 0.8582 0.2704 0.0964 0.0226 0.0579 0.0000
7.7 60000 -3.25 2.1497 1.1273 0.3161 0.0914 0.0223 0.0569 0.0014
7.7 30000 -3.00 1.1244 0.0000 0.2732 0.0189 0.0013 0.0033 0.0000
7.7 32500 -3.00 1.8557 0.0025 0.3455 0.0386 0.0043 0.0112 0.0000
7.7 35000 -3.00 2.4196 0.0358 0.3283 0.0612 0.0119 0.0305 0.0000
7.7 37500 -3.00 2.5536 0.1995 0.2673 0.0782 0.0197 0.0503 0.0000
7.7 40000 -3.00 2.3945 0.7498 0.2138 0.0973 0.0216 0.0552 0.0000
7.7 45000 -3.00 2.3432 1.0464 0.1994 0.1062 0.0220 0.0562 0.0000
7.7 50000 -3.00 2.0047 1.4894 0.2053 0.1091 0.0221 0.0565 0.0000
7.7 55000 -3.00 2.0286 1.6467 0.1993 0.1140 0.0222 0.0570 0.0000
7.7 60000 -3.00 1.7137 1.9760 0.2360 0.1095 0.0218 0.0558 0.0015
7.7 30000 -2.75 1.1685 0.0000 0.2264 0.0265 0.0013 0.0035 0.0000
7.7 32500 -2.75 2.0501 0.0061 0.2793 0.0526 0.0046 0.0119 0.0000
7.7 35000 -2.75 2.7091 0.0902 0.2548 0.0791 0.0125 0.0320 0.0000
7.7 37500 -2.75 2.6459 0.4628 0.1976 0.0958 0.0203 0.0519 0.0000
7.7 40000 -2.75 2.0768 1.4035 0.1527 0.1135 0.0216 0.0552 0.0000
7.7 45000 -2.75 1.9235 1.8255 0.1427 0.1218 0.0219 0.0560 0.0000
7.7 50000 -2.75 1.5257 2.3397 0.1479 0.1239 0.0219 0.0561 0.0000
7.7 55000 -2.75 1.5309 2.5517 0.1446 0.1288 0.0220 0.0564 0.0000
7.7 60000 -2.75 1.2444 2.8708 0.1721 0.1237 0.0215 0.0550 0.0016
7.7 30000 -2.50 1.1744 0.0000 0.1741 0.0339 0.0015 0.0038 0.0000
7.7 32500 -2.50 2.1783 0.0141 0.2098 0.0653 0.0050 0.0129 0.0000
7.7 35000 -2.50 2.9061 0.2064 0.1868 0.0954 0.0133 0.0342 0.0000
7.7 37500 -2.50 2.5090 0.8989 0.1399 0.1109 0.0207 0.0530 0.0000
7.7 40000 -2.50 1.6293 2.1545 0.1075 0.1267 0.0216 0.0552 0.0000
7.7 45000 -2.50 1.4417 2.6550 0.1013 0.1343 0.0218 0.0558 0.0000
7.7 50000 -2.50 1.0881 3.1692 0.1060 0.1346 0.0217 0.0557 0.0000
7.7 55000 -2.50 1.0870 3.4319 0.1046 0.1393 0.0218 0.0560 0.0000
7.7 60000 -2.50 0.8669 3.7160 0.1244 0.1322 0.0213 0.0544 0.0017
7.7 30000 -2.25 1.1528 0.0014 0.1258 0.0398 0.0016 0.0043 0.0000
7.7 32500 -2.25 2.2411 0.0315 0.1495 0.0753 0.0056 0.0145 0.0000
7.7 35000 -2.25 2.9434 0.4156 0.1319 0.1084 0.0145 0.0372 0.0000
7.7 37500 -2.25 2.1702 1.4638 0.0969 0.1227 0.0210 0.0538 0.0000
7.7 40000 -2.25 1.2034 2.8755 0.0760 0.1366 0.0215 0.0552 0.0000
7.7 45000 -2.25 1.0366 3.4308 0.0727 0.1432 0.0217 0.0557 0.0000
7.7 50000 -2.25 0.7622 3.9247 0.0769 0.1400 0.0216 0.0554 0.0010
7.7 55000 -2.25 0.7600 4.2403 0.0765 0.1444 0.0217 0.0558 0.0000
7.7 60000 -2.25 0.6030 4.4994 0.0905 0.1334 0.0211 0.0540 0.0020
7.7 30000 -2.00 1.1136 0.0031 0.0871 0.0436 0.0020 0.0051 0.0000
7.7 32500 -2.00 2.2478 0.0670 0.1035 0.0822 0.0066 0.0170 0.0000
7.7 35000 -2.00 2.7846 0.7414 0.0913 0.1180 0.0160 0.0412 0.0000
7.7 37500 -2.00 1.7366 2.0671 0.0669 0.1313 0.0212 0.0543 0.0000
7.7 40000 -2.00 0.8706 3.5131 0.0548 0.1427 0.0215 0.0551 0.0000
7.7 45000 -2.00 0.7420 4.1250 0.0535 0.1475 0.0217 0.0556 0.0000
7.7 50000 -2.00 0.5411 4.6101 0.0571 0.1392 0.0215 0.0552 0.0012
7.7 55000 -2.00 0.5394 4.9883 0.0574 0.1429 0.0216 0.0556 0.0000
7.7 60000 -2.00 0.4296 5.2375 0.0672 0.1272 0.0209 0.0536 0.0024
7.7 30000 -1.75 1.0656 0.0070 0.0588 0.0452 0.0024 0.0063 0.0000
7.7 32500 -1.75 2.2036 0.1347 0.0710 0.0864 0.0078 0.0202 0.0000
7.7 35000 -1.75 2.4554 1.1770 0.0631 0.1247 0.0177 0.0457 0.0000
7.7 37500 -1.75 1.3230 2.6356 0.0471 0.1371 0.0212 0.0545 0.0000
7.7 40000 -1.75 0.6338 4.0738 0.0408 0.1448 0.0214 0.0551 0.0000
7.7 45000 -1.75 0.5406 4.7542 0.0408 0.1465 0.0216 0.0555 0.0000
7.7 50000 -1.75 0.3957 5.2456 0.0439 0.1320 0.0214 0.0551 0.0016
7.7 55000 -1.75 0.3949 5.6931 0.0446 0.1350 0.0215 0.0556 0.0000
7.7 60000 -1.75 0.3173 5.9421 0.0516 0.1154 0.0208 0.0533 0.0030
7.7 30000 -1.50 1.0129 0.0159 0.0393 0.0452 0.0030 0.0079 0.0000
7.7 32500 -1.50 2.1005 0.2539 0.0489 0.0886 0.0094 0.0242 0.0000
7.7 35000 -1.50 2.0251 1.6892 0.0441 0.1295 0.0192 0.0496 0.0000
7.7 37500 -1.50 0.9866 3.1446 0.0343 0.1407 0.0212 0.0545 0.0000
7.7 40000 -1.50 0.4715 4.5938 0.0316 0.1426 0.0213 0.0550 0.0000
7.7 45000 -1.50 0.4046 5.3466 0.0323 0.1400 0.0215 0.0554 0.0000
7.7 50000 -1.50 0.2992 5.8461 0.0351 0.1197 0.0213 0.0549 0.0021
7.7 55000 -1.50 0.2996 6.3663 0.0359 0.1225 0.0214 0.0556 0.0000
7.7 60000 -1.50 0.2434 6.6098 0.0410 0.1008 0.0206 0.0530 0.0040
8.0 30000 -4.00 0.6432 0.0000 0.4269 0.0034 0.0010 0.0027 0.0000
8.0 32500 -4.00 1.0493 0.0000 0.6136 0.0082 0.0034 0.0088 0.0000
8.0 35000 -4.00 1.5130 0.0000 0.7481 0.0172 0.0088 0.0227 0.0000
8.0 37500 -4.00 1.8153 0.0032 0.7943 0.0273 0.0150 0.0386 0.0000
8.0 40000 -4.00 2.3374 0.0159 0.8658 0.0466 0.0208 0.0533 0.0000
8.0 45000 -4.00 2.6619 0.0259 0.9007 0.0590 0.0224 0.0573 0.0000
8.0 50000 -4.00 2.8798 0.0499 0.9589 0.0650 0.0235 0.0602 0.0000
8.0 55000 -4.00 3.1273 0.0591 0.9783 0.0742 0.0244 0.0627 0.0000
8.0 60000 -4.00 3.2251 0.0949 1.0910 0.0666 0.0247 0.0631 0.0000
8.0 30000 -3.75 0.8255 0.0000 0.4522 0.0061 0.0012 0.0030 0.0000
8.0 32500 -3.75 1.3050 0.0000 0.6284 0.0140 0.0039 0.0100 0.0000
8.0 35000 -3.75 1.8416 0.0020 0.7325 0.0280 0.0101 0.0259 0.0000
8.0 37500 -3.75 2.1912 0.0104 0.7437 0.0433 0.0166 0.0427 0.0000
8.0 40000 -3.75 2.7798 0.0520 0.7621 0.0697 0.0213 0.0547 0.0000
8.0 45000 -3.75 3.1442 0.0841 0.7714 0.0853 0.0225 0.0576 0.0000
8.0 50000 -3.75 3.3587 0.1596 0.8132 0.0928 0.0232 0.0595 0.0000
8.0 55000 -3.75 3.6406 0.1888 0.8175 0.1035 0.0239 0.0612 0.0000
8.0 60000 -3.75 3.6833 0.2957 0.9280 0.0950 0.0239 0.0611 0.0000
8.0 30000 -3.50 1.0139 0.0000 0.4652 0.0106 0.0012 0.0032 0.0000
8.0 32500 -3.50 1.5890 0.0000 0.6264 0.0235 0.0041 0.0106 0.0000
8.0 35000 -3.50 2.1974 0.0060 0.6911 0.0442 0.0110 0.0283 0.0000
8.0 37500 -3.50 2.5851 0.0325 0.6628 0.0654 0.0180 0.0461 0.0000
8.0 40000 -3.50 3.1916 0.1606 0.6342 0.0983 0.0216 0.0555 0.0000
8.0 45000 -3.50 3.5664 0.2568 0.6263 0.1163 0.0225 0.0575 0.0000
8.0 50000 -3.50 3.6780 0.4676 0.6543 0.1247 0.0229 0.0587 0.0000
8.0 55000 -3.50 3.9780 0.5506 0.6518 0.1366 0.0234 0.0599 0.0000
8.0 60000 -3.50 3.8675 0.8148 0.7532 0.1283 0.0232 0.0594 0.0012
8.0 30000 -3.25 1.1784 0.0000 0.4531 0.0178 0.0012 0.0032 0.0000
8.0 32500 -3.25 1.8895 0.0014 0.5951 0.0379 0.0043 0.0110 0.0000
8.0 35000 -3.25 2.5678 0.0166 0.6173 0.0660 0.0116 0.0298 0.0000
8.0 37500 -3.25 2.9629 0.0952 0.5552 0.0923 0.0190 0.0488 0.0000
8.0 40000 -3.25 3.4407 0.4422 0.4963 0.1290 0.0218 0.0558 0.0000
8.0 45000 -3.25 3.7189 0.6874 0.4790 0.1481 0.0224 0.0573 0.0000
8.0 50000 -3.25 3.6034 1.1385 0.5001 0.1564 0.0227 0.0580 0.0000
8.0 55000 -3.25 3.8558 1.3361 0.4948 0.1692 0.0230 0.0589 0.0000
8.0 60000 -3.25 3.5499 1.7991 0.5834 0.1620 0.0227 0.0580 0.0014
8.0 30000 -3.00 1.2996 0.0000 0.4121 0.0277 0.0013 0.0034 0.0000
8.0 32500 -3.00 2.1720 0.0032 0.5267 0.0569 0.0044 0.0114 0.0000
8.0 35000 -3.00 2.9356 0.0442 0.5155 0.0922 0.0120 0.0309 0.0000
8.0 37500 -3.00 3.2460 0.2522 0.4348 0.1210 0.0198 0.0508 0.0000
8.0 40000 -3.00 3.3433 1.0120 0.3665 0.1575 0.0219 0.0560 0.0000
8.0 45000 -3.00 3.4375 1.4733 0.3504 0.1761 0.0223 0.0571 0.0000
8.0 50000 -3.00 3.0831 2.1768 0.3674 0.1842 0.0225 0.0575 0.0000
8.0 55000 -3.00 3.2583 2.5145 0.3641 0.1975 0.0227 0.0581 0.0000
8.0 60000 -3.00 2.8446 3.1033 0.4351 0.1918 0.0223 0.0570 0.0015
8.0 30000 -2.75 1.3655 0.0000 0.3464 0.0395 0.0014 0.0036 0.0000
8.0 32500 -2.75 2.4077 0.0075 0.4308 0.0783 0.0047 0.0120 0.0000
8.0 35000 -2.75 3.2714 0.1086 0.4029 0.1196 0.0125 0.0322 0.0000
8.0 37500 -2.75 3.3445 0.5721 0.3224 0.1477 0.0204 0.0524 0.0000
8.0 40000 -2.75 2.8935 1.8550 0.2607 0.1810 0.0219 0.0561 0.0000
8.0 45000 -2.75 2.8235 2.5203 0.2495 0.1987 0.0222 0.0569 0.0000
8.0 50000 -2.75 2.3633 3.3651 0.2640 0.2059 0.0223 0.0570 0.0000
8.0 55000 -2.75 2.4730 3.8335 0.2632 0.2197 0.0224 0.0575 0.0000
8.0 60000 -2.75 2.0827 4.4426 0.3169 0.2141 0.0220 0.0562 0.0016
8.0 30000 -2.50 1.3821 0.0000 0.2695 0.0513 0.0015 0.0039 0.0000
8.0 32500 -2.50 2.5651 0.0169 0.3267 0.0982 0.0050 0.0130 0.0000
8.0 35000 -2.50 3.5021 0.2427 0.2969 0.1444 0.0133 0.0342 0.0000
8.0 37500 -2.50 3.1706 1.0931 0.2282 0.1698 0.0209 0.0537 0.0000
8.0 40000 -2.50 2.2851 2.8157 0.1826 0.1992 0.0219 0.0561 0.0000
8.0 45000 -2.50 2.1317 3.6228 0.1763 0.2158 0.0222 0.0567 0.0000
8.0 50000 -2.50 1.7008 4.5061 0.1886 0.2206 0.0222 0.0567 0.0000
8.0 55000 -2.50 1.7663 5.0881 0.1897 0.2344 0.0223 0.0572 0.0000
8.0 60000 -2.50 1.4612 5.6778 0.2286 0.2261 0.0218 0.0557 0.0018
8.0 30000 -2.25 1.3643 0.0017 0.1968 0.0609 0.0017 0.0043 0.0000
8.0 32500 -2.25 2.6469 0.0369 0.2346 0.1142 0.0056 0.0145 0.0000
8.0 35000 -2.25 3.5600 0.4808 0.2103 0.1642 0.0144 0.0371 0.0000
8.0 37500 -2.25 2.7671 1.7689 0.1575 0.1865 0.0213 0.0546 0.0000
8.0 40000 -2.25 1.7076 3.7456 0.1285 0.2124 0.0219 0.0560 0.0000
8.0 45000 -2.25 1.5455 4.6552 0.1260 0.2273 0.0221 0.0566 0.0000
8.0 50000 -2.25 1.2001 5.5419 0.1362 0.2271 0.0221 0.0565 0.0000
8.0 55000 -2.25 1.2392 6.2303 0.1382 0.2403 0.0222 0.0570 0.0000
8.0 60000 -2.25 1.0196 6.8081 0.1657 0.2262 0.0216 0.0553 0.0020
8.0 30000 -2.00 1.3274 0.0038 0.1375 0.0674 0.0020 0.0051 0.0000
8.0 32500 -2.00 2.6669 0.0772 0.1634 0.1254 0.0065 0.0167 0.0000
8.0 35000 -2.00 3.4040 0.8504 0.1458 0.1785 0.0159 0.0410 0.0000
8.0 37500 -2.00 2.2500 2.5044 0.1084 0.1982 0.0215 0.0551 0.0000
8.0 40000 -2.00 1.2504 4.5854 0.0923 0.2205 0.0218 0.0560 0.0000
8.0 45000 -2.00 1.1145 5.5933 0.0923 0.2325 0.0221 0.0566 0.0000
8.0 50000 -2.00 0.8566 6.4955 0.1009 0.2245 0.0220 0.0563 0.0012
8.0 55000 -2.00 0.8798 7.2859 0.1031 0.2361 0.0221 0.0569 0.0000
8.0 60000 -2.00 0.7257 7.8657 0.1224 0.2144 0.0215 0.0551 0.0024
8.0 30000 -1.75 1.2777 0.0083 0.0936 0.0707 0.0024 0.0062 0.0000
8.0 32500 -1.75 2.6318 0.1542 0.1126 0.1325 0.0077 0.0199 0.0000
8.0 35000 -1.75 3.0589 1.3488 0.1008 0.1882 0.0176 0.0454 0.0000
8.0 37500 -1.75 1.7459 3.2183 0.0761 0.2061 0.0215 0.0553 0.0000
8.0 40000 -1.75 0.9213 5.3456 0.0686 0.2230 0.0218 0.0560 0.0000
8.0 45000 -1.75 0.8179 6.4673 0.0701 0.2302 0.0220 0.0565 0.0000
8.0 50000 -1.75 0.6290 7.4007 0.0774 0.2126 0.0219 0.0562 0.0015
8.0 55000 -1.75 0.6436 8.2987 0.0796 0.2225 0.0221 0.0569 0.0000
8.0 60000 -1.75 0.5346 8.8921 0.0934 0.1939 0.0214 0.0548 0.0029
8.0 30000 -1.50 1.2245 0.0187 0.0631 0.0712 0.0030 0.0079 0.0000
8.0 32500 -1.50 2.5366 0.2884 0.0778 0.1365 0.0092 0.0239 0.0000
8.0 35000 -1.50 2.5909 1.9528 0.0704 0.1948 0.0192 0.0496 0.0000
8.0 37500 -1.50 1.3269 3.8839 0.0553 0.2111 0.0215 0.0554 0.0000
8.0 40000 -1.50 0.6936 6.0762 0.0531 0.2196 0.0217 0.0559 0.0000
8.0 45000 -1.50 0.6167 7.3193 0.0554 0.2204 0.0220 0.0565 0.0000
8.0 50000 -1.50 0.4778 8.2902 0.0617 0.1933 0.0218 0.0561 0.0020
8.0 55000 -1.50 0.4879 9.2904 0.0637 0.2016 0.0220 0.0569 0.0000
8.0 60000 -1.50 0.4090 9.8898 0.0738 0.1689 0.0213 0.0546 0.0039
8.3 30000 -4.00 0.2161 0.0000 0.3212 0.0027 0.0010 0.0028 0.0000
8.3 32500 -4.00 0.4238 0.0000 0.5055 0.0069 0.0033 0.0088 0.0000
8.3 35000 -4.00 0.7933 0.0000 0.7136 0.0166 0.0086 0.0224 0.0000
8.3 37500 -4.00 1.1346 0.0024 0.8441 0.0288 0.0148 0.0384 0.0000
8.3 40000 -4.00 1.9347 0.0141 1.0929 0.0571 0.0209 0.0540 0.0000
8.3 45000 -4.00 2.5223 0.0257 1.2282 0.0780 0.0226 0.0583 0.0000
8.3 50000 -4.00 3.0046 0.0536 1.3801 0.0906 0.0239 0.0614 0.0000
8.3 55000 -4.00 3.6153 0.0697 1.4863 0.1097 0.0249 0.0641 0.0000
8.3 60000 -4.00 3.9359 0.1171 1.7027 0.1009 0.0252 0.0647 0.0000
8.3 30000 -3.75 0.3411 0.0000 0.3805 0.0052 0.0012 0.0031 0.0000
8.3 32500 -3.75 0.6284 0.0000 0.5705 0.0128 0.0039 0.0101 0.0000
8.3 35000 -3.75 1.1113 0.0015 0.7579 0.0290 0.0100 0.0259 0.0000
8.3 37500 -3.75 1.5407 0.0084 0.8496 0.0485 0.0165 0.0428 0.0000
8.3 40000 -3.75 2.4906 0.0490 1.0157 0.0890 0.0215 0.0555 0.0000
8.3 45000 -3.75 3.1588 0.0870 1.0992 0.1162 0.0228 0.0586 0.0000
8.3 50000 -3.75 3.6692 0.1761 1.2151 0.1321 0.0236 0.0607 0.0000
8.3 55000 -3.75 4.3540 0.2264 1.2802 0.1554 0.0243 0.0625 0.0000
8.3 60000 -3.75 4.6259 0.3690 1.4856 0.1455 0.0244 0.0626 0.0000
8.3 30000 -3.50 0.5365 0.0000 0.4490 0.0104 0.0013 0.0033 0.0000
8.3 32500 -3.50 0.9393 0.0000 0.6400 0.0241 0.0042 0.0109 0.0000
8.3 35000 -3.50 1.5261 0.0051 0.7776 0.0496 0.0110 0.0286 0.0000
8.3 37500 -3.50 2.0266 0.0286 0.8113 0.0781 0.0180 0.0465 0.0000
8.3 40000 -3.50 3.0591 0.1591 0.8863 0.1306 0.0219 0.0564 0.0000
8.3 45000 -3.50 3.7555 0.2738 0.9252 0.1628 0.0228 0.0586 0.0000
8.3 50000 -3.50 4.1610 0.5242 1.0054 0.1806 0.0233 0.0599 0.0000
8.3 55000 -3.50 4.8820 0.6653 1.0438 0.2073 0.0238 0.0612 0.0000
8.3 60000 -3.50 4.9674 1.0185 1.2282 0.1978 0.0237 0.0608 0.0012
8.3 30000 -3.25 0.7716 0.0000 0.4939 0.0195 0.0013 0.0034 0.0000
8.3 32500 -3.25 1.3262 0.0013 0.6746 0.0428 0.0043 0.0113 0.0000
8.3 35000 -3.25 1.9987 0.0152 0.7472 0.0792 0.0117 0.0303 0.0000
8.3 37500 -3.25 2.5225 0.0882 0.7190 0.1160 0.0191 0.0493 0.0000
8.3 40000 -3.25 3.4512 0.4484 0.7174 0.1759 0.0221 0.0568 0.0000
8.3 45000 -3.25 4.0555 0.7370 0.7270 0.2104 0.0227 0.0584 0.0000
8.3 50000 -3.25 4.1941 1.2790 0.7827 0.2282 0.0231 0.0592 0.0000
8.3 55000 -3.25 4.8299 1.6019 0.8029 0.2570 0.0234 0.0601 0.0000
8.3 60000 -3.25 4.6635 2.2339 0.9615 0.2495 0.0232 0.0594 0.0014
8.3 30000 -3.00 0.9782 0.0000 0.4899 0.0330 0.0013 0.0035 0.0000
8.3 32500 -3.00 1.7120 0.0031 0.6440 0.0689 0.0045 0.0117 0.0000
8.3 35000 -3.00 2.4663 0.0413 0.6593 0.1158 0.0121 0.0312 0.0000
8.3 37500 -3.00 2.9244 0.2389 0.5872 0.1575 0.0200 0.0514 0.0000
8.3 40000 -3.00 3.4769 1.0320 0.5419 0.2175 0.0222 0.0570 0.0000
8.3 45000 -3.00 3.8403 1.5791 0.5378 0.2507 0.0226 0.0581 0.0000
8.3 50000 -3.00 3.6940 2.4339 0.5808 0.2676 0.0229 0.0586 0.0000
8.3 55000 -3.00 4.1733 2.9872 0.5940 0.2975 0.0231 0.0593 0.0000
8.3 60000 -3.00 3.8449 3.8315 0.7216 0.2932 0.0228 0.0583 0.0015
8.3 30000 -2.75 1.1188 0.0000 0.4364 0.0498 0.0014 0.0037 0.0000
8.3 32500 -2.75 2.0366 0.0072 0.5543 0.0994 0.0047 0.0122 0.0000
8.3 35000 -2.75 2.8917 0.1022 0.5361 0.1553 0.0126 0.0325 0.0000
8.3 37500 -2.75 3.1266 0.5454 0.4473 0.1961 0.0206 0.0531 0.0000
8.3 40000 -2.75 3.1008 1.8880 0.3897 0.2497 0.0222 0.0571 0.0000
8.3 45000 -2.75 3.2405 2.6896 0.3852 0.2809 0.0226 0.0579 0.0000
8.3 50000 -2.75 2.9257 3.7600 0.4194 0.2967 0.0227 0.0582 0.0000
8.3 55000 -2.75 3.2553 4.5394 0.4308 0.3274 0.0229 0.0587 0.0000
8.3 60000 -2.75 2.9007 5.4779 0.5277 0.3246 0.0225 0.0576 0.0016
8.3 30000 -2.50 1.1904 0.0000 0.3526 0.0669 0.0015 0.0040 0.0000
8.3 32500 -2.50 2.2687 0.0163 0.4353 0.1290 0.0050 0.0130 0.0000
8.3 35000 -2.50 3.2096 0.2264 0.4066 0.1918 0.0132 0.0342 0.0000
8.3 37500 -2.50 3.0545 1.0406 0.3219 0.2275 0.0212 0.0544 0.0000
8.3 40000 -2.50 2.5237 2.8714 0.2738 0.2731 0.0222 0.0571 0.0000
8.3 45000 -2.50 2.5218 3.8795 0.2730 0.3026 0.0225 0.0578 0.0000
8.3 50000 -2.50 2.1758 5.0650 0.3010 0.3157 0.0226 0.0579 0.0000
8.3 55000 -2.50 2.3830 6.0352 0.3109 0.3461 0.0227 0.0584 0.0000
8.3 60000 -2.50 2.0829 7.0065 0.3817 0.3405 0.0223 0.0571 0.0018
8.3 30000 -2.25 1.2148 0.0017 0.2647 0.0818 0.0017 0.0044 0.0000
8.3 32500 -2.25 2.4101 0.0350 0.3199 0.1534 0.0055 0.0144 0.0000
8.3 35000 -2.25 3.3512 0.4476 0.2925 0.2213 0.0143 0.0369 0.0000
8.3 37500 -2.25 2.7540 1.6861 0.2242 0.2504 0.0215 0.0554 0.0000
8.3 40000 -2.25 1.9481 3.8613 0.1931 0.2899 0.0222 0.0571 0.0000
8.3 45000 -2.25 1.8796 5.0303 0.1953 0.3169 0.0225 0.0577 0.0000
8.3 50000 -2.25 1.5751 6.2852 0.2181 0.3239 0.0225 0.0577 0.0000
8.3 55000 -2.25 1.6999 7.4139 0.2265 0.3524 0.0226 0.0582 0.0000
8.3 60000 -2.25 1.4758 8.4133 0.2770 0.3390 0.0222 0.0567 0.0020
8.3 30000 -2.00 1.2078 0.0037 0.1886 0.0924 0.0020 0.0051 0.0000
8.3 32500 -2.00 2.4783 0.0725 0.2262 0.1712 0.0064 0.0165 0.0000
8.3 35000 -2.00 3.2996 0.7839 0.2051 0.2425 0.0157 0.0405 0.0000
8.3 37500 -2.00 2.3213 2.4054 0.1547 0.2657 0.0218 0.0561 0.0000
8.3 40000 -2.00 1.4696 4.7970 0.1391 0.3005 0.0222 0.0571 0.0000
8.3 45000 -2.00 1.3865 6.1206 0.1433 0.3234 0.0224 0.0576 0.0000
8.3 50000 -2.00 1.1457 7.4489 0.1619 0.3201 0.0224 0.0575 0.0011
8.3 55000 -2.00 1.2197 8.7205 0.1687 0.3453 0.0226 0.0581 0.0000
8.3 60000 -2.00 1.0587 9.7587 0.2044 0.3208 0.0221 0.0565 0.0023
8.3 30000 -1.75 1.1849 0.0079 0.1306 0.0985 0.0024 0.0062 0.0000
8.3 32500 -1.75 2.4920 0.1420 0.1578 0.1831 0.0075 0.0195 0.0000
8.3 35000 -1.75 3.0667 1.2363 0.1426 0.2563 0.0174 0.0449 0.0000
8.3 37500 -1.75 1.8680 3.1360 0.1087 0.2758 0.0219 0.0564 0.0000
8.3 40000 -1.75 1.1107 5.6853 0.1037 0.3044 0.0222 0.0571 0.0000
8.3 45000 -1.75 1.0364 7.1784 0.1089 0.3207 0.0224 0.0576 0.0000
8.3 50000 -1.75 0.8539 8.6054 0.1242 0.3041 0.0223 0.0574 0.0014
8.3 55000 -1.75 0.8984 10.0144 0.1298 0.3252 0.0225 0.0580 0.0000
8.3 60000 -1.75 0.7823 11.1095 0.1554 0.2902 0.0220 0.0563 0.0028
8.3 30000 -1.50 1.1537 0.0175 0.0893 0.1006 0.0030 0.0079 0.0000
8.3 32500 -1.50 2.4494 0.2610 0.1100 0.1901 0.0090 0.0235 0.0000
8.3 35000 -1.50 2.7106 1.7938 0.0999 0.2650 0.0191 0.0493 0.0000
8.3 37500 -1.50 1.4681 3.8579 0.0791 0.2826 0.0219 0.0565 0.0000
8.3 40000 -1.50 0.8548 6.5716 0.0805 0.3007 0.0221 0.0571 0.0000
8.3 45000 -1.50 0.7945 8.2504 0.0862 0.3080 0.0224 0.0576 0.0000
8.3 50000 -1.50 0.6567 9.7918 0.0991 0.2780 0.0223 0.0573 0.0019
8.3 55000 -1.50 0.6845 11.3397 0.1035 0.2955 0.0225 0.0580 0.0000
8.3 60000 -1.50 0.5999 12.4910 0.1225 0.2538 0.0218 0.0560 0.0037
8.6 30000 -4.00 0.0118 0.0000 0.0531 0.0000 0.0000 0.0026 0.0000
8.6 35000 -4.00 0.1055 0.0000 0.3069 0.0082 0.0082 0.0217 0.0000
8.6 35000 -4.00 0.1055 0.0000 0.3069 0.0082 0.0082 0.0217 0.0000
8.6 37500 -4.00 0.1983 0.0000 0.4327 0.0163 0.0143 0.0377 0.0000
8.6 40000 -4.00 0.5550 0.0050 0.7563 0.0408 0.0209 0.0546 0.0000
8.6 45000 -4.00 0.9303 0.0113 0.9837 0.0635 0.0228 0.0594 0.0000
8.6 50000 -4.00 1.3310 0.0270 1.2277 0.0807 0.0242 0.0628 0.0000
8.6 55000 -4.00 1.9530 0.0421 1.4763 0.1090 0.0253 0.0658 0.0000
8.6 60000 -4.00 2.3791 0.0770 1.7957 0.1050 0.0258 0.0666 0.0000
8.6 30000 -3.75 0.0176 0.0000 0.0683 0.0017 0.0016 0.0044 0.0000
8.6 32500 -3.75 0.0656 0.0000 0.2119 0.0054 0.0038 0.0102 0.0000
8.6 35000 -3.75 0.1640 0.0000 0.3521 0.0148 0.0097 0.0257 0.0000
8.6 37500 -3.75 0.3077 0.0023 0.4786 0.0287 0.0163 0.0427 0.0000
8.6 40000 -3.75 0.8455 0.0195 0.7889 0.0686 0.0217 0.0566 0.0000
8.6 45000 -3.75 1.3734 0.0430 0.9855 0.1024 0.0231 0.0600 0.0000
8.6 50000 -3.75 1.9037 0.1000 1.2038 0.1271 0.0240 0.0622 0.0000
8.6 55000 -3.75 2.6999 0.1510 1.3976 0.1651 0.0248 0.0642 0.0000
8.6 60000 -3.75 3.1789 0.2654 1.7079 0.1609 0.0250 0.0644 0.0000
8.6 30000 -3.50 0.0513 0.0000 0.1599 0.0041 0.0014 0.0036 0.0000
8.6 32500 -3.50 0.1117 0.0000 0.2597 0.0107 0.0043 0.0113 0.0000
8.6 35000 -3.50 0.2732 0.0014 0.4073 0.0279 0.0110 0.0288 0.0000
8.6 37500 -3.50 0.5060 0.0097 0.5257 0.0523 0.0179 0.0468 0.0000
8.6 40000 -3.50 1.2886 0.0781 0.7881 0.1139 0.0222 0.0576 0.0000
8.6 45000 -3.50 1.9673 0.1606 0.9317 0.1597 0.0231 0.0599 0.0000
8.6 50000 -3.50 2.5340 0.3409 1.1007 0.1897 0.0237 0.0614 0.0000
8.6 55000 -3.50 3.4427 0.4919 1.2350 0.2358 0.0242 0.0627 0.0000
8.6 60000 -3.50 3.8305 0.7995 1.5148 0.2317 0.0242 0.0625 0.0011
8.6 30000 -3.25 0.0971 0.0000 0.2093 0.0091 0.0014 0.0037 0.0000
8.6 32500 -3.25 0.2240 0.0000 0.3369 0.0235 0.0045 0.0118 0.0000
8.6 35000 -3.25 0.5108 0.0062 0.4781 0.0550 0.0118 0.0309 0.0000
8.6 37500 -3.25 0.8666 0.0408 0.5600 0.0938 0.0192 0.0500 0.0000
8.6 40000 -3.25 1.8023 0.2654 0.7235 0.1739 0.0224 0.0581 0.0000
8.6 45000 -3.25 2.5074 0.4922 0.8062 0.2259 0.0231 0.0597 0.0000
8.6 50000 -3.25 2.9145 0.9134 0.9226 0.2557 0.0235 0.0606 0.0000
8.6 55000 -3.25 3.8123 1.2729 1.0105 0.3076 0.0238 0.0615 0.0000
8.6 60000 -3.25 3.9664 1.8588 1.2469 0.3038 0.0237 0.0609 0.0013
8.6 30000 -3.00 0.2051 0.0000 0.2805 0.0209 0.0014 0.0038 0.0000
8.6 32500 -3.00 0.4711 0.0016 0.4296 0.0502 0.0046 0.0120 0.0000
8.6 35000 -3.00 0.9132 0.0225 0.5242 0.0989 0.0122 0.0319 0.0000
8.6 37500 -3.00 1.3238 0.1350 0.5372 0.1485 0.0201 0.0522 0.0000
8.6 40000 -3.00 2.1241 0.6746 0.5965 0.2325 0.0225 0.0583 0.0000
8.6 45000 -3.00 2.6744 1.1248 0.6337 0.2830 0.0230 0.0594 0.0000
8.6 50000 -3.00 2.8514 1.8286 0.7183 0.3102 0.0232 0.0600 0.0000
8.6 55000 -3.00 3.5810 2.4630 0.7737 0.3637 0.0235 0.0606 0.0000
8.6 60000 -3.00 3.5575 3.3083 0.9674 0.3640 0.0233 0.0599 0.0015
8.6 30000 -2.75 0.3638 0.0000 0.3263 0.0406 0.0015 0.0039 0.0000
8.6 32500 -2.75 0.8153 0.0046 0.4656 0.0891 0.0047 0.0124 0.0000
8.6 35000 -2.75 1.3799 0.0632 0.4990 0.1521 0.0125 0.0327 0.0000
8.6 37500 -2.75 1.6873 0.3394 0.4533 0.2029 0.0208 0.0539 0.0000
8.6 40000 -2.75 2.1092 1.2879 0.4505 0.2765 0.0226 0.0584 0.0000
8.6 45000 -2.75 2.4674 1.9781 0.4703 0.3235 0.0229 0.0593 0.0000
8.6 50000 -2.75 2.4663 2.9268 0.5352 0.3491 0.0231 0.0596 0.0000
8.6 55000 -2.75 3.0006 3.8492 0.5740 0.4035 0.0233 0.0601 0.0000
8.6 60000 -2.75 2.8840 4.8795 0.7244 0.4072 0.0230 0.0591 0.0016
8.6 30000 -2.50 0.5071 0.0000 0.3126 0.0637 0.0016 0.0041 0.0000
8.6 32500 -2.50 1.1302 0.0109 0.4196 0.1304 0.0050 0.0131 0.0000
8.6 35000 -2.50 1.7932 0.1473 0.4177 0.2043 0.0131 0.0340 0.0000
8.6 37500 -2.50 1.8534 0.6699 0.3481 0.2472 0.0213 0.0553 0.0000
8.6 40000 -2.50 1.8720 2.0110 0.3257 0.3062 0.0226 0.0585 0.0000
8.6 45000 -2.50 2.0683 2.9302 0.3406 0.3508 0.0229 0.0592 0.0000
8.6 50000 -2.50 1.9707 4.0771 0.3927 0.3748 0.0230 0.0593 0.0000
8.6 55000 -2.50 2.3260 5.2557 0.4210 0.4284 0.0231 0.0597 0.0000
8.6 60000 -2.50 2.1889 6.4126 0.5334 0.4307 0.0228 0.0586 0.0017
8.6 30000 -2.25 0.6031 0.0012 0.2592 0.0849 0.0017 0.0045 0.0000
8.6 32500 -2.25 1.3537 0.0235 0.3329 0.1660 0.0055 0.0143 0.0000
8.6 35000 -2.25 2.0737 0.2929 0.3198 0.2476 0.0140 0.0363 0.0000
8.6 37500 -2.25 1.8303 1.0973 0.2517 0.2785 0.0218 0.0565 0.0000
8.6 40000 -2.25 1.5566 2.7877 0.2340 0.3273 0.0226 0.0586 0.0000
8.6 45000 -2.25 1.6392 3.9194 0.2474 0.3695 0.0229 0.0591 0.0000
8.6 50000 -2.25 1.5103 5.2320 0.2894 0.3883 0.0229 0.0591 0.0000
8.6 55000 -2.25 1.7298 6.6211 0.3102 0.4384 0.0230 0.0595 0.0000
8.6 60000 -2.25 1.6094 7.8738 0.3919 0.4320 0.0226 0.0582 0.0019
8.6 30000 -2.00 0.6567 0.0025 0.1966 0.1011 0.0020 0.0052 0.0000
8.6 32500 -2.00 1.4955 0.0477 0.2466 0.1929 0.0062 0.0161 0.0000
8.6 35000 -2.00 2.1971 0.5066 0.2322 0.2790 0.0152 0.0396 0.0000
8.6 37500 -2.00 1.6842 1.5826 0.1773 0.2988 0.0221 0.0574 0.0000
8.6 40000 -2.00 1.2507 3.5919 0.1709 0.3424 0.0226 0.0586 0.0000
8.6 45000 -2.00 1.2686 4.9308 0.1836 0.3803 0.0228 0.0590 0.0000
8.6 50000 -2.00 1.1451 6.3996 0.2174 0.3879 0.0228 0.0589 0.0011
8.6 55000 -2.00 1.2759 7.9650 0.2327 0.4321 0.0230 0.0593 0.0000
8.6 60000 -2.00 1.1823 9.3176 0.2914 0.4116 0.0225 0.0579 0.0022
8.6 30000 -1.75 0.6815 0.0052 0.1419 0.1114 0.0024 0.0062 0.0000
8.6 32500 -1.75 1.5805 0.0908 0.1772 0.2118 0.0072 0.0189 0.0000
8.6 35000 -1.75 2.1941 0.7832 0.1651 0.2996 0.0169 0.0439 0.0000
8.6 37500 -1.75 1.4758 2.1081 0.1257 0.3116 0.0223 0.0578 0.0000
8.6 40000 -1.75 0.9934 4.4172 0.1289 0.3508 0.0226 0.0586 0.0000
8.6 45000 -1.75 0.9856 5.9774 0.1409 0.3812 0.0228 0.0590 0.0000
8.6 50000 -1.75 0.8795 7.6142 0.1682 0.3729 0.0228 0.0588 0.0013
8.6 55000 -1.75 0.9577 9.3543 0.1795 0.4100 0.0229 0.0592 0.0000
8.6 60000 -1.75 0.8861 10.8153 0.2222 0.3751 0.0224 0.0577 0.0026
8.6 30000 -1.50 0.6929 0.0110 0.1003 0.1167 0.0030 0.0078 0.0000
8.6 32500 -1.50 1.6241 0.1615 0.1264 0.2243 0.0087 0.0227 0.0000
8.6 35000 -1.50 2.1102 1.1207 0.1175 0.3125 0.0186 0.0485 0.0000
8.6 37500 -1.50 1.2471 2.6817 0.0920 0.3204 0.0223 0.0581 0.0000
8.6 40000 -1.50 0.7957 5.2908 0.1012 0.3511 0.0226 0.0585 0.0000
8.6 45000 -1.50 0.7784 7.0863 0.1125 0.3704 0.0228 0.0589 0.0000
8.6 50000 -1.50 0.6929 8.9327 0.1350 0.3457 0.0227 0.0586 0.0017
8.6 55000 -1.50 0.7403 10.8325 0.1433 0.3755 0.0229 0.0592 0.0000
8.6 60000 -1.50 0.6858 12.4305 0.1751 0.3309 0.0223 0.0575 0.0034
8.9 30000 -4.00 0.0000 0.0000 0.0010 0.0000 0.0000 0.0000 0.0000
8.9 35000 -4.00 0.0088 0.0000 0.0385 0.0022 0.0071 0.0202 0.0000
8.9 37500 -4.00 0.0138 0.0000 0.0603 0.0047 0.0103 0.0282 0.0000
8.9 40000 -4.00 0.0344 0.0010 0.1182 0.0134 0.0132 0.0351 0.0000
8.9 45000 -4.00 0.0734 0.0030 0.2069 0.0286 0.0203 0.0539 0.0000
8.9 50000 -4.00 0.0855 0.0062 0.2252 0.0324 0.0218 0.0581 0.0000
8.9 55000 -4.00 0.3097 0.0085 0.6855 0.0586 0.0253 0.0666 0.0000
8.9 60000 -4.00 0.4482 0.0183 0.9265 0.0611 0.0259 0.0679 0.0000
8.9 30000 -3.75 0.0000 0.0000 0.0016 0.0000 0.0000 0.0016 0.0000
8.9 32500 -3.75 0.0024 0.0000 0.0089 0.0000 0.0026 0.0076 0.0000
8.9 35000 -3.75 0.0108 0.0000 0.0470 0.0044 0.0094 0.0266 0.0000
8.9 37500 -3.75 0.0185 0.0000 0.0708 0.0091 0.0121 0.0332 0.0000
8.9 40000 -3.75 0.0585 0.0046 0.1616 0.0306 0.0214 0.0570 0.0000
8.9 45000 -3.75 0.1025 0.0113 0.2097 0.0481 0.0220 0.0583 0.0000
8.9 50000 -3.75 0.2786 0.0163 0.5451 0.0626 0.0241 0.0635 0.0000
8.9 55000 -3.75 0.5169 0.0333 0.7591 0.0959 0.0250 0.0658 0.0000
8.9 60000 -3.75 0.7322 0.0694 1.0259 0.1011 0.0253 0.0663 0.0000
8.9 30000 -3.50 0.0000 0.0000 0.0028 0.0000 0.0000 0.0027 0.0000
8.9 32500 -3.50 0.0031 0.0000 0.0135 0.0014 0.0038 0.0114 0.0000
8.9 32500 -3.50 0.0031 0.0000 0.0135 0.0014 0.0038 0.0114 0.0000
8.9 35000 -3.50 0.0164 0.0000 0.0631 0.0096 0.0117 0.0331 0.0000
8.9 37500 -3.50 0.0322 0.0019 0.0918 0.0192 0.0136 0.0372 0.0000
8.9 40000 -3.50 0.0895 0.0186 0.1644 0.0516 0.0211 0.0561 0.0000
8.9 45000 -3.50 0.2646 0.0241 0.4191 0.0760 0.0233 0.0615 0.0000
8.9 50000 -3.50 0.4537 0.0664 0.5877 0.1044 0.0240 0.0632 0.0000
8.9 55000 -3.50 0.8325 0.1354 0.7903 0.1557 0.0246 0.0645 0.0000
8.9 60000 -3.50 1.1095 0.2563 1.0568 0.1636 0.0247 0.0645 0.0000
8.9 30000 -3.25 0.0011 0.0000 0.0060 0.0000 0.0014 0.0044 0.0000
8.9 32500 -3.25 0.0063 0.0000 0.0269 0.0042 0.0054 0.0159 0.0000
8.9 35000 -3.25 0.0461 0.0019 0.1173 0.0285 0.0162 0.0442 0.0000
8.9 37500 -3.25 0.0829 0.0117 0.1482 0.0508 0.0201 0.0537 0.0000
8.9 40000 -3.25 0.2175 0.0380 0.3123 0.0799 0.0227 0.0599 0.0000
8.9 45000 -3.25 0.4477 0.1035 0.4426 0.1298 0.0234 0.0615 0.0000
8.9 50000 -3.25 0.6974 0.2383 0.5895 0.1658 0.0238 0.0625 0.0000
8.9 55000 -3.25 1.2160 0.4520 0.7547 0.2350 0.0242 0.0633 0.0000
8.9 60000 -3.25 1.4724 0.7373 0.9949 0.2427 0.0241 0.0629 0.0012
8.9 30000 -3.00 0.0041 0.0000 0.0156 0.0023 0.0021 0.0066 0.0000
8.9 32500 -3.00 0.0436 0.0000 0.1059 0.0254 0.0112 0.0300 0.0000
8.9 35000 -3.00 0.1094 0.0085 0.1584 0.0613 0.0196 0.0521 0.0000
8.9 37500 -3.00 0.1135 0.0187 0.1811 0.0612 0.0201 0.0533 0.0000
8.9 40000 -3.00 0.3642 0.1342 0.3220 0.1324 0.0229 0.0602 0.0000
8.9 45000 -3.00 0.6675 0.3084 0.4175 0.1919 0.0234 0.0613 0.0000
8.9 50000 -3.00 0.9056 0.5774 0.5255 0.2257 0.0237 0.0619 0.0000
8.9 55000 -3.00 1.4469 1.0133 0.6417 0.3036 0.0239 0.0623 0.0000
8.9 60000 -3.00 1.6249 1.4942 0.8471 0.3132 0.0237 0.0617 0.0014
8.9 30000 -2.75 0.0329 0.0000 0.0739 0.0170 0.0051 0.0137 0.0000
8.9 32500 -2.75 0.1160 0.0027 0.1620 0.0571 0.0128 0.0340 0.0000
8.9 35000 -2.75 0.1602 0.0146 0.1884 0.0755 0.0125 0.0331 0.0000
8.9 37500 -2.75 0.2299 0.0700 0.2078 0.1118 0.0208 0.0550 0.0000
8.9 40000 -2.75 0.5250 0.3116 0.2903 0.1823 0.0230 0.0604 0.0000
8.9 45000 -2.75 0.8189 0.6173 0.3479 0.2385 0.0233 0.0611 0.0000
8.9 50000 -2.75 0.9927 1.0498 0.4293 0.2701 0.0235 0.0615 0.0000
8.9 55000 -2.75 1.4542 1.7412 0.5097 0.3519 0.0237 0.0618 0.0000
8.9 60000 -2.75 1.5462 2.4309 0.6776 0.3668 0.0234 0.0610 0.0015
8.9 30000 -2.50 0.0020 0.0000 0.0054 0.0028 0.0020 0.0064 0.0000
8.9 32500 -2.50 0.1590 0.0035 0.1822 0.0732 0.0050 0.0132 0.0000
8.9 35000 -2.50 0.3366 0.0457 0.2207 0.1341 0.0128 0.0338 0.0000
8.9 37500 -2.50 0.3752 0.1655 0.2023 0.1641 0.0214 0.0564 0.0000
8.9 40000 -2.50 0.6401 0.5466 0.2347 0.2172 0.0230 0.0605 0.0000
8.9 45000 -2.50 0.8602 1.0126 0.2715 0.2705 0.0233 0.0611 0.0000
8.9 50000 -2.50 0.9481 1.6441 0.3366 0.3035 0.0234 0.0612 0.0000
8.9 55000 -2.50 1.2890 2.6019 0.3930 0.3868 0.0235 0.0614 0.0000
8.9 60000 -2.50 1.3230 3.4953 0.5259 0.4047 0.0233 0.0604 0.0016
8.9 30000 -2.25 0.0012 0.0000 0.0083 0.0037 0.0037 0.0118 0.0000
8.9 32500 -2.25 0.2866 0.0087 0.1927 0.1178 0.0053 0.0141 0.0000
8.9 35000 -2.25 0.5517 0.0978 0.2132 0.1931 0.0135 0.0354 0.0000
8.9 37500 -2.25 0.5298 0.2851 0.1735 0.2067 0.0219 0.0576 0.0000
8.9 40000 -2.25 0.6842 0.8488 0.1815 0.2431 0.0231 0.0606 0.0000
8.9 45000 -2.25 0.7993 1.5122 0.2081 0.2953 0.0233 0.0610 0.0000
8.9 50000 -2.25 0.8261 2.3562 0.2614 0.3300 0.0233 0.0610 0.0000
8.9 55000 -2.25 1.0538 3.5589 0.3010 0.4104 0.0234 0.0611 0.0000
8.9 60000 -2.25 1.0582 4.6211 0.4023 0.4223 0.0231 0.0600 0.0018
8.9 30000 -2.00 0.0015 0.0000 0.0094 0.0051 0.0045 0.0145 0.0000
8.9 32500 -2.00 0.4070 0.0174 0.1697 0.1560 0.0059 0.0156 0.0000
8.9 35000 -2.00 0.7438 0.1634 0.1783 0.2390 0.0145 0.0382 0.0000
8.9 37500 -2.00 0.7005 0.4127 0.1387 0.2409 0.0224 0.0588 0.0000
8.9 40000 -2.00 0.6486 1.2382 0.1392 0.2635 0.0231 0.0607 0.0000
8.9 45000 -2.00 0.6976 2.1125 0.1610 0.3175 0.0233 0.0610 0.0000
8.9 50000 -2.00 0.6866 3.1732 0.2043 0.3467 0.0233 0.0608 0.0000
8.9 55000 -2.00 0.8310 4.5881 0.2322 0.4193 0.0234 0.0610 0.0000
8.9 60000 -2.00 0.8224 5.7998 0.3077 0.4169 0.0230 0.0597 0.0020
8.9 30000 -1.75 0.0041 0.0000 0.0108 0.0091 0.0045 0.0141 0.0000
8.9 32500 -1.75 0.5034 0.0306 0.1355 0.1840 0.0068 0.0180 0.0000
8.9 35000 -1.75 0.9004 0.2330 0.1382 0.2706 0.0160 0.0421 0.0000
8.9 37500 -1.75 0.8704 0.5531 0.1071 0.2670 0.0227 0.0597 0.0000
8.9 40000 -1.75 0.5586 1.7365 0.1095 0.2806 0.0231 0.0607 0.0000
8.9 45000 -1.75 0.5907 2.8237 0.1276 0.3340 0.0233 0.0609 0.0000
8.9 50000 -1.75 0.5635 4.1004 0.1629 0.3499 0.0232 0.0606 0.0011
8.9 55000 -1.75 0.6540 5.7111 0.1826 0.4114 0.0233 0.0609 0.0000
8.9 60000 -1.75 0.6407 7.0811 0.2389 0.3919 0.0229 0.0595 0.0024
8.9 30000 -1.50 0.1803 0.0035 0.0730 0.0957 0.0028 0.0076 0.0000
8.9 32500 -1.50 0.5828 0.0490 0.1040 0.2041 0.0081 0.0214 0.0000
8.9 35000 -1.50 1.0453 0.3074 0.1043 0.2926 0.0178 0.0468 0.0000
8.9 37500 -1.50 0.9553 0.7416 0.0813 0.2797 0.0228 0.0602 0.0000
8.9 40000 -1.50 0.4889 2.3112 0.0889 0.2959 0.0231 0.0607 0.0000
8.9 45000 -1.50 0.4973 3.6508 0.1047 0.3403 0.0232 0.0608 0.0000
8.9 50000 -1.50 0.4668 5.1793 0.1336 0.3396 0.0232 0.0604 0.0015
8.9 55000 -1.50 0.5243 7.0036 0.1478 0.3894 0.0233 0.0608 0.0000
8.9 60000 -1.50 0.5106 8.5643 0.1904 0.3556 0.0228 0.0592 0.0030
