#Cloudy 17.00 models results grids
# O/H: 7.1 - 8.9, log U: -4.0 - -1.5, T*: 30 - 90 kK
# SED: Black-body
#Spherical geometry
#
#12+log(O/H) Teff log(Usp) OII_3727 OIII_5007 SII_6717,31 SIII_9069 He1_5876 He2_4686
7.1 90000.0 -4.01 0.5477 0.0283 0.1721 0.0109 0.0628 0.0272
7.1 80000.0 -4.01 0.5526 0.0242 0.1653 0.0108 0.0625 0.0157
7.1 70000.0 -4.01 0.5555 0.0189 0.1587 0.0105 0.0613 0.0074
7.1 60000.0 -4.01 0.5538 0.0127 0.1529 0.0099 0.059 0.0026
7.1 55000.0 -4.01 0.5496 0.0095 0.1508 0.0093 0.0572 0.0013
7.1 50000.0 -4.01 0.542 0.0066 0.1494 0.0086 0.0549 0.0
7.1 45000.0 -4.01 0.5298 0.004 0.1489 0.0077 0.0516 0.0
7.1 30000.0 -4.0 0.4474 0.0 0.1521 0.0031 0.0281 0.0
7.1 32500.0 -4.0 0.4674 0.0 0.1517 0.004 0.0342 0.0
7.1 35000.0 -4.0 0.4846 0.0 0.151 0.0048 0.0393 0.0
7.1 37500.0 -4.0 0.4991 0.0014 0.1501 0.0057 0.0435 0.0
7.1 40000.0 -4.0 0.5113 0.0021 0.1495 0.0064 0.0468 0.0
7.1 90000.0 -3.76 0.6037 0.0964 0.1399 0.0154 0.0577 0.0364
7.1 80000.0 -3.76 0.6181 0.0838 0.1351 0.0154 0.0587 0.0213
7.1 70000.0 -3.76 0.6337 0.0662 0.131 0.0152 0.0588 0.0103
7.1 60000.0 -3.76 0.646 0.0452 0.1281 0.0146 0.058 0.0037
7.1 55000.0 -3.76 0.6488 0.0343 0.1276 0.014 0.057 0.0019
7.1 50000.0 -3.76 0.6471 0.0239 0.1281 0.0132 0.0556 0.0
7.1 45000.0 -3.76 0.6383 0.0148 0.1302 0.012 0.0534 0.0
7.1 30000.0 -3.75 0.5429 0.0 0.1486 0.0053 0.0319 0.0
7.1 40000.0 -3.75 0.6202 0.0077 0.1343 0.0103 0.0498 0.0
7.1 32500.0 -3.75 0.5682 0.0017 0.1447 0.0067 0.0384 0.0
7.1 37500.0 -3.75 0.6065 0.0051 0.1373 0.0092 0.0471 0.0
7.1 35000.0 -3.75 0.5894 0.0031 0.1408 0.0081 0.0434 0.0
7.1 37500.0 -3.52 0.7262 0.0182 0.119 0.0142 0.0498 0.0
7.1 35000.0 -3.52 0.709 0.0111 0.1249 0.0126 0.0466 0.0
7.1 32500.0 -3.52 0.6863 0.0061 0.1323 0.0108 0.0417 0.0
7.1 30000.0 -3.51 0.6555 0.0029 0.1403 0.0088 0.0346 0.0
7.1 40000.0 -3.51 0.7406 0.0286 0.1135 0.0157 0.0519 0.0
7.1 55000.0 -3.51 0.7134 0.1192 0.101 0.02 0.0565 0.0024
7.1 50000.0 -3.51 0.7348 0.0866 0.1026 0.0191 0.0557 0.0011
7.1 45000.0 -3.5 0.7471 0.0555 0.1062 0.0178 0.0544 0.0
7.1 90000.0 -3.51 0.5626 0.2767 0.1071 0.0211 0.0532 0.0459
7.1 80000.0 -3.51 0.5936 0.2506 0.1039 0.0212 0.0553 0.027
7.1 70000.0 -3.5 0.6354 0.2115 0.1012 0.0212 0.0566 0.0131
7.1 60000.0 -3.5 0.6874 0.1563 0.0998 0.0207 0.0568 0.0047
7.1 30000.0 -3.28 0.7914 0.0106 0.1245 0.0138 0.0365 0.0
7.1 32500.0 -3.28 0.8217 0.0225 0.1127 0.0165 0.0443 0.0
7.1 37500.0 -3.27 0.8438 0.0668 0.095 0.0207 0.0517 0.0
7.1 35000.0 -3.27 0.8412 0.0419 0.1023 0.0189 0.0491 0.0
7.1 40000.0 -3.27 0.836 0.1002 0.0889 0.0223 0.0532 0.0
7.1 50000.0 -3.26 0.7261 0.2583 0.0769 0.0258 0.0556 0.0012
7.1 45000.0 -3.26 0.7892 0.1825 0.0805 0.0246 0.0548 0.0
7.1 90000.0 -3.27 0.4414 0.5284 0.0794 0.0262 0.05 0.0519
7.1 80000.0 -3.27 0.4754 0.5055 0.0773 0.0267 0.0529 0.0303
7.1 70000.0 -3.27 0.527 0.4624 0.0753 0.027 0.0549 0.0146
7.1 60000.0 -3.26 0.6072 0.3867 0.0742 0.027 0.0558 0.0053
7.1 55000.0 -3.26 0.6614 0.3319 0.0746 0.0267 0.0558 0.0027
7.1 32500.0 -3.06 0.9397 0.0742 0.0906 0.0228 0.0464 0.0
7.1 30000.0 -3.05 0.933 0.038 0.1032 0.0201 0.0383 0.0
7.1 35000.0 -3.05 0.9261 0.1314 0.0794 0.0255 0.051 0.0
7.1 37500.0 -3.04 0.8867 0.2032 0.0713 0.0276 0.053 0.0
7.1 40000.0 -3.02 0.8291 0.2878 0.065 0.0294 0.0541 0.0
7.1 45000.0 -3.02 0.7067 0.4339 0.0583 0.0313 0.055 0.0
7.1 50000.0 -3.02 0.6024 0.5486 0.0552 0.0323 0.0553 0.0013
7.1 55000.0 -3.02 0.5219 0.6351 0.0538 0.0327 0.0553 0.003
7.1 90000.0 -3.03 0.3232 0.7784 0.0572 0.0292 0.0477 0.0556
7.1 80000.0 -3.02 0.3478 0.7863 0.0557 0.0305 0.051 0.0324
7.1 70000.0 -3.02 0.3878 0.7669 0.0541 0.0318 0.0535 0.0157
7.1 60000.0 -3.01 0.4594 0.7045 0.053 0.0327 0.0549 0.0057
7.1 30000.0 -2.81 1.0309 0.1171 0.0805 0.0266 0.0411 0.0
7.1 32500.0 -2.8 0.9858 0.2144 0.0674 0.0298 0.049 0.0
7.1 35000.0 -2.8 0.9093 0.3233 0.0584 0.0321 0.0525 0.0
7.1 37500.0 -2.8 0.8209 0.4335 0.0524 0.0338 0.0539 0.0
7.1 40000.0 -2.79 0.7266 0.5526 0.0475 0.0353 0.0545 0.0
7.1 45000.0 -2.77 0.5731 0.7348 0.0424 0.0369 0.055 0.0
7.1 50000.0 -2.77 0.4672 0.8578 0.0403 0.0372 0.055 0.0015
7.1 55000.0 -2.77 0.3967 0.9375 0.0397 0.0368 0.0547 0.0034
7.1 90000.0 -2.8 0.2482 0.9416 0.0437 0.0294 0.0457 0.0605
7.1 80000.0 -2.79 0.2651 0.9995 0.0425 0.0315 0.0495 0.0356
7.1 70000.0 -2.78 0.2937 1.0224 0.041 0.0338 0.0523 0.0174
7.1 60000.0 -2.77 0.3484 0.9892 0.0398 0.036 0.0542 0.0064
7.1 30000.0 -2.57 1.0356 0.2474 0.0615 0.0321 0.0449 0.0
7.1 32500.0 -2.56 0.9374 0.3949 0.0505 0.0351 0.0515 0.0
7.1 35000.0 -2.56 0.8223 0.5434 0.0435 0.0372 0.0536 0.0
7.1 37500.0 -2.55 0.711 0.6799 0.039 0.0386 0.0544 0.0
7.1 40000.0 -2.53 0.6047 0.8177 0.0353 0.0398 0.0547 0.0
7.1 45000.0 -2.53 0.4603 0.9973 0.0323 0.0404 0.0549 0.0
7.1 50000.0 -2.53 0.3688 1.114 0.0312 0.0398 0.0548 0.0019
7.1 55000.0 -2.52 0.3099 1.1883 0.031 0.0386 0.0543 0.0041
7.1 90000.0 -2.55 0.1966 1.0465 0.0349 0.0281 0.0435 0.0685
7.1 80000.0 -2.54 0.2089 1.1524 0.034 0.0306 0.0478 0.0411
7.1 70000.0 -2.53 0.2298 1.224 0.0326 0.0336 0.0512 0.0206
7.1 60000.0 -2.52 0.271 1.2299 0.0313 0.037 0.0535 0.0078
7.1 30000.0 -2.32 0.9812 0.3989 0.046 0.0364 0.049 0.0
7.1 32500.0 -2.32 0.8482 0.5819 0.0377 0.039 0.0532 0.0
7.1 35000.0 -2.31 0.7141 0.7556 0.0327 0.0408 0.0543 0.0
7.1 37500.0 -2.3 0.5994 0.9019 0.0298 0.0419 0.0547 0.0
7.1 40000.0 -2.28 0.496 1.045 0.0272 0.0426 0.0548 0.0
7.1 45000.0 -2.27 0.3693 1.2203 0.0255 0.0422 0.0548 0.0
7.1 50000.0 -2.27 0.2926 1.3321 0.0251 0.0407 0.0544 0.0025
7.1 55000.0 -2.27 0.2461 1.3943 0.0253 0.0386 0.0537 0.0054
7.1 90000.0 -2.31 0.1599 1.1076 0.029 0.0261 0.0411 0.0796
7.1 80000.0 -2.3 0.1691 1.2583 0.0282 0.0289 0.0459 0.0489
7.1 70000.0 -2.28 0.1848 1.375 0.0271 0.0323 0.0499 0.0253
7.1 60000.0 -2.27 0.216 1.4196 0.0257 0.0364 0.0527 0.01
7.1 30000.0 -2.07 0.8946 0.5605 0.0341 0.0397 0.0522 0.0
7.1 32500.0 -2.07 0.7423 0.7676 0.0285 0.0419 0.054 0.0
7.1 35000.0 -2.06 0.6052 0.9519 0.0252 0.0433 0.0545 0.0
7.1 37500.0 -2.06 0.4972 1.1005 0.0234 0.0439 0.0548 0.0
7.1 90000.0 -2.12 0.1386 1.1269 0.0256 0.0245 0.0391 0.0895
7.1 80000.0 -2.11 0.1463 1.3107 0.025 0.0273 0.0443 0.0563
7.1 70000.0 -2.1 0.1591 1.4636 0.0241 0.0308 0.0487 0.03
7.1 60000.0 -2.08 0.1845 1.5388 0.0227 0.0353 0.052 0.0123
7.1 55000.0 -2.07 0.2075 1.5326 0.022 0.0379 0.0532 0.0068
7.1 50000.0 -2.05 0.2435 1.4882 0.0215 0.0404 0.0541 0.0032
7.1 40000.0 -2.03 0.4053 1.2406 0.0218 0.044 0.0548 0.0
7.1 45000.0 -2.01 0.2962 1.4157 0.0208 0.0427 0.0546 0.0013
7.1 30000.0 -1.82 0.7942 0.7229 0.0258 0.0421 0.0535 0.0
7.1 32500.0 -1.82 0.637 0.9432 0.0222 0.0439 0.0543 0.0
7.1 35000.0 -1.82 0.5073 1.13 0.0202 0.0448 0.0546 0.0
7.1 37500.0 -1.8 0.4078 1.2844 0.0189 0.045 0.0547 0.0
7.1 50000.0 -1.79 0.1975 1.6552 0.0183 0.0393 0.0536 0.0045
7.1 40000.0 -1.76 0.3268 1.4275 0.0178 0.0446 0.0547 0.0
7.1 45000.0 -1.76 0.2399 1.5888 0.0176 0.0422 0.0543 0.0019
7.1 55000.0 -1.75 0.1624 1.7166 0.0185 0.0357 0.0522 0.0099
7.1 90000.0 -1.81 0.1111 1.1088 0.0212 0.0215 0.0353 0.1094
7.1 80000.0 -1.8 0.1171 1.3485 0.0209 0.0242 0.0413 0.0716
7.1 70000.0 -1.78 0.1263 1.5687 0.0202 0.0278 0.0465 0.04
7.1 60000.0 -1.76 0.1445 1.7054 0.0191 0.0326 0.0506 0.0175
7.1 30000.0 -1.57 0.6855 0.8912 0.0199 0.0439 0.0539 0.0
7.1 32500.0 -1.57 0.5355 1.1171 0.0177 0.0453 0.0544 0.0
7.1 35000.0 -1.57 0.421 1.2996 0.0165 0.0458 0.0546 0.0
7.1 37500.0 -1.55 0.3353 1.4513 0.0158 0.0454 0.0546 0.0
7.1 40000.0 -1.51 0.2671 1.5927 0.0151 0.0443 0.0545 0.0
7.1 45000.0 -1.5 0.1972 1.7439 0.0153 0.041 0.0539 0.0027
7.1 50000.0 -1.5 0.1581 1.8241 0.0158 0.0371 0.0528 0.0067
7.1 55000.0 -1.5 0.1358 1.8401 0.0164 0.0334 0.0513 0.0133
7.1 90000.0 -1.57 0.0948 1.0554 0.0185 0.0192 0.0321 0.1272
7.1 80000.0 -1.55 0.0999 1.3334 0.0184 0.0219 0.0385 0.086
7.1 70000.0 -1.53 0.1073 1.6109 0.0179 0.0253 0.0444 0.0501
7.1 60000.0 -1.5 0.1214 1.8073 0.017 0.0301 0.0493 0.0231
7.4 90000.0 -4.01 1.0654 0.055 0.3401 0.0215 0.0632 0.0272
7.4 80000.0 -4.01 1.0699 0.0468 0.3258 0.0211 0.0628 0.0157
7.4 70000.0 -4.01 1.069 0.0363 0.312 0.0205 0.0616 0.0075
7.4 60000.0 -4.01 1.0569 0.0242 0.2994 0.0192 0.0593 0.0026
7.4 55000.0 -4.01 1.0432 0.0181 0.2943 0.0181 0.0575 0.0013
7.4 50000.0 -4.01 1.0228 0.0124 0.2906 0.0167 0.0552 0.0
7.4 30000.0 -4.0 0.8007 0.0 0.2867 0.0058 0.0281 0.0
7.4 32500.0 -4.0 0.8457 0.0 0.2878 0.0075 0.0342 0.0
7.4 35000.0 -4.0 0.8846 0.0016 0.2879 0.0092 0.0394 0.0
7.4 37500.0 -4.0 0.9187 0.0026 0.2878 0.0108 0.0436 0.0
7.4 45000.0 -4.0 0.9914 0.0076 0.2883 0.0147 0.0518 0.0
7.4 40000.0 -4.0 0.9469 0.0039 0.2876 0.0122 0.0469 0.0
7.4 90000.0 -3.76 1.1742 0.1871 0.2768 0.0304 0.0581 0.0365
7.4 80000.0 -3.76 1.1964 0.1618 0.2667 0.0303 0.059 0.0214
7.4 70000.0 -3.76 1.2178 0.1272 0.2576 0.0297 0.0592 0.0103
7.4 60000.0 -3.76 1.2306 0.086 0.251 0.0283 0.0583 0.0037
7.4 55000.0 -3.76 1.2285 0.065 0.2491 0.0271 0.0573 0.0019
7.4 50000.0 -3.76 1.2176 0.0451 0.2493 0.0254 0.0558 0.0
7.4 45000.0 -3.76 1.19 0.0277 0.252 0.023 0.0536 0.0
7.4 30000.0 -3.75 0.9654 0.0015 0.2793 0.0099 0.0319 0.0
7.4 32500.0 -3.75 1.0221 0.0031 0.274 0.0126 0.0385 0.0
7.4 40000.0 -3.75 1.1445 0.0143 0.2584 0.0196 0.05 0.0
7.4 35000.0 -3.75 1.0704 0.0057 0.2682 0.0152 0.0436 0.0
7.4 37500.0 -3.75 1.1111 0.0094 0.2629 0.0176 0.0473 0.0
7.4 30000.0 -3.51 1.1536 0.0051 0.2629 0.0162 0.0347 0.0
7.4 37500.0 -3.51 1.3191 0.0332 0.2274 0.0269 0.05 0.0
7.4 35000.0 -3.51 1.2766 0.0201 0.2375 0.0238 0.0468 0.0
7.4 32500.0 -3.51 1.2228 0.0109 0.2498 0.0202 0.0419 0.0
7.4 40000.0 -3.51 1.3571 0.0525 0.218 0.0299 0.0522 0.0
7.4 55000.0 -3.51 1.3456 0.2244 0.1971 0.0387 0.0568 0.0024
7.4 50000.0 -3.5 1.3751 0.1618 0.1995 0.0369 0.056 0.0011
7.4 45000.0 -3.5 1.3846 0.1029 0.2053 0.0342 0.0547 0.0
7.4 90000.0 -3.51 1.0945 0.5354 0.212 0.0414 0.0536 0.0462
7.4 80000.0 -3.51 1.1482 0.4823 0.2051 0.0416 0.0557 0.0271
7.4 70000.0 -3.5 1.2194 0.404 0.199 0.0414 0.0569 0.0131
7.4 60000.0 -3.5 1.3052 0.2958 0.1953 0.0402 0.0572 0.0047
7.4 30000.0 -3.27 1.3723 0.0184 0.2322 0.0254 0.0367 0.0
7.4 32500.0 -3.27 1.4436 0.0396 0.212 0.0306 0.0445 0.0
7.4 37500.0 -3.27 1.5153 0.1198 0.181 0.0389 0.052 0.0
7.4 35000.0 -3.27 1.4955 0.0745 0.1938 0.0353 0.0494 0.0
7.4 40000.0 -3.27 1.5135 0.1811 0.17 0.0421 0.0536 0.0
7.4 50000.0 -3.26 1.3487 0.4774 0.149 0.0495 0.056 0.0012
7.4 45000.0 -3.26 1.4486 0.3339 0.1551 0.0469 0.0552 0.0
7.4 90000.0 -3.27 0.8599 1.0205 0.1572 0.0514 0.0505 0.0523
7.4 80000.0 -3.27 0.92 0.9699 0.1525 0.0522 0.0533 0.0305
7.4 70000.0 -3.26 1.0104 0.8793 0.148 0.0526 0.0553 0.0147
7.4 60000.0 -3.26 1.149 0.7266 0.1451 0.0522 0.0562 0.0053
7.4 55000.0 -3.26 1.2411 0.6189 0.1453 0.0513 0.0563 0.0028
7.4 32500.0 -3.05 1.6279 0.1275 0.1696 0.0421 0.0467 0.0
7.4 30000.0 -3.04 1.5909 0.0645 0.1915 0.0366 0.0386 0.0
7.4 35000.0 -3.04 1.6242 0.2291 0.1495 0.0473 0.0513 0.0
7.4 37500.0 -3.03 1.5712 0.3581 0.1349 0.0515 0.0534 0.0
7.4 40000.0 -3.02 1.4835 0.5114 0.1235 0.055 0.0545 0.0
7.4 45000.0 -3.01 1.2863 0.783 0.1118 0.0592 0.0554 0.0
7.4 50000.0 -3.01 1.1126 1.0028 0.1065 0.0614 0.0558 0.0013
7.4 55000.0 -3.01 0.9756 1.1731 0.1043 0.0625 0.0558 0.003
7.4 90000.0 -3.02 0.6296 1.4987 0.1131 0.0573 0.0482 0.0563
7.4 80000.0 -3.02 0.6727 1.5013 0.1098 0.0596 0.0516 0.0328
7.4 70000.0 -3.01 0.7426 1.4487 0.1061 0.0617 0.054 0.0159
7.4 60000.0 -3.01 0.8669 1.3123 0.1032 0.063 0.0554 0.0058
7.4 30000.0 -2.8 1.7307 0.1939 0.1485 0.0482 0.0413 0.0
7.4 32500.0 -2.79 1.6817 0.3613 0.1253 0.0544 0.0493 0.0
7.4 35000.0 -2.79 1.5743 0.5529 0.1091 0.0591 0.0529 0.0
7.4 37500.0 -2.79 1.4395 0.7508 0.0984 0.0626 0.0543 0.0
7.4 40000.0 -2.78 1.2891 0.9668 0.0897 0.0657 0.055 0.0
7.4 45000.0 -2.77 1.0371 1.3088 0.0808 0.0691 0.0555 0.0
7.4 50000.0 -2.76 0.8592 1.55 0.0773 0.0703 0.0556 0.0015
7.4 55000.0 -2.76 0.739 1.7142 0.0766 0.07 0.0553 0.0034
7.4 90000.0 -2.79 0.4835 1.8102 0.0863 0.0574 0.0463 0.0614
7.4 80000.0 -2.78 0.5125 1.9004 0.0836 0.0612 0.0501 0.0361
7.4 70000.0 -2.78 0.5618 1.919 0.0803 0.0652 0.053 0.0177
7.4 60000.0 -2.77 0.656 1.8266 0.0771 0.0689 0.0548 0.0065
7.4 30000.0 -2.56 1.7244 0.4035 0.1128 0.0576 0.0451 0.0
7.4 32500.0 -2.55 1.5887 0.6565 0.0934 0.0635 0.0519 0.0
7.4 35000.0 -2.55 1.4158 0.9177 0.0807 0.0678 0.0541 0.0
7.4 37500.0 -2.55 1.2418 1.1641 0.0728 0.0709 0.0549 0.0
7.4 40000.0 -2.52 1.0693 1.4156 0.0662 0.0735 0.0553 0.0
7.4 45000.0 -2.52 0.8313 1.76 0.0612 0.0753 0.0555 0.0
7.4 50000.0 -2.52 0.6772 1.9962 0.0596 0.0748 0.0554 0.0019
7.4 55000.0 -2.52 0.5767 2.1563 0.0597 0.073 0.0549 0.0042
7.4 90000.0 -2.55 0.3832 2.0123 0.069 0.0547 0.0442 0.0699
7.4 80000.0 -2.54 0.4037 2.1879 0.0668 0.0592 0.0485 0.0419
7.4 70000.0 -2.53 0.4393 2.2876 0.0638 0.0646 0.0519 0.021
7.4 60000.0 -2.51 0.5098 2.2564 0.0605 0.0703 0.0542 0.008
7.4 30000.0 -2.31 1.6312 0.6461 0.0843 0.065 0.0493 0.0
7.4 32500.0 -2.31 1.4374 0.9611 0.0695 0.0703 0.0536 0.0
7.4 35000.0 -2.3 1.2302 1.2683 0.0605 0.0741 0.0547 0.0
7.4 37500.0 -2.3 1.0477 1.5355 0.0553 0.0765 0.0552 0.0
7.4 40000.0 -2.27 0.8783 1.8001 0.0509 0.0782 0.0554 0.0
7.4 45000.0 -2.26 0.6676 2.1439 0.0482 0.0782 0.0554 0.0
7.4 50000.0 -2.26 0.5379 2.3777 0.0477 0.0761 0.0551 0.0025
7.4 55000.0 -2.26 0.4584 2.5209 0.0485 0.0727 0.0545 0.0055
7.4 90000.0 -2.3 0.3119 2.1364 0.0573 0.0508 0.0419 0.0814
7.4 80000.0 -2.29 0.3271 2.3914 0.0555 0.0557 0.0467 0.0501
7.4 70000.0 -2.28 0.3534 2.5671 0.0529 0.0617 0.0507 0.0259
7.4 60000.0 -2.26 0.4067 2.5967 0.0497 0.0689 0.0535 0.0102
7.4 30000.0 -2.06 1.4923 0.9065 0.0624 0.0708 0.0525 0.0
7.4 32500.0 -2.06 1.2627 1.2662 0.0524 0.0754 0.0545 0.0
7.4 35000.0 -2.05 1.047 1.5964 0.0466 0.0784 0.055 0.0
7.4 37500.0 -2.05 0.8727 1.8718 0.0435 0.08 0.0553 0.0
7.4 90000.0 -2.12 0.2707 2.181 0.0506 0.0476 0.0399 0.0918
7.4 80000.0 -2.11 0.2832 2.4987 0.0492 0.0525 0.0452 0.0578
7.4 70000.0 -2.09 0.3044 2.7357 0.0469 0.0587 0.0496 0.0307
7.4 60000.0 -2.07 0.3477 2.8138 0.0439 0.0666 0.0529 0.0125
7.4 55000.0 -2.06 0.387 2.7696 0.0423 0.071 0.054 0.0069
7.4 50000.0 -2.05 0.4486 2.6538 0.0409 0.0754 0.0548 0.0033
7.4 40000.0 -2.02 0.7204 2.1359 0.0407 0.0806 0.0554 0.0
7.4 45000.0 -2.01 0.5373 2.4861 0.0393 0.0789 0.0552 0.0013
7.4 30000.0 -1.81 1.333 1.1716 0.0471 0.0751 0.0539 0.0
7.4 32500.0 -1.81 1.0899 1.5588 0.0408 0.0789 0.0548 0.0
7.4 35000.0 -1.81 0.8826 1.8988 0.0372 0.0811 0.0551 0.0
7.4 37500.0 -1.79 0.7195 2.189 0.0351 0.0819 0.0553 0.0
7.4 50000.0 -1.79 0.3649 2.9557 0.0349 0.073 0.0543 0.0046
7.4 40000.0 -1.75 0.584 2.4633 0.0332 0.0815 0.0553 0.0
7.4 45000.0 -1.75 0.4369 2.7955 0.0332 0.0779 0.055 0.0019
7.4 55000.0 -1.75 0.3037 3.1066 0.0354 0.0668 0.0531 0.01
7.4 90000.0 -1.81 0.2176 2.1614 0.0419 0.0419 0.0361 0.1125
7.4 80000.0 -1.79 0.2272 2.5877 0.0411 0.0467 0.0422 0.0737
7.4 70000.0 -1.77 0.2423 2.9455 0.0394 0.0529 0.0475 0.0411
7.4 60000.0 -1.75 0.2729 3.126 0.0368 0.0614 0.0516 0.0179
7.4 30000.0 -1.56 1.1605 1.4512 0.0363 0.0783 0.0544 0.0
7.4 32500.0 -1.57 0.9232 1.854 0.0325 0.0814 0.0549 0.0
7.4 35000.0 -1.56 0.7372 2.1923 0.0305 0.0828 0.0551 0.0
7.4 37500.0 -1.55 0.595 2.4824 0.0293 0.0826 0.0552 0.0
7.4 40000.0 -1.5 0.4798 2.7586 0.0282 0.081 0.0551 0.0
7.4 45000.0 -1.5 0.3605 3.0772 0.0289 0.0755 0.0546 0.0027
7.4 50000.0 -1.49 0.2932 3.2676 0.0301 0.0688 0.0536 0.0068
7.4 55000.0 -1.5 0.2547 3.3415 0.0315 0.0624 0.0522 0.0136
7.4 90000.0 -1.56 0.1861 2.0683 0.0366 0.0375 0.0328 0.1311
7.4 80000.0 -1.54 0.1944 2.5747 0.0362 0.0421 0.0394 0.0888
7.4 70000.0 -1.52 0.2062 3.043 0.035 0.0482 0.0454 0.0516
7.4 60000.0 -1.49 0.2297 3.3261 0.0328 0.0566 0.0503 0.0236
7.7 90000.0 -4.01 2.0118 0.1037 0.6637 0.0416 0.0639 0.0273
7.7 80000.0 -4.01 1.9994 0.0875 0.6329 0.0408 0.0635 0.0158
7.7 70000.0 -4.01 1.9694 0.0669 0.6017 0.0392 0.0623 0.0075
7.7 60000.0 -4.01 1.911 0.0439 0.5718 0.0363 0.0599 0.0026
7.7 55000.0 -4.01 1.8646 0.0325 0.5585 0.034 0.058 0.0013
7.7 30000.0 -4.0 1.2437 0.0 0.5001 0.0101 0.0281 0.0
7.7 32500.0 -4.0 1.3501 0.0014 0.5104 0.0131 0.0343 0.0
7.7 35000.0 -4.0 1.4441 0.0026 0.5176 0.0163 0.0395 0.0
7.7 37500.0 -4.0 1.5274 0.0044 0.5232 0.0193 0.0438 0.0
7.7 40000.0 -4.0 1.5991 0.0067 0.5277 0.0222 0.0472 0.0
7.7 50000.0 -4.0 1.8015 0.022 0.5467 0.031 0.0556 0.0
7.7 45000.0 -4.0 1.7153 0.0132 0.5367 0.0271 0.0522 0.0
7.7 90000.0 -3.76 2.2178 0.3515 0.5409 0.0589 0.0588 0.0367
7.7 80000.0 -3.76 2.2329 0.3006 0.5188 0.0583 0.0597 0.0215
7.7 70000.0 -3.76 2.2404 0.2333 0.4977 0.0568 0.0598 0.0103
7.7 60000.0 -3.76 2.2183 0.1548 0.4799 0.0535 0.0589 0.0037
7.7 55000.0 -3.76 2.1859 0.1157 0.4731 0.0508 0.0579 0.0019
7.7 30000.0 -3.75 1.4914 0.0024 0.487 0.017 0.032 0.0
7.7 32500.0 -3.75 1.6206 0.005 0.4855 0.022 0.0387 0.0
7.7 50000.0 -3.75 2.1321 0.0792 0.4693 0.0471 0.0563 0.0
7.7 35000.0 -3.75 1.7345 0.0094 0.4818 0.0268 0.0438 0.0
7.7 45000.0 -3.75 2.0456 0.0478 0.4693 0.0421 0.054 0.0
7.7 37500.0 -3.75 1.833 0.0157 0.4775 0.0314 0.0475 0.0
7.7 40000.0 -3.75 1.9168 0.0242 0.4738 0.0354 0.0503 0.0
7.7 30000.0 -3.51 1.7636 0.0079 0.4572 0.0276 0.035 0.0
7.7 32500.0 -3.51 1.914 0.0173 0.4414 0.0349 0.0421 0.0
7.7 35000.0 -3.51 2.0447 0.0325 0.4259 0.0417 0.0471 0.0
7.7 37500.0 -3.51 2.1518 0.0546 0.4125 0.0478 0.0504 0.0
7.7 40000.0 -3.5 2.2465 0.0872 0.3992 0.0536 0.0526 0.0
7.7 55000.0 -3.5 2.3765 0.3949 0.374 0.0721 0.0574 0.0024
7.7 50000.0 -3.5 2.3885 0.2806 0.3751 0.0681 0.0566 0.0011
7.7 45000.0 -3.5 2.3559 0.1753 0.3818 0.0624 0.0552 0.0
7.7 90000.0 -3.51 2.0693 1.0013 0.4146 0.0802 0.0543 0.0466
7.7 80000.0 -3.5 2.1424 0.8909 0.3991 0.0799 0.0564 0.0273
7.7 70000.0 -3.5 2.2362 0.7344 0.3844 0.0787 0.0576 0.0132
7.7 60000.0 -3.5 2.3392 0.5269 0.3732 0.0756 0.0578 0.0048
7.7 32500.0 -3.27 2.2259 0.0614 0.3738 0.0526 0.0449 0.0
7.7 30000.0 -3.26 2.0618 0.028 0.4024 0.043 0.037 0.0
7.7 35000.0 -3.26 2.3539 0.1178 0.3462 0.0616 0.0498 0.0
7.7 37500.0 -3.26 2.4308 0.1924 0.3269 0.0687 0.0525 0.0
7.7 40000.0 -3.26 2.4687 0.2949 0.31 0.075 0.0541 0.0
7.7 50000.0 -3.25 2.3147 0.8116 0.2788 0.0905 0.0566 0.0012
7.7 45000.0 -3.25 2.4282 0.5562 0.2869 0.0848 0.0558 0.0
7.7 90000.0 -3.27 1.6269 1.8981 0.3072 0.0991 0.0512 0.053
7.7 80000.0 -3.26 1.7175 1.7782 0.2963 0.0998 0.0541 0.0309
7.7 70000.0 -3.26 1.8503 1.5822 0.2851 0.0996 0.0561 0.0149
7.7 60000.0 -3.25 2.0479 1.2754 0.2762 0.0973 0.0569 0.0054
7.7 55000.0 -3.25 2.1731 1.07 0.2744 0.0949 0.0569 0.0028
7.7 32500.0 -3.04 2.4621 0.1928 0.2972 0.0719 0.0471 0.0
7.7 30000.0 -3.03 2.3465 0.0951 0.3302 0.0616 0.0389 0.0
7.7 35000.0 -3.03 2.5079 0.3522 0.2651 0.0818 0.0518 0.0
7.7 37500.0 -3.02 2.4727 0.5589 0.2415 0.0899 0.0539 0.0
7.7 40000.0 -3.01 2.3744 0.8092 0.2228 0.0968 0.055 0.0
7.7 45000.0 -3.0 2.1261 1.2722 0.2045 0.1055 0.0561 0.0
7.7 50000.0 -3.0 1.8902 1.6676 0.1973 0.1109 0.0565 0.0014
7.7 55000.0 -3.0 1.6964 1.9903 0.1954 0.1141 0.0565 0.003
7.7 90000.0 -3.02 1.1915 2.7695 0.2205 0.11 0.0491 0.0574
7.7 80000.0 -3.01 1.2548 2.7254 0.2126 0.1133 0.0524 0.0334
7.7 70000.0 -3.0 1.3572 2.5732 0.2034 0.1157 0.0549 0.0162
7.7 60000.0 -3.0 1.5372 2.2647 0.195 0.1161 0.0562 0.0059
7.7 30000.0 -2.79 2.517 0.2794 0.2547 0.0806 0.0416 0.0
7.7 32500.0 -2.78 2.501 0.5314 0.2177 0.0919 0.0498 0.0
7.7 35000.0 -2.78 2.3943 0.8291 0.1913 0.1008 0.0535 0.0
7.7 37500.0 -2.78 2.2378 1.1458 0.1742 0.1077 0.0549 0.0
7.7 40000.0 -2.76 2.0417 1.4985 0.1599 0.1139 0.0556 0.0
7.7 45000.0 -2.75 1.7019 2.0877 0.1462 0.1216 0.0562 0.0
7.7 50000.0 -2.75 1.4532 2.535 0.142 0.1253 0.0563 0.0016
7.7 55000.0 -2.75 1.2815 2.8653 0.1424 0.1264 0.0562 0.0035
7.7 90000.0 -2.78 0.9142 3.3314 0.1679 0.1095 0.0473 0.0629
7.7 80000.0 -2.78 0.9545 3.4251 0.1613 0.1153 0.0511 0.0369
7.7 70000.0 -2.77 1.0249 3.3722 0.1531 0.1212 0.054 0.018
7.7 60000.0 -2.75 1.1609 3.1109 0.1448 0.1257 0.0557 0.0067
7.7 30000.0 -2.54 2.4943 0.5743 0.193 0.0958 0.0453 0.0
7.7 32500.0 -2.54 2.3554 0.9545 0.1615 0.1065 0.0523 0.0
7.7 35000.0 -2.53 2.1497 1.3611 0.1406 0.1147 0.0547 0.0
7.7 37500.0 -2.53 1.9269 1.7576 0.1279 0.1208 0.0555 0.0
7.7 40000.0 -2.51 1.6948 2.1733 0.1173 0.1262 0.0559 0.0
7.7 45000.0 -2.5 1.3667 2.785 0.1101 0.1313 0.0562 0.0
7.7 50000.0 -2.5 1.1477 3.2415 0.109 0.1323 0.0562 0.0019
7.7 55000.0 -2.5 1.0019 3.5798 0.1105 0.1307 0.0558 0.0042
7.7 90000.0 -2.54 0.7249 3.7085 0.1341 0.1039 0.0453 0.0717
7.7 80000.0 -2.53 0.7523 3.9352 0.1285 0.1111 0.0496 0.043
7.7 70000.0 -2.52 0.8019 4.0009 0.1213 0.1192 0.053 0.0215
7.7 60000.0 -2.5 0.9037 3.8188 0.1132 0.1275 0.0551 0.0081
7.7 30000.0 -2.29 2.3685 0.9155 0.1446 0.1077 0.0495 0.0
7.7 32500.0 -2.29 2.1426 1.3926 0.12 0.1174 0.0542 0.0
7.7 35000.0 -2.28 1.8799 1.876 0.1052 0.1247 0.0553 0.0
7.7 37500.0 -2.28 1.6377 2.3145 0.0971 0.1298 0.0558 0.0
7.7 40000.0 -2.25 1.4032 2.7618 0.09 0.1337 0.0561 0.0
7.7 45000.0 -2.25 1.106 3.3919 0.0867 0.136 0.0562 0.0
7.7 50000.0 -2.25 0.9179 3.8603 0.0872 0.1342 0.056 0.0025
7.7 55000.0 -2.25 0.8007 4.1843 0.0897 0.1299 0.0554 0.0055
7.7 90000.0 -2.29 0.5912 3.96 0.1113 0.0964 0.043 0.0839
7.7 80000.0 -2.28 0.6107 4.3155 0.1068 0.1041 0.0479 0.0515
7.7 70000.0 -2.27 0.6468 4.494 0.1005 0.1135 0.0518 0.0265
7.7 60000.0 -2.25 0.724 4.3945 0.0929 0.1245 0.0545 0.0104
7.7 30000.0 -2.04 2.1878 1.2853 0.1071 0.117 0.053 0.0
7.7 32500.0 -2.04 1.9028 1.8379 0.0905 0.1256 0.055 0.0
7.7 35000.0 -2.03 1.6181 2.3681 0.0811 0.1317 0.0557 0.0
7.7 37500.0 -2.03 1.3794 2.8317 0.0763 0.1355 0.0559 0.0
7.7 90000.0 -2.11 0.5143 4.0666 0.0984 0.0903 0.041 0.0949
7.7 80000.0 -2.1 0.5299 4.531 0.0948 0.0981 0.0464 0.0595
7.7 70000.0 -2.08 0.5585 4.8049 0.0892 0.108 0.0508 0.0314
7.7 60000.0 -2.06 0.6214 4.774 0.0821 0.1203 0.0539 0.0127
7.7 55000.0 -2.05 0.6796 4.6095 0.0783 0.1269 0.055 0.007
7.7 50000.0 -2.03 0.7712 4.3233 0.0748 0.1331 0.0557 0.0033
7.7 40000.0 -2.0 1.1643 3.2919 0.0721 0.1379 0.0561 0.0
7.7 45000.0 -1.99 0.8995 3.9517 0.0708 0.1373 0.0561 0.0013
7.7 30000.0 -1.8 1.9801 1.6677 0.081 0.124 0.0545 0.0
7.7 32500.0 -1.8 1.6651 2.2756 0.0706 0.1314 0.0554 0.0
7.7 35000.0 -1.79 1.3823 2.835 0.0649 0.1364 0.0558 0.0
7.7 37500.0 -1.78 1.1526 3.3357 0.0617 0.1391 0.056 0.0
7.7 50000.0 -1.78 0.6326 4.8455 0.064 0.1291 0.0553 0.0046
7.7 40000.0 -1.74 0.9564 3.8265 0.0591 0.1399 0.0561 0.0
7.7 45000.0 -1.74 0.7394 4.476 0.06 0.1359 0.0559 0.0019
7.7 55000.0 -1.74 0.5379 5.2107 0.0658 0.1195 0.0542 0.0101
7.7 90000.0 -1.8 0.4154 4.0802 0.0818 0.0796 0.0373 0.1168
7.7 80000.0 -1.78 0.4272 4.7471 0.0794 0.0874 0.0435 0.0763
7.7 70000.0 -1.76 0.4468 5.2223 0.0751 0.0974 0.0487 0.0423
7.7 60000.0 -1.74 0.4911 5.3448 0.069 0.1109 0.0527 0.0182
7.7 30000.0 -1.55 1.7512 2.0822 0.0624 0.1295 0.0551 0.0
7.7 32500.0 -1.55 1.4317 2.7299 0.0564 0.1359 0.0556 0.0
7.7 35000.0 -1.55 1.1707 3.3027 0.0534 0.1396 0.0558 0.0
7.7 37500.0 -1.53 0.9661 3.8178 0.0518 0.1408 0.056 0.0
7.7 40000.0 -1.49 0.7954 4.3256 0.0504 0.1395 0.056 0.0
7.7 45000.0 -1.48 0.6162 4.9702 0.0525 0.1322 0.0556 0.0027
7.7 50000.0 -1.48 0.5129 5.4067 0.0554 0.122 0.0547 0.0068
7.7 55000.0 -1.49 0.4539 5.6446 0.0588 0.1118 0.0534 0.0137
7.7 90000.0 -1.55 0.3568 3.9438 0.0716 0.0714 0.0341 0.1366
7.7 80000.0 -1.53 0.3669 4.7757 0.0701 0.079 0.0408 0.0923
7.7 70000.0 -1.51 0.3818 5.4447 0.0668 0.0887 0.0468 0.0533
7.7 60000.0 -1.48 0.4155 5.7307 0.0616 0.1024 0.0516 0.0241
8.0 90000.0 -4.01 3.5384 0.1824 1.2492 0.0777 0.0653 0.0274
8.0 80000.0 -4.01 3.4326 0.1505 1.1774 0.0751 0.0648 0.0158
8.0 70000.0 -4.01 3.2753 0.1118 1.1016 0.0708 0.0634 0.0074
8.0 30000.0 -4.0 1.3736 0.0 0.723 0.0143 0.028 0.0
8.0 32500.0 -4.0 1.5856 0.0018 0.7652 0.0194 0.0342 0.0
8.0 35000.0 -4.0 1.7885 0.0035 0.8005 0.0247 0.0396 0.0
8.0 37500.0 -4.0 1.978 0.0059 0.8306 0.0301 0.044 0.0
8.0 40000.0 -4.0 2.1521 0.0094 0.8571 0.0353 0.0475 0.0
8.0 60000.0 -4.0 3.0434 0.0707 1.0228 0.0639 0.0608 0.0026
8.0 45000.0 -4.0 2.4492 0.0194 0.9023 0.0447 0.0527 0.0
8.0 55000.0 -4.0 2.8831 0.051 0.9829 0.0588 0.0589 0.0013
8.0 50000.0 -4.0 2.6892 0.0336 0.9432 0.0526 0.0563 0.0
8.0 90000.0 -3.76 3.9086 0.613 1.0234 0.1098 0.06 0.0368
8.0 80000.0 -3.76 3.8358 0.5115 0.9702 0.107 0.0609 0.0215
8.0 70000.0 -3.76 3.7224 0.3854 0.9158 0.1023 0.0609 0.0103
8.0 32500.0 -3.75 1.9494 0.0064 0.74 0.0327 0.0388 0.0
8.0 35000.0 -3.75 2.1836 0.0124 0.7553 0.041 0.044 0.0
8.0 37500.0 -3.75 2.4008 0.0213 0.7673 0.0491 0.0479 0.0
8.0 60000.0 -3.75 3.5243 0.2461 0.8631 0.0939 0.0598 0.0037
8.0 40000.0 -3.75 2.5972 0.0338 0.7772 0.0566 0.0507 0.0
8.0 55000.0 -3.75 3.3763 0.1796 0.8379 0.0878 0.0587 0.0019
8.0 45000.0 -3.75 2.9257 0.0697 0.7955 0.0695 0.0546 0.0
8.0 50000.0 -3.75 3.1818 0.1194 0.8153 0.0798 0.057 0.0
8.0 30000.0 -3.74 1.7007 0.0029 0.7179 0.0246 0.0321 0.0
8.0 30000.0 -3.5 2.0505 0.0099 0.6846 0.0404 0.0352 0.0
8.0 32500.0 -3.5 2.3326 0.0222 0.6818 0.0525 0.0424 0.0
8.0 35000.0 -3.5 2.5931 0.0428 0.6751 0.0643 0.0475 0.0
8.0 37500.0 -3.5 2.8219 0.0736 0.6682 0.0751 0.0508 0.0
8.0 40000.0 -3.5 3.0346 0.1202 0.659 0.0857 0.0531 0.0
8.0 55000.0 -3.5 3.6442 0.601 0.6635 0.1239 0.0583 0.0024
8.0 50000.0 -3.5 3.537 0.4152 0.6534 0.1149 0.0573 0.0011
8.0 45000.0 -3.49 3.3467 0.251 0.6498 0.1028 0.0558 0.0
8.0 90000.0 -3.5 3.6532 1.7298 0.7852 0.1488 0.0555 0.047
8.0 80000.0 -3.5 3.6796 1.4976 0.7471 0.146 0.0575 0.0276
8.0 70000.0 -3.5 3.7019 1.1929 0.7077 0.1409 0.0587 0.0133
8.0 60000.0 -3.49 3.6915 0.8203 0.672 0.132 0.0587 0.0048
8.0 30000.0 -3.25 2.4266 0.0346 0.6105 0.0638 0.0374 0.0
8.0 32500.0 -3.25 2.7133 0.0775 0.5818 0.0796 0.0453 0.0
8.0 35000.0 -3.25 2.9694 0.152 0.5516 0.0952 0.0503 0.0
8.0 37500.0 -3.25 3.1617 0.2539 0.531 0.1079 0.053 0.0
8.0 40000.0 -3.25 3.3005 0.397 0.5121 0.1197 0.0547 0.0
8.0 50000.0 -3.24 3.3799 1.1651 0.4826 0.1507 0.0574 0.0012
8.0 45000.0 -3.24 3.4006 0.7733 0.4862 0.1385 0.0565 0.0
8.0 90000.0 -3.26 2.8796 3.2415 0.5805 0.1826 0.0524 0.054
8.0 80000.0 -3.26 2.9517 2.9459 0.5529 0.1806 0.0552 0.0315
8.0 70000.0 -3.25 3.0573 2.5229 0.5227 0.1761 0.0571 0.0151
8.0 60000.0 -3.24 3.2056 1.9378 0.494 0.1674 0.0579 0.0055
8.0 55000.0 -3.24 3.2908 1.5812 0.4835 0.1607 0.0578 0.0028
8.0 32500.0 -3.02 2.9944 0.243 0.4623 0.1096 0.0476 0.0
8.0 30000.0 -3.01 2.7664 0.116 0.5037 0.0922 0.0393 0.0
8.0 35000.0 -3.01 3.1397 0.4571 0.4185 0.127 0.0524 0.0
8.0 37500.0 -3.0 3.1809 0.7203 0.3902 0.1404 0.0546 0.0
8.0 40000.0 -2.99 3.1303 1.0654 0.3638 0.1529 0.0557 0.0
8.0 45000.0 -2.99 2.9463 1.7231 0.3426 0.1697 0.0568 0.0
8.0 50000.0 -2.99 2.7418 2.3352 0.3376 0.1815 0.0573 0.0014
8.0 55000.0 -2.99 2.564 2.8775 0.3405 0.19 0.0574 0.0031
8.0 90000.0 -3.01 2.1093 4.6739 0.4146 0.2005 0.0503 0.0588
8.0 80000.0 -3.0 2.1589 4.4434 0.394 0.2022 0.0536 0.0342
8.0 70000.0 -2.99 2.2441 4.0247 0.3698 0.2016 0.056 0.0165
8.0 60000.0 -2.98 2.4065 3.3686 0.3453 0.1963 0.0572 0.006
8.0 30000.0 -2.76 2.9753 0.3373 0.3894 0.1213 0.0419 0.0
8.0 32500.0 -2.76 3.0402 0.6524 0.3397 0.1398 0.0503 0.0
8.0 35000.0 -2.76 2.9883 1.0353 0.3026 0.1547 0.0541 0.0
8.0 37500.0 -2.76 2.8698 1.4561 0.2791 0.1667 0.0556 0.0
8.0 40000.0 -2.74 2.6921 1.9367 0.2592 0.1777 0.0563 0.0
8.0 45000.0 -2.73 2.3634 2.7938 0.2424 0.1928 0.057 0.0
8.0 50000.0 -2.73 2.1163 3.5105 0.2406 0.2022 0.0572 0.0016
8.0 55000.0 -2.73 1.9458 4.0968 0.2461 0.2075 0.0571 0.0035
8.0 90000.0 -2.77 1.6176 5.6002 0.3142 0.1978 0.0486 0.0645
8.0 80000.0 -2.76 1.6439 5.5411 0.2972 0.2037 0.0524 0.0378
8.0 70000.0 -2.75 1.7002 5.2223 0.2766 0.2085 0.0551 0.0184
8.0 60000.0 -2.74 1.8261 4.5791 0.2545 0.2098 0.0567 0.0068
8.0 30000.0 -2.52 2.9705 0.6915 0.2966 0.1443 0.0455 0.0
8.0 32500.0 -2.51 2.8808 1.1685 0.2523 0.1615 0.0529 0.0
8.0 35000.0 -2.51 2.7053 1.6957 0.2222 0.1753 0.0554 0.0
8.0 37500.0 -2.51 2.4957 2.2298 0.2043 0.186 0.0562 0.0
8.0 40000.0 -2.48 2.2577 2.815 0.1892 0.1957 0.0567 0.0
8.0 45000.0 -2.48 1.9187 3.7463 0.1817 0.207 0.057 0.0
8.0 50000.0 -2.48 1.6878 4.515 0.1837 0.2124 0.057 0.0019
8.0 55000.0 -2.48 1.5398 5.1278 0.1907 0.2135 0.0568 0.0043
8.0 90000.0 -2.52 1.2853 6.2637 0.2505 0.1868 0.0467 0.0736
8.0 80000.0 -2.51 1.3001 6.3831 0.2364 0.1952 0.051 0.0438
8.0 70000.0 -2.5 1.3391 6.2061 0.2187 0.2041 0.0542 0.0218
8.0 60000.0 -2.48 1.436 5.6308 0.1987 0.2117 0.0562 0.0082
8.0 30000.0 -2.27 2.8567 1.1003 0.224 0.1622 0.0498 0.0
8.0 32500.0 -2.27 2.6611 1.7058 0.1881 0.1779 0.0548 0.0
8.0 35000.0 -2.26 2.4072 2.3442 0.1667 0.1901 0.0561 0.0
8.0 37500.0 -2.26 2.1604 2.9508 0.1555 0.1992 0.0566 0.0
8.0 40000.0 -2.23 1.91 3.5957 0.146 0.2069 0.0568 0.0
8.0 45000.0 -2.23 1.5878 4.5895 0.1442 0.2142 0.057 0.0
8.0 50000.0 -2.23 1.3802 5.4092 0.1483 0.2154 0.0569 0.0025
8.0 55000.0 -2.23 1.2504 6.0504 0.1556 0.2123 0.0564 0.0055
8.0 90000.0 -2.28 1.0528 6.7565 0.2082 0.1736 0.0445 0.0863
8.0 80000.0 -2.27 1.0615 7.0624 0.1967 0.1833 0.0493 0.0526
8.0 70000.0 -2.25 1.0893 7.028 0.1817 0.1946 0.0531 0.0269
8.0 60000.0 -2.23 1.1656 6.5381 0.1637 0.2069 0.0556 0.0104
8.0 30000.0 -2.02 2.6885 1.5458 0.1676 0.1763 0.0534 0.0
8.0 32500.0 -2.02 2.4155 2.2621 0.1426 0.1903 0.0558 0.0
8.0 35000.0 -2.01 2.1191 2.9819 0.1292 0.2008 0.0564 0.0
8.0 37500.0 -2.01 1.8614 3.6447 0.1229 0.2082 0.0567 0.0
8.0 40000.0 -1.98 1.6213 4.3345 0.1177 0.2137 0.0569 0.0
8.0 45000.0 -1.97 1.3205 5.417 0.1186 0.217 0.057 0.0013
8.0 50000.0 -1.97 1.1419 6.2653 0.1244 0.2137 0.0567 0.0034
8.0 55000.0 -1.98 1.0338 6.906 0.1321 0.2068 0.056 0.0074
8.0 90000.0 -2.04 0.8811 7.074 0.1776 0.1594 0.0419 0.1021
8.0 80000.0 -2.02 0.8865 7.6048 0.1685 0.1698 0.0474 0.064
8.0 70000.0 -2.0 0.9059 7.7528 0.1559 0.1826 0.0518 0.0338
8.0 60000.0 -1.98 0.9653 7.3716 0.14 0.1984 0.055 0.0137
8.0 30000.0 -1.78 2.4893 2.0153 0.1273 0.187 0.0553 0.0
8.0 32500.0 -1.78 2.1626 2.8237 0.1119 0.1993 0.0562 0.0
8.0 35000.0 -1.77 1.8535 3.6089 0.104 0.2083 0.0566 0.0
8.0 37500.0 -1.76 1.5942 4.3506 0.1002 0.2143 0.0568 0.0
8.0 40000.0 -1.72 1.3647 5.1141 0.0973 0.2177 0.0569 0.0
8.0 45000.0 -1.72 1.1079 6.2292 0.1012 0.2161 0.0568 0.0018
8.0 50000.0 -1.72 0.9578 7.0965 0.108 0.2084 0.0564 0.0048
8.0 55000.0 -1.72 0.8658 7.745 0.1154 0.1978 0.0554 0.01
8.0 90000.0 -1.79 0.7486 7.1827 0.1538 0.1446 0.0389 0.1212
8.0 80000.0 -1.77 0.7522 7.9913 0.147 0.1551 0.0451 0.0784
8.0 70000.0 -1.75 0.7655 8.3831 0.1367 0.1688 0.0503 0.0429
8.0 60000.0 -1.72 0.8108 8.1656 0.1228 0.1869 0.0541 0.0181
8.0 30000.0 -1.53 2.2571 2.5403 0.0987 0.1956 0.0559 0.0
8.0 32500.0 -1.53 1.906 3.429 0.0899 0.2065 0.0564 0.0
8.0 35000.0 -1.53 1.6084 4.2629 0.0861 0.2139 0.0567 0.0
8.0 37500.0 -1.52 1.3668 5.0529 0.0847 0.2179 0.0568 0.0
8.0 40000.0 -1.47 1.1603 5.8746 0.0837 0.2185 0.0569 0.0
8.0 45000.0 -1.47 0.9403 7.0277 0.0892 0.212 0.0566 0.0026
8.0 50000.0 -1.46 0.8121 7.919 0.0962 0.2 0.0559 0.0067
8.0 55000.0 -1.47 0.7397 8.5132 0.1036 0.1868 0.0548 0.0136
8.0 90000.0 -1.54 0.6472 7.0613 0.1351 0.1303 0.0357 0.1424
8.0 80000.0 -1.52 0.6505 8.1754 0.1303 0.1408 0.0425 0.0953
8.0 70000.0 -1.5 0.659 8.8699 0.122 0.1544 0.0485 0.0543
8.0 60000.0 -1.47 0.6931 8.879 0.1101 0.1739 0.053 0.0241
8.3 90000.0 -4.01 5.0329 0.2598 2.0966 0.1289 0.0674 0.0272
8.3 37500.0 -4.0 1.3285 0.0046 0.9164 0.033 0.0439 0.0
8.3 40000.0 -4.0 1.5737 0.0078 0.9947 0.0405 0.0477 0.0
8.3 45000.0 -4.0 2.064 0.018 1.1391 0.0554 0.0532 0.0
8.3 80000.0 -4.0 4.5856 0.2027 1.9179 0.1201 0.0666 0.0155
8.3 50000.0 -4.0 2.5292 0.0337 1.27 0.0691 0.0571 0.0
8.3 70000.0 -4.0 4.0288 0.1408 1.7194 0.1082 0.0649 0.0072
8.3 55000.0 -4.0 2.9592 0.0548 1.3918 0.0812 0.0599 0.0012
8.3 60000.0 -4.0 3.3593 0.0806 1.5084 0.0918 0.0621 0.0025
8.3 30000.0 -3.99 0.6392 0.0 0.6415 0.013 0.0276 0.0
8.3 32500.0 -3.99 0.8541 0.0012 0.7402 0.019 0.0339 0.0
8.3 35000.0 -3.99 1.0874 0.0025 0.8322 0.0257 0.0394 0.0
8.3 90000.0 -3.76 5.671 0.8711 1.7517 0.183 0.0619 0.0366
8.3 80000.0 -3.75 5.243 0.689 1.6159 0.1725 0.0626 0.0212
8.3 70000.0 -3.75 4.7142 0.4861 1.4698 0.1579 0.0624 0.0101
8.3 55000.0 -3.75 3.6427 0.1998 1.2329 0.1243 0.0598 0.0018
8.3 60000.0 -3.75 4.0434 0.2869 1.3142 0.1375 0.061 0.0036
8.3 30000.0 -3.74 0.9418 0.0021 0.7023 0.0244 0.0321 0.0
8.3 32500.0 -3.74 1.2221 0.0049 0.7816 0.0347 0.0388 0.0
8.3 35000.0 -3.74 1.5148 0.0101 0.8495 0.0458 0.0441 0.0
8.3 37500.0 -3.74 1.8142 0.0184 0.9099 0.0573 0.0481 0.0
8.3 40000.0 -3.74 2.1081 0.0306 0.9636 0.0687 0.0512 0.0
8.3 45000.0 -3.74 2.6715 0.0686 1.0603 0.09 0.0553 0.0
8.3 50000.0 -3.74 3.1836 0.1255 1.1484 0.1085 0.058 0.0
8.3 30000.0 -3.49 1.35 0.0081 0.7386 0.0446 0.0356 0.0
8.3 32500.0 -3.49 1.6833 0.0191 0.7818 0.0606 0.0427 0.0
8.3 35000.0 -3.49 2.0245 0.0385 0.8154 0.0772 0.0479 0.0
8.3 37500.0 -3.49 2.3538 0.0687 0.843 0.0932 0.0513 0.0
8.3 40000.0 -3.49 2.683 0.1165 0.8635 0.1098 0.0537 0.0
8.3 55000.0 -3.49 4.0709 0.6794 1.0019 0.1788 0.0593 0.0024
8.3 45000.0 -3.48 3.2605 0.2588 0.9054 0.1385 0.0566 0.0
8.3 50000.0 -3.48 3.7068 0.449 0.9517 0.1605 0.0583 0.001
8.3 90000.0 -3.5 5.4015 2.447 1.3569 0.2478 0.0572 0.0472
8.3 80000.0 -3.49 5.1346 2.0085 1.2589 0.2354 0.059 0.0275
8.3 70000.0 -3.49 4.8035 1.5031 1.1534 0.2187 0.06 0.0132
8.3 60000.0 -3.48 4.3643 0.9643 1.046 0.1956 0.0599 0.0047
8.3 30000.0 -3.23 1.8347 0.0313 0.7143 0.0767 0.0379 0.0
8.3 32500.0 -3.23 2.1877 0.072 0.7128 0.0987 0.0458 0.0
8.3 35000.0 -3.23 2.5375 0.1453 0.7042 0.1213 0.0509 0.0
8.3 37500.0 -3.23 2.8389 0.2493 0.7014 0.1408 0.0537 0.0
8.3 40000.0 -3.23 3.0984 0.3986 0.697 0.1595 0.0555 0.0
8.3 50000.0 -3.23 3.6523 1.2654 0.7138 0.2131 0.0583 0.0012
8.3 45000.0 -3.22 3.4523 0.8091 0.6949 0.1909 0.0574 0.0
8.3 90000.0 -3.25 4.3317 4.5607 1.0036 0.3015 0.0539 0.0548
8.3 80000.0 -3.24 4.2007 3.9241 0.9323 0.2888 0.0566 0.0318
8.3 70000.0 -3.24 4.0517 3.1559 0.8532 0.2715 0.0584 0.0153
8.3 60000.0 -3.23 3.8792 2.2636 0.7731 0.2477 0.059 0.0055
8.3 55000.0 -3.22 3.7758 1.7816 0.7372 0.2325 0.0588 0.0028
8.3 32500.0 -2.99 2.5767 0.2304 0.5904 0.1413 0.0481 0.0
8.3 30000.0 -2.98 2.2838 0.1095 0.6204 0.1172 0.0397 0.0
8.3 35000.0 -2.99 2.8214 0.4375 0.5535 0.1663 0.0531 0.0
8.3 37500.0 -2.98 2.9778 0.7181 0.5264 0.1878 0.0554 0.0
8.3 40000.0 -2.96 3.0424 1.0738 0.5032 0.2068 0.0566 0.0
8.3 45000.0 -2.96 3.064 1.8039 0.4911 0.2345 0.0578 0.0
8.3 50000.0 -2.96 3.0403 2.5319 0.4995 0.2558 0.0583 0.0014
8.3 55000.0 -2.96 3.0209 3.2357 0.5184 0.2733 0.0584 0.0031
8.3 90000.0 -2.99 3.2072 6.5569 0.7128 0.3275 0.0517 0.0598
8.3 80000.0 -2.98 3.129 5.9051 0.6613 0.3201 0.0549 0.0347
8.3 70000.0 -2.97 3.0502 5.0299 0.6016 0.3079 0.0572 0.0167
8.3 60000.0 -2.96 2.9949 3.9293 0.5391 0.2882 0.0583 0.006
8.3 30000.0 -2.73 2.591 0.3246 0.4938 0.1591 0.0421 0.0
8.3 32500.0 -2.73 2.7352 0.6353 0.4425 0.1851 0.0508 0.0
8.3 35000.0 -2.72 2.7822 1.022 0.4031 0.2068 0.0549 0.0
8.3 37500.0 -2.72 2.7606 1.4569 0.3791 0.2245 0.0565 0.0
8.3 40000.0 -2.71 2.6847 1.969 0.3588 0.2411 0.0573 0.0
8.3 45000.0 -2.7 2.5265 2.9419 0.3473 0.2658 0.0579 0.0
8.3 50000.0 -2.7 2.4172 3.8393 0.3558 0.284 0.0582 0.0016
8.3 55000.0 -2.7 2.3595 4.6511 0.3745 0.2972 0.0581 0.0035
8.3 90000.0 -2.75 2.4767 7.9149 0.5381 0.3206 0.0501 0.0653
8.3 80000.0 -2.73 2.4129 7.4189 0.4975 0.3201 0.0537 0.0381
8.3 70000.0 -2.72 2.3565 6.5812 0.4493 0.3165 0.0563 0.0185
8.3 60000.0 -2.71 2.3334 5.3945 0.3972 0.3066 0.0578 0.0068
8.3 30000.0 -2.49 2.6782 0.6684 0.3839 0.1919 0.0457 0.0
8.3 32500.0 -2.48 2.6724 1.1412 0.3339 0.2155 0.0535 0.0
8.3 35000.0 -2.48 2.5958 1.6814 0.2991 0.2352 0.0563 0.0
8.3 37500.0 -2.47 2.4749 2.2476 0.2798 0.2508 0.0572 0.0
8.3 40000.0 -2.45 2.3301 2.8868 0.2644 0.2656 0.0576 0.0
8.3 45000.0 -2.45 2.126 3.9919 0.263 0.2853 0.058 0.0
8.3 50000.0 -2.45 1.9984 5.0057 0.2746 0.2984 0.0581 0.0019
8.3 55000.0 -2.45 1.9249 5.9338 0.2921 0.3061 0.0578 0.0042
8.3 90000.0 -2.5 1.9862 8.9854 0.4295 0.3027 0.0483 0.0742
8.3 80000.0 -2.49 1.9352 8.6796 0.3966 0.3068 0.0524 0.0439
8.3 70000.0 -2.47 1.8928 7.9632 0.3567 0.3101 0.0555 0.0217
8.3 60000.0 -2.45 1.8853 6.7597 0.3119 0.3096 0.0573 0.0081
8.3 30000.0 -2.24 2.6578 1.0573 0.296 0.2167 0.05 0.0
8.3 32500.0 -2.24 2.5562 1.6689 0.2529 0.2384 0.0557 0.0
8.3 35000.0 -2.23 2.3939 2.3399 0.2274 0.2558 0.057 0.0
8.3 37500.0 -2.22 2.2229 3.0084 0.2155 0.2693 0.0576 0.0
8.3 40000.0 -2.2 2.0443 3.7529 0.2061 0.2817 0.0578 0.0
8.3 45000.0 -2.2 1.821 5.0046 0.2104 0.2966 0.058 0.0
8.3 50000.0 -2.2 1.6848 6.1528 0.2234 0.3041 0.0579 0.0024
8.3 55000.0 -2.2 1.6109 7.1611 0.2408 0.3061 0.0575 0.0054
8.3 90000.0 -2.26 1.6437 9.893 0.3583 0.2829 0.0462 0.087
8.3 80000.0 -2.24 1.6018 9.7945 0.3317 0.2898 0.0509 0.0526
8.3 70000.0 -2.22 1.5693 9.2007 0.2983 0.2975 0.0545 0.0266
8.3 60000.0 -2.2 1.571 8.0274 0.2593 0.3045 0.0568 0.0102
8.3 30000.0 -1.99 2.5919 1.4806 0.2259 0.2364 0.0539 0.0
8.3 32500.0 -1.99 2.4128 2.2248 0.1944 0.2559 0.0568 0.0
8.3 35000.0 -1.98 2.1907 3.0106 0.1786 0.2709 0.0575 0.0
8.3 37500.0 -1.98 1.9906 3.7743 0.1726 0.2825 0.0578 0.0
8.3 90000.0 -2.07 1.4463 10.4449 0.3184 0.2672 0.0443 0.0988
8.3 80000.0 -2.06 1.4102 10.5496 0.2959 0.2756 0.0495 0.0609
8.3 70000.0 -2.04 1.3823 10.0863 0.2668 0.2859 0.0536 0.0315
8.3 60000.0 -2.02 1.3871 8.9509 0.2317 0.2975 0.0564 0.0124
8.3 55000.0 -2.0 1.4158 8.1146 0.2129 0.3023 0.0572 0.0067
8.3 50000.0 -1.99 1.4773 7.1024 0.1945 0.3045 0.0578 0.0031
8.3 40000.0 -1.95 1.8021 4.6105 0.1684 0.2924 0.0579 0.0
8.3 45000.0 -1.94 1.5697 6.0422 0.1755 0.3025 0.058 0.0012
8.3 30000.0 -1.75 2.4946 1.939 0.1741 0.2517 0.0562 0.0
8.3 32500.0 -1.75 2.2459 2.8097 0.1545 0.2689 0.0573 0.0
8.3 35000.0 -1.74 1.9905 3.7033 0.1457 0.2822 0.0577 0.0
8.3 37500.0 -1.73 1.7709 4.5941 0.1427 0.2923 0.0579 0.0
8.3 50000.0 -1.73 1.2711 8.2811 0.1698 0.3006 0.0575 0.0043
8.3 40000.0 -1.69 1.5755 5.5647 0.1412 0.2999 0.058 0.0
8.3 45000.0 -1.69 1.3611 7.1139 0.1518 0.3038 0.0579 0.0018
8.3 55000.0 -1.69 1.1762 9.6106 0.1826 0.2909 0.0567 0.0097
8.3 90000.0 -1.77 1.1913 11.033 0.267 0.2396 0.0408 0.123
8.3 80000.0 -1.75 1.1626 11.6026 0.2504 0.2498 0.0468 0.0786
8.3 70000.0 -1.73 1.1392 11.4809 0.2276 0.2632 0.0519 0.0424
8.3 60000.0 -1.7 1.1436 10.5036 0.1983 0.2808 0.0555 0.0176
8.3 30000.0 -1.51 2.3585 2.4732 0.1364 0.2643 0.057 0.0
8.3 32500.0 -1.51 2.0566 3.4706 0.1256 0.2796 0.0575 0.0
8.3 35000.0 -1.5 1.7892 4.4593 0.1221 0.2911 0.0578 0.0
8.3 37500.0 -1.49 1.5718 5.455 0.1222 0.2992 0.0579 0.0
8.3 40000.0 -1.44 1.3845 6.5438 0.1231 0.3036 0.0579 0.0
8.3 45000.0 -1.44 1.1894 8.2214 0.1355 0.3011 0.0577 0.0025
8.3 50000.0 -1.44 1.081 9.6767 0.1501 0.2908 0.0571 0.0064
8.3 55000.0 -1.45 1.0263 10.8144 0.1654 0.2778 0.0561 0.0131
8.3 90000.0 -1.52 1.0396 11.1241 0.2358 0.218 0.0376 0.1453
8.3 80000.0 -1.5 1.0149 12.1534 0.223 0.2289 0.0443 0.0959
8.3 70000.0 -1.48 0.9931 12.4286 0.2043 0.2435 0.0501 0.0538
8.3 60000.0 -1.45 0.9952 11.6949 0.1793 0.2643 0.0545 0.0234
8.6 60000.0 -4.0 1.6475 0.0458 1.4071 0.0864 0.0636 0.0022
8.6 70000.0 -4.0 2.4439 0.0939 1.8107 0.1134 0.0668 0.0066
8.6 90000.0 -4.0 4.0585 0.2169 2.577 0.1567 0.0699 0.0256
8.6 80000.0 -4.0 3.2576 0.1531 2.2036 0.1366 0.0688 0.0144
8.6 32500.0 -3.99 0.1214 0.0 0.3315 0.0097 0.0331 0.0
8.6 30000.0 -3.99 0.0757 0.0 0.2548 0.0061 0.0268 0.0
8.6 35000.0 -3.99 0.184 0.0 0.4162 0.0143 0.0387 0.0
8.6 37500.0 -3.99 0.264 0.0013 0.5056 0.0198 0.0434 0.0
8.6 40000.0 -3.99 0.3623 0.0025 0.599 0.0261 0.0474 0.0
8.6 45000.0 -3.99 0.6111 0.0069 0.7949 0.0405 0.0536 0.0
8.6 50000.0 -3.99 0.9183 0.0152 0.9972 0.0559 0.0579 0.0
8.6 55000.0 -3.99 1.2691 0.028 1.2027 0.0714 0.0611 0.0011
8.6 90000.0 -3.75 5.0866 0.7796 2.3111 0.2333 0.0642 0.0349
8.6 80000.0 -3.75 4.2029 0.5637 2.0124 0.2074 0.0646 0.02
8.6 55000.0 -3.74 1.8582 0.1173 1.1934 0.1195 0.0611 0.0016
8.6 70000.0 -3.74 3.2812 0.3582 1.6963 0.1771 0.0641 0.0094
8.6 60000.0 -3.74 2.3355 0.1848 1.3657 0.1406 0.0625 0.0033
8.6 32500.0 -3.73 0.1957 0.0011 0.3813 0.0184 0.0386 0.0
8.6 35000.0 -3.73 0.2963 0.0028 0.4688 0.0269 0.044 0.0
8.6 37500.0 -3.73 0.4256 0.0059 0.56 0.037 0.0483 0.0
8.6 40000.0 -3.73 0.5808 0.0111 0.6522 0.0481 0.0516 0.0
8.6 45000.0 -3.73 0.9571 0.0307 0.8367 0.0721 0.0562 0.0
8.6 50000.0 -3.73 1.3921 0.0656 1.0173 0.0964 0.0591 0.0
8.6 30000.0 -3.72 0.1217 0.0 0.2988 0.0116 0.0318 0.0
8.6 30000.0 -3.47 0.223 0.0021 0.3621 0.0244 0.0359 0.0
8.6 32500.0 -3.47 0.3563 0.0061 0.4472 0.0379 0.0431 0.0
8.6 35000.0 -3.47 0.5285 0.0145 0.5307 0.0537 0.0483 0.0
8.6 37500.0 -3.47 0.735 0.0296 0.6112 0.0712 0.052 0.0
8.6 40000.0 -3.47 0.9814 0.0565 0.6878 0.091 0.0546 0.0
8.6 50000.0 -3.47 2.0024 0.2848 0.954 0.1614 0.0595 0.0
8.6 55000.0 -3.47 2.4803 0.4655 1.077 0.19 0.0606 0.0023
8.6 45000.0 -3.46 1.4998 0.1475 0.8259 0.1288 0.0577 0.0
8.6 90000.0 -3.48 5.3319 2.341 1.8779 0.3278 0.0591 0.0458
8.6 80000.0 -3.48 4.5944 1.7798 1.6604 0.2971 0.0608 0.0265
8.6 70000.0 -3.47 3.7991 1.2204 1.4295 0.261 0.0616 0.0126
8.6 60000.0 -3.47 2.9536 0.7062 1.1927 0.218 0.0613 0.0045
8.6 32500.0 -3.21 0.7071 0.0352 0.5097 0.0796 0.0465 0.0
8.6 30000.0 -3.2 0.489 0.0138 0.448 0.0563 0.0386 0.0
8.6 37500.0 -3.21 1.2243 0.1437 0.606 0.1305 0.0546 0.0
8.6 35000.0 -3.2 0.9682 0.0782 0.562 0.106 0.0517 0.0
8.6 40000.0 -3.2 1.487 0.2443 0.6436 0.1555 0.0565 0.0
8.6 50000.0 -3.2 2.3125 0.8981 0.7781 0.2334 0.0596 0.0012
8.6 45000.0 -3.19 1.9461 0.5407 0.7079 0.1998 0.0585 0.0
8.6 90000.0 -3.23 4.592 4.5688 1.4208 0.4068 0.0556 0.0541
8.6 80000.0 -3.22 4.0886 3.663 1.2667 0.374 0.0581 0.0314
8.6 70000.0 -3.21 3.5367 2.7173 1.0994 0.3354 0.0598 0.015
8.6 60000.0 -3.2 2.9443 1.7789 0.9286 0.2899 0.0603 0.0054
8.6 55000.0 -3.2 2.6372 1.3345 0.8479 0.2641 0.0601 0.0027
8.6 32500.0 -2.96 1.1304 0.1406 0.4974 0.1358 0.0488 0.0
8.6 30000.0 -2.95 0.8986 0.0645 0.4803 0.1075 0.0401 0.0
8.6 35000.0 -2.95 1.3697 0.2778 0.5023 0.1669 0.054 0.0
8.6 37500.0 -2.94 1.5672 0.4705 0.5044 0.1947 0.0564 0.0
8.6 40000.0 -2.93 1.7237 0.7241 0.5046 0.2202 0.0577 0.0
8.6 45000.0 -2.92 1.9442 1.2736 0.5259 0.2581 0.059 0.0
8.6 50000.0 -2.93 2.1371 1.8813 0.5653 0.29 0.0595 0.0013
8.6 55000.0 -2.93 2.3233 2.5318 0.6148 0.3187 0.0597 0.003
8.6 90000.0 -2.96 3.5689 6.8075 1.0184 0.4461 0.0532 0.0593
8.6 80000.0 -2.95 3.246 5.7411 0.912 0.4203 0.0563 0.0344
8.6 70000.0 -2.94 2.8828 4.5333 0.7918 0.3875 0.0585 0.0165
8.6 60000.0 -2.92 2.4976 3.2371 0.666 0.3454 0.0596 0.0059
8.6 30000.0 -2.69 1.2758 0.2125 0.4353 0.1639 0.0422 0.0
8.6 32500.0 -2.68 1.4397 0.419 0.4125 0.195 0.0512 0.0
8.6 35000.0 -2.68 1.5528 0.6826 0.3928 0.2214 0.056 0.0
8.6 37500.0 -2.68 1.627 0.9881 0.3818 0.2432 0.0577 0.0
8.6 40000.0 -2.67 1.6753 1.3646 0.3728 0.2643 0.0585 0.0
8.6 45000.0 -2.66 1.751 2.1498 0.382 0.2985 0.0592 0.0
8.6 50000.0 -2.66 1.8429 2.9712 0.4119 0.3275 0.0595 0.0015
8.6 55000.0 -2.66 1.9539 3.8012 0.4532 0.352 0.0594 0.0034
8.6 90000.0 -2.71 2.83 8.4829 0.7725 0.4377 0.0517 0.0641
8.6 80000.0 -2.7 2.6041 7.4672 0.6924 0.4228 0.0551 0.0374
8.6 70000.0 -2.68 2.3458 6.1621 0.5993 0.4022 0.0577 0.0181
8.6 60000.0 -2.67 2.0762 4.6345 0.4993 0.3723 0.0591 0.0066
8.6 30000.0 -2.44 1.4849 0.4429 0.3649 0.2074 0.0455 0.0
8.6 32500.0 -2.44 1.5579 0.7591 0.3298 0.2348 0.054 0.0
8.6 35000.0 -2.43 1.5924 1.1381 0.3039 0.2581 0.0574 0.0
8.6 37500.0 -2.43 1.5954 1.558 0.2913 0.2772 0.0584 0.0
8.6 40000.0 -2.41 1.5855 2.0658 0.2831 0.2964 0.0589 0.0
8.6 45000.0 -2.41 1.5868 3.0412 0.2966 0.3256 0.0593 0.0
8.6 50000.0 -2.41 1.6269 4.0481 0.3253 0.3493 0.0594 0.0018
8.6 55000.0 -2.41 1.6913 5.0688 0.361 0.3675 0.0591 0.0041
8.6 90000.0 -2.46 2.3203 9.9555 0.6215 0.4161 0.05 0.0723
8.6 80000.0 -2.45 2.1526 9.0566 0.5579 0.4087 0.0539 0.0427
8.6 70000.0 -2.43 1.964 7.7551 0.4827 0.3981 0.0568 0.021
8.6 60000.0 -2.41 1.7698 6.067 0.3997 0.3809 0.0586 0.0078
8.6 30000.0 -2.2 1.6117 0.6885 0.297 0.2399 0.0498 0.0
8.6 32500.0 -2.19 1.6334 1.111 0.2614 0.2648 0.0565 0.0
8.6 35000.0 -2.19 1.6076 1.6114 0.2395 0.2855 0.0583 0.0
8.6 37500.0 -2.18 1.5578 2.1469 0.2316 0.3023 0.0589 0.0
8.6 40000.0 -2.16 1.5045 2.7874 0.2274 0.3193 0.0592 0.0
8.6 45000.0 -2.16 1.4554 3.9799 0.244 0.3441 0.0593 0.0
8.6 50000.0 -2.16 1.4571 5.2022 0.2713 0.3619 0.0592 0.0023
8.6 55000.0 -2.16 1.4919 6.3837 0.3042 0.3733 0.0588 0.0051
8.6 90000.0 -2.22 1.9589 11.3344 0.5231 0.3929 0.048 0.0845
8.6 80000.0 -2.21 1.827 10.5725 0.4719 0.3905 0.0525 0.0507
8.6 70000.0 -2.19 1.684 9.2985 0.4096 0.3871 0.0559 0.0255
8.6 60000.0 -2.16 1.5439 7.5005 0.3388 0.3801 0.0582 0.0098
8.6 30000.0 -1.95 1.7179 0.9536 0.2375 0.2662 0.0541 0.0
8.6 32500.0 -1.95 1.6856 1.4978 0.2079 0.2885 0.058 0.0
8.6 35000.0 -1.94 1.5951 2.1274 0.1937 0.3064 0.0588 0.0
8.6 37500.0 -1.94 1.5022 2.7879 0.1909 0.3215 0.0591 0.0
8.6 90000.0 -2.04 1.7458 12.2679 0.4678 0.3742 0.0462 0.0959
8.6 80000.0 -2.02 1.6358 11.6827 0.4243 0.3751 0.0512 0.0586
8.6 70000.0 -2.0 1.5161 10.4599 0.3701 0.376 0.0551 0.03
8.6 60000.0 -1.98 1.4032 8.6046 0.3067 0.3757 0.0577 0.0118
8.6 55000.0 -1.96 1.3593 7.4638 0.2733 0.3733 0.0586 0.0063
8.6 50000.0 -1.95 1.3345 6.2179 0.2409 0.3673 0.0591 0.003
8.6 40000.0 -1.91 1.4188 3.5608 0.191 0.3365 0.0593 0.0
8.6 45000.0 -1.91 1.3331 5.0172 0.209 0.3569 0.0593 0.0012
8.6 30000.0 -1.72 1.8036 1.2552 0.1896 0.2875 0.0571 0.0
8.6 32500.0 -1.72 1.7006 1.9376 0.1695 0.3071 0.0587 0.0
8.6 35000.0 -1.71 1.5544 2.706 0.162 0.3232 0.059 0.0
8.6 37500.0 -1.7 1.4251 3.5299 0.1619 0.3376 0.0592 0.0
8.6 50000.0 -1.7 1.2015 7.5407 0.2148 0.3689 0.0588 0.004
8.6 40000.0 -1.66 1.3178 4.4879 0.1644 0.351 0.0593 0.0
8.6 45000.0 -1.66 1.216 6.1557 0.185 0.3647 0.0592 0.0016
8.6 55000.0 -1.66 1.1838 9.2516 0.2396 0.3665 0.058 0.0091
8.6 90000.0 -1.74 1.4655 13.5365 0.396 0.3406 0.0428 0.1195
8.6 80000.0 -1.72 1.3805 13.4068 0.3633 0.3457 0.0486 0.0756
8.6 70000.0 -1.69 1.2886 12.4339 0.3205 0.3526 0.0535 0.0404
8.6 60000.0 -1.67 1.2065 10.5609 0.2677 0.3617 0.0569 0.0166
8.6 30000.0 -1.47 1.8582 1.6377 0.152 0.3059 0.0584 0.0
8.6 32500.0 -1.47 1.673 2.48 0.1409 0.3231 0.0589 0.0
8.6 35000.0 -1.47 1.4827 3.3913 0.1389 0.3379 0.0592 0.0
8.6 37500.0 -1.46 1.334 4.366 0.1419 0.3509 0.0593 0.0
8.6 40000.0 -1.41 1.2148 5.5018 0.1466 0.3613 0.0593 0.0
8.6 45000.0 -1.41 1.1073 7.3926 0.1684 0.3675 0.059 0.0023
8.6 50000.0 -1.41 1.0676 9.1992 0.1938 0.3638 0.0584 0.0059
8.6 55000.0 -1.42 1.0652 10.777 0.2203 0.3556 0.0574 0.0122
8.6 90000.0 -1.5 1.2955 14.1179 0.3522 0.3135 0.0397 0.1415
8.6 80000.0 -1.47 1.2238 14.5163 0.326 0.3206 0.0462 0.0925
8.6 70000.0 -1.45 1.1464 13.9137 0.2906 0.3308 0.0518 0.0512
8.6 60000.0 -1.42 1.0788 12.1734 0.2452 0.3459 0.0559 0.022
8.9 90000.0 -3.99 1.1511 0.0754 1.6924 0.1129 0.0722 0.0223
8.9 80000.0 -3.99 0.7659 0.0451 1.2972 0.0896 0.0706 0.0123
8.9 70000.0 -3.99 0.4538 0.0224 0.9227 0.066 0.068 0.0055
8.9 60000.0 -3.99 0.2271 0.0084 0.5875 0.0429 0.0638 0.0018
8.9 55000.0 -3.99 0.1469 0.0043 0.4398 0.032 0.0609 0.0
8.9 50000.0 -3.97 0.0869 0.0046 0.2423 0.0281 0.0538 0.0
8.9 45000.0 -3.97 0.0578 0.002 0.1905 0.0198 0.0509 0.0
8.9 30000.0 -3.96 0.0082 0.0 0.0343 0.0019 0.0246 0.0
8.9 32500.0 -3.96 0.0118 0.0 0.0533 0.0034 0.0298 0.0
8.9 35000.0 -3.96 0.0171 0.0 0.0769 0.0056 0.0342 0.0
8.9 37500.0 -3.96 0.0248 0.0 0.1049 0.0085 0.038 0.0
8.9 40000.0 -3.96 0.0358 0.0 0.1379 0.0123 0.0412 0.0
8.9 90000.0 -3.74 1.8166 0.3151 1.7692 0.1858 0.0667 0.0312
8.9 80000.0 -3.73 1.2438 0.1915 1.39 0.1501 0.0668 0.0176
8.9 70000.0 -3.73 0.761 0.0972 1.0201 0.1132 0.0659 0.0081
8.9 60000.0 -3.73 0.3912 0.0371 0.6748 0.0759 0.0638 0.0028
8.9 55000.0 -3.72 0.2566 0.0196 0.5204 0.0581 0.0621 0.0014
8.9 50000.0 -3.72 0.1545 0.0088 0.3799 0.0412 0.0597 0.0
8.9 45000.0 -3.69 0.0842 0.0089 0.2012 0.0371 0.0553 0.0
8.9 40000.0 -3.69 0.0537 0.0032 0.16 0.025 0.0517 0.0
8.9 30000.0 -3.68 0.0099 0.0 0.0439 0.0041 0.032 0.0
8.9 32500.0 -3.68 0.0155 0.0 0.0664 0.0073 0.0367 0.0
8.9 35000.0 -3.68 0.0243 0.0 0.0937 0.0119 0.0405 0.0
8.9 37500.0 -3.68 0.0375 0.0016 0.1255 0.0178 0.0436 0.0
8.9 37500.0 -3.4 0.0659 0.0082 0.1517 0.0386 0.0553 0.0
8.9 35000.0 -3.4 0.0519 0.0044 0.1383 0.0307 0.0524 0.0
8.9 30000.0 -3.39 0.0168 0.0 0.0676 0.0111 0.0388 0.0
8.9 32500.0 -3.39 0.0309 0.0016 0.0996 0.0192 0.0425 0.0
8.9 40000.0 -3.39 0.0939 0.0171 0.177 0.051 0.0568 0.0
8.9 50000.0 -3.45 0.2793 0.0509 0.4327 0.0808 0.0609 0.0
8.9 55000.0 -3.45 0.4468 0.1043 0.5699 0.1087 0.0622 0.002
8.9 45000.0 -3.44 0.156 0.02 0.3085 0.0547 0.0588 0.0
8.9 90000.0 -3.46 2.4297 1.1906 1.6421 0.296 0.0613 0.0422
8.9 80000.0 -3.46 1.7787 0.7798 1.3343 0.2473 0.0628 0.0244
8.9 70000.0 -3.45 1.1788 0.4391 1.0225 0.1951 0.0635 0.0115
8.9 60000.0 -3.45 0.665 0.1924 0.7175 0.1394 0.063 0.004
8.9 32500.0 -3.09 0.0864 0.0125 0.1492 0.0542 0.0567 0.0
8.9 30000.0 -3.07 0.0661 0.0057 0.1416 0.0427 0.0535 0.0
8.9 37500.0 -3.11 0.1195 0.0389 0.1529 0.072 0.0585 0.0
8.9 35000.0 -3.08 0.1206 0.0282 0.163 0.0702 0.0578 0.0
8.9 40000.0 -3.17 0.1598 0.0414 0.2448 0.0721 0.0578 0.0
8.9 50000.0 -3.17 0.464 0.2309 0.4388 0.146 0.0612 0.0011
8.9 45000.0 -3.16 0.2938 0.1158 0.3384 0.1105 0.0601 0.0
8.9 90000.0 -3.2 2.5086 2.6728 1.3467 0.398 0.0574 0.0513
8.9 80000.0 -3.19 1.9662 1.8915 1.1216 0.3424 0.0599 0.0297
8.9 70000.0 -3.18 1.4218 1.1841 0.8862 0.2813 0.0615 0.0142
8.9 60000.0 -3.17 0.904 0.6163 0.6523 0.2155 0.062 0.0051
8.9 55000.0 -3.16 0.6726 0.4034 0.5421 0.182 0.0618 0.0026
8.9 32500.0 -2.84 0.1449 0.0426 0.1432 0.085 0.0577 0.0
8.9 30000.0 -2.79 0.1524 0.0282 0.1536 0.0847 0.0574 0.0
8.9 35000.0 -2.9 0.1654 0.059 0.1932 0.0876 0.0552 0.0
8.9 37500.0 -2.89 0.2176 0.1037 0.2209 0.1097 0.058 0.0
8.9 40000.0 -2.88 0.2823 0.1668 0.2471 0.1321 0.0594 0.0
8.9 45000.0 -2.87 0.4291 0.328 0.3019 0.1687 0.0607 0.0
8.9 50000.0 -2.88 0.6011 0.5586 0.3653 0.2031 0.0613 0.0013
8.9 55000.0 -2.88 0.7965 0.8824 0.4394 0.2401 0.0614 0.0029
8.9 90000.0 -2.91 2.2035 4.361 1.0127 0.4571 0.055 0.0566
8.9 80000.0 -2.9 1.8251 3.3118 0.8583 0.4074 0.058 0.033
8.9 70000.0 -2.89 1.4205 2.2583 0.6894 0.3482 0.0602 0.0158
8.9 60000.0 -2.88 1.003 1.3021 0.5167 0.2789 0.0613 0.0057
8.9 30000.0 -2.63 0.197 0.0594 0.173 0.1004 0.0422 0.0
8.9 32500.0 -2.62 0.2344 0.1087 0.1832 0.1229 0.0517 0.0
8.9 35000.0 -2.62 0.282 0.1673 0.1941 0.1435 0.0572 0.0
8.9 37500.0 -2.62 0.338 0.2399 0.2052 0.1613 0.0593 0.0
8.9 40000.0 -2.61 0.4081 0.3418 0.2156 0.1796 0.0603 0.0
8.9 45000.0 -2.6 0.5395 0.6226 0.2454 0.2115 0.0611 0.0
8.9 50000.0 -2.6 0.6724 1.0339 0.292 0.2467 0.0613 0.0015
8.9 55000.0 -2.6 0.8254 1.5455 0.3495 0.2847 0.0612 0.0033
8.9 90000.0 -2.66 1.8637 5.82 0.7889 0.4599 0.0535 0.0608
8.9 80000.0 -2.65 1.6002 4.6951 0.6764 0.426 0.0568 0.0356
8.9 70000.0 -2.63 1.2989 3.4252 0.5479 0.3804 0.0593 0.0173
8.9 60000.0 -2.61 0.9832 2.1443 0.4129 0.3208 0.0608 0.0063
8.9 30000.0 -2.39 0.3029 0.1242 0.1804 0.1455 0.045 0.0
8.9 32500.0 -2.38 0.3532 0.196 0.1793 0.1665 0.0542 0.0
8.9 35000.0 -2.38 0.4291 0.2864 0.181 0.1879 0.0588 0.0
8.9 37500.0 -2.37 0.4859 0.4063 0.1824 0.2025 0.0603 0.0
8.9 40000.0 -2.35 0.5392 0.5842 0.1847 0.2177 0.0608 0.0
8.9 45000.0 -2.34 0.6052 1.0414 0.2075 0.2467 0.0612 0.0
8.9 50000.0 -2.35 0.705 1.6498 0.2477 0.2831 0.0612 0.0017
8.9 55000.0 -2.35 0.8193 2.3782 0.2961 0.3181 0.0609 0.0038
8.9 90000.0 -2.41 1.5924 7.3124 0.6476 0.4468 0.0519 0.0681
8.9 80000.0 -2.4 1.3978 6.158 0.5601 0.425 0.0557 0.0402
8.9 70000.0 -2.38 1.1759 4.7502 0.4583 0.3938 0.0586 0.0198
8.9 60000.0 -2.36 0.9374 3.1845 0.3484 0.3486 0.0604 0.0074
8.9 30000.0 -2.15 0.4621 0.1752 0.1778 0.1881 0.0489 0.0
8.9 32500.0 -2.14 0.55 0.2792 0.1707 0.2108 0.057 0.0
8.9 35000.0 -2.13 0.6104 0.4276 0.1641 0.2256 0.06 0.0
8.9 37500.0 -2.13 0.6283 0.6245 0.161 0.2353 0.0608 0.0
8.9 40000.0 -2.1 0.6238 0.9171 0.1608 0.2475 0.0611 0.0
8.9 45000.0 -2.1 0.6501 1.5948 0.1838 0.2795 0.0612 0.0
8.9 50000.0 -2.1 0.7185 2.4428 0.22 0.3143 0.061 0.0022
8.9 55000.0 -2.11 0.8007 3.3842 0.263 0.3434 0.0606 0.0048
8.9 90000.0 -2.17 1.3867 8.8406 0.5551 0.4303 0.05 0.0792
8.9 80000.0 -2.16 1.2379 7.7071 0.485 0.4177 0.0543 0.0474
8.9 70000.0 -2.14 1.0688 6.1826 0.4012 0.3978 0.0577 0.0238
8.9 60000.0 -2.11 0.8885 4.3734 0.3085 0.3665 0.0599 0.0091
8.9 30000.0 -1.91 0.6835 0.2257 0.1662 0.2304 0.0534 0.0
8.9 32500.0 -1.9 0.7707 0.3837 0.1545 0.2476 0.0594 0.0
8.9 35000.0 -1.89 0.7744 0.6195 0.1452 0.2551 0.0607 0.0
8.9 37500.0 -1.89 0.7069 0.9288 0.1413 0.2596 0.0611 0.0
8.9 90000.0 -2.0 1.2612 9.9839 0.5025 0.4154 0.0483 0.0898
8.9 80000.0 -1.98 1.1366 8.9184 0.4429 0.4084 0.0531 0.0547
8.9 70000.0 -1.96 0.9962 7.3448 0.3699 0.3962 0.0569 0.0279
8.9 60000.0 -1.93 0.8486 5.3656 0.287 0.3748 0.0595 0.0109
8.9 40000.0 -1.86 0.6747 1.3533 0.144 0.275 0.0612 0.0
8.9 45000.0 -1.85 0.6745 2.3043 0.1674 0.3098 0.0612 0.0011
8.9 50000.0 -1.86 0.7135 3.399 0.2015 0.3395 0.0608 0.0028
8.9 55000.0 -1.86 0.7708 4.5505 0.2405 0.3612 0.0602 0.0062
8.9 30000.0 -1.68 0.92 0.2922 0.1485 0.265 0.0574 0.0
8.9 32500.0 -1.67 0.972 0.5293 0.1363 0.2758 0.0605 0.0
8.9 35000.0 -1.66 0.8676 0.8882 0.1275 0.2762 0.0611 0.0
8.9 37500.0 -1.65 0.7572 1.3497 0.1263 0.2848 0.0612 0.0
8.9 50000.0 -1.65 0.6976 4.3357 0.1901 0.3555 0.0606 0.0037
8.9 40000.0 -1.61 0.7092 1.9565 0.1311 0.3046 0.0612 0.0
8.9 45000.0 -1.61 0.6746 3.1786 0.1557 0.3356 0.061 0.0015
8.9 55000.0 -1.62 0.7317 5.9175 0.224 0.3714 0.0597 0.0083
8.9 90000.0 -1.7 1.0901 11.7841 0.4332 0.3858 0.045 0.1117
8.9 80000.0 -1.68 0.9941 10.9918 0.3876 0.3858 0.0506 0.0704
8.9 70000.0 -1.65 0.8874 9.4547 0.3294 0.3842 0.0553 0.0374
8.9 60000.0 -1.62 0.7791 7.2517 0.2602 0.3784 0.0586 0.0152
8.9 30000.0 -1.44 1.1718 0.3977 0.1289 0.2951 0.0599 0.0
8.9 32500.0 -1.43 1.1171 0.7584 0.1186 0.297 0.061 0.0
8.9 35000.0 -1.43 0.9006 1.2769 0.113 0.2961 0.0612 0.0
8.9 37500.0 -1.41 0.7837 1.8937 0.1154 0.3107 0.0612 0.0
8.9 40000.0 -1.37 0.7101 2.7013 0.122 0.3307 0.0612 0.0
8.9 45000.0 -1.37 0.658 4.2136 0.1474 0.3555 0.0608 0.0021
8.9 50000.0 -1.37 0.6633 5.8384 0.1786 0.3688 0.0601 0.0053
8.9 55000.0 -1.38 0.6901 7.4035 0.2119 0.3731 0.0591 0.0111
8.9 90000.0 -1.46 0.9832 12.9272 0.3901 0.3599 0.0421 0.1321
8.9 80000.0 -1.43 0.902 12.5401 0.353 0.3637 0.0483 0.0859
8.9 70000.0 -1.41 0.8124 11.1946 0.3042 0.368 0.0537 0.0474
8.9 60000.0 -1.38 0.7247 8.9197 0.2441 0.3724 0.0576 0.0202
