#Cloudy 17.00 models results grids
# O/H: 7.1 - 8.9, log U: -3.5 - -1.5, T*: 30 - 90 kK
# SED: Black-body
# Plane-parallel geometry
#
#12+log(O/H) Teff log(U) OII_3727 OIII_5007 SII_6717,31 SIII_9069 He1_5876 He2_4686
7.1 30000.0 -3.5 0.6336 0.0021 0.1427 0.0079 0.0342 0.0
7.1 32500.0 -3.5 0.6635 0.0044 0.1352 0.0099 0.0413 0.0
7.1 35000.0 -3.5 0.6877 0.0081 0.1284 0.0116 0.0462 0.0
7.1 37500.0 -3.5 0.705 0.0134 0.1225 0.0132 0.0495 0.0
7.1 40000.0 -3.5 0.7177 0.0203 0.1179 0.0144 0.0516 0.0
7.1 45000.0 -3.5 0.7287 0.0385 0.1114 0.0164 0.0542 0.0
7.1 50000.0 -3.5 0.7253 0.0612 0.1077 0.0177 0.0556 0.001
7.1 55000.0 -3.5 0.713 0.0858 0.106 0.0186 0.0564 0.0023
7.1 60000.0 -3.5 0.696 0.1107 0.1055 0.0191 0.0568 0.0045
7.1 70000.0 -3.5 0.6573 0.1555 0.1067 0.0197 0.0567 0.0125
7.1 80000.0 -3.5 0.6231 0.189 0.1094 0.0198 0.0556 0.0258
7.1 90000.0 -3.5 0.5963 0.2123 0.1126 0.0197 0.0537 0.0438
7.1 30000.0 -3.25 0.7548 0.0062 0.1305 0.0122 0.036 0.0
7.1 32500.0 -3.25 0.7877 0.0136 0.119 0.0147 0.0438 0.0
7.1 35000.0 -3.25 0.8094 0.0251 0.1093 0.0169 0.0487 0.0
7.1 37500.0 -3.25 0.8211 0.0411 0.1018 0.0187 0.0514 0.0
7.1 40000.0 -3.25 0.8227 0.0613 0.096 0.0202 0.053 0.0
7.1 45000.0 -3.25 0.8025 0.1117 0.0883 0.0223 0.0546 0.0
7.1 50000.0 -3.25 0.7626 0.169 0.084 0.0236 0.0555 0.0012
7.1 55000.0 -3.25 0.7158 0.2242 0.082 0.0244 0.0558 0.0026
7.1 60000.0 -3.25 0.6698 0.2731 0.0812 0.0248 0.0558 0.0051
7.1 70000.0 -3.25 0.5939 0.3478 0.0819 0.0251 0.055 0.0141
7.1 80000.0 -3.25 0.5401 0.3959 0.0837 0.0249 0.0531 0.0292
7.1 90000.0 -3.25 0.5031 0.4258 0.0859 0.0246 0.0504 0.05
7.1 30000.0 -3.0 0.8888 0.018 0.1123 0.0176 0.0375 0.0
7.1 32500.0 -3.0 0.9148 0.0393 0.0984 0.0206 0.0458 0.0
7.1 35000.0 -3.0 0.9209 0.0713 0.0873 0.023 0.0506 0.0
7.1 37500.0 -3.0 0.908 0.1131 0.0794 0.0249 0.0527 0.0
7.1 40000.0 -3.0 0.8793 0.1625 0.0736 0.0264 0.0538 0.0
7.1 45000.0 -3.0 0.795 0.2702 0.0664 0.0283 0.0548 0.0
7.1 50000.0 -3.0 0.7031 0.3711 0.0627 0.0294 0.0552 0.0013
7.1 55000.0 -3.0 0.6223 0.4545 0.0609 0.03 0.0552 0.0028
7.1 60000.0 -3.0 0.557 0.5189 0.0603 0.0302 0.0549 0.0054
7.1 70000.0 -3.0 0.4673 0.6023 0.0608 0.03 0.0536 0.0149
7.1 80000.0 -3.0 0.4136 0.6463 0.0621 0.0295 0.0513 0.031
7.1 90000.0 -3.0 0.3798 0.6676 0.0634 0.0288 0.0481 0.0533
7.1 30000.0 -2.75 1.0225 0.048 0.0908 0.0237 0.0392 0.0
7.1 32500.0 -2.75 1.021 0.1013 0.0768 0.0268 0.0477 0.0
7.1 35000.0 -2.75 0.9842 0.1747 0.0661 0.0293 0.0521 0.0
7.1 37500.0 -2.75 0.9217 0.2607 0.0589 0.0311 0.0536 0.0
7.1 40000.0 -2.75 0.8458 0.3506 0.0541 0.0324 0.0543 0.0
7.1 45000.0 -2.75 0.693 0.5163 0.0483 0.034 0.0548 0.0
7.1 50000.0 -2.75 0.5689 0.645 0.0454 0.0348 0.0549 0.0013
7.1 55000.0 -2.75 0.4784 0.7369 0.0441 0.035 0.0547 0.003
7.1 60000.0 -2.75 0.4146 0.8004 0.0437 0.0349 0.0542 0.0057
7.1 70000.0 -2.75 0.337 0.8714 0.0441 0.0339 0.0525 0.0157
7.1 80000.0 -2.75 0.2954 0.8981 0.045 0.0326 0.0499 0.0325
7.1 90000.0 -2.75 0.2705 0.8978 0.0457 0.0312 0.0464 0.0558
7.1 30000.0 -2.5 1.125 0.1146 0.0691 0.0298 0.0417 0.0
7.1 32500.0 -2.5 1.0643 0.2248 0.0568 0.0329 0.0497 0.0
7.1 35000.0 -2.5 0.961 0.3569 0.0479 0.0352 0.0532 0.0
7.1 37500.0 -2.5 0.8421 0.4914 0.0424 0.0368 0.0541 0.0
7.1 40000.0 -2.5 0.7276 0.6151 0.0387 0.0379 0.0545 0.0
7.1 45000.0 -2.5 0.5436 0.8104 0.0345 0.0391 0.0547 0.0
7.1 50000.0 -2.5 0.4214 0.9414 0.0325 0.0393 0.0546 0.0015
7.1 55000.0 -2.5 0.343 1.0265 0.0317 0.039 0.0542 0.0033
7.1 60000.0 -2.5 0.2919 1.0809 0.0315 0.0382 0.0536 0.0063
7.1 70000.0 -2.5 0.2343 1.1324 0.0318 0.036 0.0516 0.017
7.1 80000.0 -2.5 0.2054 1.1343 0.0323 0.0336 0.0486 0.035
7.1 90000.0 -2.5 0.1886 1.101 0.0327 0.0315 0.0447 0.0597
7.1 30000.0 -2.25 1.1525 0.2384 0.0501 0.0355 0.045 0.0
7.1 32500.0 -2.25 1.0118 0.4216 0.0403 0.0383 0.0519 0.0
7.1 35000.0 -2.25 0.8479 0.6075 0.0339 0.0403 0.054 0.0
7.1 37500.0 -2.25 0.6971 0.7731 0.03 0.0417 0.0544 0.0
7.1 40000.0 -2.25 0.5726 0.91 0.0275 0.0425 0.0546 0.0
7.1 45000.0 -2.25 0.4009 1.1057 0.0247 0.0432 0.0546 0.0
7.1 50000.0 -2.25 0.3007 1.2272 0.0235 0.0427 0.0543 0.0017
7.1 55000.0 -2.25 0.241 1.3027 0.023 0.0415 0.0538 0.0038
7.1 60000.0 -2.25 0.2039 1.3481 0.0229 0.0398 0.053 0.0072
7.1 70000.0 -2.25 0.1637 1.3789 0.0231 0.0361 0.0506 0.0193
7.1 80000.0 -2.25 0.144 1.3488 0.0234 0.0326 0.0472 0.0393
7.1 90000.0 -2.25 0.1326 1.27 0.0236 0.0297 0.0429 0.0665
7.1 30000.0 -2.0 1.0785 0.4262 0.035 0.0401 0.0488 0.0
7.1 32500.0 -2.0 0.8739 0.6701 0.0279 0.0427 0.0536 0.0
7.1 35000.0 -2.0 0.6861 0.8848 0.0238 0.0445 0.0544 0.0
7.1 37500.0 -2.0 0.5377 1.058 0.0213 0.0456 0.0546 0.0
7.1 40000.0 -2.0 0.4276 1.1929 0.0198 0.0461 0.0547 0.0
7.1 45000.0 -2.0 0.2894 1.3784 0.018 0.046 0.0546 0.0
7.1 50000.0 -2.0 0.2146 1.4919 0.0173 0.0445 0.0542 0.0021
7.1 55000.0 -2.0 0.1717 1.5614 0.0171 0.0422 0.0535 0.0046
7.1 60000.0 -2.0 0.1457 1.6007 0.017 0.0396 0.0525 0.0088
7.1 70000.0 -2.0 0.1178 1.6078 0.0172 0.0343 0.0497 0.0232
7.1 80000.0 -2.0 0.1041 1.5328 0.0174 0.03 0.0457 0.0465
7.1 90000.0 -2.0 0.0961 1.3932 0.0174 0.0265 0.0408 0.0774
7.1 30000.0 -1.75 0.9229 0.6566 0.024 0.0437 0.0522 0.0
7.1 32500.0 -1.75 0.6982 0.9285 0.0195 0.046 0.0542 0.0
7.1 35000.0 -1.75 0.5236 1.1466 0.017 0.0475 0.0546 0.0
7.1 37500.0 -1.75 0.3992 1.3143 0.0155 0.0483 0.0548 0.0
7.1 40000.0 -1.75 0.3128 1.4431 0.0145 0.0485 0.0548 0.0
7.1 45000.0 -1.75 0.2099 1.622 0.0135 0.0472 0.0546 0.001
7.1 50000.0 -1.75 0.1563 1.7335 0.0132 0.0444 0.054 0.0027
7.1 55000.0 -1.75 0.1261 1.8013 0.0131 0.041 0.0532 0.006
7.1 60000.0 -1.75 0.1078 1.8351 0.0132 0.0374 0.052 0.0113
7.1 70000.0 -1.75 0.0882 1.8105 0.0133 0.0311 0.0485 0.0294
7.1 80000.0 -1.75 0.0784 1.6729 0.0134 0.0263 0.0437 0.0577
7.1 90000.0 -1.75 0.0725 1.4546 0.0133 0.0227 0.0379 0.0938
7.1 30000.0 -1.5 0.7358 0.8909 0.0165 0.0461 0.0538 0.0
7.1 32500.0 -1.5 0.5311 1.1635 0.0138 0.0483 0.0545 0.0
7.1 35000.0 -1.5 0.3883 1.3725 0.0124 0.0495 0.0547 0.0
7.1 37500.0 -1.5 0.2931 1.5333 0.0115 0.0498 0.0549 0.0
7.1 40000.0 -1.5 0.2293 1.6582 0.011 0.0493 0.0549 0.0
7.1 45000.0 -1.5 0.1551 1.8374 0.0105 0.0466 0.0546 0.0014
7.1 50000.0 -1.5 0.117 1.9519 0.0104 0.0425 0.0539 0.0038
7.1 55000.0 -1.5 0.0956 2.0197 0.0105 0.038 0.0528 0.0081
7.1 60000.0 -1.5 0.0826 2.0454 0.0106 0.0339 0.0513 0.0152
7.1 70000.0 -1.5 0.0686 1.9712 0.0107 0.0271 0.0469 0.0388
7.1 80000.0 -1.5 0.0614 1.7486 0.0107 0.0224 0.0411 0.0738
7.1 90000.0 -1.5 0.0569 1.4348 0.0106 0.0189 0.0343 0.1156
7.4 30000.0 -3.5 1.1176 0.0037 0.2675 0.0147 0.0343 0.0
7.4 32500.0 -3.5 1.1845 0.0079 0.2556 0.0184 0.0414 0.0
7.4 35000.0 -3.5 1.2388 0.0147 0.2441 0.0219 0.0464 0.0
7.4 37500.0 -3.5 1.2829 0.0244 0.2344 0.0249 0.0497 0.0
7.4 40000.0 -3.5 1.3156 0.0372 0.2265 0.0274 0.0518 0.0
7.4 45000.0 -3.5 1.3518 0.0714 0.2156 0.0314 0.0544 0.0
7.4 50000.0 -3.5 1.3592 0.1144 0.2096 0.0341 0.0559 0.001
7.4 55000.0 -3.5 1.3472 0.1617 0.2071 0.0359 0.0567 0.0023
7.4 60000.0 -3.5 1.3227 0.2096 0.2067 0.0372 0.0572 0.0045
7.4 70000.0 -3.5 1.2623 0.2973 0.21 0.0384 0.0571 0.0125
7.4 80000.0 -3.5 1.2059 0.364 0.216 0.0388 0.0559 0.0259
7.4 90000.0 -3.5 1.1606 0.4109 0.2229 0.0387 0.054 0.044
7.4 30000.0 -3.25 1.3135 0.0108 0.2437 0.0223 0.0362 0.0
7.4 32500.0 -3.25 1.3888 0.024 0.2244 0.0273 0.044 0.0
7.4 35000.0 -3.25 1.4443 0.0447 0.2075 0.0317 0.049 0.0
7.4 37500.0 -3.25 1.4799 0.0739 0.1943 0.0353 0.0517 0.0
7.4 40000.0 -3.25 1.495 0.111 0.1842 0.0382 0.0533 0.0
7.4 45000.0 -3.25 1.4792 0.2049 0.1708 0.0424 0.055 0.0
7.4 50000.0 -3.25 1.4216 0.3131 0.1634 0.0452 0.0558 0.0012
7.4 55000.0 -3.25 1.3463 0.419 0.16 0.047 0.0562 0.0026
7.4 60000.0 -3.25 1.2701 0.5139 0.1591 0.048 0.0562 0.0051
7.4 70000.0 -3.25 1.1398 0.6619 0.1613 0.0489 0.0554 0.0142
7.4 80000.0 -3.25 1.0458 0.76 0.1654 0.0489 0.0535 0.0294
7.4 90000.0 -3.25 0.9801 0.8224 0.1701 0.0484 0.0508 0.0503
7.4 30000.0 -3.0 1.5245 0.0307 0.2092 0.032 0.0377 0.0
7.4 32500.0 -3.0 1.5927 0.068 0.1851 0.0379 0.0461 0.0
7.4 35000.0 -3.0 1.6237 0.1249 0.1654 0.0428 0.0509 0.0
7.4 37500.0 -3.0 1.6189 0.2001 0.1512 0.0466 0.0531 0.0
7.4 40000.0 -3.0 1.5827 0.2899 0.1409 0.0496 0.0542 0.0
7.4 45000.0 -3.0 1.4549 0.4896 0.1282 0.0537 0.0552 0.0
7.4 50000.0 -3.0 1.3044 0.6807 0.1217 0.0561 0.0556 0.0013
7.4 55000.0 -3.0 1.167 0.8421 0.1188 0.0576 0.0557 0.0028
7.4 60000.0 -3.0 1.0546 0.9699 0.1181 0.0583 0.0554 0.0055
7.4 70000.0 -3.0 0.8973 1.1412 0.1197 0.0584 0.0541 0.015
7.4 80000.0 -3.0 0.8018 1.2364 0.1227 0.0576 0.0518 0.0313
7.4 90000.0 -3.0 0.7412 1.2866 0.1256 0.0566 0.0486 0.0538
7.4 30000.0 -2.75 1.7271 0.0799 0.1687 0.0428 0.0394 0.0
7.4 32500.0 -2.75 1.7528 0.1715 0.144 0.049 0.0479 0.0
7.4 35000.0 -2.75 1.714 0.3 0.1248 0.0539 0.0524 0.0
7.4 37500.0 -2.75 1.6259 0.4534 0.1119 0.0576 0.054 0.0
7.4 40000.0 -2.75 1.5092 0.6165 0.1032 0.0604 0.0547 0.0
7.4 45000.0 -2.75 1.2611 0.9248 0.0929 0.064 0.0553 0.0
7.4 50000.0 -2.75 1.0519 1.1724 0.088 0.066 0.0554 0.0014
7.4 55000.0 -2.75 0.8963 1.3556 0.0859 0.0669 0.0552 0.003
7.4 60000.0 -2.75 0.7849 1.4866 0.0855 0.0669 0.0548 0.0058
7.4 70000.0 -2.75 0.6479 1.6427 0.0869 0.0657 0.0531 0.0159
7.4 80000.0 -2.75 0.5737 1.7113 0.089 0.0635 0.0505 0.0329
7.4 90000.0 -2.75 0.5291 1.7253 0.0908 0.0612 0.0469 0.0565
7.4 30000.0 -2.5 1.8735 0.1859 0.1281 0.0536 0.0418 0.0
7.4 32500.0 -2.5 1.8053 0.3727 0.1062 0.0595 0.05 0.0
7.4 35000.0 -2.5 1.6565 0.6025 0.0901 0.0642 0.0536 0.0
7.4 37500.0 -2.5 1.473 0.842 0.0801 0.0675 0.0546 0.0
7.4 40000.0 -2.5 1.2896 1.0675 0.0735 0.07 0.055 0.0
7.4 45000.0 -2.5 0.9853 1.4361 0.0661 0.073 0.0553 0.0
7.4 50000.0 -2.5 0.7775 1.6954 0.0628 0.0742 0.0552 0.0015
7.4 55000.0 -2.5 0.6418 1.8725 0.0616 0.0741 0.0548 0.0033
7.4 60000.0 -2.5 0.5525 1.9923 0.0615 0.0731 0.0542 0.0064
7.4 70000.0 -2.5 0.4509 2.121 0.0626 0.0696 0.0523 0.0172
7.4 80000.0 -2.5 0.3993 2.151 0.064 0.0655 0.0493 0.0354
7.4 90000.0 -2.5 0.3693 2.109 0.065 0.0616 0.0454 0.0606
7.4 30000.0 -2.25 1.9007 0.3796 0.0925 0.0631 0.0451 0.0
7.4 32500.0 -2.25 1.7028 0.6883 0.075 0.0688 0.0522 0.0
7.4 35000.0 -2.25 1.4525 1.0121 0.0633 0.073 0.0544 0.0
7.4 37500.0 -2.25 1.213 1.3088 0.0563 0.0759 0.055 0.0
7.4 40000.0 -2.25 1.0104 1.5617 0.0519 0.078 0.0552 0.0
7.4 45000.0 -2.25 0.724 1.9393 0.0471 0.0801 0.0553 0.0
7.4 50000.0 -2.25 0.5533 2.1891 0.0451 0.08 0.055 0.0017
7.4 55000.0 -2.25 0.4501 2.355 0.0445 0.0783 0.0545 0.0038
7.4 60000.0 -2.25 0.3853 2.4644 0.0445 0.0757 0.0538 0.0073
7.4 70000.0 -2.25 0.3147 2.5651 0.0454 0.0694 0.0515 0.0196
7.4 80000.0 -2.25 0.28 2.5441 0.0463 0.0632 0.0481 0.0399
7.4 90000.0 -2.25 0.2598 2.424 0.0468 0.0579 0.0437 0.0675
7.4 30000.0 -2.0 1.7722 0.6711 0.0645 0.0709 0.0489 0.0
7.4 32500.0 -2.0 1.4663 1.0839 0.0517 0.0762 0.0539 0.0
7.4 35000.0 -2.0 1.1718 1.4602 0.0442 0.0799 0.0549 0.0
7.4 37500.0 -2.0 0.9327 1.7745 0.0398 0.0825 0.0552 0.0
7.4 40000.0 -2.0 0.752 2.0282 0.037 0.084 0.0553 0.0
7.4 45000.0 -2.0 0.5207 2.3953 0.0341 0.0846 0.0553 0.0
7.4 50000.0 -2.0 0.3934 2.637 0.0331 0.0827 0.0549 0.0021
7.4 55000.0 -2.0 0.3195 2.798 0.0329 0.0791 0.0543 0.0046
7.4 60000.0 -2.0 0.2744 2.9007 0.0331 0.0746 0.0534 0.0088
7.4 70000.0 -2.0 0.2258 2.9684 0.0338 0.0655 0.0506 0.0234
7.4 80000.0 -2.0 0.202 2.8761 0.0344 0.0577 0.0467 0.0472
7.4 90000.0 -2.0 0.1882 2.6542 0.0346 0.0514 0.0417 0.0787
7.4 30000.0 -1.75 1.5184 1.031 0.0441 0.0767 0.0524 0.0
7.4 32500.0 -1.75 1.1722 1.4954 0.0357 0.0816 0.0547 0.0
7.4 35000.0 -1.75 0.8937 1.8818 0.0313 0.0849 0.0551 0.0
7.4 37500.0 -1.75 0.6913 2.1904 0.0286 0.0868 0.0553 0.0
7.4 40000.0 -1.75 0.5487 2.4364 0.027 0.0876 0.0554 0.0
7.4 45000.0 -1.75 0.3764 2.7964 0.0254 0.0862 0.0553 0.001
7.4 50000.0 -1.75 0.2853 3.0386 0.025 0.0819 0.0548 0.0027
7.4 55000.0 -1.75 0.2335 3.2011 0.0251 0.0761 0.054 0.006
7.4 60000.0 -1.75 0.202 3.2995 0.0254 0.0699 0.0529 0.0113
7.4 70000.0 -1.75 0.1683 3.3213 0.026 0.0588 0.0496 0.0296
7.4 80000.0 -1.75 0.1517 3.1299 0.0264 0.0502 0.0448 0.0585
7.4 90000.0 -1.75 0.1417 2.7753 0.0264 0.0438 0.039 0.0955
7.4 30000.0 -1.5 1.2163 1.403 0.03 0.0809 0.0542 0.0
7.4 32500.0 -1.5 0.8937 1.8725 0.0253 0.0852 0.0549 0.0
7.4 35000.0 -1.5 0.6634 2.2473 0.0227 0.0878 0.0552 0.0
7.4 37500.0 -1.5 0.5072 2.5454 0.0212 0.0889 0.0554 0.0
7.4 40000.0 -1.5 0.4015 2.7861 0.0203 0.0886 0.0555 0.0
7.4 45000.0 -1.5 0.2772 3.148 0.0196 0.0845 0.0553 0.0014
7.4 50000.0 -1.5 0.2127 3.399 0.0196 0.0776 0.0547 0.0037
7.4 55000.0 -1.5 0.1762 3.565 0.0199 0.07 0.0537 0.0081
7.4 60000.0 -1.5 0.1541 3.6533 0.0202 0.0626 0.0523 0.0152
7.4 70000.0 -1.5 0.1303 3.6012 0.0208 0.0507 0.0481 0.039
7.4 80000.0 -1.5 0.1185 3.2729 0.0211 0.0423 0.0423 0.0749
7.4 90000.0 -1.5 0.1112 2.7536 0.021 0.0362 0.0355 0.1182
7.7 30000.0 -3.5 1.7105 0.0057 0.4656 0.0249 0.0345 0.0
7.7 32500.0 -3.5 1.8603 0.0126 0.4525 0.0318 0.0417 0.0
7.7 35000.0 -3.5 1.992 0.0238 0.4387 0.0384 0.0467 0.0
7.7 37500.0 -3.5 2.1009 0.0401 0.4261 0.0442 0.05 0.0
7.7 40000.0 -3.5 2.1898 0.0621 0.4159 0.0493 0.0522 0.0
7.7 45000.0 -3.5 2.3085 0.1218 0.4017 0.0573 0.0549 0.0
7.7 50000.0 -3.5 2.3676 0.1986 0.3951 0.063 0.0564 0.001
7.7 55000.0 -3.5 2.3856 0.2848 0.3938 0.067 0.0573 0.0023
7.7 60000.0 -3.5 2.3766 0.3741 0.3959 0.0699 0.0578 0.0045
7.7 70000.0 -3.5 2.3171 0.5408 0.4063 0.0732 0.0578 0.0126
7.7 80000.0 -3.5 2.2514 0.6727 0.4209 0.0745 0.0567 0.026
7.7 90000.0 -3.5 2.1934 0.7684 0.4366 0.0749 0.0547 0.0443
7.7 30000.0 -3.25 1.9834 0.0165 0.4235 0.0377 0.0365 0.0
7.7 32500.0 -3.25 2.1532 0.0372 0.3971 0.0469 0.0443 0.0
7.7 35000.0 -3.25 2.2881 0.0708 0.3724 0.0552 0.0493 0.0
7.7 37500.0 -3.25 2.3883 0.119 0.3527 0.0622 0.0521 0.0
7.7 40000.0 -3.25 2.4547 0.1815 0.3377 0.0681 0.0537 0.0
7.7 45000.0 -3.25 2.4972 0.3429 0.318 0.0769 0.0555 0.0
7.7 50000.0 -3.25 2.4522 0.5343 0.3075 0.083 0.0564 0.0012
7.7 55000.0 -3.25 2.3683 0.7273 0.3039 0.0871 0.0568 0.0027
7.7 60000.0 -3.25 2.2705 0.9051 0.3045 0.0898 0.0569 0.0052
7.7 70000.0 -3.25 2.0911 1.1937 0.312 0.0926 0.0561 0.0143
7.7 80000.0 -3.25 1.9541 1.3952 0.3226 0.0935 0.0543 0.0297
7.7 90000.0 -3.25 1.8567 1.5313 0.3334 0.0935 0.0516 0.0508
7.7 30000.0 -3.0 2.2614 0.0454 0.363 0.0536 0.0379 0.0
7.7 32500.0 -3.0 2.4226 0.1027 0.3269 0.0645 0.0464 0.0
7.7 35000.0 -3.0 2.5264 0.1924 0.2962 0.0739 0.0513 0.0
7.7 37500.0 -3.0 2.5703 0.3138 0.2738 0.0814 0.0535 0.0
7.7 40000.0 -3.0 2.5586 0.4617 0.2576 0.0875 0.0547 0.0
7.7 45000.0 -3.0 2.4241 0.8012 0.2376 0.0962 0.0558 0.0
7.7 50000.0 -3.0 2.2318 1.14 0.2283 0.102 0.0563 0.0013
7.7 55000.0 -3.0 2.0436 1.4391 0.2252 0.1057 0.0564 0.0029
7.7 60000.0 -3.0 1.8818 1.686 0.2256 0.108 0.0562 0.0055
7.7 70000.0 -3.0 1.6478 2.0386 0.2315 0.1099 0.0549 0.0153
7.7 80000.0 -3.0 1.5023 2.2547 0.2393 0.1098 0.0526 0.0317
7.7 90000.0 -3.0 1.4083 2.3838 0.2465 0.1088 0.0494 0.0546
7.7 30000.0 -2.75 2.5177 0.1145 0.2924 0.0712 0.0396 0.0
7.7 32500.0 -2.75 2.619 0.2515 0.2538 0.0826 0.0483 0.0
7.7 35000.0 -2.75 2.6212 0.4495 0.2227 0.0921 0.0529 0.0
7.7 37500.0 -2.75 2.5407 0.6923 0.2017 0.0995 0.0545 0.0
7.7 40000.0 -2.75 2.4065 0.958 0.1875 0.1052 0.0553 0.0
7.7 45000.0 -2.75 2.0841 1.4824 0.1713 0.1133 0.0559 0.0
7.7 50000.0 -2.75 1.7918 1.9295 0.1643 0.1184 0.0561 0.0014
7.7 55000.0 -2.75 1.5656 2.2816 0.1623 0.1214 0.056 0.003
7.7 60000.0 -2.75 1.4001 2.5509 0.163 0.1229 0.0556 0.0059
7.7 70000.0 -2.75 1.1923 2.906 0.1679 0.1228 0.054 0.0162
7.7 80000.0 -2.75 1.0781 3.0968 0.1737 0.1205 0.0514 0.0335
7.7 90000.0 -2.75 1.0084 3.1779 0.1783 0.1174 0.0479 0.0576
7.7 30000.0 -2.5 2.694 0.2592 0.2219 0.0885 0.042 0.0
7.7 32500.0 -2.5 2.6629 0.5325 0.1868 0.0995 0.0503 0.0
7.7 35000.0 -2.5 2.5046 0.8812 0.16 0.1084 0.0541 0.0
7.7 37500.0 -2.5 2.28 1.2579 0.1433 0.1151 0.0552 0.0
7.7 40000.0 -2.5 2.04 1.626 0.1326 0.1202 0.0556 0.0
7.7 45000.0 -2.5 1.6211 2.2638 0.1211 0.1274 0.056 0.0
7.7 50000.0 -2.5 1.3213 2.7498 0.1166 0.1314 0.056 0.0015
7.7 55000.0 -2.5 1.1205 3.111 0.1158 0.1331 0.0557 0.0033
7.7 60000.0 -2.5 0.9861 3.3774 0.1168 0.1329 0.0552 0.0064
7.7 70000.0 -2.5 0.8308 3.7123 0.1207 0.1292 0.0533 0.0175
7.7 80000.0 -2.5 0.7517 3.8573 0.1248 0.1235 0.0504 0.0361
7.7 90000.0 -2.5 0.7053 3.8581 0.1277 0.1176 0.0465 0.0618
7.7 30000.0 -2.25 2.7157 0.5177 0.1603 0.1036 0.0451 0.0
7.7 32500.0 -2.25 2.4991 0.966 0.1316 0.1138 0.0525 0.0
7.7 35000.0 -2.25 2.1888 1.4585 0.1117 0.1218 0.055 0.0
7.7 37500.0 -2.25 1.873 1.9297 0.1001 0.1277 0.0556 0.0
7.7 40000.0 -2.25 1.5955 2.3498 0.0929 0.1323 0.0558 0.0
7.7 45000.0 -2.25 1.1891 3.0212 0.0856 0.1381 0.056 0.0
7.7 50000.0 -2.25 0.9391 3.5097 0.0832 0.1403 0.0559 0.0017
7.7 55000.0 -2.25 0.7849 3.8668 0.0832 0.1395 0.0555 0.0038
7.7 60000.0 -2.25 0.687 4.1275 0.0842 0.1367 0.0548 0.0073
7.7 70000.0 -2.25 0.5794 4.4384 0.0874 0.128 0.0526 0.0198
7.7 80000.0 -2.25 0.5266 4.5194 0.0902 0.1185 0.0493 0.0406
7.7 90000.0 -2.25 0.4962 4.4076 0.092 0.11 0.045 0.0689
7.7 30000.0 -2.0 2.539 0.9071 0.1117 0.1156 0.0488 0.0
7.7 32500.0 -2.0 2.1601 1.5122 0.0903 0.125 0.0544 0.0
7.7 35000.0 -2.0 1.7721 2.0931 0.0775 0.1321 0.0555 0.0
7.7 37500.0 -2.0 1.4439 2.6018 0.0702 0.1374 0.0558 0.0
7.7 40000.0 -2.0 1.1892 3.0326 0.0658 0.1412 0.056 0.0
7.7 45000.0 -2.0 0.8552 3.703 0.0616 0.1449 0.0561 0.0
7.7 50000.0 -2.0 0.6671 4.1898 0.0606 0.144 0.0558 0.0021
7.7 55000.0 -2.0 0.5563 4.5482 0.0611 0.1398 0.0553 0.0046
7.7 60000.0 -2.0 0.4879 4.8093 0.0622 0.1336 0.0545 0.0088
7.7 70000.0 -2.0 0.4144 5.0892 0.0647 0.1197 0.0519 0.0236
7.7 80000.0 -2.0 0.379 5.0744 0.0666 0.1072 0.048 0.0478
7.7 90000.0 -2.0 0.3587 4.8104 0.0677 0.097 0.0431 0.0803
7.7 30000.0 -1.75 2.1965 1.3965 0.0764 0.1244 0.0524 0.0
7.7 32500.0 -1.75 1.7429 2.0926 0.062 0.1331 0.0552 0.0
7.7 35000.0 -1.75 1.3607 2.6999 0.0544 0.1394 0.0557 0.0
7.7 37500.0 -1.75 1.0757 3.2103 0.0501 0.1439 0.056 0.0
7.7 40000.0 -1.75 0.871 3.6359 0.0477 0.1466 0.0561 0.0
7.7 45000.0 -1.75 0.6192 4.3043 0.0457 0.1469 0.0561 0.001
7.7 50000.0 -1.75 0.4837 4.7994 0.0456 0.1418 0.0558 0.0027
7.7 55000.0 -1.75 0.4056 5.1688 0.0464 0.1335 0.0551 0.0059
7.7 60000.0 -1.75 0.3581 5.4312 0.0475 0.1241 0.0541 0.0112
7.7 70000.0 -1.75 0.3075 5.6566 0.0495 0.1064 0.051 0.0297
7.7 80000.0 -1.75 0.2833 5.5021 0.0509 0.0924 0.0463 0.059
7.7 90000.0 -1.75 0.2694 5.0386 0.0515 0.0819 0.0406 0.0973
7.7 30000.0 -1.5 1.7832 1.9199 0.0519 0.1307 0.0547 0.0
7.7 32500.0 -1.5 1.3431 2.6373 0.0436 0.1385 0.0555 0.0
7.7 35000.0 -1.5 1.0186 3.2377 0.0393 0.144 0.0559 0.0
7.7 37500.0 -1.5 0.7945 3.7382 0.0369 0.1471 0.0561 0.0
7.7 40000.0 -1.5 0.6408 4.1614 0.0357 0.1479 0.0562 0.0
7.7 45000.0 -1.5 0.4575 4.8406 0.0351 0.1436 0.0561 0.0014
7.7 50000.0 -1.5 0.3609 5.3558 0.0356 0.1337 0.0556 0.0036
7.7 55000.0 -1.5 0.3058 5.7368 0.0366 0.1219 0.0548 0.0079
7.7 60000.0 -1.5 0.2725 5.9919 0.0376 0.1102 0.0535 0.0149
7.7 70000.0 -1.5 0.2372 6.1165 0.0394 0.0909 0.0496 0.0388
7.7 80000.0 -1.5 0.2204 5.7645 0.0404 0.0771 0.044 0.0755
7.7 90000.0 -1.5 0.2109 5.0413 0.0408 0.0673 0.0372 0.1208
8.0 30000.0 -3.5 1.9855 0.0071 0.6969 0.0363 0.0347 0.0
8.0 32500.0 -3.5 2.26 0.0159 0.6983 0.0475 0.0419 0.0
8.0 35000.0 -3.5 2.5196 0.031 0.6952 0.0587 0.047 0.0
8.0 37500.0 -3.5 2.7529 0.0538 0.691 0.0691 0.0504 0.0
8.0 40000.0 -3.5 2.9615 0.0852 0.688 0.0786 0.0527 0.0
8.0 45000.0 -3.5 3.2886 0.1742 0.6858 0.0942 0.0555 0.0
8.0 50000.0 -3.5 3.5151 0.2938 0.6903 0.1062 0.0572 0.001
8.0 55000.0 -3.5 3.6683 0.434 0.7012 0.1152 0.0582 0.0023
8.0 60000.0 -3.5 3.7611 0.5839 0.7156 0.1221 0.0587 0.0045
8.0 70000.0 -3.5 3.8433 0.8796 0.7511 0.1312 0.0588 0.0126
8.0 80000.0 -3.5 3.8708 1.1323 0.7907 0.1364 0.0578 0.0261
8.0 90000.0 -3.5 3.8744 1.3284 0.8294 0.1392 0.056 0.0446
8.0 30000.0 -3.25 2.3254 0.0203 0.6425 0.0552 0.0368 0.0
8.0 32500.0 -3.25 2.6223 0.0467 0.6193 0.0703 0.0447 0.0
8.0 35000.0 -3.25 2.8909 0.091 0.5957 0.0846 0.0497 0.0
8.0 37500.0 -3.25 3.1158 0.1563 0.5764 0.0973 0.0525 0.0
8.0 40000.0 -3.25 3.2966 0.2438 0.5619 0.1083 0.0543 0.0
8.0 45000.0 -3.25 3.5224 0.4779 0.5445 0.1257 0.0562 0.0
8.0 50000.0 -3.25 3.607 0.7696 0.5382 0.1386 0.0572 0.0012
8.0 55000.0 -3.25 3.6085 1.08 0.5412 0.1481 0.0577 0.0027
8.0 60000.0 -3.25 3.572 1.3818 0.5502 0.1552 0.0578 0.0052
8.0 70000.0 -3.25 3.4657 1.9111 0.577 0.1645 0.0572 0.0144
8.0 80000.0 -3.25 3.369 2.321 0.6066 0.1698 0.0555 0.03
8.0 90000.0 -3.25 3.2933 2.6227 0.6343 0.1727 0.0528 0.0515
8.0 30000.0 -3.0 2.6533 0.0544 0.5569 0.0789 0.0383 0.0
8.0 32500.0 -3.0 2.9393 0.1256 0.5146 0.0968 0.0468 0.0
8.0 35000.0 -3.0 3.1666 0.2405 0.4769 0.113 0.0518 0.0
8.0 37500.0 -3.0 3.3162 0.4011 0.4489 0.1267 0.0541 0.0
8.0 40000.0 -3.0 3.3951 0.6023 0.4291 0.1381 0.0553 0.0
8.0 45000.0 -3.0 3.3801 1.0856 0.4059 0.1554 0.0565 0.0
8.0 50000.0 -3.0 3.2547 1.6006 0.3982 0.1679 0.0571 0.0013
8.0 55000.0 -3.0 3.1021 2.0886 0.3997 0.1772 0.0573 0.0029
8.0 60000.0 -3.0 2.9596 2.523 0.4066 0.1841 0.0572 0.0056
8.0 70000.0 -3.0 2.7432 3.214 0.4276 0.193 0.056 0.0155
8.0 80000.0 -3.0 2.6035 3.7011 0.4499 0.1974 0.0538 0.0323
8.0 90000.0 -3.0 2.5126 4.0392 0.4695 0.1993 0.0507 0.0557
8.0 30000.0 -2.75 2.9541 0.1338 0.454 0.1051 0.0398 0.0
8.0 32500.0 -2.75 3.1666 0.2996 0.4032 0.124 0.0486 0.0
8.0 35000.0 -2.75 3.2618 0.549 0.3597 0.1404 0.0534 0.0
8.0 37500.0 -2.75 3.2545 0.8635 0.3308 0.1535 0.0551 0.0
8.0 40000.0 -2.75 3.1695 1.22 0.3116 0.1641 0.056 0.0
8.0 45000.0 -2.75 2.8954 1.9644 0.2912 0.1802 0.0567 0.0
8.0 50000.0 -2.75 2.6155 2.6574 0.2852 0.1919 0.057 0.0014
8.0 55000.0 -2.75 2.3878 3.2552 0.287 0.2005 0.057 0.0031
8.0 60000.0 -2.75 2.2161 3.7567 0.293 0.2065 0.0567 0.006
8.0 70000.0 -2.75 1.9989 4.514 0.3098 0.2129 0.0552 0.0164
8.0 80000.0 -2.75 1.8801 5.0177 0.3265 0.2144 0.0527 0.0342
8.0 90000.0 -2.75 1.8088 5.3293 0.3398 0.2133 0.0492 0.0589
8.0 30000.0 -2.5 3.1587 0.298 0.3468 0.1311 0.0421 0.0
8.0 32500.0 -2.5 3.2142 0.6245 0.2981 0.1491 0.0506 0.0
8.0 35000.0 -2.5 3.1149 1.0579 0.2589 0.1641 0.0547 0.0
8.0 37500.0 -2.5 2.9217 1.5444 0.2345 0.1759 0.0558 0.0
8.0 40000.0 -2.5 2.6924 2.0403 0.2194 0.1853 0.0563 0.0
8.0 45000.0 -2.5 2.2627 2.9616 0.2048 0.1998 0.0568 0.0
8.0 50000.0 -2.5 1.9421 3.7413 0.2015 0.21 0.0569 0.0015
8.0 55000.0 -2.5 1.721 4.383 0.204 0.2166 0.0567 0.0034
8.0 60000.0 -2.5 1.572 4.9102 0.2092 0.2203 0.0563 0.0065
8.0 70000.0 -2.5 1.4008 5.6905 0.2223 0.2214 0.0546 0.0178
8.0 80000.0 -2.5 1.3169 6.1773 0.2343 0.2177 0.0517 0.0368
8.0 90000.0 -2.5 1.2695 6.4114 0.2433 0.2121 0.0479 0.0631
8.0 30000.0 -2.25 3.2054 0.5867 0.2526 0.1538 0.045 0.0
8.0 32500.0 -2.25 3.0412 1.1225 0.2108 0.1701 0.0528 0.0
8.0 35000.0 -2.25 2.7464 1.7392 0.1806 0.1831 0.0556 0.0
8.0 37500.0 -2.25 2.4208 2.3557 0.1632 0.1933 0.0563 0.0
8.0 40000.0 -2.25 2.1251 2.935 0.153 0.2017 0.0566 0.0
8.0 45000.0 -2.25 1.6761 3.9356 0.1441 0.2142 0.0568 0.0
8.0 50000.0 -2.25 1.3921 4.7468 0.1432 0.2217 0.0568 0.0017
8.0 55000.0 -2.25 1.2142 5.4069 0.146 0.2247 0.0565 0.0038
8.0 60000.0 -2.25 1.1014 5.9497 0.1505 0.2243 0.0559 0.0073
8.0 70000.0 -2.25 0.9799 6.7399 0.1604 0.2174 0.054 0.0199
8.0 80000.0 -2.25 0.9235 7.1727 0.1689 0.2073 0.0508 0.041
8.0 90000.0 -2.25 0.8932 7.2754 0.1748 0.1971 0.0466 0.0701
8.0 30000.0 -2.0 3.043 1.0248 0.1771 0.1717 0.0487 0.0
8.0 32500.0 -2.0 2.6723 1.7605 0.1449 0.1861 0.0548 0.0
8.0 35000.0 -2.0 2.259 2.5037 0.1248 0.1975 0.0562 0.0
8.0 37500.0 -2.0 1.895 3.1886 0.1139 0.2066 0.0565 0.0
8.0 40000.0 -2.0 1.6059 3.8002 0.1078 0.2138 0.0567 0.0
8.0 45000.0 -2.0 1.2191 4.8311 0.1034 0.2233 0.0569 0.0
8.0 50000.0 -2.0 0.9973 5.6626 0.104 0.2261 0.0567 0.002
8.0 55000.0 -2.0 0.8658 6.3451 0.1069 0.2238 0.0563 0.0045
8.0 60000.0 -2.0 0.7851 6.9054 0.1107 0.2179 0.0557 0.0087
8.0 70000.0 -2.0 0.7008 7.6817 0.1182 0.202 0.0533 0.0235
8.0 80000.0 -2.0 0.6634 8.0145 0.1241 0.1864 0.0497 0.0479
8.0 90000.0 -2.0 0.6439 7.9212 0.1281 0.1729 0.0449 0.0811
8.0 30000.0 -1.75 2.6913 1.5866 0.1218 0.1846 0.0524 0.0
8.0 32500.0 -1.75 2.2031 2.4591 0.0992 0.1977 0.0559 0.0
8.0 35000.0 -1.75 1.7695 3.2624 0.0874 0.2079 0.0565 0.0
8.0 37500.0 -1.75 1.437 3.9703 0.0812 0.2158 0.0567 0.0
8.0 40000.0 -1.75 1.1949 4.5926 0.078 0.2214 0.0569 0.0
8.0 45000.0 -1.75 0.8934 5.6462 0.0765 0.2258 0.0569 0.0
8.0 50000.0 -1.75 0.7296 6.5106 0.0781 0.2222 0.0567 0.0026
8.0 55000.0 -1.75 0.6352 7.2263 0.0809 0.2134 0.0562 0.0057
8.0 60000.0 -1.75 0.5781 7.8035 0.0841 0.2021 0.0553 0.0109
8.0 70000.0 -1.75 0.5196 8.5338 0.09 0.1791 0.0525 0.0291
8.0 80000.0 -1.75 0.4944 8.692 0.0942 0.16 0.0481 0.0587
8.0 90000.0 -1.75 0.4819 8.3337 0.0969 0.1452 0.0425 0.0978
8.0 30000.0 -1.5 2.2417 2.2135 0.083 0.1936 0.0551 0.0
8.0 32500.0 -1.5 1.7366 3.1434 0.0695 0.2055 0.0563 0.0
8.0 35000.0 -1.5 1.3513 3.9615 0.063 0.2144 0.0566 0.0
8.0 37500.0 -1.5 1.0808 4.6778 0.0598 0.2205 0.0568 0.0
8.0 40000.0 -1.5 0.8937 5.3128 0.0585 0.2235 0.0569 0.0
8.0 45000.0 -1.5 0.669 6.4069 0.0588 0.221 0.0569 0.0013
8.0 50000.0 -1.5 0.5498 7.3186 0.0609 0.21 0.0566 0.0034
8.0 55000.0 -1.5 0.482 8.0686 0.0637 0.1952 0.0559 0.0075
8.0 60000.0 -1.5 0.4414 8.6477 0.0665 0.1797 0.0548 0.0143
8.0 70000.0 -1.5 0.4003 9.2684 0.0712 0.1528 0.0512 0.0378
8.0 80000.0 -1.5 0.3835 9.1685 0.0743 0.133 0.0459 0.0746
8.0 90000.0 -1.5 0.3761 8.4465 0.0762 0.1188 0.0392 0.1214
8.3 30000.0 -3.5 1.2505 0.0055 0.7371 0.0386 0.0349 0.0
8.3 32500.0 -3.5 1.5783 0.0131 0.7899 0.0533 0.042 0.0
8.3 35000.0 -3.5 1.9116 0.0267 0.8305 0.0687 0.0472 0.0
8.3 37500.0 -3.5 2.2446 0.0484 0.865 0.084 0.0508 0.0
8.3 40000.0 -3.5 2.565 0.0798 0.8955 0.0987 0.0532 0.0
8.3 45000.0 -3.5 3.1488 0.1747 0.9512 0.1248 0.0563 0.0
8.3 50000.0 -3.5 3.6474 0.3118 1.0051 0.1467 0.0581 0.0
8.3 55000.0 -3.5 4.0664 0.4833 1.0606 0.1648 0.0592 0.0022
8.3 60000.0 -3.5 4.4186 0.6792 1.1169 0.1799 0.0599 0.0044
8.3 70000.0 -3.5 4.9577 1.102 1.2288 0.2029 0.0602 0.0124
8.3 80000.0 -3.5 5.3777 1.5113 1.3398 0.2195 0.0594 0.0259
8.3 90000.0 -3.5 5.7114 1.874 1.4418 0.2317 0.0578 0.0446
8.3 30000.0 -3.25 1.6803 0.0173 0.7393 0.0636 0.0372 0.0
8.3 32500.0 -3.25 2.0378 0.0411 0.7505 0.084 0.045 0.0
8.3 35000.0 -3.25 2.3947 0.0829 0.7551 0.1045 0.0501 0.0
8.3 37500.0 -3.25 2.7291 0.147 0.7589 0.1237 0.0531 0.0
8.3 40000.0 -3.25 3.0356 0.2364 0.7649 0.1412 0.0549 0.0
8.3 45000.0 -3.25 3.5215 0.488 0.7808 0.1707 0.057 0.0
8.3 50000.0 -3.25 3.8716 0.8189 0.8051 0.1943 0.0582 0.0012
8.3 55000.0 -3.25 4.1109 1.2004 0.8345 0.2134 0.0588 0.0026
8.3 60000.0 -3.25 4.2912 1.5977 0.8709 0.229 0.059 0.0052
8.3 70000.0 -3.25 4.5673 2.3765 0.9533 0.2537 0.0585 0.0144
8.3 80000.0 -3.25 4.7767 3.0785 1.0354 0.272 0.057 0.0302
8.3 90000.0 -3.25 4.9465 3.678 1.1102 0.2857 0.0544 0.0519
8.3 30000.0 -3.0 2.1068 0.0485 0.6838 0.0959 0.0387 0.0
8.3 32500.0 -3.0 2.4619 0.1143 0.6581 0.121 0.0472 0.0
8.3 35000.0 -3.0 2.7891 0.2245 0.6328 0.1449 0.0523 0.0
8.3 37500.0 -3.0 3.0538 0.3838 0.6139 0.1659 0.0547 0.0
8.3 40000.0 -3.0 3.2559 0.5898 0.6025 0.184 0.0561 0.0
8.3 45000.0 -3.0 3.4849 1.1079 0.5942 0.2132 0.0574 0.0
8.3 50000.0 -3.0 3.5778 1.7008 0.6022 0.2359 0.0581 0.0013
8.3 55000.0 -3.0 3.6178 2.3073 0.6217 0.2544 0.0584 0.0029
8.3 60000.0 -3.0 3.6477 2.8979 0.6484 0.2701 0.0583 0.0056
8.3 70000.0 -3.0 3.7091 3.9724 0.7104 0.2951 0.0574 0.0156
8.3 80000.0 -3.0 3.7801 4.8852 0.7716 0.3135 0.0553 0.0327
8.3 90000.0 -3.0 3.8478 5.6362 0.825 0.3269 0.0522 0.0565
8.3 30000.0 -2.75 2.4882 0.1209 0.5832 0.1326 0.0401 0.0
8.3 32500.0 -2.75 2.7785 0.2755 0.535 0.1595 0.049 0.0
8.3 35000.0 -2.75 2.9855 0.5145 0.492 0.1837 0.054 0.0
8.3 37500.0 -2.75 3.0986 0.8271 0.4633 0.2039 0.0559 0.0
8.3 40000.0 -2.75 3.1277 1.1923 0.4452 0.2205 0.0568 0.0
8.3 45000.0 -2.75 3.0605 1.9972 0.4302 0.2469 0.0577 0.0
8.3 50000.0 -2.75 2.9564 2.8132 0.4342 0.268 0.058 0.0014
8.3 55000.0 -2.75 2.8722 3.5902 0.449 0.2857 0.058 0.0031
8.3 60000.0 -2.75 2.8194 4.3112 0.4698 0.3006 0.0578 0.006
8.3 70000.0 -2.75 2.7816 5.5725 0.5171 0.3229 0.0565 0.0166
8.3 80000.0 -2.75 2.7923 6.5996 0.5619 0.3375 0.0541 0.0346
8.3 90000.0 -2.75 2.8183 7.4041 0.5988 0.347 0.0507 0.0598
8.3 30000.0 -2.5 2.7767 0.2693 0.4612 0.1695 0.0421 0.0
8.3 32500.0 -2.5 2.9213 0.5732 0.4064 0.1951 0.0509 0.0
8.3 35000.0 -2.5 2.9363 0.9911 0.3605 0.2169 0.0553 0.0
8.3 37500.0 -2.5 2.8559 1.4769 0.3322 0.2343 0.0567 0.0
8.3 40000.0 -2.5 2.7268 1.9907 0.3158 0.2486 0.0573 0.0
8.3 45000.0 -2.5 2.4621 3.0139 0.3039 0.2721 0.0578 0.0
8.3 50000.0 -2.5 2.264 3.9732 0.308 0.2913 0.0579 0.0015
8.3 55000.0 -2.5 2.1374 4.8557 0.3205 0.3068 0.0578 0.0033
8.3 60000.0 -2.5 2.0601 5.6575 0.3369 0.3188 0.0574 0.0064
8.3 70000.0 -2.5 1.9978 7.0371 0.3725 0.3338 0.0559 0.0178
8.3 80000.0 -2.5 1.9913 8.1137 0.4045 0.3405 0.0532 0.0369
8.3 90000.0 -2.5 2.0026 8.8883 0.4296 0.3427 0.0495 0.0636
8.3 30000.0 -2.25 2.9135 0.5283 0.344 0.202 0.0448 0.0
8.3 32500.0 -2.25 2.8581 1.0271 0.2931 0.2244 0.053 0.0
8.3 35000.0 -2.25 2.674 1.6307 0.2542 0.2428 0.0564 0.0
8.3 37500.0 -2.25 2.4418 2.2611 0.2326 0.2573 0.0572 0.0
8.3 40000.0 -2.25 2.2199 2.8815 0.221 0.2697 0.0576 0.0
8.3 45000.0 -2.25 1.88 4.0414 0.2144 0.2905 0.0578 0.0
8.3 50000.0 -2.25 1.6711 5.0904 0.2196 0.3064 0.0578 0.0017
8.3 55000.0 -2.25 1.5486 6.0411 0.2302 0.3172 0.0576 0.0037
8.3 60000.0 -2.25 1.4783 6.9018 0.2431 0.3235 0.0571 0.0072
8.3 70000.0 -2.25 1.4201 8.3575 0.2694 0.3264 0.0553 0.0197
8.3 80000.0 -2.25 1.4113 9.4331 0.2917 0.3228 0.0523 0.0407
8.3 90000.0 -2.25 1.417 10.0943 0.3085 0.317 0.0483 0.0698
8.3 30000.0 -2.0 2.8683 0.9178 0.246 0.2277 0.0483 0.0
8.3 32500.0 -2.0 2.6056 1.6159 0.2041 0.2464 0.0552 0.0
8.3 35000.0 -2.0 2.2811 2.3674 0.1766 0.2618 0.0571 0.0
8.3 37500.0 -2.0 1.9777 3.0964 0.1628 0.2744 0.0575 0.0
8.3 40000.0 -2.0 1.7326 3.7821 0.1561 0.2854 0.0577 0.0
8.3 45000.0 -2.0 1.4082 5.0334 0.1542 0.3026 0.0579 0.0
8.3 50000.0 -2.0 1.2286 6.1549 0.16 0.3125 0.0578 0.002
8.3 55000.0 -2.0 1.1282 7.1707 0.169 0.3158 0.0574 0.0044
8.3 60000.0 -2.0 1.0724 8.0867 0.1792 0.3141 0.0568 0.0084
8.3 70000.0 -2.0 1.027 9.5927 0.1985 0.3031 0.0547 0.0228
8.3 80000.0 -2.0 1.0186 10.6016 0.214 0.2898 0.0513 0.0468
8.3 90000.0 -2.0 1.0225 11.0656 0.2252 0.2777 0.0467 0.0798
8.3 30000.0 -1.75 2.6437 1.4237 0.1713 0.2458 0.0522 0.0
8.3 32500.0 -1.75 2.2427 2.2861 0.1403 0.2621 0.0568 0.0
8.3 35000.0 -1.75 1.8571 3.1362 0.124 0.2755 0.0575 0.0
8.3 37500.0 -1.75 1.5519 3.9268 0.1163 0.2867 0.0577 0.0
8.3 40000.0 -1.75 1.3306 4.6577 0.1133 0.2959 0.0579 0.0
8.3 45000.0 -1.75 1.0606 5.9909 0.1146 0.307 0.0579 0.0
8.3 50000.0 -1.75 0.9198 7.195 0.1206 0.3082 0.0577 0.0024
8.3 55000.0 -1.75 0.8431 8.2847 0.1283 0.3021 0.0573 0.0054
8.3 60000.0 -1.75 0.8008 9.2592 0.1364 0.2921 0.0565 0.0103
8.3 70000.0 -1.75 0.7658 10.7749 0.1509 0.2692 0.0539 0.0278
8.3 80000.0 -1.75 0.7599 11.6332 0.1618 0.2493 0.0499 0.0566
8.3 90000.0 -1.75 0.7639 11.8046 0.1695 0.2336 0.0445 0.0954
8.3 30000.0 -1.5 2.3061 2.0082 0.1179 0.258 0.0555 0.0
8.3 32500.0 -1.5 1.8446 2.9791 0.0982 0.2726 0.0573 0.0
8.3 35000.0 -1.5 1.4697 3.8902 0.0896 0.2846 0.0577 0.0
8.3 37500.0 -1.5 1.2052 4.7248 0.0861 0.294 0.0578 0.0
8.3 40000.0 -1.5 1.0249 5.4989 0.0854 0.3 0.0579 0.0
8.3 45000.0 -1.5 0.8146 6.9281 0.0886 0.3019 0.0579 0.0012
8.3 50000.0 -1.5 0.7078 8.2293 0.0945 0.2928 0.0576 0.0032
8.3 55000.0 -1.5 0.6502 9.4036 0.1012 0.2779 0.057 0.007
8.3 60000.0 -1.5 0.6187 10.4277 0.1079 0.2613 0.0561 0.0134
8.3 70000.0 -1.5 0.5929 11.8945 0.119 0.2311 0.0528 0.0357
8.3 80000.0 -1.5 0.5898 12.4817 0.1269 0.2083 0.0479 0.0713
8.3 90000.0 -1.5 0.5947 12.2153 0.1324 0.1918 0.0415 0.1178
8.6 30000.0 -3.5 0.1846 0.0012 0.3422 0.0195 0.035 0.0
8.6 32500.0 -3.5 0.298 0.0036 0.4281 0.0307 0.0421 0.0
8.6 35000.0 -3.5 0.4505 0.0087 0.5158 0.0444 0.0475 0.0
8.6 37500.0 -3.5 0.6391 0.0183 0.6023 0.06 0.0512 0.0
8.6 40000.0 -3.5 0.8551 0.0341 0.685 0.0764 0.0539 0.0
8.6 45000.0 -3.5 1.342 0.0899 0.8407 0.1098 0.0574 0.0
8.6 50000.0 -3.5 1.8564 0.1824 0.9856 0.1411 0.0594 0.0
8.6 55000.0 -3.5 2.3657 0.3106 1.1235 0.1692 0.0607 0.0021
8.6 60000.0 -3.5 2.8681 0.4704 1.2593 0.1945 0.0614 0.0041
8.6 70000.0 -3.5 3.8079 0.8576 1.5183 0.2372 0.062 0.0117
8.6 80000.0 -3.5 4.6901 1.294 1.7671 0.2725 0.0614 0.0247
8.6 90000.0 -3.5 5.5223 1.7416 2.0017 0.3028 0.06 0.0428
8.6 30000.0 -3.25 0.3525 0.0058 0.4178 0.0398 0.0378 0.0
8.6 32500.0 -3.25 0.5445 0.0161 0.4955 0.0595 0.0455 0.0
8.6 35000.0 -3.25 0.776 0.0368 0.5638 0.0816 0.0507 0.0
8.6 37500.0 -3.25 1.037 0.0725 0.6254 0.1046 0.0538 0.0
8.6 40000.0 -3.25 1.3076 0.1267 0.6802 0.1272 0.0558 0.0
8.6 45000.0 -3.25 1.8335 0.2957 0.7775 0.1685 0.0582 0.0
8.6 50000.0 -3.25 2.3117 0.5406 0.8684 0.204 0.0594 0.0011
8.6 55000.0 -3.25 2.7452 0.8456 0.9595 0.2347 0.0601 0.0025
8.6 60000.0 -3.25 3.1396 1.1942 1.0506 0.2617 0.0604 0.005
8.6 70000.0 -3.25 3.8638 1.9612 1.2375 0.3077 0.0601 0.014
8.6 80000.0 -3.25 4.5378 2.7694 1.4216 0.347 0.0587 0.0294
8.6 90000.0 -3.25 5.1531 3.5688 1.5922 0.3809 0.0564 0.0508
8.6 30000.0 -3.0 0.6618 0.0228 0.4868 0.0756 0.0393 0.0
8.6 32500.0 -3.0 0.9216 0.0582 0.5283 0.1037 0.0478 0.0
8.6 35000.0 -3.0 1.1993 0.1229 0.5579 0.1327 0.053 0.0
8.6 37500.0 -3.0 1.4673 0.2231 0.5812 0.1601 0.0556 0.0
8.6 40000.0 -3.0 1.7083 0.3605 0.6018 0.1848 0.0571 0.0
8.6 45000.0 -3.0 2.1001 0.7308 0.6438 0.2265 0.0586 0.0
8.6 50000.0 -3.0 2.4061 1.1916 0.6922 0.2605 0.0594 0.0012
8.6 55000.0 -3.0 2.6745 1.7094 0.7502 0.2903 0.0597 0.0028
8.6 60000.0 -3.0 2.9289 2.261 0.815 0.3173 0.0597 0.0055
8.6 70000.0 -3.0 3.4128 3.4095 0.9534 0.3651 0.0588 0.0154
8.6 80000.0 -3.0 3.86 4.5548 1.0882 0.4059 0.0569 0.0323
8.6 90000.0 -3.0 4.2588 5.6395 1.2091 0.4405 0.054 0.0559
8.6 30000.0 -2.75 1.0507 0.0678 0.4985 0.1222 0.0404 0.0
8.6 32500.0 -2.75 1.3116 0.1604 0.4945 0.1549 0.0494 0.0
8.6 35000.0 -2.75 1.5436 0.3111 0.4845 0.1856 0.0547 0.0
8.6 37500.0 -2.75 1.724 0.518 0.4772 0.212 0.0569 0.0
8.6 40000.0 -2.75 1.8554 0.7697 0.4757 0.2342 0.0579 0.0
8.6 45000.0 -2.75 2.0338 1.3644 0.4882 0.2709 0.0589 0.0
8.6 50000.0 -2.75 2.1743 2.0328 0.518 0.3024 0.0593 0.0013
8.6 55000.0 -2.75 2.3128 2.7437 0.5596 0.3313 0.0594 0.003
8.6 60000.0 -2.75 2.4562 3.4762 0.6082 0.358 0.0592 0.0059
8.6 70000.0 -2.75 2.7511 4.9394 0.7115 0.4042 0.058 0.0163
8.6 80000.0 -2.75 3.0318 6.3294 0.8094 0.4414 0.0557 0.0341
8.6 90000.0 -2.75 3.2771 7.5888 0.8931 0.4712 0.0524 0.0591
8.6 30000.0 -2.5 1.4143 0.1611 0.4466 0.1717 0.0419 0.0
8.6 32500.0 -2.5 1.5975 0.3499 0.4126 0.2033 0.051 0.0
8.6 35000.0 -2.5 1.7106 0.6201 0.3808 0.2306 0.0562 0.0
8.6 37500.0 -2.5 1.7626 0.9492 0.3609 0.2526 0.0578 0.0
8.6 40000.0 -2.5 1.7752 1.3146 0.3516 0.2708 0.0585 0.0
8.6 45000.0 -2.5 1.7761 2.1083 0.355 0.3026 0.0591 0.0
8.6 50000.0 -2.5 1.7994 2.9548 0.3768 0.3321 0.0592 0.0014
8.6 55000.0 -2.5 1.8507 3.8284 0.4089 0.3593 0.0591 0.0032
8.6 60000.0 -2.5 1.923 4.7081 0.4461 0.3835 0.0588 0.0063
8.6 70000.0 -2.5 2.0955 6.4151 0.5231 0.4217 0.0573 0.0173
8.6 80000.0 -2.5 2.2672 7.967 0.5926 0.4488 0.0548 0.0361
8.6 90000.0 -2.5 2.4131 9.29 0.6492 0.468 0.0513 0.0623
8.6 30000.0 -2.25 1.6751 0.3223 0.36 0.2164 0.0442 0.0
8.6 32500.0 -2.25 1.7365 0.6346 0.3168 0.2432 0.053 0.0
8.6 35000.0 -2.25 1.7127 1.0326 0.2805 0.2649 0.0574 0.0
8.6 37500.0 -2.25 1.6436 1.4754 0.2605 0.2819 0.0584 0.0
8.6 40000.0 -2.25 1.5662 1.9408 0.2521 0.2969 0.0588 0.0
8.6 45000.0 -2.25 1.457 2.9092 0.2554 0.3257 0.0592 0.0
8.6 50000.0 -2.25 1.4173 3.9095 0.2737 0.3526 0.0592 0.0016
8.6 55000.0 -2.25 1.4243 4.92 0.2993 0.3752 0.059 0.0036
8.6 60000.0 -2.25 1.4573 5.918 0.3276 0.3929 0.0585 0.0069
8.6 70000.0 -2.25 1.5545 7.8108 0.3839 0.4159 0.0568 0.0189
8.6 80000.0 -2.25 1.657 9.4542 0.4322 0.4282 0.0539 0.0392
8.6 90000.0 -2.25 1.7461 10.7547 0.47 0.4351 0.0501 0.0673
8.6 30000.0 -2.0 1.8089 0.5575 0.2708 0.2521 0.0475 0.0
8.6 32500.0 -2.0 1.7442 1.0009 0.2301 0.2733 0.0554 0.0
8.6 35000.0 -2.0 1.603 1.5208 0.2 0.2896 0.0583 0.0
8.6 37500.0 -2.0 1.4464 2.0683 0.1857 0.3033 0.0588 0.0
8.6 40000.0 -2.0 1.3159 2.6258 0.1808 0.3168 0.0591 0.0
8.6 45000.0 -2.0 1.1602 3.7566 0.1865 0.3429 0.0592 0.0
8.6 50000.0 -2.0 1.0995 4.8967 0.2026 0.3639 0.0591 0.0018
8.6 55000.0 -2.0 1.0876 6.0278 0.2229 0.3778 0.0588 0.0041
8.6 60000.0 -2.0 1.1002 7.1337 0.2445 0.3855 0.0582 0.0079
8.6 70000.0 -2.0 1.1551 9.1752 0.2853 0.3896 0.0562 0.0215
8.6 80000.0 -2.0 1.2169 10.849 0.3187 0.3871 0.053 0.0443
8.6 90000.0 -2.0 1.2726 12.0499 0.3439 0.3832 0.0487 0.0756
8.6 30000.0 -1.75 1.8283 0.8567 0.1955 0.2779 0.0515 0.0
8.6 32500.0 -1.75 1.6554 1.4291 0.1622 0.2942 0.0575 0.0
8.6 35000.0 -1.75 1.4273 2.0656 0.1423 0.3072 0.0588 0.0
8.6 37500.0 -1.75 1.2237 2.7153 0.1343 0.3196 0.0591 0.0
8.6 40000.0 -1.75 1.0784 3.3627 0.133 0.3321 0.0592 0.0
8.6 45000.0 -1.75 0.9212 4.6503 0.1406 0.3527 0.0593 0.0
8.6 50000.0 -1.75 0.8605 5.9296 0.1547 0.3637 0.059 0.0022
8.6 55000.0 -1.75 0.8431 7.1862 0.1711 0.3659 0.0586 0.005
8.6 60000.0 -1.75 0.8463 8.4025 0.1878 0.3627 0.0579 0.0096
8.6 70000.0 -1.75 0.8765 10.5706 0.2178 0.3494 0.0555 0.0258
8.6 80000.0 -1.75 0.9156 12.2156 0.2411 0.3359 0.0517 0.0525
8.6 90000.0 -1.75 0.9536 13.2087 0.2582 0.3247 0.0468 0.089
8.6 30000.0 -1.5 1.7734 1.2047 0.1386 0.2952 0.0554 0.0
8.6 32500.0 -1.5 1.5074 1.9088 0.1146 0.3081 0.0586 0.0
8.6 35000.0 -1.5 1.221 2.6596 0.1036 0.3195 0.0591 0.0
8.6 37500.0 -1.5 1.0106 3.4039 0.1004 0.3311 0.0592 0.0
8.6 40000.0 -1.5 0.8758 4.1345 0.1015 0.3412 0.0593 0.0
8.6 45000.0 -1.5 0.74 5.5838 0.1101 0.3522 0.0593 0.0011
8.6 50000.0 -1.5 0.6875 7.0189 0.1226 0.3506 0.059 0.0029
8.6 55000.0 -1.5 0.67 8.4187 0.1362 0.3411 0.0584 0.0064
8.6 60000.0 -1.5 0.6684 9.7434 0.1493 0.3284 0.0575 0.0122
8.6 70000.0 -1.5 0.6866 12.0134 0.172 0.3035 0.0545 0.0325
8.6 80000.0 -1.5 0.7144 13.5181 0.1889 0.2838 0.0499 0.0654
8.6 90000.0 -1.5 0.7431 14.1526 0.2009 0.269 0.044 0.1091
8.9 30000.0 -3.5 0.0129 0.0 0.0558 0.0075 0.0365 0.0
8.9 32500.0 -3.5 0.0221 0.0 0.0831 0.0132 0.0406 0.0
8.9 35000.0 -3.5 0.0374 0.0022 0.1157 0.021 0.0438 0.0
8.9 37500.0 -3.5 0.0504 0.0043 0.1396 0.0289 0.0538 0.0
8.9 40000.0 -3.5 0.0697 0.0085 0.1636 0.0377 0.0554 0.0
8.9 45000.0 -3.5 0.097 0.0203 0.1852 0.0501 0.0575 0.0
8.9 50000.0 -3.5 0.2354 0.0277 0.4219 0.0653 0.0606 0.0
8.9 55000.0 -3.5 0.386 0.0596 0.5644 0.0897 0.0622 0.0018
8.9 60000.0 -3.5 0.5809 0.1103 0.7193 0.1154 0.0632 0.0036
8.9 70000.0 -3.5 1.0766 0.2724 1.0461 0.1664 0.0641 0.0105
8.9 80000.0 -3.5 1.6831 0.5108 1.3847 0.2154 0.0637 0.0223
8.9 90000.0 -3.5 2.3582 0.8089 1.7201 0.2614 0.0626 0.0389
8.9 30000.0 -3.25 0.0301 0.0015 0.0951 0.0201 0.0417 0.0
8.9 32500.0 -3.25 0.0545 0.0048 0.1321 0.0337 0.0515 0.0
8.9 35000.0 -3.25 0.0767 0.0105 0.1545 0.0461 0.0556 0.0
8.9 37500.0 -3.25 0.0976 0.0197 0.1652 0.0565 0.0572 0.0
8.9 40000.0 -3.25 0.1078 0.03 0.1653 0.0627 0.0582 0.0
8.9 45000.0 -3.25 0.224 0.0475 0.3339 0.0794 0.0596 0.0
8.9 50000.0 -3.25 0.3875 0.1124 0.4522 0.113 0.0611 0.001
8.9 55000.0 -3.25 0.5966 0.2171 0.5789 0.1471 0.0619 0.0023
8.9 60000.0 -3.25 0.8415 0.3624 0.7095 0.1805 0.0623 0.0046
8.9 70000.0 -3.25 1.4014 0.7698 0.9766 0.244 0.0621 0.013
8.9 80000.0 -3.25 2.0164 1.3065 1.2458 0.3033 0.0608 0.0273
8.9 90000.0 -3.25 2.6517 1.9324 1.5064 0.3583 0.0587 0.0473
8.9 30000.0 -3.0 0.0737 0.0075 0.1408 0.0486 0.0553 0.0
8.9 32500.0 -3.0 0.1073 0.0187 0.1554 0.0649 0.057 0.0
8.9 35000.0 -3.0 0.1163 0.0309 0.1489 0.0716 0.0583 0.0
8.9 37500.0 -3.0 0.1461 0.0341 0.2179 0.0712 0.0568 0.0
8.9 40000.0 -3.0 0.2061 0.0627 0.2589 0.091 0.0585 0.0
8.9 45000.0 -3.0 0.3611 0.1589 0.3434 0.1311 0.0602 0.0
8.9 50000.0 -3.0 0.5535 0.3147 0.4319 0.1693 0.0611 0.0012
8.9 55000.0 -3.0 0.7708 0.5261 0.5225 0.2052 0.0615 0.0027
8.9 60000.0 -3.0 1.0112 0.8013 0.6205 0.2413 0.0615 0.0052
8.9 70000.0 -3.0 1.5201 1.5173 0.8262 0.3114 0.0607 0.0146
8.9 80000.0 -3.0 2.0335 2.3916 1.0309 0.3766 0.0589 0.0306
8.9 90000.0 -3.0 2.5287 3.3474 1.2228 0.436 0.0561 0.0529
8.9 30000.0 -2.75 0.1263 0.0204 0.1474 0.0751 0.0569 0.0
8.9 32500.0 -2.75 0.1383 0.0286 0.1814 0.0739 0.0501 0.0
8.9 35000.0 -2.75 0.193 0.0595 0.2077 0.0971 0.0558 0.0
8.9 37500.0 -2.75 0.2554 0.1053 0.2323 0.1196 0.0583 0.0
8.9 40000.0 -2.75 0.3259 0.1674 0.2561 0.1405 0.0595 0.0
8.9 45000.0 -2.75 0.4839 0.3433 0.3052 0.1777 0.0606 0.0
8.9 50000.0 -2.75 0.6576 0.598 0.362 0.2125 0.0611 0.0013
8.9 55000.0 -2.75 0.8476 0.9431 0.4294 0.2494 0.0612 0.0029
8.9 60000.0 -2.75 1.0446 1.3691 0.5034 0.2873 0.061 0.0056
8.9 70000.0 -2.75 1.4431 2.4178 0.661 0.3612 0.0598 0.0156
8.9 80000.0 -2.75 1.8227 3.6031 0.8136 0.4268 0.0576 0.0326
8.9 90000.0 -2.75 2.1624 4.8024 0.9495 0.4824 0.0544 0.0562
8.9 30000.0 -2.5 0.2009 0.0371 0.1952 0.0978 0.0416 0.0
8.9 32500.0 -2.5 0.2591 0.0796 0.2043 0.1234 0.0511 0.0
8.9 35000.0 -2.5 0.3205 0.1405 0.2103 0.1468 0.0571 0.0
8.9 37500.0 -2.5 0.3844 0.2197 0.2161 0.1665 0.0593 0.0
8.9 40000.0 -2.5 0.4467 0.318 0.2232 0.1828 0.0602 0.0
8.9 45000.0 -2.5 0.5654 0.5798 0.2465 0.2118 0.0609 0.0
8.9 50000.0 -2.5 0.6851 0.9606 0.2854 0.2448 0.0611 0.0014
8.9 55000.0 -2.5 0.819 1.4632 0.3369 0.283 0.061 0.0031
8.9 60000.0 -2.5 0.9606 2.0574 0.3941 0.3221 0.0607 0.0059
8.9 70000.0 -2.5 1.2434 3.4258 0.5139 0.3931 0.0592 0.0165
8.9 80000.0 -2.5 1.5026 4.8585 0.6247 0.4499 0.0567 0.0342
8.9 90000.0 -2.5 1.7269 6.2152 0.7189 0.4939 0.0533 0.0588
8.9 30000.0 -2.25 0.3453 0.0856 0.2069 0.1484 0.0433 0.0
8.9 32500.0 -2.25 0.3957 0.1593 0.1956 0.1699 0.0528 0.0
8.9 35000.0 -2.25 0.4658 0.249 0.1872 0.1906 0.0584 0.0
8.9 37500.0 -2.25 0.5157 0.3636 0.181 0.2043 0.0601 0.0
8.9 40000.0 -2.25 0.548 0.5034 0.1791 0.2146 0.0607 0.0
8.9 45000.0 -2.25 0.5859 0.8826 0.1904 0.2377 0.0611 0.0
8.9 50000.0 -2.25 0.6383 1.4284 0.221 0.2713 0.0611 0.0015
8.9 55000.0 -2.25 0.7256 2.0931 0.2609 0.31 0.0609 0.0033
8.9 60000.0 -2.25 0.8201 2.8513 0.3051 0.3461 0.0604 0.0064
8.9 70000.0 -2.25 1.0088 4.4939 0.3937 0.4039 0.0586 0.0177
8.9 80000.0 -2.25 1.1773 6.1075 0.4721 0.4437 0.0559 0.0366
8.9 90000.0 -2.25 1.3167 7.5407 0.5355 0.4705 0.0522 0.0626
8.9 30000.0 -2.0 0.5048 0.1474 0.1883 0.1944 0.0461 0.0
8.9 32500.0 -2.0 0.5568 0.2483 0.1683 0.2108 0.055 0.0
8.9 35000.0 -2.0 0.6292 0.3735 0.1536 0.2273 0.0596 0.0
8.9 37500.0 -2.0 0.6439 0.5362 0.1434 0.2348 0.0606 0.0
8.9 40000.0 -2.0 0.6063 0.7405 0.1382 0.2387 0.061 0.0
8.9 45000.0 -2.0 0.5388 1.291 0.1466 0.2594 0.0612 0.0
8.9 50000.0 -2.0 0.564 2.0019 0.1719 0.2951 0.0611 0.0017
8.9 55000.0 -2.0 0.6159 2.8327 0.2034 0.3286 0.0607 0.0037
8.9 60000.0 -2.0 0.6761 3.7378 0.2371 0.3558 0.0601 0.0072
8.9 70000.0 -2.0 0.7963 5.611 0.3014 0.3922 0.0581 0.0198
8.9 80000.0 -2.0 0.9015 7.3511 0.3556 0.4119 0.055 0.0406
8.9 90000.0 -2.0 0.9877 8.8049 0.3975 0.4221 0.051 0.0692
8.9 30000.0 -1.75 0.6627 0.2149 0.1544 0.2309 0.0499 0.0
8.9 32500.0 -1.75 0.7625 0.3427 0.1358 0.2492 0.0575 0.0
8.9 35000.0 -1.75 0.8019 0.5194 0.1204 0.2577 0.0605 0.0
8.9 37500.0 -1.75 0.7171 0.7609 0.11 0.256 0.061 0.0
8.9 40000.0 -1.75 0.592 1.0618 0.1056 0.2569 0.0612 0.0
8.9 45000.0 -1.75 0.4829 1.8077 0.1155 0.2816 0.0612 0.0
8.9 50000.0 -1.75 0.4876 2.6952 0.1368 0.3121 0.061 0.002
8.9 55000.0 -1.75 0.5165 3.6874 0.1618 0.3347 0.0605 0.0044
8.9 60000.0 -1.75 0.5537 4.7336 0.1873 0.3495 0.0597 0.0086
8.9 70000.0 -1.75 0.6288 6.8244 0.2341 0.3631 0.0574 0.0231
8.9 80000.0 -1.75 0.6948 8.6823 0.2717 0.3657 0.0539 0.0472
8.9 90000.0 -1.75 0.7494 10.1182 0.2994 0.3633 0.0494 0.08
8.9 30000.0 -1.5 0.8647 0.2799 0.1213 0.2647 0.0542 0.0
8.9 32500.0 -1.5 0.9953 0.4472 0.1051 0.2809 0.0598 0.0
8.9 35000.0 -1.5 0.9158 0.7077 0.092 0.276 0.061 0.0
8.9 37500.0 -1.5 0.678 1.0762 0.0837 0.2674 0.0613 0.0
8.9 40000.0 -1.5 0.5112 1.4963 0.0827 0.2714 0.0613 0.0
8.9 45000.0 -1.5 0.4271 2.4311 0.0941 0.2979 0.0612 0.0
8.9 50000.0 -1.5 0.4206 3.5123 0.1123 0.3177 0.0609 0.0025
8.9 55000.0 -1.5 0.4366 4.6812 0.1323 0.3273 0.0602 0.0056
8.9 60000.0 -1.5 0.4588 5.8843 0.1521 0.3298 0.0593 0.0107
8.9 70000.0 -1.5 0.5069 8.2165 0.1869 0.325 0.0565 0.0287
8.9 80000.0 -1.5 0.5496 10.1406 0.2134 0.3153 0.0524 0.0578
8.9 90000.0 -1.5 0.5865 11.4574 0.2321 0.305 0.047 0.0969
