#Cloudy 17.00 models results grids
# O/H: 6.9 - 9.1, log N/O: -2.0 - 0.0, log U: -4.0 - -1.5 (O/H vs log U empirically constrained)
# SED: BPASS v.2.1, a = -1.35, M_up = 300 M_sun,, age = 1 Myr
# Plane-parallel geometry
#
#12+log(O/H) log(N/O) log(U) OII_3727 NeIII_3868 OIII_4363 OIII_5007 NII_6584 SII_6717,31
6.90 -2.000 -2.25 0.0946 0.0929 0.0263 0.9092 0.0000 0.0149
6.90 -2.000 -2.00 0.0684 0.1104 0.0353 1.0774 0.0000 0.0111
6.90 -2.000 -1.75 0.0517 0.1294 0.0460 1.2474 0.0000 0.0086
6.90 -1.875 -2.25 0.0946 0.0928 0.0263 0.9089 0.0012 0.0149
6.90 -1.875 -2.00 0.0684 0.1103 0.0353 1.0770 0.0000 0.0111
6.90 -1.875 -1.75 0.0517 0.1293 0.0460 1.2468 0.0000 0.0086
6.90 -1.750 -2.25 0.0946 0.0928 0.0263 0.9086 0.0016 0.0149
6.90 -1.750 -2.00 0.0684 0.1103 0.0352 1.0765 0.0012 0.0111
6.90 -1.750 -1.75 0.0517 0.1292 0.0459 1.2459 0.0000 0.0086
6.90 -1.625 -2.25 0.0946 0.0927 0.0263 0.9082 0.0022 0.0149
6.90 -1.625 -2.00 0.0684 0.1102 0.0352 1.0758 0.0016 0.0111
6.90 -1.625 -1.75 0.0517 0.1291 0.0458 1.2448 0.0012 0.0086
6.90 -1.500 -2.25 0.0946 0.0927 0.0262 0.9076 0.0029 0.0149
6.90 -1.500 -2.00 0.0684 0.1101 0.0351 1.0749 0.0021 0.0111
6.90 -1.500 -1.75 0.0516 0.1289 0.0457 1.2433 0.0016 0.0086
6.90 -1.375 -2.25 0.0945 0.0926 0.0262 0.9069 0.0039 0.0149
6.90 -1.375 -2.00 0.0683 0.1099 0.0350 1.0737 0.0028 0.0111
6.90 -1.375 -1.75 0.0516 0.1286 0.0455 1.2413 0.0021 0.0086
6.90 -1.250 -2.25 0.0945 0.0925 0.0261 0.9060 0.0052 0.0149
6.90 -1.250 -2.00 0.0683 0.1097 0.0349 1.0722 0.0037 0.0111
6.90 -1.250 -1.75 0.0516 0.1283 0.0453 1.2388 0.0028 0.0086
6.90 -1.125 -2.25 0.0945 0.0923 0.0260 0.9047 0.0069 0.0149
6.90 -1.125 -2.00 0.0683 0.1095 0.0348 1.0701 0.0050 0.0111
6.90 -1.125 -1.75 0.0515 0.1279 0.0450 1.2353 0.0037 0.0086
6.90 -1.000 -2.25 0.0944 0.0921 0.0259 0.9032 0.0092 0.0149
6.90 -1.000 -2.00 0.0682 0.1091 0.0346 1.0673 0.0066 0.0111
6.90 -1.000 -1.75 0.0514 0.1273 0.0446 1.2307 0.0050 0.0086
6.90 -0.875 -2.25 0.0943 0.0919 0.0258 0.9010 0.0123 0.0149
6.90 -0.875 -2.00 0.0681 0.1087 0.0343 1.0637 0.0088 0.0111
6.90 -0.875 -1.75 0.0513 0.1265 0.0441 1.2248 0.0067 0.0086
6.90 -0.750 -2.25 0.0942 0.0915 0.0256 0.8980 0.0163 0.0149
6.90 -0.750 -2.00 0.0680 0.1081 0.0340 1.0591 0.0118 0.0111
6.90 -0.750 -1.75 0.0512 0.1256 0.0435 1.2172 0.0089 0.0085
6.90 -0.625 -2.25 0.0940 0.0911 0.0254 0.8943 0.0218 0.0149
6.90 -0.625 -2.00 0.0678 0.1073 0.0335 1.0526 0.0157 0.0111
6.90 -0.625 -1.75 0.0510 0.1243 0.0427 1.2071 0.0118 0.0085
6.90 -0.500 -2.25 0.0938 0.0905 0.0251 0.8893 0.0290 0.0149
6.90 -0.500 -2.00 0.0676 0.1063 0.0329 1.0445 0.0209 0.0111
6.90 -0.500 -1.75 0.0508 0.1227 0.0417 1.1943 0.0157 0.0085
6.90 -0.375 -2.25 0.0935 0.0897 0.0247 0.8829 0.0386 0.0149
6.90 -0.375 -2.00 0.0674 0.1051 0.0322 1.0341 0.0278 0.0110
6.90 -0.375 -1.75 0.0505 0.1206 0.0405 1.1779 0.0209 0.0085
6.90 -0.250 -2.25 0.0931 0.0887 0.0242 0.8746 0.0515 0.0149
6.90 -0.250 -2.00 0.0670 0.1034 0.0313 1.0207 0.0369 0.0110
6.90 -0.250 -1.75 0.0502 0.1181 0.0390 1.1576 0.0277 0.0085
6.90 -0.125 -2.25 0.0926 0.0875 0.0235 0.8639 0.0685 0.0148
6.90 -0.125 -2.00 0.0665 0.1014 0.0302 1.0039 0.0491 0.0110
6.90 -0.125 -1.75 0.0497 0.1150 0.0372 1.1327 0.0368 0.0084
6.90 0.000 -2.25 0.0920 0.0859 0.0228 0.8504 0.0911 0.0148
6.90 0.000 -2.00 0.0660 0.0989 0.0289 0.9831 0.0652 0.0109
6.90 0.000 -1.75 0.0492 0.1114 0.0351 1.1027 0.0487 0.0084
7.00 -2.000 -2.25 0.1202 0.0729 0.0324 1.1339 0.0012 0.0187
7.00 -2.000 -2.00 0.0868 0.0866 0.0435 1.3433 0.0000 0.0139
7.00 -2.000 -1.75 0.0655 0.1014 0.0565 1.5540 0.0000 0.0108
7.00 -1.875 -2.25 0.1202 0.0729 0.0324 1.1335 0.0015 0.0187
7.00 -1.875 -2.00 0.0868 0.0866 0.0434 1.3427 0.0011 0.0139
7.00 -1.875 -1.75 0.0655 0.1014 0.0564 1.5532 0.0000 0.0108
7.00 -1.750 -2.25 0.1201 0.0728 0.0324 1.1331 0.0021 0.0187
7.00 -1.750 -2.00 0.0868 0.0865 0.0434 1.3419 0.0015 0.0139
7.00 -1.750 -1.75 0.0655 0.1013 0.0563 1.5519 0.0011 0.0108
7.00 -1.675 -2.25 0.1194 0.0714 0.0312 1.1145 0.0024 0.0187
7.00 -1.675 -2.00 0.0860 0.0841 0.0411 1.3106 0.0018 0.0139
7.00 -1.675 -1.75 0.0646 0.0972 0.0523 1.5008 0.0013 0.0107
7.00 -1.500 -2.25 0.1201 0.0727 0.0323 1.1317 0.0037 0.0187
7.00 -1.500 -2.00 0.0867 0.0863 0.0432 1.3393 0.0026 0.0139
7.00 -1.500 -1.75 0.0654 0.1009 0.0560 1.5478 0.0020 0.0108
7.00 -1.375 -2.25 0.1200 0.0726 0.0322 1.1305 0.0049 0.0187
7.00 -1.375 -2.00 0.0867 0.0862 0.0430 1.3375 0.0035 0.0139
7.00 -1.375 -1.75 0.0653 0.1007 0.0557 1.5446 0.0027 0.0108
7.00 -1.250 -2.25 0.1200 0.0725 0.0321 1.1290 0.0065 0.0187
7.00 -1.250 -2.00 0.0866 0.0860 0.0429 1.3351 0.0047 0.0139
7.00 -1.250 -1.75 0.0653 0.1004 0.0554 1.5407 0.0035 0.0107
7.00 -1.125 -2.25 0.1199 0.0724 0.0320 1.1271 0.0087 0.0187
7.00 -1.125 -2.00 0.0865 0.0857 0.0426 1.3320 0.0063 0.0139
7.00 -1.125 -1.75 0.0652 0.0999 0.0550 1.5355 0.0047 0.0107
7.00 -1.000 -2.25 0.1198 0.0722 0.0319 1.1245 0.0116 0.0187
7.00 -1.000 -2.00 0.0864 0.0854 0.0423 1.3277 0.0083 0.0139
7.00 -1.000 -1.75 0.0651 0.0994 0.0544 1.5286 0.0063 0.0107
7.00 -0.875 -2.25 0.1196 0.0719 0.0316 1.1211 0.0155 0.0187
7.00 -0.875 -2.00 0.0863 0.0850 0.0419 1.3219 0.0111 0.0139
7.00 -0.875 -1.75 0.0649 0.0987 0.0537 1.5196 0.0084 0.0107
7.00 -0.750 -2.25 0.1194 0.0716 0.0314 1.1167 0.0206 0.0187
7.00 -0.750 -2.00 0.0861 0.0844 0.0414 1.3146 0.0148 0.0139
7.00 -0.750 -1.75 0.0647 0.0977 0.0528 1.5077 0.0111 0.0107
7.00 -0.625 -2.25 0.1192 0.0712 0.0310 1.1108 0.0275 0.0187
7.00 -0.625 -2.00 0.0858 0.0836 0.0408 1.3050 0.0197 0.0139
7.00 -0.625 -1.75 0.0644 0.0965 0.0516 1.4922 0.0148 0.0107
7.00 -0.500 -2.25 0.1188 0.0706 0.0306 1.1032 0.0366 0.0186
7.00 -0.500 -2.00 0.0855 0.0827 0.0399 1.2927 0.0263 0.0138
7.00 -0.500 -1.75 0.0641 0.0950 0.0502 1.4732 0.0197 0.0106
7.00 -0.375 -2.25 0.1183 0.0699 0.0300 1.0933 0.0487 0.0186
7.00 -0.375 -2.00 0.0851 0.0815 0.0389 1.2768 0.0349 0.0138
7.00 -0.375 -1.75 0.0636 0.0932 0.0484 1.4492 0.0262 0.0106
7.00 -0.250 -2.25 0.1177 0.0689 0.0292 1.0806 0.0648 0.0186
7.00 -0.250 -2.00 0.0845 0.0800 0.0376 1.2569 0.0464 0.0138
7.00 -0.250 -1.75 0.0631 0.0909 0.0463 1.4198 0.0347 0.0106
7.00 -0.125 -2.25 0.1169 0.0677 0.0283 1.0645 0.0862 0.0185
7.00 -0.125 -2.00 0.0838 0.0781 0.0360 1.2320 0.0617 0.0137
7.00 -0.125 -1.75 0.0624 0.0881 0.0439 1.3839 0.0460 0.0105
7.00 0.000 -2.25 0.1159 0.0662 0.0272 1.0444 0.1145 0.0185
7.00 0.000 -2.00 0.0828 0.0758 0.0342 1.2018 0.0818 0.0136
7.00 0.000 -1.75 0.0615 0.0849 0.0411 1.3414 0.0609 0.0104
7.10 -2.000 -2.25 0.1515 0.0889 0.0385 1.3901 0.0015 0.0234
7.10 -2.000 -2.00 0.1091 0.1048 0.0508 1.6366 0.0011 0.0174
7.10 -2.000 -1.75 0.0819 0.1213 0.0647 1.8765 0.0000 0.0134
7.10 -1.875 -2.25 0.1515 0.0889 0.0385 1.3901 0.0020 0.0234
7.10 -1.875 -2.00 0.1091 0.1048 0.0508 1.6365 0.0014 0.0174
7.10 -1.875 -1.75 0.0819 0.1213 0.0647 1.8764 0.0011 0.0134
7.10 -1.750 -2.25 0.1515 0.0889 0.0385 1.3900 0.0026 0.0234
7.10 -1.750 -2.00 0.1091 0.1048 0.0508 1.6364 0.0019 0.0174
7.10 -1.750 -1.75 0.0819 0.1213 0.0647 1.8763 0.0014 0.0134
7.10 -1.625 -2.25 0.1515 0.0889 0.0385 1.3899 0.0035 0.0234
7.10 -1.625 -2.00 0.1091 0.1048 0.0508 1.6363 0.0025 0.0174
7.10 -1.625 -1.75 0.0819 0.1213 0.0647 1.8761 0.0019 0.0134
7.10 -1.500 -2.25 0.1515 0.0889 0.0385 1.3898 0.0046 0.0234
7.10 -1.500 -2.00 0.1091 0.1047 0.0508 1.6361 0.0033 0.0174
7.10 -1.500 -1.75 0.0819 0.1212 0.0647 1.8758 0.0025 0.0134
7.10 -1.375 -2.25 0.1515 0.0889 0.0385 1.3897 0.0062 0.0234
7.10 -1.375 -2.00 0.1091 0.1047 0.0508 1.6359 0.0044 0.0174
7.10 -1.375 -1.75 0.0819 0.1212 0.0647 1.8756 0.0033 0.0134
7.10 -1.250 -2.25 0.1515 0.0889 0.0385 1.3894 0.0082 0.0234
7.10 -1.250 -2.00 0.1091 0.1047 0.0508 1.6356 0.0059 0.0174
7.10 -1.250 -1.75 0.0819 0.1212 0.0646 1.8752 0.0044 0.0134
7.10 -1.125 -2.25 0.1514 0.0889 0.0385 1.3892 0.0110 0.0234
7.10 -1.125 -2.00 0.1090 0.1047 0.0508 1.6352 0.0079 0.0174
7.10 -1.125 -1.75 0.0819 0.1212 0.0646 1.8746 0.0059 0.0134
7.10 -1.000 -2.25 0.1514 0.0888 0.0385 1.3888 0.0146 0.0234
7.10 -1.000 -2.00 0.1090 0.1046 0.0507 1.6346 0.0105 0.0174
7.10 -1.000 -1.75 0.0818 0.1211 0.0645 1.8739 0.0079 0.0134
7.10 -0.875 -2.25 0.1514 0.0888 0.0384 1.3883 0.0195 0.0234
7.10 -0.875 -2.00 0.1090 0.1046 0.0507 1.6339 0.0140 0.0174
7.10 -0.875 -1.75 0.0818 0.1210 0.0645 1.8729 0.0105 0.0134
7.10 -0.750 -2.25 0.1513 0.0887 0.0384 1.3876 0.0260 0.0234
7.10 -0.750 -2.00 0.1089 0.1045 0.0506 1.6330 0.0187 0.0174
7.10 -0.750 -1.75 0.0818 0.1209 0.0644 1.8716 0.0140 0.0134
7.10 -0.625 -2.25 0.1513 0.0887 0.0383 1.3867 0.0346 0.0234
7.10 -0.625 -2.00 0.1089 0.1044 0.0505 1.6318 0.0249 0.0174
7.10 -0.625 -1.75 0.0817 0.1207 0.0642 1.8695 0.0187 0.0134
7.10 -0.500 -2.25 0.1512 0.0886 0.0383 1.3855 0.0462 0.0233
7.10 -0.500 -2.00 0.1088 0.1043 0.0504 1.6301 0.0332 0.0174
7.10 -0.500 -1.75 0.0816 0.1205 0.0640 1.8670 0.0249 0.0134
7.10 -0.375 -2.25 0.1510 0.0885 0.0382 1.3839 0.0616 0.0233
7.10 -0.375 -2.00 0.1087 0.1041 0.0502 1.6278 0.0442 0.0174
7.10 -0.375 -1.75 0.0816 0.1203 0.0638 1.8639 0.0332 0.0134
7.10 -0.250 -2.25 0.1509 0.0883 0.0380 1.3818 0.0820 0.0233
7.10 -0.250 -2.00 0.1086 0.1039 0.0500 1.6248 0.0589 0.0173
7.10 -0.250 -1.75 0.0814 0.1200 0.0635 1.8600 0.0442 0.0134
7.10 -0.125 -2.25 0.1506 0.0881 0.0379 1.3790 0.1093 0.0233
7.10 -0.125 -2.00 0.1084 0.1035 0.0498 1.6208 0.0785 0.0173
7.10 -0.125 -1.75 0.0813 0.1196 0.0631 1.8549 0.0589 0.0133
7.10 0.000 -2.25 0.1488 0.0853 0.0357 1.3415 0.1451 0.0232
7.10 0.000 -2.00 0.1067 0.0990 0.0459 1.5611 0.1038 0.0172
7.10 0.000 -1.75 0.0796 0.1126 0.0567 1.7650 0.0776 0.0132
7.20 -2.000 -2.25 0.1928 0.1114 0.0481 1.7433 0.0018 0.0293
7.20 -2.000 -2.00 0.1389 0.1319 0.0641 2.0613 0.0013 0.0218
7.20 -2.000 -1.75 0.1044 0.1540 0.0828 2.3797 0.0000 0.0168
7.20 -1.875 -2.25 0.1927 0.1113 0.0481 1.7425 0.0025 0.0293
7.20 -1.875 -2.00 0.1388 0.1318 0.0640 2.0600 0.0018 0.0218
7.20 -1.875 -1.75 0.1044 0.1538 0.0826 2.3772 0.0013 0.0168
7.20 -1.750 -2.25 0.1927 0.1112 0.0480 1.7414 0.0033 0.0293
7.20 -1.750 -2.00 0.1388 0.1317 0.0638 2.0581 0.0024 0.0218
7.20 -1.750 -1.75 0.1043 0.1536 0.0823 2.3742 0.0018 0.0168
7.20 -1.625 -2.25 0.1926 0.1111 0.0479 1.7399 0.0044 0.0293
7.20 -1.625 -2.00 0.1387 0.1315 0.0637 2.0559 0.0031 0.0218
7.20 -1.625 -1.75 0.1042 0.1533 0.0820 2.3703 0.0024 0.0168
7.20 -1.500 -2.25 0.1925 0.1110 0.0478 1.7380 0.0058 0.0293
7.20 -1.500 -2.00 0.1386 0.1312 0.0635 2.0524 0.0042 0.0218
7.20 -1.500 -1.75 0.1041 0.1529 0.0816 2.3650 0.0032 0.0168
7.20 -1.375 -2.25 0.1924 0.1108 0.0477 1.7352 0.0078 0.0292
7.20 -1.375 -2.00 0.1385 0.1309 0.0632 2.0483 0.0056 0.0218
7.20 -1.375 -1.75 0.1040 0.1523 0.0811 2.3574 0.0042 0.0168
7.20 -1.250 -2.25 0.1922 0.1105 0.0474 1.7317 0.0104 0.0292
7.20 -1.250 -2.00 0.1383 0.1305 0.0628 2.0425 0.0074 0.0218
7.20 -1.250 -1.75 0.1038 0.1516 0.0804 2.3487 0.0056 0.0168
7.20 -1.125 -2.25 0.1919 0.1102 0.0472 1.7271 0.0138 0.0292
7.20 -1.125 -2.00 0.1381 0.1299 0.0623 2.0345 0.0099 0.0217
7.20 -1.125 -1.75 0.1036 0.1506 0.0795 2.3363 0.0075 0.0168
7.20 -1.000 -2.25 0.1916 0.1097 0.0468 1.7210 0.0184 0.0292
7.20 -1.000 -2.00 0.1378 0.1291 0.0616 2.0246 0.0132 0.0217
7.20 -1.000 -1.75 0.1033 0.1494 0.0783 2.3207 0.0099 0.0168
7.20 -0.875 -2.25 0.1912 0.1091 0.0463 1.7130 0.0246 0.0292
7.20 -0.875 -2.00 0.1374 0.1281 0.0608 2.0117 0.0176 0.0217
7.20 -0.875 -1.75 0.1029 0.1478 0.0769 2.3007 0.0132 0.0167
7.20 -0.750 -2.25 0.1907 0.1084 0.0457 1.7025 0.0327 0.0292
7.20 -0.750 -2.00 0.1369 0.1269 0.0597 1.9948 0.0234 0.0217
7.20 -0.750 -1.75 0.1024 0.1458 0.0750 2.2750 0.0176 0.0167
7.20 -0.625 -2.25 0.1900 0.1073 0.0450 1.6889 0.0435 0.0291
7.20 -0.625 -2.00 0.1363 0.1252 0.0583 1.9733 0.0312 0.0216
7.20 -0.625 -1.75 0.1018 0.1433 0.0728 2.2425 0.0233 0.0166
7.20 -0.500 -2.25 0.1891 0.1060 0.0440 1.6713 0.0579 0.0291
7.20 -0.500 -2.00 0.1354 0.1232 0.0566 1.9459 0.0414 0.0216
7.20 -0.500 -1.75 0.1009 0.1402 0.0700 2.2021 0.0310 0.0165
7.20 -0.375 -2.25 0.1878 0.1044 0.0428 1.6490 0.0771 0.0290
7.20 -0.375 -2.00 0.1343 0.1206 0.0545 1.9116 0.0550 0.0215
7.20 -0.375 -1.75 0.0999 0.1364 0.0668 2.1525 0.0410 0.0165
7.20 -0.250 -2.25 0.1863 0.1023 0.0412 1.6208 0.1024 0.0289
7.20 -0.250 -2.00 0.1330 0.1175 0.0521 1.8694 0.0730 0.0214
7.20 -0.250 -1.75 0.0986 0.1320 0.0630 2.0930 0.0543 0.0163
7.20 -0.125 -2.25 0.1842 0.0998 0.0394 1.5857 0.1359 0.0287
7.20 -0.125 -2.00 0.1312 0.1137 0.0492 1.8187 0.0967 0.0212
7.20 -0.125 -1.75 0.0970 0.1268 0.0588 2.0233 0.0717 0.0162
7.20 0.000 -2.25 0.1816 0.0967 0.0373 1.5430 0.1800 0.0286
7.20 0.000 -2.00 0.1291 0.1094 0.0459 1.7588 0.1279 0.0211
7.20 0.000 -1.75 0.0952 0.1209 0.0542 1.9437 0.0946 0.0160
7.30 -2.000 -2.25 0.2432 0.1365 0.0578 2.1458 0.0023 0.0365
7.30 -2.000 -2.00 0.1750 0.1613 0.0766 2.5336 0.0017 0.0272
7.30 -2.000 -1.75 0.1313 0.1879 0.0985 2.9200 0.0013 0.0210
7.30 -1.875 -2.25 0.2431 0.1364 0.0577 2.1445 0.0031 0.0365
7.30 -1.875 -2.00 0.1749 0.1612 0.0764 2.5314 0.0022 0.0272
7.30 -1.875 -1.75 0.1312 0.1876 0.0982 2.9167 0.0017 0.0210
7.30 -1.750 -2.25 0.2430 0.1363 0.0576 2.1428 0.0041 0.0365
7.30 -1.750 -2.00 0.1748 0.1609 0.0762 2.5286 0.0030 0.0272
7.30 -1.750 -1.75 0.1311 0.1872 0.0979 2.9120 0.0022 0.0210
7.30 -1.625 -2.25 0.2429 0.1361 0.0575 2.1405 0.0055 0.0365
7.30 -1.625 -2.00 0.1747 0.1607 0.0760 2.5249 0.0040 0.0272
7.30 -1.625 -1.75 0.1310 0.1868 0.0975 2.9061 0.0030 0.0210
7.30 -1.500 -2.25 0.2427 0.1359 0.0573 2.1375 0.0073 0.0365
7.30 -1.500 -2.00 0.1745 0.1603 0.0757 2.5199 0.0053 0.0272
7.30 -1.500 -1.75 0.1308 0.1862 0.0969 2.8982 0.0040 0.0210
7.30 -1.375 -2.25 0.2426 0.1356 0.0571 2.1335 0.0098 0.0365
7.30 -1.375 -2.00 0.1744 0.1598 0.0753 2.5134 0.0070 0.0272
7.30 -1.375 -1.75 0.1306 0.1854 0.0962 2.8880 0.0053 0.0210
7.30 -1.250 -2.25 0.2423 0.1352 0.0568 2.1281 0.0131 0.0365
7.30 -1.250 -2.00 0.1741 0.1591 0.0747 2.5046 0.0094 0.0271
7.30 -1.250 -1.75 0.1304 0.1843 0.0952 2.8743 0.0070 0.0209
7.30 -1.125 -2.25 0.2419 0.1347 0.0564 2.1211 0.0174 0.0365
7.30 -1.125 -2.00 0.1737 0.1583 0.0740 2.4933 0.0125 0.0271
7.30 -1.125 -1.75 0.1300 0.1830 0.0939 2.8567 0.0093 0.0209
7.30 -1.000 -2.25 0.2414 0.1340 0.0558 2.1118 0.0232 0.0364
7.30 -1.000 -2.00 0.1733 0.1572 0.0730 2.4784 0.0166 0.0271
7.30 -1.000 -1.75 0.1295 0.1812 0.0923 2.8337 0.0124 0.0209
7.30 -0.875 -2.25 0.2407 0.1331 0.0552 2.0997 0.0309 0.0364
7.30 -0.875 -2.00 0.1727 0.1557 0.0718 2.4592 0.0221 0.0270
7.30 -0.875 -1.75 0.1290 0.1789 0.0903 2.8046 0.0165 0.0208
7.30 -0.750 -2.25 0.2399 0.1320 0.0543 2.0840 0.0411 0.0363
7.30 -0.750 -2.00 0.1719 0.1539 0.0703 2.4343 0.0294 0.0270
7.30 -0.750 -1.75 0.1282 0.1761 0.0878 2.7675 0.0220 0.0207
7.30 -0.625 -2.25 0.2387 0.1305 0.0532 2.0636 0.0547 0.0363
7.30 -0.625 -2.00 0.1708 0.1515 0.0684 2.4028 0.0391 0.0269
7.30 -0.625 -1.75 0.1272 0.1726 0.0847 2.7210 0.0291 0.0207
7.30 -0.500 -2.25 0.2372 0.1286 0.0518 2.0376 0.0727 0.0362
7.30 -0.500 -2.00 0.1695 0.1486 0.0661 2.3632 0.0519 0.0268
7.30 -0.500 -1.75 0.1259 0.1683 0.0811 2.6640 0.0386 0.0205
7.30 -0.375 -2.25 0.2353 0.1262 0.0501 2.0047 0.0967 0.0360
7.30 -0.375 -2.00 0.1678 0.1450 0.0633 2.3145 0.0689 0.0267
7.30 -0.375 -1.75 0.1244 0.1631 0.0768 2.5948 0.0512 0.0204
7.30 -0.250 -2.25 0.2328 0.1232 0.0480 1.9637 0.1283 0.0359
7.30 -0.250 -2.00 0.1657 0.1406 0.0600 2.2553 0.0912 0.0265
7.30 -0.250 -1.75 0.1225 0.1571 0.0720 2.5135 0.0676 0.0202
7.30 -0.125 -2.25 0.2296 0.1196 0.0455 1.9134 0.1700 0.0357
7.30 -0.125 -2.00 0.1631 0.1355 0.0563 2.1849 0.1207 0.0263
7.30 -0.125 -1.75 0.1202 0.1502 0.0667 2.4199 0.0892 0.0200
7.30 0.000 -2.25 0.2257 0.1153 0.0427 1.8533 0.2249 0.0354
7.30 0.000 -2.00 0.1599 0.1296 0.0521 2.1030 0.1592 0.0260
7.30 0.000 -1.75 0.1175 0.1426 0.0610 2.3150 0.1174 0.0198
7.40 -2.000 -2.25 0.3023 0.1614 0.0650 2.5602 0.0029 0.0453
7.40 -2.000 -2.00 0.2164 0.1880 0.0841 2.9894 0.0021 0.0337
7.40 -2.000 -1.75 0.1612 0.2152 0.1049 3.3989 0.0015 0.0259
7.40 -1.875 -2.25 0.3023 0.1614 0.0650 2.5601 0.0039 0.0453
7.40 -1.875 -2.00 0.2164 0.1880 0.0840 2.9892 0.0028 0.0336
7.40 -1.875 -1.75 0.1612 0.2151 0.1049 3.3985 0.0021 0.0259
7.40 -1.750 -2.25 0.3023 0.1614 0.0650 2.5598 0.0052 0.0453
7.40 -1.750 -2.00 0.2164 0.1880 0.0840 2.9888 0.0037 0.0336
7.40 -1.750 -1.75 0.1612 0.2151 0.1049 3.3982 0.0028 0.0259
7.40 -1.625 -2.25 0.3022 0.1614 0.0650 2.5594 0.0069 0.0453
7.40 -1.625 -2.00 0.2163 0.1880 0.0840 2.9884 0.0049 0.0336
7.40 -1.625 -1.75 0.1611 0.2151 0.1049 3.3976 0.0037 0.0259
7.40 -1.500 -2.25 0.3022 0.1613 0.0649 2.5590 0.0092 0.0453
7.40 -1.500 -2.00 0.2163 0.1879 0.0840 2.9878 0.0066 0.0336
7.40 -1.500 -1.75 0.1611 0.2150 0.1048 3.3968 0.0049 0.0259
7.40 -1.375 -2.25 0.3021 0.1613 0.0649 2.5584 0.0123 0.0453
7.40 -1.375 -2.00 0.2163 0.1879 0.0839 2.9870 0.0088 0.0336
7.40 -1.375 -1.75 0.1611 0.2149 0.1047 3.3958 0.0065 0.0258
7.40 -1.250 -2.25 0.3021 0.1612 0.0649 2.5576 0.0164 0.0453
7.40 -1.250 -2.00 0.2162 0.1878 0.0838 2.9859 0.0117 0.0336
7.40 -1.250 -1.75 0.1610 0.2148 0.1047 3.3944 0.0087 0.0258
7.40 -1.125 -2.25 0.3019 0.1612 0.0648 2.5565 0.0218 0.0453
7.40 -1.125 -2.00 0.2161 0.1877 0.0838 2.9845 0.0156 0.0336
7.40 -1.125 -1.75 0.1610 0.2147 0.1045 3.3926 0.0116 0.0258
7.40 -1.000 -2.25 0.3018 0.1610 0.0647 2.5551 0.0291 0.0453
7.40 -1.000 -2.00 0.2160 0.1875 0.0837 2.9826 0.0208 0.0336
7.40 -1.000 -1.75 0.1609 0.2145 0.1044 3.3901 0.0155 0.0258
7.40 -0.875 -2.25 0.3017 0.1609 0.0646 2.5532 0.0387 0.0453
7.40 -0.875 -2.00 0.2159 0.1874 0.0835 2.9803 0.0277 0.0336
7.40 -0.875 -1.75 0.1608 0.2143 0.1042 3.3870 0.0206 0.0258
7.40 -0.750 -2.25 0.3014 0.1607 0.0645 2.5507 0.0516 0.0453
7.40 -0.750 -2.00 0.2157 0.1871 0.0833 2.9770 0.0369 0.0336
7.40 -0.750 -1.75 0.1606 0.2139 0.1039 3.3826 0.0275 0.0258
7.40 -0.625 -2.25 0.3011 0.1605 0.0643 2.5473 0.0688 0.0452
7.40 -0.625 -2.00 0.2155 0.1868 0.0831 2.9725 0.0491 0.0336
7.40 -0.625 -1.75 0.1604 0.2135 0.1035 3.3769 0.0366 0.0258
7.40 -0.500 -2.25 0.3007 0.1601 0.0641 2.5428 0.0917 0.0452
7.40 -0.500 -2.00 0.2152 0.1863 0.0827 2.9669 0.0655 0.0335
7.40 -0.500 -1.75 0.1602 0.2129 0.1031 3.3696 0.0488 0.0258
7.40 -0.375 -2.25 0.2931 0.1509 0.0576 2.4152 0.1210 0.0447
7.40 -0.375 -2.00 0.2086 0.1724 0.0722 2.7768 0.0859 0.0330
7.40 -0.375 -1.75 0.1541 0.1930 0.0869 3.0996 0.0636 0.0252
7.40 -0.250 -2.25 0.2894 0.1469 0.0549 2.3590 0.1603 0.0445
7.40 -0.250 -2.00 0.2055 0.1667 0.0681 2.6980 0.1137 0.0328
7.40 -0.250 -1.75 0.1514 0.1853 0.0811 2.9947 0.0840 0.0250
7.40 -0.125 -2.25 0.2846 0.1419 0.0517 2.2889 0.2121 0.0441
7.40 -0.125 -2.00 0.2016 0.1599 0.0634 2.6022 0.1501 0.0325
7.40 -0.125 -1.75 0.1482 0.1764 0.0746 2.8724 0.1106 0.0247
7.40 0.000 -2.25 0.2786 0.1360 0.0480 2.2062 0.2800 0.0437
7.40 0.000 -2.00 0.1969 0.1522 0.0582 2.4940 0.1977 0.0321
7.40 0.000 -1.75 0.1443 0.1667 0.0677 2.7359 0.1452 0.0244
7.50 -2.000 -2.25 0.3823 0.2000 0.0796 3.1803 0.0037 0.0566
7.50 -2.000 -2.00 0.2742 0.2348 0.1044 3.7392 0.0026 0.0421
7.50 -2.000 -1.75 0.2048 0.2719 0.1331 4.2938 0.0020 0.0324
7.50 -1.775 -2.25 0.3822 0.1998 0.0795 3.1771 0.0062 0.0566
7.50 -1.775 -2.00 0.2740 0.2345 0.1041 3.7341 0.0044 0.0421
7.50 -1.775 -1.75 0.2047 0.2713 0.1326 4.2861 0.0033 0.0324
7.50 -1.750 -2.25 0.3820 0.1995 0.0793 3.1735 0.0065 0.0566
7.50 -1.750 -2.00 0.2738 0.2340 0.1038 3.7285 0.0047 0.0420
7.50 -1.750 -1.75 0.2045 0.2707 0.1320 4.2774 0.0035 0.0324
7.50 -1.625 -2.25 0.3816 0.1991 0.0790 3.1684 0.0087 0.0565
7.50 -1.625 -2.00 0.2736 0.2335 0.1034 3.7205 0.0062 0.0420
7.50 -1.625 -1.75 0.2042 0.2697 0.1312 4.2649 0.0046 0.0324
7.50 -1.500 -2.25 0.3812 0.1987 0.0787 3.1616 0.0116 0.0565
7.50 -1.500 -2.00 0.2732 0.2327 0.1027 3.7099 0.0083 0.0420
7.50 -1.500 -1.75 0.2038 0.2685 0.1302 4.2487 0.0062 0.0323
7.50 -1.375 -2.25 0.3807 0.1980 0.0782 3.1527 0.0154 0.0565
7.50 -1.375 -2.00 0.2727 0.2317 0.1019 3.6961 0.0110 0.0420
7.50 -1.375 -1.75 0.2034 0.2669 0.1288 4.2274 0.0082 0.0323
7.50 -1.250 -2.25 0.3799 0.1972 0.0776 3.1410 0.0205 0.0564
7.50 -1.250 -2.00 0.2720 0.2303 0.1009 3.6777 0.0147 0.0419
7.50 -1.250 -1.75 0.2027 0.2648 0.1271 4.1997 0.0109 0.0322
7.50 -1.125 -2.25 0.3790 0.1960 0.0768 3.1255 0.0274 0.0564
7.50 -1.125 -2.00 0.2712 0.2286 0.0996 3.6540 0.0195 0.0419
7.50 -1.125 -1.75 0.2019 0.2622 0.1249 4.1642 0.0145 0.0322
7.50 -1.000 -2.25 0.3777 0.1946 0.0758 3.1053 0.0364 0.0563
7.50 -1.000 -2.00 0.2701 0.2263 0.0978 3.6233 0.0260 0.0418
7.50 -1.000 -1.75 0.2009 0.2588 0.1221 4.1188 0.0193 0.0321
7.50 -0.875 -2.25 0.3761 0.1927 0.0745 3.0793 0.0485 0.0562
7.50 -0.875 -2.00 0.2687 0.2234 0.0957 3.5839 0.0345 0.0416
7.50 -0.875 -1.75 0.1995 0.2545 0.1186 4.0610 0.0257 0.0320
7.50 -0.750 -2.25 0.3739 0.1903 0.0729 3.0456 0.0645 0.0560
7.50 -0.750 -2.00 0.2668 0.2198 0.0930 3.5340 0.0459 0.0415
7.50 -0.750 -1.75 0.1978 0.2493 0.1144 3.9897 0.0341 0.0318
7.50 -0.625 -2.25 0.3711 0.1872 0.0708 3.0031 0.0857 0.0558
7.50 -0.625 -2.00 0.2644 0.2153 0.0897 3.4720 0.0609 0.0413
7.50 -0.625 -1.75 0.1957 0.2428 0.1094 3.9022 0.0451 0.0316
7.50 -0.500 -2.25 0.3675 0.1834 0.0683 2.9496 0.1138 0.0556
7.50 -0.500 -2.00 0.2614 0.2097 0.0857 3.3952 0.0807 0.0411
7.50 -0.500 -1.75 0.1930 0.2352 0.1036 3.7979 0.0597 0.0314
7.50 -0.375 -2.25 0.3629 0.1787 0.0652 2.8836 0.1509 0.0553
7.50 -0.375 -2.00 0.2576 0.2031 0.0811 3.3028 0.1068 0.0408
7.50 -0.375 -1.75 0.1898 0.2263 0.0970 3.6752 0.0788 0.0311
7.50 -0.250 -2.25 0.3571 0.1730 0.0617 2.8036 0.1996 0.0549
7.50 -0.250 -2.00 0.2530 0.1954 0.0758 3.1937 0.1411 0.0404
7.50 -0.250 -1.75 0.1859 0.2162 0.0897 3.5348 0.1039 0.0308
7.50 -0.125 -2.25 0.3499 0.1663 0.0576 2.7088 0.2636 0.0543
7.50 -0.125 -2.00 0.2474 0.1865 0.0700 3.0683 0.1859 0.0400
7.50 -0.125 -1.75 0.1813 0.2050 0.0820 3.3761 0.1365 0.0303
7.50 0.000 -2.25 0.3410 0.1585 0.0530 2.5979 0.3472 0.0537
7.50 0.000 -2.00 0.2407 0.1766 0.0638 2.9272 0.2443 0.0394
7.50 0.000 -1.75 0.1760 0.1928 0.0740 3.2039 0.1790 0.0298
7.60 -2.000 -2.50 0.6849 0.1998 0.0667 3.1260 0.0067 0.0965
7.60 -2.000 -2.25 0.4762 0.2377 0.0907 3.8096 0.0046 0.0700
7.60 -2.000 -2.25 0.4678 0.2284 0.0844 3.6782 0.0045 0.0695
7.60 -2.000 -2.00 0.3409 0.2780 0.1182 4.4689 0.0033 0.0520
7.60 -1.875 -2.50 0.6845 0.1996 0.0665 3.1233 0.0089 0.0965
7.60 -1.875 -2.25 0.4759 0.2374 0.0905 3.8055 0.0061 0.0700
7.60 -1.875 -2.00 0.3406 0.2776 0.1178 4.4623 0.0044 0.0520
7.60 -1.750 -2.50 0.6840 0.1993 0.0664 3.1200 0.0119 0.0965
7.60 -1.750 -2.25 0.4755 0.2370 0.0902 3.8000 0.0081 0.0700
7.60 -1.750 -2.00 0.3403 0.2769 0.1174 4.4537 0.0058 0.0520
7.60 -1.625 -2.50 0.6834 0.1990 0.0662 3.1153 0.0158 0.0964
7.60 -1.625 -2.25 0.4750 0.2365 0.0898 3.7927 0.0109 0.0699
7.60 -1.625 -2.00 0.3399 0.2761 0.1168 4.4427 0.0077 0.0519
7.60 -1.500 -2.50 0.6826 0.1986 0.0659 3.1091 0.0211 0.0964
7.60 -1.500 -2.25 0.4744 0.2358 0.0894 3.7830 0.0145 0.0699
7.60 -1.500 -2.00 0.3393 0.2751 0.1160 4.4278 0.0103 0.0519
7.60 -1.375 -2.50 0.6816 0.1980 0.0656 3.1011 0.0281 0.0963
7.60 -1.375 -2.25 0.4735 0.2349 0.0888 3.7702 0.0193 0.0698
7.60 -1.375 -2.00 0.3386 0.2736 0.1149 4.4084 0.0137 0.0518
7.60 -1.250 -2.50 0.6802 0.1972 0.0651 3.0904 0.0375 0.0962
7.60 -1.250 -2.25 0.4724 0.2337 0.0880 3.7536 0.0257 0.0698
7.60 -1.250 -2.00 0.3376 0.2718 0.1136 4.3828 0.0183 0.0517
7.60 -1.125 -2.50 0.6783 0.1962 0.0645 3.0763 0.0499 0.0961
7.60 -1.125 -2.25 0.4709 0.2321 0.0869 3.7316 0.0342 0.0697
7.60 -1.125 -2.00 0.3363 0.2694 0.1119 4.3501 0.0243 0.0516
7.60 -1.000 -2.50 0.6758 0.1949 0.0637 3.0580 0.0664 0.0960
7.60 -1.000 -2.25 0.4689 0.2301 0.0856 3.7031 0.0455 0.0695
7.60 -1.000 -2.00 0.3346 0.2664 0.1097 4.3076 0.0323 0.0515
7.60 -0.875 -2.50 0.6725 0.1932 0.0627 3.0340 0.0884 0.0958
7.60 -0.875 -2.25 0.4664 0.2275 0.0839 3.6665 0.0605 0.0693
7.60 -0.875 -2.00 0.3325 0.2625 0.1069 4.2538 0.0430 0.0513
7.60 -0.750 -2.50 0.6683 0.1909 0.0615 3.0030 0.1176 0.0955
7.60 -0.750 -2.25 0.4630 0.2242 0.0817 3.6197 0.0805 0.0691
7.60 -0.750 -2.00 0.3297 0.2577 0.1035 4.1860 0.0571 0.0511
7.60 -0.625 -2.50 0.6627 0.1881 0.0598 2.9634 0.1562 0.0952
7.60 -0.625 -2.25 0.4588 0.2200 0.0791 3.5607 0.1068 0.0688
7.60 -0.625 -2.00 0.3262 0.2517 0.0994 4.1021 0.0757 0.0509
7.60 -0.500 -2.50 0.6555 0.1845 0.0578 2.9132 0.2073 0.0947
7.60 -0.500 -2.25 0.4533 0.2148 0.0759 3.4876 0.1417 0.0684
7.60 -0.500 -2.00 0.3218 0.2445 0.0946 4.0003 0.1002 0.0505
7.60 -0.375 -2.50 0.6463 0.1800 0.0554 2.8501 0.2747 0.0942
7.60 -0.375 -2.25 0.4465 0.2086 0.0721 3.3988 0.1875 0.0679
7.60 -0.375 -2.00 0.3163 0.2359 0.0890 3.8794 0.1324 0.0501
7.60 -0.250 -2.50 0.6347 0.1745 0.0524 2.7724 0.3634 0.0934
7.60 -0.250 -2.25 0.4379 0.2011 0.0677 3.2921 0.2477 0.0673
7.60 -0.250 -2.00 0.3097 0.2260 0.0827 3.7387 0.1745 0.0495
7.60 -0.125 -2.50 0.6200 0.1679 0.0489 2.6781 0.4794 0.0924
7.60 -0.125 -2.25 0.4273 0.1923 0.0627 3.1667 0.3264 0.0665
7.60 -0.125 -2.00 0.3016 0.2148 0.0759 3.5781 0.2295 0.0488
7.60 0.000 -2.50 0.6019 0.1601 0.0451 2.5674 0.6305 0.0912
7.60 0.000 -2.25 0.4145 0.1823 0.0572 3.0225 0.4287 0.0655
7.60 0.000 -2.00 0.2921 0.2024 0.0687 3.3992 0.3008 0.0480
7.70 -2.000 -2.50 0.8475 0.2341 0.0741 3.6929 0.0083 0.1186
7.70 -2.000 -2.25 0.5891 0.2773 0.1000 4.4881 0.0057 0.0860
7.70 -2.000 -2.00 0.4210 0.3229 0.1295 5.2504 0.0041 0.0638
7.70 -1.875 -2.50 0.8470 0.2339 0.0739 3.6892 0.0111 0.1186
7.70 -1.875 -2.25 0.5886 0.2769 0.0997 4.4822 0.0076 0.0859
7.70 -1.875 -2.00 0.4206 0.3223 0.1290 5.2417 0.0054 0.0637
7.70 -1.750 -2.50 0.8463 0.2335 0.0737 3.6843 0.0148 0.1185
7.70 -1.750 -2.25 0.5881 0.2763 0.0994 4.4748 0.0102 0.0859
7.70 -1.750 -2.00 0.4201 0.3215 0.1285 5.2302 0.0072 0.0637
7.70 -1.625 -2.50 0.8454 0.2330 0.0735 3.6777 0.0198 0.1185
7.70 -1.625 -2.25 0.5873 0.2756 0.0989 4.4644 0.0135 0.0859
7.70 -1.625 -2.00 0.4195 0.3204 0.1277 5.2154 0.0096 0.0637
7.70 -1.500 -2.50 0.8441 0.2324 0.0731 3.6690 0.0263 0.1184
7.70 -1.500 -2.25 0.5863 0.2747 0.0984 4.4516 0.0180 0.0858
7.70 -1.500 -2.00 0.4187 0.3190 0.1268 5.1959 0.0128 0.0636
7.70 -1.375 -2.50 0.8425 0.2316 0.0726 3.6576 0.0351 0.1183
7.70 -1.375 -2.25 0.5850 0.2735 0.0976 4.4339 0.0240 0.0857
7.70 -1.375 -2.00 0.4176 0.3172 0.1255 5.1696 0.0170 0.0635
7.70 -1.250 -2.50 0.8402 0.2305 0.0720 3.6422 0.0467 0.1182
7.70 -1.250 -2.25 0.5833 0.2718 0.0966 4.4111 0.0320 0.0856
7.70 -1.250 -2.00 0.4161 0.3148 0.1239 5.1359 0.0227 0.0634
7.70 -1.125 -2.50 0.8373 0.2291 0.0713 3.6226 0.0622 0.1180
7.70 -1.125 -2.25 0.5811 0.2697 0.0953 4.3814 0.0426 0.0854
7.70 -1.125 -2.00 0.4143 0.3116 0.1218 5.0920 0.0302 0.0632
7.70 -1.000 -2.50 0.8334 0.2273 0.0703 3.5967 0.0828 0.1178
7.70 -1.000 -2.25 0.5781 0.2670 0.0936 4.3428 0.0566 0.0852
7.70 -1.000 -2.00 0.4118 0.3077 0.1191 5.0365 0.0401 0.0631
7.70 -0.875 -2.50 0.8285 0.2249 0.0690 3.5631 0.1102 0.1174
7.70 -0.875 -2.25 0.5743 0.2636 0.0915 4.2938 0.0753 0.0849
7.70 -0.875 -2.00 0.4087 0.3027 0.1158 4.9654 0.0532 0.0628
7.70 -0.750 -2.50 0.8220 0.2219 0.0673 3.5204 0.1464 0.1170
7.70 -0.750 -2.25 0.5693 0.2592 0.0889 4.2316 0.0999 0.0846
7.70 -0.750 -2.00 0.4046 0.2965 0.1118 4.8781 0.0706 0.0625
7.70 -0.625 -2.50 0.8135 0.2180 0.0653 3.4653 0.1943 0.1165
7.70 -0.625 -2.25 0.5630 0.2537 0.0857 4.1538 0.1326 0.0841
7.70 -0.625 -2.00 0.3996 0.2890 0.1070 4.7709 0.0935 0.0621
7.70 -0.500 -2.50 0.8026 0.2131 0.0627 3.3954 0.2575 0.1158
7.70 -0.500 -2.25 0.5550 0.2470 0.0818 4.0574 0.1755 0.0836
7.70 -0.500 -2.00 0.3933 0.2800 0.1014 4.6419 0.1237 0.0616
7.70 -0.375 -2.50 0.7888 0.2071 0.0596 3.3101 0.3407 0.1149
7.70 -0.375 -2.25 0.5449 0.2388 0.0772 3.9405 0.2320 0.0828
7.70 -0.375 -2.00 0.3855 0.2693 0.0949 4.4881 0.1632 0.0609
7.70 -0.250 -2.50 0.7714 0.1998 0.0560 3.2057 0.4496 0.1137
7.70 -0.250 -2.25 0.5324 0.2293 0.0720 3.8026 0.3058 0.0819
7.70 -0.250 -2.00 0.3761 0.2570 0.0878 4.3124 0.2148 0.0602
7.70 -0.125 -2.50 0.7499 0.1912 0.0519 3.0820 0.5916 0.1122
7.70 -0.125 -2.25 0.5172 0.2182 0.0662 3.6411 0.4019 0.0807
7.70 -0.125 -2.00 0.3649 0.2433 0.0801 4.1133 0.2818 0.0592
7.70 0.000 -2.50 0.7234 0.1811 0.0473 2.9377 0.7753 0.1104
7.70 0.000 -2.25 0.4989 0.2058 0.0599 3.4583 0.5262 0.0793
7.70 0.000 -2.00 0.3515 0.2283 0.0720 3.8925 0.3682 0.0581
7.80 -2.000 -2.50 1.0372 0.2693 0.0797 4.2869 0.0104 0.1450
7.80 -2.000 -2.25 0.7209 0.3172 0.1068 5.1973 0.0071 0.1050
7.80 -2.000 -2.00 0.5144 0.3678 0.1374 6.0626 0.0050 0.0778
7.80 -1.875 -2.50 1.0364 0.2689 0.0795 4.2820 0.0138 0.1449
7.80 -1.875 -2.25 0.7202 0.3167 0.1065 5.1897 0.0094 0.1049
7.80 -1.875 -2.00 0.5140 0.3669 0.1369 6.0510 0.0067 0.0777
7.80 -1.750 -2.50 1.0353 0.2684 0.0793 4.2752 0.0184 0.1449
7.80 -1.750 -2.25 0.7194 0.3160 0.1061 5.1798 0.0126 0.1049
7.80 -1.750 -2.00 0.5132 0.3659 0.1362 6.0357 0.0089 0.0777
7.80 -1.625 -2.50 1.0339 0.2678 0.0789 4.2663 0.0246 0.1448
7.80 -1.625 -2.25 0.7183 0.3151 0.1056 5.1667 0.0168 0.1048
7.80 -1.625 -2.00 0.5124 0.3646 0.1354 6.0175 0.0119 0.0776
7.80 -1.500 -2.50 1.0320 0.2670 0.0785 4.2549 0.0327 0.1447
7.80 -1.500 -2.25 0.7168 0.3138 0.1048 5.1481 0.0223 0.1047
7.80 -1.500 -2.00 0.5112 0.3628 0.1343 5.9924 0.0158 0.0775
7.80 -1.375 -2.50 1.0295 0.2659 0.0779 4.2389 0.0436 0.1445
7.80 -1.375 -2.25 0.7149 0.3122 0.1039 5.1258 0.0297 0.1045
7.80 -1.375 -2.00 0.5096 0.3605 0.1328 5.9592 0.0210 0.0774
7.80 -1.250 -2.50 1.0262 0.2645 0.0772 4.2182 0.0580 0.1443
7.80 -1.250 -2.25 0.7124 0.3101 0.1027 5.0960 0.0396 0.1044
7.80 -1.250 -2.00 0.5076 0.3576 0.1310 5.9180 0.0280 0.0772
7.80 -1.125 -2.50 1.0218 0.2626 0.0762 4.1911 0.0772 0.1440
7.80 -1.125 -2.25 0.7091 0.3075 0.1012 5.0579 0.0527 0.1041
7.80 -1.125 -2.00 0.5049 0.3537 0.1286 5.8623 0.0372 0.0770
7.80 -1.000 -2.50 1.0160 0.2601 0.0750 4.1558 0.1027 0.1436
7.80 -1.000 -2.25 0.7048 0.3040 0.0993 5.0079 0.0700 0.1038
7.80 -1.000 -2.00 0.5014 0.3490 0.1257 5.7943 0.0494 0.0767
7.80 -0.875 -2.50 1.0089 0.2571 0.0734 4.1119 0.1365 0.1432
7.80 -0.875 -2.25 0.6993 0.2997 0.0969 4.9460 0.0930 0.1034
7.80 -0.875 -2.00 0.4970 0.3428 0.1219 5.7057 0.0656 0.0764
7.80 -0.750 -2.50 0.9989 0.2530 0.0714 4.0536 0.1812 0.1425
7.80 -0.750 -2.25 0.6921 0.2941 0.0938 4.8647 0.1234 0.1029
7.80 -0.750 -2.00 0.4913 0.3353 0.1175 5.5975 0.0869 0.0759
7.80 -0.625 -2.50 0.9865 0.2479 0.0689 3.9811 0.2403 0.1417
7.80 -0.625 -2.25 0.6830 0.2872 0.0901 4.7650 0.1635 0.1022
7.80 -0.625 -2.00 0.4843 0.3261 0.1121 5.4652 0.1150 0.0754
7.80 -0.500 -2.50 0.9705 0.2416 0.0659 3.8905 0.3179 0.1406
7.80 -0.500 -2.25 0.6715 0.2789 0.0856 4.6427 0.2162 0.1014
7.80 -0.500 -2.00 0.4757 0.3152 0.1059 5.3065 0.1519 0.0746
7.80 -0.375 -2.50 0.9505 0.2340 0.0623 3.7805 0.4198 0.1393
7.80 -0.375 -2.25 0.6573 0.2688 0.0805 4.4960 0.2853 0.1003
7.80 -0.375 -2.00 0.4649 0.3024 0.0988 5.1203 0.2001 0.0738
7.80 -0.250 -2.50 0.9252 0.2246 0.0581 3.6452 0.5526 0.1375
7.80 -0.250 -2.25 0.6397 0.2571 0.0746 4.3229 0.3752 0.0989
7.80 -0.250 -2.00 0.4519 0.2878 0.0909 4.9051 0.2628 0.0727
7.80 -0.125 -2.50 0.8942 0.2136 0.0533 3.4879 0.7247 0.1353
7.80 -0.125 -2.25 0.6184 0.2436 0.0681 4.1239 0.4917 0.0973
7.80 -0.125 -2.00 0.4364 0.2715 0.0825 4.6641 0.3439 0.0713
7.80 0.000 -2.50 0.8564 0.2010 0.0481 3.3056 0.9459 0.1326
7.80 0.000 -2.25 0.5927 0.2284 0.0611 3.8999 0.6414 0.0952
7.80 0.000 -2.00 0.4182 0.2536 0.0737 4.3977 0.4480 0.0697
7.90 -2.000 -2.75 1.7875 0.2513 0.0573 3.7430 0.0190 0.2451
7.90 -2.000 -2.50 1.2468 0.3010 0.0817 4.8470 0.0128 0.1759
7.90 -2.000 -2.25 0.8675 0.3525 0.1088 5.8643 0.0087 0.1272
7.90 -1.875 -2.75 1.7858 0.2509 0.0571 3.7385 0.0253 0.2449
7.90 -1.875 -2.50 1.2455 0.3005 0.0814 4.8401 0.0170 0.1758
7.90 -1.875 -2.25 0.8667 0.3519 0.1084 5.8551 0.0116 0.1271
7.90 -1.750 -2.75 1.7838 0.2506 0.0570 3.7336 0.0337 0.2449
7.90 -1.750 -2.50 1.2439 0.2999 0.0812 4.8315 0.0227 0.1757
7.90 -1.750 -2.25 0.8654 0.3510 0.1079 5.8412 0.0155 0.1270
7.90 -1.625 -2.75 1.7807 0.2499 0.0567 3.7248 0.0450 0.2447
7.90 -1.625 -2.50 1.2421 0.2992 0.0808 4.8218 0.0302 0.1756
7.90 -1.625 -2.25 0.8639 0.3499 0.1074 5.8260 0.0206 0.1269
7.90 -1.500 -2.75 1.7769 0.2492 0.0564 3.7149 0.0599 0.2445
7.90 -1.500 -2.50 1.2392 0.2981 0.0803 4.8054 0.0403 0.1754
7.90 -1.500 -2.25 0.8619 0.3485 0.1066 5.8041 0.0274 0.1268
7.90 -1.375 -2.75 1.7714 0.2481 0.0560 3.7005 0.0797 0.2441
7.90 -1.375 -2.50 1.2358 0.2968 0.0797 4.7864 0.0536 0.1752
7.90 -1.375 -2.25 0.8593 0.3466 0.1056 5.7762 0.0365 0.1266
7.90 -1.250 -2.75 1.7646 0.2468 0.0555 3.6824 0.1061 0.2437
7.90 -1.250 -2.50 1.2310 0.2949 0.0789 4.7599 0.0714 0.1749
7.90 -1.250 -2.25 0.8558 0.3441 0.1044 5.7405 0.0486 0.1263
7.90 -1.125 -2.75 1.7557 0.2451 0.0548 3.6589 0.1412 0.2432
7.90 -1.125 -2.50 1.2247 0.2926 0.0778 4.7264 0.0950 0.1744
7.90 -1.125 -2.25 0.8512 0.3409 0.1027 5.6927 0.0647 0.1260
7.90 -1.000 -2.75 1.7437 0.2427 0.0539 3.6272 0.1877 0.2425
7.90 -1.000 -2.50 1.2164 0.2896 0.0764 4.6825 0.1263 0.1739
7.90 -1.000 -2.25 0.8453 0.3368 0.1006 5.6327 0.0859 0.1255
7.90 -0.875 -2.75 1.7286 0.2399 0.0527 3.5878 0.2493 0.2416
7.90 -0.875 -2.50 1.2057 0.2856 0.0746 4.6252 0.1677 0.1732
7.90 -0.875 -2.25 0.8376 0.3315 0.0979 5.5551 0.1141 0.1250
7.90 -0.750 -2.75 1.7086 0.2360 0.0513 3.5357 0.3306 0.2403
7.90 -0.750 -2.50 1.1919 0.2806 0.0723 4.5526 0.2224 0.1722
7.90 -0.750 -2.25 0.8276 0.3249 0.0947 5.4579 0.1512 0.1242
7.90 -0.625 -2.75 1.6818 0.2311 0.0494 3.4684 0.4377 0.2387
7.90 -0.625 -2.50 1.1741 0.2743 0.0696 4.4621 0.2944 0.1710
7.90 -0.625 -2.25 0.8149 0.3167 0.0907 5.3368 0.2000 0.1233
7.90 -0.500 -2.75 1.6485 0.2250 0.0471 3.3859 0.5781 0.2365
7.90 -0.500 -2.50 1.1514 0.2664 0.0662 4.3488 0.3889 0.1695
7.90 -0.500 -2.25 0.7991 0.3068 0.0859 5.1907 0.2641 0.1221
7.90 -0.375 -2.75 1.6056 0.2173 0.0444 3.2815 0.7613 0.2338
7.90 -0.375 -2.50 1.1229 0.2569 0.0622 4.2115 0.5122 0.1674
7.90 -0.375 -2.25 0.7794 0.2950 0.0804 5.0154 0.3477 0.1205
7.90 -0.250 -2.75 1.5524 0.2080 0.0411 3.1558 0.9987 0.2302
7.90 -0.250 -2.50 1.0877 0.2456 0.0576 4.0476 0.6723 0.1649
7.90 -0.250 -2.25 0.7551 0.2811 0.0742 4.8096 0.4561 0.1186
7.90 -0.125 -2.75 1.4862 0.1969 0.0374 3.0043 1.3036 0.2257
7.90 -0.125 -2.50 1.0442 0.2323 0.0524 3.8549 0.8784 0.1617
7.90 -0.125 -2.25 0.7258 0.2652 0.0673 4.5733 0.5958 0.1162
7.90 0.000 -2.75 1.4054 0.1837 0.0333 2.8256 1.6906 0.2199
7.90 0.000 -2.50 0.9917 0.2170 0.0468 3.6330 1.1410 0.1577
7.90 0.000 -2.25 0.6907 0.2474 0.0600 4.3079 0.7739 0.1133
8.00 -2.000 -2.75 2.0986 0.2740 0.0562 4.1217 0.0232 0.2959
8.00 -2.000 -2.50 1.4708 0.3262 0.0796 5.3295 0.0156 0.2120
8.00 -2.000 -2.25 1.0262 0.3800 0.1054 6.4335 0.0106 0.1530
8.00 -1.875 -2.75 2.0965 0.2736 0.0560 4.1168 0.0309 0.2957
8.00 -1.875 -2.50 1.4691 0.3256 0.0793 5.3211 0.0208 0.2119
8.00 -1.875 -2.25 1.0250 0.3793 0.1050 6.4231 0.0141 0.1529
8.00 -1.750 -2.75 2.0933 0.2731 0.0558 4.1092 0.0412 0.2955
8.00 -1.750 -2.50 1.4670 0.3249 0.0791 5.3111 0.0277 0.2117
8.00 -1.750 -2.25 1.0234 0.3783 0.1046 6.4092 0.0189 0.1528
8.00 -1.625 -2.75 2.0891 0.2723 0.0556 4.0994 0.0549 0.2953
8.00 -1.625 -2.50 1.4641 0.3240 0.0787 5.2980 0.0369 0.2115
8.00 -1.625 -2.25 1.0215 0.3771 0.1040 6.3909 0.0251 0.1527
8.00 -1.500 -2.75 2.0835 0.2714 0.0552 4.0862 0.0731 0.2949
8.00 -1.500 -2.50 1.4604 0.3228 0.0782 5.2799 0.0492 0.2113
8.00 -1.500 -2.25 1.0188 0.3755 0.1033 6.3668 0.0334 0.1525
8.00 -1.375 -2.75 2.0762 0.2701 0.0548 4.0691 0.0973 0.2944
8.00 -1.375 -2.50 1.4553 0.3211 0.0775 5.2564 0.0655 0.2109
8.00 -1.375 -2.25 1.0152 0.3734 0.1023 6.3352 0.0445 0.1522
8.00 -1.250 -2.75 2.0663 0.2684 0.0542 4.0465 0.1294 0.2938
8.00 -1.250 -2.50 1.4484 0.3189 0.0766 5.2241 0.0871 0.2105
8.00 -1.250 -2.25 1.0104 0.3705 0.1010 6.2932 0.0592 0.1518
8.00 -1.125 -2.75 2.0531 0.2662 0.0534 4.0152 0.1721 0.2930
8.00 -1.125 -2.50 1.4400 0.3162 0.0755 5.1849 0.1158 0.2099
8.00 -1.125 -2.25 1.0044 0.3670 0.0994 6.2399 0.0787 0.1514
8.00 -1.000 -2.75 2.0363 0.2633 0.0524 3.9762 0.2286 0.2919
8.00 -1.000 -2.50 1.4283 0.3125 0.0740 5.1309 0.1538 0.2091
8.00 -1.000 -2.25 0.9962 0.3622 0.0972 6.1700 0.1046 0.1507
8.00 -0.875 -2.75 2.0142 0.2596 0.0511 3.9251 0.3032 0.2905
8.00 -0.875 -2.50 1.4137 0.3079 0.0721 5.0635 0.2041 0.2080
8.00 -0.875 -2.25 0.9859 0.3564 0.0946 6.0826 0.1387 0.1500
8.00 -0.750 -2.75 1.9855 0.2548 0.0495 3.8602 0.4015 0.2886
8.00 -0.750 -2.50 1.3945 0.3019 0.0698 4.9771 0.2704 0.2067
8.00 -0.750 -2.25 0.9725 0.3489 0.0913 5.9706 0.1837 0.1489
8.00 -0.625 -2.75 1.9487 0.2487 0.0475 3.7774 0.5306 0.2862
8.00 -0.625 -2.50 1.3700 0.2945 0.0669 4.8702 0.3574 0.2049
8.00 -0.625 -2.25 0.9555 0.3396 0.0873 5.8333 0.2427 0.1476
8.00 -0.500 -2.75 1.9012 0.2411 0.0450 3.6734 0.6990 0.2830
8.00 -0.500 -2.50 1.3389 0.2854 0.0634 4.7367 0.4711 0.2027
8.00 -0.500 -2.25 0.9341 0.3284 0.0825 5.6656 0.3199 0.1459
8.00 -0.375 -2.75 1.8417 0.2317 0.0420 3.5448 0.9176 0.2789
8.00 -0.375 -2.50 1.2997 0.2741 0.0593 4.5729 0.6189 0.1998
8.00 -0.375 -2.25 0.9074 0.3149 0.0770 5.4635 0.4201 0.1437
8.00 -0.250 -2.75 1.7674 0.2202 0.0386 3.3890 1.1987 0.2736
8.00 -0.250 -2.50 1.2512 0.2608 0.0545 4.3779 0.8095 0.1961
8.00 -0.250 -2.25 0.8747 0.2991 0.0707 5.2278 0.5495 0.1410
8.00 -0.125 -2.75 1.6754 0.2066 0.0346 3.2029 1.5557 0.2669
8.00 -0.125 -2.50 1.1918 0.2451 0.0491 4.1488 1.0528 0.1915
8.00 -0.125 -2.25 0.8351 0.2810 0.0638 4.9545 0.7148 0.1377
8.00 0.000 -2.75 1.5645 0.1906 0.0302 2.9860 2.0028 0.2585
8.00 0.000 -2.50 1.1201 0.2271 0.0433 3.8849 1.3593 0.1857
8.00 0.000 -2.25 0.7877 0.2606 0.0564 4.6459 0.9237 0.1335
8.10 -2.000 -3.00 3.2357 0.2352 0.0326 3.0006 0.0402 0.4839
8.10 -2.000 -2.75 2.3983 0.2886 0.0518 4.3867 0.0278 0.3493
8.10 -2.000 -2.50 1.6942 0.3418 0.0733 5.6776 0.0188 0.2502
8.10 -1.875 -3.00 3.2304 0.2348 0.0325 2.9956 0.0535 0.4836
8.10 -1.875 -2.75 2.3951 0.2881 0.0517 4.3801 0.0371 0.3491
8.10 -1.875 -2.50 1.6921 0.3412 0.0731 5.6691 0.0250 0.2500
8.10 -1.750 -3.00 3.2234 0.2341 0.0324 2.9884 0.0713 0.4831
8.10 -1.750 -2.75 2.3910 0.2875 0.0515 4.3719 0.0494 0.3488
8.10 -1.750 -2.50 1.6891 0.3403 0.0728 5.6567 0.0333 0.2498
8.10 -1.625 -3.00 3.2154 0.2334 0.0322 2.9800 0.0950 0.4826
8.10 -1.625 -2.75 2.3851 0.2866 0.0512 4.3601 0.0658 0.3484
8.10 -1.625 -2.50 1.6855 0.3394 0.0724 5.6428 0.0444 0.2495
8.10 -1.500 -3.00 3.2051 0.2326 0.0320 2.9695 0.1265 0.4819
8.10 -1.500 -2.75 2.3773 0.2855 0.0509 4.3441 0.0876 0.3479
8.10 -1.500 -2.50 1.6803 0.3379 0.0719 5.6217 0.0591 0.2492
8.10 -1.375 -3.00 3.1899 0.2313 0.0317 2.9543 0.1683 0.4809
8.10 -1.375 -2.75 2.3673 0.2839 0.0504 4.3232 0.1166 0.3472
8.10 -1.375 -2.50 1.6733 0.3361 0.0712 5.5940 0.0787 0.2487
8.10 -1.250 -3.00 3.1696 0.2295 0.0312 2.9341 0.2237 0.4796
8.10 -1.250 -2.75 2.3536 0.2819 0.0498 4.2951 0.1551 0.3463
8.10 -1.250 -2.50 1.6646 0.3337 0.0704 5.5597 0.1046 0.2481
8.10 -1.125 -3.00 3.1426 0.2273 0.0307 2.9074 0.2970 0.4778
8.10 -1.125 -2.75 2.3364 0.2793 0.0490 4.2599 0.2061 0.3452
8.10 -1.125 -2.50 1.6534 0.3307 0.0693 5.5151 0.1391 0.2472
8.10 -1.000 -3.00 3.1077 0.2243 0.0300 2.8732 0.3938 0.4755
8.10 -1.000 -2.75 2.3130 0.2758 0.0480 4.2128 0.2734 0.3436
8.10 -1.000 -2.50 1.6381 0.3266 0.0679 5.4551 0.1846 0.2461
8.10 -0.875 -3.00 3.0618 0.2205 0.0291 2.8284 0.5212 0.4724
8.10 -0.875 -2.75 2.2833 0.2715 0.0467 4.1538 0.3622 0.3415
8.10 -0.875 -2.50 1.6183 0.3213 0.0661 5.3782 0.2446 0.2447
8.10 -0.750 -3.00 3.0020 0.2155 0.0280 2.7701 0.6881 0.4683
8.10 -0.750 -2.75 2.2444 0.2658 0.0450 4.0763 0.4789 0.3388
8.10 -0.750 -2.50 1.5930 0.3147 0.0638 5.2813 0.3236 0.2428
8.10 -0.625 -3.00 2.9273 0.2093 0.0266 2.6981 0.9059 0.4631
8.10 -0.625 -2.75 2.1944 0.2587 0.0430 3.9791 0.6315 0.3353
8.10 -0.625 -2.50 1.5602 0.3064 0.0610 5.1596 0.4270 0.2404
8.10 -0.500 -3.00 2.8305 0.2014 0.0249 2.6060 1.1874 0.4562
8.10 -0.500 -2.75 2.1306 0.2497 0.0405 3.8564 0.8296 0.3308
8.10 -0.500 -2.50 1.5188 0.2961 0.0576 5.0082 0.5616 0.2372
8.10 -0.375 -3.00 2.7082 0.1916 0.0229 2.4923 1.5476 0.4472
8.10 -0.375 -2.75 2.0513 0.2387 0.0375 3.7070 1.0851 0.3250
8.10 -0.375 -2.50 1.4668 0.2835 0.0536 4.8229 0.7356 0.2332
8.10 -0.250 -3.00 2.5560 0.1795 0.0205 2.3530 2.0025 0.4356
8.10 -0.250 -2.75 1.9506 0.2251 0.0340 3.5233 1.4098 0.3174
8.10 -0.250 -2.50 1.4020 0.2683 0.0489 4.6002 0.9580 0.2281
8.10 -0.125 -3.00 2.3710 0.1651 0.0178 2.1869 2.5669 0.4209
8.10 -0.125 -2.75 1.8283 0.2091 0.0301 3.3068 1.8176 0.3078
8.10 -0.125 -2.50 1.3227 0.2504 0.0437 4.3373 1.2390 0.2216
8.10 0.000 -3.00 2.1493 0.1483 0.0149 1.9921 3.2487 0.4021
8.10 0.000 -2.75 1.6811 0.1903 0.0258 3.0534 2.3187 0.2956
8.10 0.000 -2.50 1.2277 0.2299 0.0380 4.0363 1.5877 0.2134
8.20 -2.000 -3.00 3.5682 0.2379 0.0281 3.0522 0.0474 0.5602
8.20 -2.000 -2.75 2.6794 0.2914 0.0446 4.4832 0.0331 0.4039
8.20 -2.000 -2.50 1.9139 0.3442 0.0633 5.8285 0.0224 0.2892
8.20 -1.875 -3.00 3.5621 0.2375 0.0280 3.0467 0.0632 0.5597
8.20 -1.875 -2.75 2.6752 0.2908 0.0445 4.4755 0.0441 0.4036
8.20 -1.875 -2.50 1.9111 0.3436 0.0631 5.8190 0.0298 0.2890
8.20 -1.750 -3.00 3.5529 0.2368 0.0278 3.0389 0.0841 0.5591
8.20 -1.750 -2.75 2.6696 0.2901 0.0443 4.4658 0.0587 0.4032
8.20 -1.750 -2.50 1.9075 0.3428 0.0629 5.8072 0.0397 0.2888
8.20 -1.625 -3.00 3.5408 0.2359 0.0276 3.0284 0.1120 0.5583
8.20 -1.625 -2.75 2.6618 0.2891 0.0441 4.4523 0.0782 0.4027
8.20 -1.625 -2.50 1.9023 0.3416 0.0625 5.7903 0.0529 0.2884
8.20 -1.500 -3.00 3.5248 0.2347 0.0274 3.0146 0.1490 0.5571
8.20 -1.500 -2.75 2.6510 0.2877 0.0437 4.4337 0.1040 0.4019
8.20 -1.500 -2.50 1.8956 0.3401 0.0621 5.7674 0.0704 0.2879
8.20 -1.375 -3.00 3.5042 0.2331 0.0271 2.9969 0.1981 0.5557
8.20 -1.375 -2.75 2.6375 0.2860 0.0433 4.4104 0.1384 0.4010
8.20 -1.375 -2.50 1.8870 0.3382 0.0615 5.7397 0.0937 0.2872
8.20 -1.250 -3.00 3.4775 0.2311 0.0267 2.9736 0.2631 0.5538
8.20 -1.250 -2.75 2.6202 0.2837 0.0427 4.3805 0.1839 0.3997
8.20 -1.250 -2.50 1.8753 0.3356 0.0607 5.7020 0.1246 0.2864
8.20 -1.125 -3.00 3.4416 0.2284 0.0262 2.9427 0.3490 0.5512
8.20 -1.125 -2.75 2.5971 0.2808 0.0420 4.3409 0.2441 0.3981
8.20 -1.125 -2.50 1.8606 0.3324 0.0597 5.6544 0.1655 0.2853
8.20 -1.000 -3.00 3.3944 0.2249 0.0255 2.9022 0.4620 0.5478
8.20 -1.000 -2.75 2.5670 0.2770 0.0410 4.2889 0.3236 0.3959
8.20 -1.000 -2.50 1.8403 0.3279 0.0584 5.5892 0.2194 0.2837
8.20 -0.875 -3.00 3.3338 0.2203 0.0246 2.8499 0.6104 0.5434
8.20 -0.875 -2.75 2.5269 0.2720 0.0398 4.2216 0.4280 0.3930
8.20 -0.875 -2.50 1.8148 0.3224 0.0568 5.5085 0.2905 0.2818
8.20 -0.750 -3.00 3.2540 0.2144 0.0235 2.7823 0.8037 0.5374
8.20 -0.750 -2.75 2.4751 0.2655 0.0382 4.1348 0.5647 0.3892
8.20 -0.750 -2.50 1.7809 0.3152 0.0547 5.4021 0.3836 0.2792
8.20 -0.625 -3.00 3.1526 0.2070 0.0221 2.6971 1.0541 0.5298
8.20 -0.625 -2.75 2.4086 0.2574 0.0363 4.0251 0.7424 0.3843
8.20 -0.625 -2.50 1.7380 0.3061 0.0522 5.2697 0.5050 0.2759
8.20 -0.500 -3.00 3.0246 0.1977 0.0205 2.5907 1.3752 0.5198
8.20 -0.500 -2.75 2.3240 0.2471 0.0339 3.8868 0.9718 0.3778
8.20 -0.500 -2.50 1.6827 0.2947 0.0490 5.1021 0.6621 0.2715
8.20 -0.375 -3.00 2.8641 0.1861 0.0185 2.4581 1.7816 0.5069
8.20 -0.375 -2.75 2.2170 0.2344 0.0311 3.7165 1.2643 0.3695
8.20 -0.375 -2.50 1.6141 0.2809 0.0453 4.8992 0.8637 0.2659
8.20 -0.250 -3.00 2.6659 0.1721 0.0163 2.2981 2.2865 0.4903
8.20 -0.250 -2.75 2.0848 0.2190 0.0278 3.5094 1.6321 0.3589
8.20 -0.250 -2.50 1.5279 0.2640 0.0410 4.6521 1.1186 0.2588
8.20 -0.125 -3.00 2.4275 0.1554 0.0138 2.1075 2.8990 0.4692
8.20 -0.125 -2.75 1.9241 0.2006 0.0242 3.2623 2.0852 0.3452
8.20 -0.125 -2.50 1.4237 0.2442 0.0361 4.3597 1.4360 0.2497
8.20 0.000 -3.00 2.1475 0.1363 0.0111 1.8866 3.6164 0.4426
8.20 0.000 -2.75 1.7328 0.1793 0.0202 2.9744 2.6282 0.3280
8.20 0.000 -2.50 1.2990 0.2213 0.0308 4.0212 1.8219 0.2384
8.30 -2.000 -3.00 3.7389 0.2213 0.0213 2.8830 0.0547 0.6295
8.30 -2.000 -2.75 2.8660 0.2730 0.0343 4.2910 0.0386 0.4539
8.30 -2.000 -2.50 2.0809 0.3238 0.0492 5.6347 0.0263 0.3250
8.30 -1.875 -3.00 3.7301 0.2207 0.0212 2.8765 0.0728 0.6289
8.30 -1.875 -2.75 2.8600 0.2724 0.0342 4.2829 0.0514 0.4534
8.30 -1.875 -2.50 2.0773 0.3231 0.0490 5.6254 0.0350 0.3247
8.30 -1.750 -3.00 3.7184 0.2200 0.0211 2.8678 0.0969 0.6279
8.30 -1.750 -2.75 2.8524 0.2716 0.0340 4.2722 0.0685 0.4529
8.30 -1.750 -2.50 2.0724 0.3223 0.0488 5.6129 0.0467 0.3243
8.30 -1.625 -3.00 3.7023 0.2189 0.0209 2.8564 0.1289 0.6267
8.30 -1.625 -2.75 2.8419 0.2704 0.0338 4.2567 0.0911 0.4521
8.30 -1.625 -2.50 2.0658 0.3211 0.0485 5.5954 0.0621 0.3238
8.30 -1.500 -3.00 3.6820 0.2176 0.0207 2.8413 0.1714 0.6252
8.30 -1.500 -2.75 2.8288 0.2690 0.0335 4.2379 0.1212 0.4511
8.30 -1.500 -2.50 2.0573 0.3196 0.0481 5.5734 0.0827 0.3232
8.30 -1.375 -3.00 3.6548 0.2158 0.0204 2.8214 0.2277 0.6230
8.30 -1.375 -2.75 2.8111 0.2671 0.0331 4.2130 0.1611 0.4498
8.30 -1.375 -2.50 2.0459 0.3176 0.0476 5.5443 0.1099 0.3223
8.30 -1.250 -3.00 3.6190 0.2135 0.0201 2.7956 0.3021 0.6202
8.30 -1.250 -2.75 2.7885 0.2647 0.0326 4.1806 0.2139 0.4481
8.30 -1.250 -2.50 2.0303 0.3149 0.0470 5.5047 0.1460 0.3211
8.30 -1.125 -3.00 3.5720 0.2105 0.0196 2.7613 0.4000 0.6165
8.30 -1.125 -2.75 2.7576 0.2615 0.0319 4.1375 0.2836 0.4457
8.30 -1.125 -2.50 2.0107 0.3114 0.0461 5.4545 0.1936 0.3196
8.30 -1.000 -3.00 3.5107 0.2065 0.0190 2.7168 0.5285 0.6117
8.30 -1.000 -2.75 2.7165 0.2572 0.0311 4.0812 0.3752 0.4426
8.30 -1.000 -2.50 1.9847 0.3069 0.0451 5.3888 0.2565 0.3175
8.30 -0.875 -3.00 3.4303 0.2014 0.0182 2.6582 0.6961 0.6052
8.30 -0.875 -2.75 2.6647 0.2518 0.0300 4.0092 0.4953 0.4385
8.30 -0.875 -2.50 1.9509 0.3011 0.0437 5.3031 0.3389 0.3148
8.30 -0.750 -3.00 3.3281 0.1948 0.0173 2.5841 0.9133 0.5967
8.30 -0.750 -2.75 2.5968 0.2448 0.0287 3.9158 0.6515 0.4332
8.30 -0.750 -2.50 1.9069 0.2935 0.0419 5.1929 0.4465 0.3113
8.30 -0.625 -3.00 3.1984 0.1866 0.0161 2.4904 1.1921 0.5858
8.30 -0.625 -2.75 2.5103 0.2359 0.0270 3.7972 0.8532 0.4263
8.30 -0.625 -2.50 1.8504 0.2840 0.0397 5.0535 0.5860 0.3067
8.30 -0.500 -3.00 3.0357 0.1763 0.0147 2.3736 1.5453 0.5717
8.30 -0.500 -2.75 2.4010 0.2248 0.0250 3.6482 1.1111 0.4172
8.30 -0.500 -2.50 1.7786 0.2720 0.0371 4.8770 0.7650 0.3007
8.30 -0.375 -3.00 2.8325 0.1636 0.0130 2.2287 1.9845 0.5532
8.30 -0.375 -2.75 2.2623 0.2109 0.0226 3.4609 1.4351 0.4054
8.30 -0.375 -2.50 1.6895 0.2573 0.0339 4.6609 0.9921 0.2930
8.30 -0.250 -3.00 2.5870 0.1485 0.0111 2.0546 2.5181 0.5297
8.30 -0.250 -2.75 2.0936 0.1942 0.0198 3.2358 1.8353 0.3904
8.30 -0.250 -2.50 1.5786 0.2395 0.0303 4.3968 1.2752 0.2831
8.30 -0.125 -3.00 2.2956 0.1307 0.0091 1.8497 3.1438 0.5000
8.30 -0.125 -2.75 1.8902 0.1744 0.0167 2.9661 2.3150 0.3713
8.30 -0.125 -2.50 1.4442 0.2183 0.0261 4.0800 1.6200 0.2706
8.30 0.000 -3.00 1.9626 0.1107 0.0070 1.6154 3.8430 0.4632
8.30 0.000 -2.75 1.6534 0.1517 0.0134 2.6525 2.8685 0.3474
8.30 0.000 -2.50 1.2853 0.1937 0.0216 3.7076 2.0258 0.2548
8.40 -2.000 -3.00 3.7791 0.1942 0.0149 2.5920 0.0611 0.6934
8.40 -2.000 -2.75 2.9711 0.2428 0.0244 3.9246 0.0438 0.5004
8.40 -2.000 -2.50 2.2031 0.2907 0.0356 5.2291 0.0301 0.3585
8.40 -1.875 -3.00 3.7680 0.1936 0.0149 2.5850 0.0814 0.6925
8.40 -1.875 -2.75 2.9639 0.2422 0.0243 3.9161 0.0583 0.4998
8.40 -1.875 -2.50 2.1982 0.2900 0.0355 5.2196 0.0401 0.3581
8.40 -1.750 -3.00 3.7535 0.1928 0.0148 2.5761 0.1083 0.6912
8.40 -1.750 -2.75 2.9543 0.2413 0.0242 3.9049 0.0776 0.4990
8.40 -1.750 -2.50 2.1917 0.2891 0.0353 5.2064 0.0533 0.3575
8.40 -1.625 -3.00 3.7346 0.1917 0.0146 2.5642 0.1440 0.6895
8.40 -1.625 -2.75 2.9410 0.2402 0.0240 3.8899 0.1032 0.4980
8.40 -1.625 -2.50 2.1831 0.2879 0.0350 5.1891 0.0710 0.3568
8.40 -1.500 -3.00 3.7082 0.1903 0.0144 2.5475 0.1913 0.6873
8.40 -1.500 -2.75 2.9237 0.2387 0.0238 3.8700 0.1372 0.4966
8.40 -1.500 -2.50 2.1722 0.2864 0.0347 5.1666 0.0944 0.3560
8.40 -1.375 -3.00 3.6755 0.1884 0.0142 2.5273 0.2538 0.6844
8.40 -1.375 -2.75 2.9010 0.2367 0.0234 3.8438 0.1822 0.4948
8.40 -1.375 -2.50 2.1571 0.2843 0.0343 5.1362 0.1254 0.3547
8.40 -1.250 -3.00 3.6305 0.1860 0.0139 2.4994 0.3362 0.6804
8.40 -1.250 -2.75 2.8713 0.2341 0.0230 3.8095 0.2416 0.4923
8.40 -1.250 -2.50 2.1382 0.2816 0.0338 5.0972 0.1664 0.3531
8.40 -1.125 -3.00 3.5721 0.1827 0.0135 2.4628 0.4444 0.6752
8.40 -1.125 -2.75 2.8321 0.2307 0.0225 3.7644 0.3198 0.4891
8.40 -1.125 -2.50 2.1128 0.2780 0.0331 5.0447 0.2205 0.3511
8.40 -1.000 -3.00 3.4953 0.1785 0.0130 2.4161 0.5856 0.6683
8.40 -1.000 -2.75 2.7801 0.2262 0.0218 3.7048 0.4222 0.4847
8.40 -1.000 -2.50 2.0786 0.2733 0.0323 4.9763 0.2915 0.3482
8.40 -0.875 -3.00 3.3952 0.1730 0.0124 2.3546 0.7687 0.6592
8.40 -0.875 -2.75 2.7138 0.2204 0.0209 3.6289 0.5558 0.4791
8.40 -0.875 -2.50 2.0350 0.2673 0.0311 4.8883 0.3843 0.3445
8.40 -0.750 -3.00 3.2680 0.1661 0.0116 2.2757 1.0038 0.6473
8.40 -0.750 -2.75 2.6276 0.2131 0.0198 3.5306 0.7283 0.4717
8.40 -0.750 -2.50 1.9786 0.2595 0.0297 4.7745 0.5048 0.3397
8.40 -0.625 -3.00 3.1100 0.1575 0.0107 2.1779 1.3025 0.6320
8.40 -0.625 -2.75 2.5180 0.2037 0.0185 3.4053 0.9491 0.4620
8.40 -0.625 -2.50 1.9064 0.2496 0.0279 4.6287 0.6598 0.3334
8.40 -0.500 -3.00 2.9093 0.1466 0.0095 2.0547 1.6741 0.6120
8.40 -0.500 -2.75 2.3795 0.1919 0.0168 3.2469 1.2273 0.4494
8.40 -0.500 -2.50 1.8153 0.2372 0.0258 4.4441 0.8567 0.3252
8.40 -0.375 -3.00 2.6646 0.1335 0.0082 1.9038 2.1263 0.5865
8.40 -0.375 -2.75 2.2080 0.1774 0.0149 3.0498 1.5711 0.4330
8.40 -0.375 -2.50 1.7003 0.2218 0.0232 4.2137 1.1023 0.3146
8.40 -0.250 -3.00 2.3752 0.1181 0.0068 1.7239 2.6596 0.5542
8.40 -0.250 -2.75 2.0002 0.1600 0.0127 2.8107 1.9844 0.4122
8.40 -0.250 -2.50 1.5594 0.2030 0.0202 3.9308 1.4019 0.3010
8.40 -0.125 -3.00 2.0399 0.1005 0.0053 1.5153 3.2570 0.5140
8.40 -0.125 -2.75 1.7548 0.1396 0.0103 2.5254 2.4618 0.3860
8.40 -0.125 -2.50 1.3920 0.1809 0.0169 3.5914 1.7557 0.2838
8.40 0.000 -3.00 1.6737 0.0815 0.0038 1.2821 3.8856 0.4653
8.40 0.000 -2.75 1.4773 0.1167 0.0078 2.1953 2.9835 0.3537
8.40 0.000 -2.50 1.1981 0.1554 0.0134 3.1890 2.1541 0.2624
8.50 -2.000 -3.00 3.5381 0.1472 0.0086 2.0676 0.0651 0.7233
8.50 -2.000 -2.75 2.9022 0.1909 0.0147 3.2431 0.0477 0.5246
8.50 -2.000 -2.50 2.2237 0.2342 0.0221 4.4343 0.0332 0.3762
8.50 -1.875 -3.00 3.5244 0.1466 0.0086 2.0611 0.0866 0.7220
8.50 -1.875 -2.75 2.8928 0.1902 0.0146 3.2347 0.0635 0.5238
8.50 -1.875 -2.50 2.2174 0.2335 0.0220 4.4244 0.0442 0.3757
8.50 -1.750 -3.00 3.5066 0.1458 0.0085 2.0521 0.1152 0.7202
8.50 -1.750 -2.75 2.8804 0.1894 0.0145 3.2234 0.0844 0.5227
8.50 -1.750 -2.50 2.2093 0.2326 0.0218 4.4113 0.0589 0.3750
8.50 -1.625 -3.00 3.4830 0.1447 0.0084 2.0403 0.1530 0.7178
8.50 -1.625 -2.75 2.8634 0.1882 0.0144 3.2081 0.1122 0.5212
8.50 -1.625 -2.50 2.1984 0.2314 0.0217 4.3940 0.0783 0.3740
8.50 -1.500 -3.00 3.4524 0.1434 0.0083 2.0246 0.2031 0.7147
8.50 -1.500 -2.75 2.8433 0.1868 0.0142 3.1887 0.1491 0.5194
8.50 -1.500 -2.50 2.1843 0.2299 0.0214 4.3714 0.1041 0.3728
8.50 -1.375 -3.00 3.4109 0.1415 0.0081 2.0041 0.2690 0.7106
8.50 -1.375 -2.75 2.8147 0.1848 0.0140 3.1625 0.1977 0.5168
8.50 -1.375 -2.50 2.1656 0.2278 0.0211 4.3411 0.1381 0.3712
8.50 -1.250 -3.00 3.3579 0.1392 0.0079 1.9772 0.3556 0.7052
8.50 -1.250 -2.75 2.7772 0.1822 0.0137 3.1278 0.2617 0.5134
8.50 -1.250 -2.50 2.1404 0.2251 0.0208 4.3010 0.1830 0.3690
8.50 -1.125 -3.00 3.2893 0.1361 0.0077 1.9422 0.4688 0.6982
8.50 -1.125 -2.75 2.7292 0.1789 0.0133 3.0832 0.3457 0.5089
8.50 -1.125 -2.50 2.1079 0.2216 0.0203 4.2487 0.2420 0.3661
8.50 -1.000 -3.00 3.1980 0.1321 0.0073 1.8967 0.6155 0.6886
8.50 -1.000 -2.75 2.6638 0.1744 0.0128 3.0231 0.4550 0.5030
8.50 -1.000 -2.50 2.0649 0.2170 0.0196 4.1799 0.3192 0.3623
8.50 -0.875 -3.00 3.0795 0.1269 0.0069 1.8369 0.8037 0.6761
8.50 -0.875 -2.75 2.5833 0.1689 0.0122 2.9481 0.5966 0.4953
8.50 -0.875 -2.50 2.0093 0.2109 0.0188 4.0905 0.4193 0.3573
8.50 -0.750 -3.00 2.9322 0.1204 0.0063 1.7626 1.0428 0.6600
8.50 -0.750 -2.75 2.4767 0.1615 0.0114 2.8486 0.7774 0.4850
8.50 -0.750 -2.50 1.9368 0.2032 0.0177 3.9742 0.5481 0.3507
8.50 -0.625 -3.00 2.7468 0.1123 0.0057 1.6672 1.3407 0.6390
8.50 -0.625 -2.75 2.3426 0.1524 0.0104 2.7221 1.0055 0.4717
8.50 -0.625 -2.50 1.8457 0.1934 0.0164 3.8259 0.7119 0.3421
8.50 -0.500 -3.00 2.5201 0.1024 0.0049 1.5503 1.7037 0.6123
8.50 -0.500 -2.75 2.1752 0.1410 0.0092 2.5639 1.2871 0.4546
8.50 -0.500 -2.50 1.7313 0.1811 0.0148 3.6382 0.9166 0.3310
8.50 -0.375 -3.00 2.2517 0.0908 0.0041 1.4102 2.1325 0.5787
8.50 -0.375 -2.75 1.9723 0.1272 0.0079 2.3686 1.6259 0.4326
8.50 -0.375 -2.50 1.5902 0.1660 0.0130 3.4034 1.1664 0.3168
8.50 -0.250 -3.00 1.9387 0.0774 0.0032 1.2439 2.6138 0.5367
8.50 -0.250 -2.75 1.7318 0.1110 0.0064 2.1330 2.0173 0.4050
8.50 -0.250 -2.50 1.4213 0.1479 0.0109 3.1149 1.4615 0.2987
8.50 -0.125 -3.00 1.5968 0.0629 0.0023 1.0562 3.1232 0.4862
8.50 -0.125 -2.75 1.4603 0.0927 0.0049 1.8565 2.4463 0.3710
8.50 -0.125 -2.50 1.2230 0.1267 0.0086 2.7657 1.7932 0.2760
8.50 0.000 -3.00 1.2420 0.0479 0.0015 0.8529 3.6112 0.4273
8.50 0.000 -2.75 1.1649 0.0729 0.0034 1.5404 2.8752 0.3300
8.50 0.000 -2.50 1.0017 0.1030 0.0063 2.3569 2.1400 0.2483
8.60 -2.000 -3.00 3.0964 0.0948 0.0042 1.4619 0.0670 0.7170
8.60 -2.000 -2.75 2.6978 0.1304 0.0075 2.4155 0.0507 0.5245
8.60 -2.000 -2.50 2.1610 0.1668 0.0118 3.4283 0.0360 0.3761
8.60 -1.875 -3.00 3.0809 0.0942 0.0042 1.4558 0.0891 0.7153
8.60 -1.875 -2.75 2.6864 0.1298 0.0075 2.4074 0.0675 0.5234
8.60 -1.875 -2.50 2.1530 0.1662 0.0117 3.4185 0.0480 0.3754
8.60 -1.750 -3.00 3.0604 0.0936 0.0041 1.4477 0.1184 0.7129
8.60 -1.750 -2.75 2.6712 0.1290 0.0074 2.3964 0.0897 0.5219
8.60 -1.750 -2.50 2.1425 0.1653 0.0116 3.4055 0.0638 0.3745
8.60 -1.625 -3.00 3.0327 0.0927 0.0041 1.4366 0.1570 0.7097
8.60 -1.625 -2.75 2.6512 0.1280 0.0073 2.3819 0.1192 0.5199
8.60 -1.625 -2.50 2.1289 0.1643 0.0115 3.3889 0.0848 0.3732
8.60 -1.500 -3.00 2.9968 0.0915 0.0040 1.4222 0.2080 0.7055
8.60 -1.500 -2.75 2.6246 0.1266 0.0072 2.3628 0.1580 0.5173
8.60 -1.500 -2.50 2.1107 0.1628 0.0114 3.3659 0.1125 0.3716
8.60 -1.375 -3.00 2.9500 0.0899 0.0039 1.4035 0.2750 0.7000
8.60 -1.375 -2.75 2.5899 0.1248 0.0071 2.3376 0.2092 0.5138
8.60 -1.375 -2.50 2.0864 0.1608 0.0112 3.3357 0.1491 0.3694
8.60 -1.250 -3.00 2.8886 0.0879 0.0037 1.3791 0.3624 0.6927
8.60 -1.250 -2.75 2.5445 0.1225 0.0069 2.3039 0.2763 0.5092
8.60 -1.250 -2.50 2.0548 0.1583 0.0109 3.2962 0.1972 0.3665
8.60 -1.125 -3.00 2.8101 0.0853 0.0036 1.3478 0.4758 0.6833
8.60 -1.125 -2.75 2.4858 0.1195 0.0066 2.2615 0.3637 0.5033
8.60 -1.125 -2.50 2.0130 0.1549 0.0105 3.2437 0.2600 0.3626
8.60 -1.000 -3.00 2.7082 0.0820 0.0034 1.3069 0.6214 0.6708
8.60 -1.000 -2.75 2.4084 0.1156 0.0063 2.2049 0.4766 0.4953
8.60 -1.000 -2.50 1.9592 0.1506 0.0101 3.1752 0.3416 0.3575
8.60 -0.875 -3.00 2.5776 0.0778 0.0031 1.2544 0.8059 0.6543
8.60 -0.875 -2.75 2.3093 0.1105 0.0059 2.1317 0.6210 0.4849
8.60 -0.875 -2.50 1.8901 0.1450 0.0095 3.0868 0.4466 0.3509
8.60 -0.750 -3.00 2.4155 0.0725 0.0028 1.1881 1.0361 0.6333
8.60 -0.750 -2.75 2.1845 0.1041 0.0054 2.0376 0.8030 0.4714
8.60 -0.750 -2.50 1.8011 0.1379 0.0088 2.9717 0.5801 0.3422
8.60 -0.625 -3.00 2.2148 0.0660 0.0024 1.1048 1.3156 0.6063
8.60 -0.625 -2.75 2.0280 0.0962 0.0048 1.9189 1.0277 0.4539
8.60 -0.625 -2.50 1.6903 0.1289 0.0080 2.8252 0.7470 0.3309
8.60 -0.500 -3.00 1.9796 0.0585 0.0020 1.0051 1.6466 0.5728
8.60 -0.500 -2.75 1.8378 0.0866 0.0041 1.7717 1.2976 0.4317
8.60 -0.500 -2.50 1.5517 0.1178 0.0070 2.6391 0.9504 0.3164
8.60 -0.375 -3.00 1.7068 0.0498 0.0016 0.8871 2.0188 0.5311
8.60 -0.375 -2.75 1.6134 0.0753 0.0033 1.5917 1.6095 0.4037
8.60 -0.375 -2.50 1.3842 0.1044 0.0058 2.4082 1.1901 0.2980
8.60 -0.250 -3.00 1.4064 0.0404 0.0012 0.7524 2.4119 0.4812
8.60 -0.250 -2.75 1.3573 0.0624 0.0025 1.3793 1.9494 0.3694
8.60 -0.250 -2.50 1.1885 0.0887 0.0045 2.1273 1.4592 0.2750
8.60 -0.125 -3.00 1.0953 0.0307 0.0000 0.6065 2.7896 0.4232
8.60 -0.125 -2.75 1.0798 0.0486 0.0017 1.1370 2.2881 0.3282
8.60 -0.125 -2.50 0.9691 0.0710 0.0032 1.7944 1.7386 0.2468
8.60 0.000 -3.00 0.7946 0.0215 0.0000 0.4580 3.0967 0.3586
8.60 0.000 -2.75 0.7989 0.0348 0.0010 0.8746 2.5781 0.2808
8.60 0.000 -2.50 0.7369 0.0524 0.0020 1.4170 1.9934 0.2134
8.70 -2.000 -3.00 2.3345 0.0521 0.0017 0.9309 0.0634 0.6609
8.70 -2.000 -2.75 2.2249 0.0779 0.0033 1.6494 0.0505 0.4947
8.70 -2.000 -2.50 1.9043 0.1055 0.0055 2.4485 0.0370 0.3578
8.70 -1.875 -3.00 2.3185 0.0517 0.0017 0.9257 0.0842 0.6586
8.70 -1.875 -2.75 2.2127 0.0774 0.0033 1.6420 0.0671 0.4933
8.70 -1.875 -2.50 1.8952 0.1050 0.0055 2.4390 0.0492 0.3569
8.70 -1.750 -3.00 2.2987 0.0512 0.0016 0.9190 0.1117 0.6558
8.70 -1.750 -2.75 2.1965 0.0768 0.0032 1.6321 0.0892 0.4915
8.70 -1.750 -2.50 1.8829 0.1042 0.0054 2.4264 0.0654 0.3557
8.70 -1.625 -3.00 2.2716 0.0506 0.0016 0.9100 0.1480 0.6520
8.70 -1.625 -2.75 2.1741 0.0760 0.0032 1.6185 0.1182 0.4889
8.70 -1.625 -2.50 1.8668 0.1033 0.0053 2.4098 0.0868 0.3541
8.70 -1.500 -3.00 2.2363 0.0497 0.0016 0.8983 0.1957 0.6468
8.70 -1.500 -2.75 2.1454 0.0749 0.0031 1.6011 0.1565 0.4856
8.70 -1.500 -2.50 1.8458 0.1020 0.0052 2.3878 0.1150 0.3520
8.70 -1.375 -3.00 2.1911 0.0487 0.0015 0.8830 0.2579 0.6403
8.70 -1.375 -2.75 2.1073 0.0734 0.0030 1.5779 0.2066 0.4812
8.70 -1.375 -2.50 1.8176 0.1003 0.0051 2.3587 0.1521 0.3492
8.70 -1.250 -3.00 2.1286 0.0471 0.0014 0.8624 0.3382 0.6308
8.70 -1.250 -2.75 2.0585 0.0716 0.0029 1.5477 0.2720 0.4755
8.70 -1.250 -2.50 1.7813 0.0982 0.0049 2.3205 0.2006 0.3455
8.70 -1.125 -3.00 2.0490 0.0452 0.0014 0.8357 0.4413 0.6186
8.70 -1.125 -2.75 1.9947 0.0692 0.0028 1.5089 0.3564 0.4679
8.70 -1.125 -2.50 1.7335 0.0953 0.0047 2.2702 0.2635 0.3406
8.70 -1.000 -3.00 1.9516 0.0429 0.0013 0.8020 0.5725 0.6035
8.70 -1.000 -2.75 1.9128 0.0661 0.0026 1.4583 0.4644 0.4580
8.70 -1.000 -2.50 1.6718 0.0916 0.0045 2.2051 0.3445 0.3341
8.70 -0.875 -3.00 1.8294 0.0400 0.0011 0.7594 0.7358 0.5841
8.70 -0.875 -2.75 1.8093 0.0622 0.0024 1.3931 0.6004 0.4452
8.70 -0.875 -2.50 1.5931 0.0870 0.0041 2.1206 0.4475 0.3258
8.70 -0.750 -3.00 1.6791 0.0364 0.0000 0.7066 0.9346 0.5593
8.70 -0.750 -2.75 1.6782 0.0574 0.0021 1.3097 0.7680 0.4284
8.70 -0.750 -2.50 1.4946 0.0811 0.0037 2.0119 0.5762 0.3150
8.70 -0.625 -3.00 1.5021 0.0323 0.0000 0.6426 1.1697 0.5285
8.70 -0.625 -2.75 1.5210 0.0515 0.0018 1.2066 0.9696 0.4074
8.70 -0.625 -2.50 1.3707 0.0737 0.0032 1.8733 0.7327 0.3010
8.70 -0.500 -3.00 1.2975 0.0275 0.0000 0.5670 1.4351 0.4905
8.70 -0.500 -2.75 1.3342 0.0446 0.0014 1.0805 1.2022 0.3810
8.70 -0.500 -2.50 1.2217 0.0649 0.0027 1.7008 0.9174 0.2833
8.70 -0.375 -3.00 1.0724 0.0223 0.0000 0.4812 1.7170 0.4452
8.70 -0.375 -2.75 1.1217 0.0368 0.0011 0.9318 1.4555 0.3486
8.70 -0.375 -2.50 1.0472 0.0546 0.0021 1.4906 1.1243 0.2612
8.70 -0.250 -3.00 0.8379 0.0170 0.0000 0.3879 1.9877 0.3922
8.70 -0.250 -2.75 0.8910 0.0284 0.0000 0.7621 1.7068 0.3098
8.70 -0.250 -2.50 0.8511 0.0432 0.0014 1.2428 1.3382 0.2342
8.70 -0.125 -3.00 0.6110 0.0119 0.0000 0.2928 2.2094 0.3330
8.70 -0.125 -2.75 0.6582 0.0201 0.0000 0.5803 1.9204 0.2649
8.70 -0.125 -2.50 0.6434 0.0311 0.0000 0.9631 1.5302 0.2021
8.70 0.000 -3.00 0.4124 0.0076 0.0000 0.2045 2.3443 0.2710
8.70 0.000 -2.75 0.4421 0.0126 0.0000 0.4006 2.0449 0.2155
8.70 0.000 -2.50 0.4400 0.0197 0.0000 0.6708 1.6542 0.1653
8.80 -2.000 -3.25 0.9811 0.0090 0.0000 0.1590 0.0493 0.6050
8.80 -2.000 -3.00 1.4320 0.0210 0.0000 0.4766 0.0540 0.5527
8.80 -2.000 -2.75 1.5980 0.0361 0.0011 0.9520 0.0474 0.4375
8.80 -1.875 -3.25 0.9715 0.0089 0.0000 0.1576 0.0654 0.6019
8.80 -1.875 -3.00 1.4187 0.0208 0.0000 0.4729 0.0716 0.5501
8.80 -1.875 -2.75 1.5872 0.0359 0.0011 0.9462 0.0630 0.4359
8.80 -1.750 -3.25 0.9590 0.0088 0.0000 0.1558 0.0866 0.5980
8.80 -1.750 -3.00 1.4017 0.0205 0.0000 0.4681 0.0948 0.5468
8.80 -1.750 -2.75 1.5716 0.0355 0.0011 0.9380 0.0836 0.4337
8.80 -1.625 -3.25 0.9427 0.0086 0.0000 0.1534 0.1143 0.5927
8.80 -1.625 -3.00 1.3791 0.0201 0.0000 0.4618 0.1252 0.5423
8.80 -1.625 -2.75 1.5500 0.0349 0.0010 0.9272 0.1106 0.4307
8.80 -1.500 -3.25 0.9216 0.0084 0.0000 0.1503 0.1504 0.5858
8.80 -1.500 -3.00 1.3508 0.0197 0.0000 0.4536 0.1650 0.5367
8.80 -1.500 -2.75 1.5216 0.0342 0.0010 0.9130 0.1460 0.4267
8.80 -1.375 -3.25 0.8944 0.0082 0.0000 0.1463 0.1970 0.5768
8.80 -1.375 -3.00 1.3124 0.0191 0.0000 0.4427 0.2165 0.5290
8.80 -1.375 -2.75 1.4835 0.0333 0.0000 0.8940 0.1920 0.4212
8.80 -1.250 -3.25 0.8596 0.0078 0.0000 0.1411 0.2566 0.5651
8.80 -1.250 -3.00 1.2619 0.0183 0.0000 0.4283 0.2821 0.5183
8.80 -1.250 -2.75 1.4352 0.0321 0.0000 0.8697 0.2514 0.4143
8.80 -1.125 -3.25 0.8159 0.0074 0.0000 0.1346 0.3318 0.5500
8.80 -1.125 -3.00 1.1992 0.0173 0.0000 0.4101 0.3654 0.5051
8.80 -1.125 -2.75 1.3746 0.0306 0.0000 0.8382 0.3273 0.4054
8.80 -1.000 -3.25 0.7621 0.0068 0.0000 0.1266 0.4250 0.5308
8.80 -1.000 -3.00 1.1222 0.0161 0.0000 0.3875 0.4690 0.4884
8.80 -1.000 -2.75 1.2962 0.0287 0.0000 0.7977 0.4224 0.3935
8.80 -0.875 -3.25 0.6976 0.0062 0.0000 0.1168 0.5378 0.5070
8.80 -0.875 -3.00 1.0296 0.0146 0.0000 0.3597 0.5953 0.4675
8.80 -0.875 -2.75 1.1999 0.0263 0.0000 0.7468 0.5397 0.3785
8.80 -0.750 -3.25 0.6235 0.0055 0.0000 0.1055 0.6709 0.4779
8.80 -0.750 -3.00 0.9197 0.0129 0.0000 0.3259 0.7439 0.4413
8.80 -0.750 -2.75 1.0826 0.0235 0.0000 0.6833 0.6795 0.3592
8.80 -0.625 -3.25 0.5393 0.0046 0.0000 0.0924 0.8205 0.4426
8.80 -0.625 -3.00 0.7941 0.0109 0.0000 0.2866 0.9114 0.4093
8.80 -0.625 -2.75 0.9442 0.0201 0.0000 0.6068 0.8394 0.3351
8.80 -0.500 -3.25 0.4496 0.0038 0.0000 0.0783 0.9813 0.4018
8.80 -0.500 -3.00 0.6575 0.0089 0.0000 0.2425 1.0895 0.3715
8.80 -0.500 -2.75 0.7884 0.0164 0.0000 0.5173 1.0117 0.3057
8.80 -0.375 -3.25 0.3574 0.0029 0.0000 0.0631 1.1389 0.3547
8.80 -0.375 -3.00 0.5178 0.0068 0.0000 0.1955 1.2643 0.3282
8.80 -0.375 -2.75 0.6223 0.0125 0.0000 0.4176 1.1807 0.2709
8.80 -0.250 -3.25 0.2697 0.0021 0.0000 0.0485 1.2787 0.3037
8.80 -0.250 -3.00 0.3812 0.0048 0.0000 0.1475 1.4072 0.2795
8.80 -0.250 -2.75 0.4570 0.0087 0.0000 0.3133 1.3213 0.2311
8.80 -0.125 -3.25 0.1915 0.0014 0.0000 0.0350 1.3778 0.2502
8.80 -0.125 -3.00 0.2610 0.0030 0.0000 0.1015 1.4959 0.2277
8.80 -0.125 -2.75 0.3100 0.0054 0.0000 0.2094 1.4086 0.1878
8.80 0.000 -3.25 0.1268 0.0000 0.0000 0.0235 1.4076 0.1960
8.80 0.000 -3.00 0.1640 0.0017 0.0000 0.0637 1.4983 0.1760
8.80 0.000 -2.75 0.1886 0.0029 0.0000 0.1238 1.3993 0.1436
8.90 -2.000 -3.25 0.2698 0.0014 0.0000 0.0351 0.0247 0.3306
8.90 -2.000 -3.00 0.5350 0.0046 0.0000 0.1532 0.0340 0.3604
8.90 -2.000 -2.75 0.8154 0.0104 0.0000 0.3927 0.0367 0.3298
8.90 -1.875 -3.25 0.2673 0.0013 0.0000 0.0348 0.0328 0.3288
8.90 -1.875 -3.00 0.5290 0.0045 0.0000 0.1517 0.0450 0.3582
8.90 -1.875 -2.75 0.8063 0.0103 0.0000 0.3890 0.0486 0.3279
8.90 -1.750 -3.25 0.2638 0.0013 0.0000 0.0344 0.0434 0.3265
8.90 -1.750 -3.00 0.5207 0.0044 0.0000 0.1496 0.0595 0.3553
8.90 -1.750 -2.75 0.7945 0.0101 0.0000 0.3838 0.0643 0.3255
8.90 -1.625 -3.25 0.2594 0.0013 0.0000 0.0338 0.0572 0.3234
8.90 -1.625 -3.00 0.5106 0.0043 0.0000 0.1468 0.0784 0.3518
8.90 -1.625 -2.75 0.7788 0.0099 0.0000 0.3772 0.0847 0.3223
8.90 -1.500 -3.25 0.2534 0.0013 0.0000 0.0331 0.0752 0.3192
8.90 -1.500 -3.00 0.4971 0.0042 0.0000 0.1433 0.1030 0.3469
8.90 -1.500 -2.75 0.7585 0.0096 0.0000 0.3687 0.1113 0.3180
8.90 -1.375 -3.25 0.2461 0.0012 0.0000 0.0321 0.0985 0.3141
8.90 -1.375 -3.00 0.4786 0.0040 0.0000 0.1384 0.1342 0.3401
8.90 -1.375 -2.75 0.7331 0.0092 0.0000 0.3576 0.1457 0.3125
8.90 -1.250 -3.25 0.2360 0.0012 0.0000 0.0308 0.1280 0.3068
8.90 -1.250 -3.00 0.4570 0.0038 0.0000 0.1326 0.1742 0.3319
8.90 -1.250 -2.75 0.6997 0.0088 0.0000 0.3432 0.1892 0.3053
8.90 -1.125 -3.25 0.2241 0.0011 0.0000 0.0293 0.1651 0.2979
8.90 -1.125 -3.00 0.4303 0.0035 0.0000 0.1245 0.2241 0.3213
8.90 -1.125 -2.75 0.6578 0.0082 0.0000 0.3251 0.2436 0.2959
8.90 -1.000 -3.25 0.2093 0.0010 0.0000 0.0274 0.2109 0.2865
8.90 -1.000 -3.00 0.3966 0.0032 0.0000 0.1150 0.2846 0.3076
8.90 -1.000 -2.75 0.6066 0.0075 0.0000 0.3024 0.3102 0.2840
8.90 -0.875 -3.25 0.1914 0.0000 0.0000 0.0251 0.2657 0.2722
8.90 -0.875 -3.00 0.3581 0.0029 0.0000 0.1042 0.3570 0.2912
8.90 -0.875 -2.75 0.5447 0.0066 0.0000 0.2744 0.3891 0.2689
8.90 -0.750 -3.25 0.1710 0.0000 0.0000 0.0224 0.3294 0.2548
8.90 -0.750 -3.00 0.3130 0.0025 0.0000 0.0916 0.4389 0.2709
8.90 -0.750 -2.75 0.4771 0.0056 0.0000 0.2388 0.4808 0.2507
8.90 -0.625 -3.25 0.1481 0.0000 0.0000 0.0193 0.3998 0.2340
8.90 -0.625 -3.00 0.2634 0.0020 0.0000 0.0776 0.5268 0.2468
8.90 -0.625 -2.75 0.4002 0.0046 0.0000 0.1991 0.5794 0.2283
8.90 -0.500 -3.25 0.1237 0.0000 0.0000 0.0160 0.4724 0.2095
8.90 -0.500 -3.00 0.2119 0.0015 0.0000 0.0625 0.6143 0.2188
8.90 -0.500 -2.75 0.3169 0.0035 0.0000 0.1574 0.6744 0.2020
8.90 -0.375 -3.25 0.0937 0.0000 0.0000 0.0284 0.4784 0.1192
8.90 -0.375 -3.00 0.1609 0.0011 0.0000 0.0472 0.6881 0.1873
8.90 -0.375 -2.75 0.2337 0.0024 0.0000 0.1156 0.7509 0.1718
8.90 -0.250 -3.25 0.0859 0.0000 0.0000 0.0267 0.6029 0.1126
8.90 -0.250 -3.00 0.1150 0.0000 0.0000 0.0331 0.7359 0.1536
8.90 -0.250 -2.75 0.1596 0.0015 0.0000 0.0771 0.7934 0.1395
8.90 -0.125 -3.25 0.0711 0.0000 0.0000 0.0221 0.7172 0.1015
8.90 -0.125 -3.00 0.0759 0.0000 0.0000 0.0533 0.5975 0.0729
8.90 -0.125 -2.75 0.0614 0.0010 0.0000 0.0840 0.3695 0.0432
8.90 0.000 -3.25 0.0516 0.0000 0.0000 0.0159 0.7390 0.0792
8.90 0.000 -3.00 0.0594 0.0000 0.0000 0.0419 0.6627 0.0611
8.90 0.000 -2.75 0.0174 0.0000 0.0000 0.0268 0.1433 0.0130
9.00 -2.000 -3.25 0.0804 0.0000 0.0000 0.0157 0.0114 0.1231
9.00 -2.000 -3.00 0.1376 0.0000 0.0000 0.0559 0.0136 0.1207
9.00 -2.000 -2.75 0.2730 0.0017 0.0000 0.0973 0.0217 0.2013
9.00 -1.875 -3.25 0.0796 0.0000 0.0000 0.0155 0.0151 0.1222
9.00 -1.875 -3.00 0.1358 0.0000 0.0000 0.0552 0.0180 0.1197
9.00 -1.875 -2.75 0.2685 0.0016 0.0000 0.0960 0.0287 0.1995
9.00 -1.750 -3.25 0.0863 0.0000 0.0000 0.0169 0.0213 0.1288
9.00 -1.750 -3.00 0.1332 0.0000 0.0000 0.0542 0.0237 0.1184
9.00 -1.750 -2.75 0.2634 0.0016 0.0000 0.0942 0.0378 0.1975
9.00 -1.625 -3.25 0.0846 0.0000 0.0000 0.0166 0.0280 0.1272
9.00 -1.625 -3.00 0.1346 0.0000 0.0000 0.0552 0.0319 0.1191
9.00 -1.625 -2.75 0.2569 0.0015 0.0000 0.0918 0.0497 0.1948
9.00 -1.500 -3.25 0.0825 0.0000 0.0000 0.0162 0.0367 0.1252
9.00 -1.500 -3.00 0.1302 0.0000 0.0000 0.0534 0.0416 0.1167
9.00 -1.500 -2.75 0.2483 0.0015 0.0000 0.0888 0.0649 0.1913
9.00 -1.375 -3.25 0.0798 0.0000 0.0000 0.0156 0.0478 0.1224
9.00 -1.375 -3.00 0.1332 0.0000 0.0000 0.0551 0.0561 0.1179
9.00 -1.375 -2.75 0.2377 0.0014 0.0000 0.0850 0.0843 0.1868
9.00 -1.250 -3.25 0.0763 0.0000 0.0000 0.0149 0.0617 0.1189
9.00 -1.250 -3.00 0.1255 0.0000 0.0000 0.0521 0.0721 0.1138
9.00 -1.250 -2.75 0.2235 0.0013 0.0000 0.0800 0.1082 0.1807
9.00 -1.125 -3.25 0.0719 0.0000 0.0000 0.0140 0.0789 0.1144
9.00 -1.125 -3.00 0.1210 0.0000 0.0000 0.0508 0.0939 0.1113
9.00 -1.125 -2.75 0.2071 0.0012 0.0000 0.0741 0.1377 0.1734
9.00 -1.000 -3.25 0.0665 0.0000 0.0000 0.0129 0.0993 0.1085
9.00 -1.000 -3.00 0.1160 0.0000 0.0000 0.0492 0.1218 0.1085
9.00 -1.000 -2.75 0.1871 0.0010 0.0000 0.0668 0.1725 0.1639
9.00 -0.875 -3.25 0.0694 0.0000 0.0000 0.0135 0.1365 0.1113
9.00 -0.875 -3.00 0.1091 0.0000 0.0000 0.0467 0.1558 0.1042
9.00 -0.875 -2.75 0.1639 0.0000 0.0000 0.0581 0.2116 0.1523
9.00 -0.750 -3.25 0.0633 0.0000 0.0000 0.0125 0.1665 0.1016
9.00 -0.750 -3.00 0.1115 0.0000 0.0000 0.0487 0.2105 0.1053
9.00 -0.750 -2.75 0.1382 0.0000 0.0000 0.0485 0.2529 0.1382
9.00 -0.625 -3.25 0.0589 0.0000 0.0000 0.0115 0.2114 0.0973
9.00 -0.625 -3.00 0.0963 0.0000 0.0000 0.0423 0.2547 0.0962
9.00 -0.625 -2.75 0.0952 0.0000 0.0000 0.0813 0.1912 0.0653
9.00 -0.500 -3.25 0.0489 0.0000 0.0000 0.0093 0.2428 0.0846
9.00 -0.500 -3.00 0.0786 0.0000 0.0000 0.0346 0.2952 0.0844
9.00 -0.500 -2.75 0.0833 0.0000 0.0000 0.0736 0.2296 0.0593
9.00 -0.375 -3.25 0.0393 0.0000 0.0000 0.0071 0.2669 0.0707
9.00 -0.375 -3.00 0.0682 0.0000 0.0000 0.0296 0.3643 0.0790
9.00 -0.375 -2.75 0.0719 0.0000 0.0000 0.0663 0.2699 0.0526
9.00 -0.250 -3.25 0.0307 0.0000 0.0000 0.0050 0.2771 0.0559
9.00 -0.250 -3.00 0.0525 0.0000 0.0000 0.0228 0.3825 0.0626
9.00 -0.250 -2.75 0.0600 0.0000 0.0000 0.0542 0.3130 0.0464
9.00 -0.125 -3.25 0.0239 0.0000 0.0000 0.0032 0.2664 0.0411
9.00 -0.125 -3.00 0.0341 0.0000 0.0000 0.0128 0.3419 0.0430
9.00 -0.125 -2.75 0.0351 0.0000 0.0000 0.0259 0.2535 0.0288
9.00 0.000 -3.25 0.0192 0.0000 0.0000 0.0017 0.2299 0.0273
9.00 0.000 -3.00 0.0230 0.0000 0.0000 0.0059 0.2658 0.0258
9.00 0.000 -2.75 0.0224 0.0000 0.0000 0.0091 0.1662 0.0145
9.10 -2.000 -3.25 0.0244 0.0000 0.0000 0.0015 0.0035 0.0426
9.10 -2.000 -3.00 0.0635 0.0000 0.0000 0.0163 0.0091 0.0834
9.10 -2.000 -2.75 0.1107 0.0000 0.0000 0.0599 0.0104 0.0806
9.10 -1.875 -3.25 0.0243 0.0000 0.0000 0.0015 0.0046 0.0423
9.10 -1.875 -3.00 0.0627 0.0000 0.0000 0.0160 0.0120 0.0826
9.10 -1.875 -2.75 0.1082 0.0000 0.0000 0.0583 0.0137 0.0795
9.10 -1.750 -3.25 0.0242 0.0000 0.0000 0.0015 0.0061 0.0418
9.10 -1.750 -3.00 0.0616 0.0000 0.0000 0.0157 0.0157 0.0815
9.10 -1.750 -2.75 0.1057 0.0000 0.0000 0.0570 0.0180 0.0784
9.10 -1.625 -3.25 0.0240 0.0000 0.0000 0.0015 0.0081 0.0412
9.10 -1.625 -3.00 0.0602 0.0000 0.0000 0.0153 0.0206 0.0800
9.10 -1.625 -2.75 0.1027 0.0000 0.0000 0.0554 0.0235 0.0768
9.10 -1.500 -3.25 0.0238 0.0000 0.0000 0.0014 0.0105 0.0405
9.10 -1.500 -3.00 0.0584 0.0000 0.0000 0.0148 0.0268 0.0782
9.10 -1.500 -2.75 0.0983 0.0000 0.0000 0.0529 0.0304 0.0748
9.10 -1.375 -3.25 0.0235 0.0000 0.0000 0.0014 0.0137 0.0395
9.10 -1.375 -3.00 0.0561 0.0000 0.0000 0.0141 0.0345 0.0758
9.10 -1.375 -2.75 0.0994 0.0000 0.0000 0.0539 0.0408 0.0752
9.10 -1.250 -3.25 0.0231 0.0000 0.0000 0.0013 0.0176 0.0382
9.10 -1.250 -3.00 0.0532 0.0000 0.0000 0.0132 0.0441 0.0727
9.10 -1.250 -2.75 0.0923 0.0000 0.0000 0.0500 0.0517 0.0717
9.10 -1.125 -3.25 0.0227 0.0000 0.0000 0.0012 0.0224 0.0366
9.10 -1.125 -3.00 0.0498 0.0000 0.0000 0.0121 0.0554 0.0688
9.10 -1.125 -2.75 0.0839 0.0000 0.0000 0.0451 0.0644 0.0672
9.10 -1.000 -3.25 0.0221 0.0000 0.0000 0.0011 0.0281 0.0345
9.10 -1.000 -3.00 0.0458 0.0000 0.0000 0.0108 0.0683 0.0640
9.10 -1.000 -2.75 0.0894 0.0000 0.0000 0.0484 0.0926 0.0726
9.10 -0.875 -3.25 0.0215 0.0000 0.0000 0.0010 0.0345 0.0319
9.10 -0.875 -3.00 0.0413 0.0000 0.0000 0.0094 0.0822 0.0581
9.10 -0.875 -2.75 0.0730 0.0000 0.0000 0.0396 0.1021 0.0602
9.10 -0.750 -3.25 0.0208 0.0000 0.0000 0.0000 0.0413 0.0287
9.10 -0.750 -3.00 0.0364 0.0000 0.0000 0.0077 0.0957 0.0511
9.10 -0.750 -2.75 0.0696 0.0000 0.0000 0.0376 0.1337 0.0595
9.10 -0.625 -3.25 0.0200 0.0000 0.0000 0.0000 0.0476 0.0250
9.10 -0.625 -3.00 0.0314 0.0000 0.0000 0.0060 0.1067 0.0432
9.10 -0.625 -2.75 0.0539 0.0000 0.0000 0.0276 0.1445 0.0488
9.10 -0.500 -3.25 0.0192 0.0000 0.0000 0.0000 0.0526 0.0209
9.10 -0.500 -3.00 0.0269 0.0000 0.0000 0.0042 0.1122 0.0345
9.10 -0.500 -2.75 0.0402 0.0000 0.0000 0.0181 0.1450 0.0372
9.10 -0.375 -3.25 0.0185 0.0000 0.0000 0.0000 0.0537 0.0162
9.10 -0.375 -3.00 0.0230 0.0000 0.0000 0.0027 0.1090 0.0255
9.10 -0.375 -2.75 0.0297 0.0000 0.0000 0.0102 0.1312 0.0257
9.10 -0.250 -3.25 0.0178 0.0000 0.0000 0.0000 0.0503 0.0115
9.10 -0.250 -3.00 0.0202 0.0000 0.0000 0.0015 0.0949 0.0170
9.10 -0.250 -2.75 0.0230 0.0000 0.0000 0.0046 0.1025 0.0153
9.10 -0.125 -3.25 0.0174 0.0000 0.0000 0.0000 0.0414 0.0072
9.10 -0.125 -3.00 0.0185 0.0000 0.0000 0.0000 0.0712 0.0097
9.10 -0.125 -2.75 0.0197 0.0000 0.0000 0.0015 0.0657 0.0074
9.10 0.000 -3.25 0.0170 0.0000 0.0000 0.0000 0.0287 0.0037
9.10 0.000 -3.00 0.0176 0.0000 0.0000 0.0000 0.0438 0.0044
9.10 0.000 -2.75 0.0182 0.0000 0.0000 0.0000 0.0333 0.0027
