#Cloudy 17.00 models results grids
# O/H: 7.1 - 8.9, log U: -4.0 - -1.5, f_abs: 0.01 - 1.0
# SED: BPASS v.2.1 (Eldridge et al 2017), alpha(IMF) = -1.35, M_up = 300, age = 4 Myr, Z_* = Z_g
# Spherical geometry
#
12+log(O/H) f_abs log(Usp) OII_3727 OIII_5007 SII_6717,31 SIII_9069 HeI_4471 HeI_5876 HeI_6678 HeII_4686 ArIV_4740 ArIII_7135 NII_6584
7.1 1.000 -4.01 0.5376 0.0182 0.1567 0.0097 0.0234 0.0600 0.0170 0.0000 0.0000 0.0083 0.0264
7.1 0.806 -4.00 0.5842 0.0219 0.1265 0.0108 0.0208 0.0530 0.0149 0.0000 0.0000 0.0083 0.0265
7.1 0.515 -3.99 0.6213 0.0294 0.1188 0.0120 0.0203 0.0518 0.0146 0.0000 0.0000 0.0085 0.0267
7.1 0.242 -3.97 0.6372 0.0355 0.1146 0.0127 0.0199 0.0508 0.0143 0.0000 0.0000 0.0087 0.0266
7.1 0.110 -3.97 0.6263 0.0358 0.1099 0.0125 0.0191 0.0488 0.0138 0.0010 0.0000 0.0085 0.0259
7.1 0.065 -3.97 0.6452 0.0367 0.1123 0.0129 0.0194 0.0494 0.0139 0.0013 0.0000 0.0087 0.0266
7.1 0.038 -3.97 0.5694 0.0320 0.0986 0.0114 0.0170 0.0433 0.0122 0.0015 0.0000 0.0077 0.0234
7.1 0.016 -3.97 0.4170 0.0237 0.0717 0.0084 0.0125 0.0320 0.0091 0.0023 0.0000 0.0056 0.0171
7.1 1.000 -3.75 0.6154 0.0650 0.1301 0.0144 0.0229 0.0586 0.0165 0.0000 0.0000 0.0096 0.0266
7.1 0.796 -3.73 0.6698 0.0793 0.1040 0.0164 0.0208 0.0529 0.0149 0.0000 0.0000 0.0098 0.0266
7.1 0.533 -3.72 0.6968 0.1044 0.0962 0.0181 0.0205 0.0524 0.0147 0.0000 0.0000 0.0102 0.0262
7.1 0.231 -3.69 0.7003 0.1290 0.0900 0.0192 0.0200 0.0512 0.0144 0.0011 0.0000 0.0104 0.0252
7.1 0.109 -3.68 0.6853 0.1304 0.0858 0.0189 0.0192 0.0491 0.0138 0.0016 0.0000 0.0102 0.0243
7.1 0.065 -3.68 0.7068 0.1342 0.0876 0.0195 0.0195 0.0497 0.0140 0.0020 0.0000 0.0105 0.0250
7.1 0.037 -3.68 0.6223 0.1171 0.0763 0.0171 0.0170 0.0434 0.0122 0.0024 0.0000 0.0092 0.0219
7.1 0.016 -3.68 0.4519 0.0862 0.0550 0.0125 0.0124 0.0319 0.0091 0.0034 0.0000 0.0067 0.0159
7.1 1.000 -3.51 0.6217 0.1924 0.1030 0.0200 0.0224 0.0572 0.0161 0.0000 0.0000 0.0110 0.0238
7.1 0.792 -3.48 0.6639 0.2379 0.0788 0.0229 0.0207 0.0528 0.0148 0.0000 0.0000 0.0114 0.0229
7.1 0.507 -3.45 0.6502 0.3155 0.0696 0.0254 0.0206 0.0525 0.0147 0.0000 0.0000 0.0120 0.0206
7.1 0.208 -3.41 0.6114 0.3780 0.0626 0.0264 0.0200 0.0511 0.0144 0.0017 0.0000 0.0122 0.0181
7.1 0.100 -3.39 0.5843 0.3771 0.0584 0.0257 0.0191 0.0491 0.0139 0.0025 0.0000 0.0118 0.0169
7.1 0.058 -3.38 0.6099 0.3943 0.0602 0.0268 0.0195 0.0496 0.0139 0.0032 0.0000 0.0123 0.0176
7.1 0.034 -3.38 0.5284 0.3404 0.0515 0.0232 0.0167 0.0426 0.0119 0.0039 0.0000 0.0106 0.0151
7.1 0.015 -3.38 0.3733 0.2445 0.0362 0.0165 0.0119 0.0306 0.0086 0.0053 0.0000 0.0075 0.0106
7.1 1.000 -3.26 0.5165 0.4424 0.0763 0.0261 0.0219 0.0560 0.0157 0.0000 0.0000 0.0125 0.0179
7.1 0.780 -3.22 0.5116 0.5552 0.0527 0.0300 0.0206 0.0526 0.0147 0.0000 0.0000 0.0132 0.0152
7.1 0.507 -3.17 0.4277 0.7064 0.0433 0.0328 0.0205 0.0523 0.0146 0.0012 0.0000 0.0139 0.0111
7.1 0.211 -3.09 0.3491 0.8177 0.0362 0.0340 0.0199 0.0511 0.0143 0.0024 0.0000 0.0141 0.0083
7.1 0.106 -3.05 0.3405 0.8691 0.0352 0.0352 0.0201 0.0515 0.0144 0.0038 0.0000 0.0146 0.0078
7.1 0.066 -3.04 0.3091 0.8079 0.0315 0.0324 0.0182 0.0467 0.0130 0.0047 0.0000 0.0134 0.0070
7.1 0.027 -3.02 0.3041 0.8047 0.0306 0.0321 0.0177 0.0453 0.0126 0.0073 0.0000 0.0132 0.0068
7.1 0.021 -3.02 0.2462 0.6525 0.0246 0.0260 0.0143 0.0364 0.0101 0.0084 0.0000 0.0107 0.0055
7.1 1.000 -3.02 0.3795 0.7388 0.0554 0.0310 0.0214 0.0549 0.0154 0.0000 0.0000 0.0137 0.0126
7.1 0.771 -2.97 0.3202 0.9273 0.0326 0.0355 0.0204 0.0522 0.0146 0.0000 0.0000 0.0146 0.0084
7.1 0.499 -2.89 0.2160 1.1254 0.0241 0.0381 0.0204 0.0521 0.0145 0.0014 0.0000 0.0153 0.0048
7.1 0.200 -2.75 0.1439 1.2863 0.0172 0.0391 0.0198 0.0507 0.0141 0.0033 0.0000 0.0155 0.0029
7.1 0.113 -2.69 0.1275 1.3108 0.0153 0.0385 0.0191 0.0491 0.0136 0.0054 0.0010 0.0152 0.0025
7.1 0.055 -2.63 0.1109 1.2605 0.0132 0.0361 0.0176 0.0453 0.0126 0.0087 0.0011 0.0142 0.0021
7.1 0.025 -2.61 0.0960 1.1401 0.0113 0.0322 0.0154 0.0396 0.0109 0.0132 0.0000 0.0127 0.0018
7.1 0.015 -2.59 0.0897 1.0794 0.0105 0.0303 0.0144 0.0368 0.0101 0.0184 0.0000 0.0120 0.0017
7.1 1.000 -2.78 0.2809 1.0152 0.0413 0.0332 0.0211 0.0541 0.0151 0.0000 0.0000 0.0140 0.0092
7.1 0.780 -2.72 0.1983 1.2502 0.0206 0.0374 0.0202 0.0518 0.0144 0.0011 0.0013 0.0149 0.0048
7.1 0.501 -2.62 0.1100 1.4841 0.0130 0.0390 0.0202 0.0517 0.0143 0.0017 0.0018 0.0152 0.0022
7.1 0.195 -2.42 0.0602 1.7231 0.0072 0.0379 0.0195 0.0503 0.0139 0.0043 0.0031 0.0142 0.0011
7.1 0.103 -2.30 0.0471 1.7920 0.0054 0.0360 0.0188 0.0484 0.0133 0.0078 0.0038 0.0133 0.0000
7.1 0.051 -2.20 0.0381 1.7571 0.0042 0.0328 0.0172 0.0445 0.0122 0.0145 0.0041 0.0120 0.0000
7.1 0.021 -2.13 0.0299 1.5673 0.0031 0.0278 0.0145 0.0373 0.0102 0.0271 0.0039 0.0101 0.0000
7.1 0.013 -2.10 0.0229 1.2582 0.0023 0.0219 0.0113 0.0292 0.0080 0.0383 0.0033 0.0079 0.0000
7.1 1.000 -2.53 0.2185 1.2444 0.0327 0.0330 0.0208 0.0534 0.0149 0.0012 0.0020 0.0136 0.0071
7.1 0.832 -2.49 0.1498 1.4580 0.0157 0.0361 0.0200 0.0513 0.0142 0.0014 0.0024 0.0141 0.0036
7.1 0.517 -2.37 0.0672 1.7621 0.0079 0.0365 0.0200 0.0513 0.0142 0.0022 0.0036 0.0138 0.0012
7.1 0.229 -2.17 0.0348 2.0526 0.0037 0.0329 0.0194 0.0501 0.0137 0.0049 0.0058 0.0117 0.0000
7.1 0.112 -2.00 0.0235 2.2176 0.0012 0.0286 0.0187 0.0484 0.0132 0.0097 0.0075 0.0098 0.0000
7.1 0.052 -1.83 0.0159 2.1986 0.0000 0.0230 0.0167 0.0434 0.0118 0.0203 0.0085 0.0075 0.0000
7.1 0.021 -1.68 0.0109 1.9556 0.0000 0.0173 0.0134 0.0347 0.0093 0.0463 0.0083 0.0055 0.0000
7.1 0.013 -1.60 0.0078 1.5476 0.0000 0.0129 0.0099 0.0256 0.0069 0.0721 0.0069 0.0040 0.0000
7.1 1.000 -2.28 0.1751 1.4393 0.0271 0.0315 0.0205 0.0528 0.0146 0.0016 0.0031 0.0128 0.0057
7.1 0.855 -2.24 0.1128 1.6469 0.0121 0.0338 0.0197 0.0508 0.0140 0.0019 0.0036 0.0131 0.0026
7.1 0.538 -2.13 0.0459 1.9845 0.0051 0.0328 0.0197 0.0508 0.0140 0.0029 0.0054 0.0121 0.0000
7.1 0.214 -1.89 0.0206 2.3772 0.0010 0.0261 0.0191 0.0495 0.0135 0.0072 0.0089 0.0088 0.0000
7.1 0.108 -1.71 0.0129 2.5132 0.0000 0.0199 0.0179 0.0465 0.0126 0.0140 0.0108 0.0064 0.0000
7.1 0.059 -1.55 0.0090 2.5620 0.0000 0.0153 0.0166 0.0431 0.0116 0.0251 0.0120 0.0047 0.0000
7.1 0.023 -1.33 0.0052 2.3522 0.0000 0.0096 0.0133 0.0346 0.0092 0.0606 0.0121 0.0029 0.0000
7.1 0.013 -1.19 0.0036 2.0206 0.0000 0.0069 0.0099 0.0259 0.0069 0.1165 0.0111 0.0021 0.0000
7.1 1.000 -2.08 0.1495 1.5745 0.0238 0.0298 0.0202 0.0522 0.0145 0.0021 0.0040 0.0121 0.0049
7.1 0.790 -2.03 0.0682 1.8737 0.0076 0.0316 0.0195 0.0503 0.0138 0.0026 0.0050 0.0121 0.0014
7.1 0.500 -1.92 0.0313 2.1976 0.0033 0.0289 0.0194 0.0502 0.0138 0.0041 0.0072 0.0104 0.0000
7.1 0.210 -1.69 0.0150 2.6055 0.0000 0.0216 0.0189 0.0490 0.0133 0.0097 0.0110 0.0071 0.0000
7.1 0.101 -1.49 0.0086 2.7242 0.0000 0.0145 0.0173 0.0451 0.0121 0.0196 0.0130 0.0045 0.0000
7.1 0.054 -1.31 0.0055 2.7029 0.0000 0.0098 0.0156 0.0407 0.0109 0.0359 0.0138 0.0030 0.0000
7.1 0.021 -1.05 0.0028 2.3748 0.0000 0.0050 0.0118 0.0308 0.0082 0.0889 0.0133 0.0015 0.0000
7.1 0.012 -0.89 0.0011 2.1269 0.0000 0.0035 0.0088 0.0230 0.0061 0.1759 0.0131 0.0011 0.0000
7.1 1.000 -1.78 0.1199 1.7624 0.0201 0.0269 0.0198 0.0513 0.0142 0.0032 0.0054 0.0109 0.0040
7.1 0.852 -1.74 0.0591 2.0013 0.0068 0.0279 0.0192 0.0495 0.0136 0.0038 0.0063 0.0107 0.0012
7.1 0.538 -1.63 0.0230 2.3948 0.0013 0.0243 0.0190 0.0493 0.0135 0.0060 0.0091 0.0087 0.0000
7.1 0.230 -1.41 0.0102 2.8262 0.0000 0.0161 0.0182 0.0473 0.0128 0.0138 0.0133 0.0051 0.0000
7.1 0.114 -1.21 0.0059 2.9842 0.0000 0.0101 0.0170 0.0442 0.0118 0.0274 0.0154 0.0031 0.0000
7.1 0.055 -0.98 0.0030 2.7854 0.0000 0.0051 0.0143 0.0374 0.0099 0.0556 0.0155 0.0016 0.0000
7.1 0.023 -0.71 0.0000 2.3861 0.0000 0.0021 0.0106 0.0278 0.0073 0.1304 0.0146 0.0000 0.0000
7.1 0.014 -0.56 0.0000 2.3022 0.0000 0.0014 0.0087 0.0226 0.0059 0.2424 0.0158 0.0000 0.0000
7.1 1.000 -1.53 0.1023 1.8977 0.0178 0.0244 0.0195 0.0505 0.0139 0.0047 0.0065 0.0099 0.0034
7.1 0.850 -1.49 0.0448 2.1496 0.0054 0.0248 0.0188 0.0487 0.0134 0.0055 0.0076 0.0095 0.0000
7.1 0.539 -1.39 0.0174 2.5761 0.0000 0.0205 0.0187 0.0485 0.0132 0.0086 0.0109 0.0072 0.0000
7.1 0.222 -1.15 0.0074 3.0695 0.0000 0.0122 0.0178 0.0463 0.0124 0.0207 0.0154 0.0038 0.0000
7.1 0.109 -0.94 0.0038 3.0766 0.0000 0.0065 0.0159 0.0415 0.0110 0.0413 0.0168 0.0020 0.0000
7.1 0.053 -0.72 0.0011 2.7830 0.0000 0.0028 0.0132 0.0345 0.0091 0.0827 0.0163 0.0000 0.0000
7.1 0.022 -0.47 0.0000 2.4867 0.0000 0.0012 0.0103 0.0269 0.0070 0.1896 0.0164 0.0000 0.0000
7.1 0.013 -0.28 0.0000 2.0940 0.0000 0.0000 0.0066 0.0171 0.0045 0.3724 0.0170 0.0000 0.0000
7.4 1.000 -4.01 1.0246 0.0317 0.3033 0.0186 0.0233 0.0595 0.0168 0.0000 0.0000 0.0127 0.0512
7.4 0.810 -4.00 1.1074 0.0380 0.2464 0.0206 0.0207 0.0530 0.0149 0.0000 0.0000 0.0125 0.0513
7.4 0.549 -3.99 1.1704 0.0495 0.2332 0.0227 0.0204 0.0521 0.0147 0.0000 0.0000 0.0129 0.0517
7.4 0.207 -3.97 1.1984 0.0619 0.2209 0.0241 0.0198 0.0507 0.0143 0.0000 0.0000 0.0131 0.0511
7.4 0.114 -3.97 1.1823 0.0620 0.2141 0.0239 0.0191 0.0489 0.0138 0.0000 0.0000 0.0129 0.0500
7.4 0.068 -3.97 1.2206 0.0637 0.2192 0.0247 0.0194 0.0495 0.0140 0.0011 0.0000 0.0133 0.0514
7.4 0.039 -3.97 1.0758 0.0555 0.1919 0.0217 0.0170 0.0434 0.0122 0.0013 0.0000 0.0117 0.0452
7.4 0.016 -3.97 0.7834 0.0409 0.1388 0.0159 0.0124 0.0320 0.0091 0.0019 0.0000 0.0085 0.0328
7.4 1.000 -3.75 1.1772 0.1137 0.2525 0.0278 0.0228 0.0584 0.0165 0.0000 0.0000 0.0147 0.0519
7.4 0.802 -3.73 1.2753 0.1385 0.2033 0.0314 0.0208 0.0532 0.0150 0.0000 0.0000 0.0149 0.0519
7.4 0.546 -3.72 1.3188 0.1796 0.1880 0.0345 0.0206 0.0526 0.0148 0.0000 0.0000 0.0155 0.0511
7.4 0.201 -3.69 1.3227 0.2261 0.1739 0.0366 0.0200 0.0513 0.0145 0.0012 0.0000 0.0157 0.0488
7.4 0.113 -3.68 1.3025 0.2271 0.1677 0.0361 0.0193 0.0495 0.0139 0.0015 0.0000 0.0155 0.0475
7.4 0.067 -3.68 1.3470 0.2345 0.1714 0.0373 0.0196 0.0501 0.0141 0.0018 0.0000 0.0159 0.0489
7.4 0.039 -3.68 1.1836 0.2043 0.1491 0.0327 0.0171 0.0437 0.0123 0.0021 0.0000 0.0139 0.0428
7.4 0.017 -3.68 0.8546 0.1497 0.1069 0.0237 0.0124 0.0319 0.0091 0.0028 0.0000 0.0101 0.0308
7.4 1.000 -3.51 1.2009 0.3418 0.2000 0.0386 0.0224 0.0573 0.0161 0.0000 0.0000 0.0168 0.0468
7.4 0.800 -3.48 1.2771 0.4185 0.1545 0.0439 0.0208 0.0532 0.0149 0.0000 0.0000 0.0174 0.0451
7.4 0.521 -3.45 1.2484 0.5499 0.1361 0.0483 0.0207 0.0529 0.0149 0.0011 0.0000 0.0182 0.0408
7.4 0.215 -3.41 1.1788 0.6649 0.1224 0.0505 0.0202 0.0516 0.0145 0.0018 0.0000 0.0185 0.0360
7.4 0.102 -3.39 1.1294 0.6668 0.1141 0.0491 0.0193 0.0495 0.0140 0.0025 0.0000 0.0179 0.0337
7.4 0.059 -3.38 1.1827 0.6996 0.1179 0.0514 0.0196 0.0501 0.0141 0.0030 0.0000 0.0187 0.0351
7.4 0.035 -3.38 1.0214 0.6024 0.1006 0.0442 0.0168 0.0429 0.0120 0.0035 0.0000 0.0161 0.0301
7.4 0.015 -3.38 0.7163 0.4296 0.0702 0.0312 0.0119 0.0305 0.0087 0.0044 0.0000 0.0113 0.0210
7.4 1.000 -3.26 1.0095 0.8002 0.1479 0.0504 0.0220 0.0563 0.0158 0.0000 0.0000 0.0191 0.0354
7.4 0.781 -3.22 0.9964 1.0027 0.1025 0.0578 0.0208 0.0531 0.0149 0.0010 0.0000 0.0201 0.0301
7.4 0.494 -3.16 0.8243 1.2804 0.0835 0.0628 0.0207 0.0529 0.0148 0.0016 0.0000 0.0211 0.0220
7.4 0.197 -3.08 0.7035 1.5212 0.0726 0.0669 0.0208 0.0532 0.0149 0.0031 0.0000 0.0221 0.0172
7.4 0.107 -3.05 0.6374 1.4862 0.0650 0.0637 0.0193 0.0495 0.0139 0.0041 0.0000 0.0209 0.0151
7.4 0.069 -3.04 0.6110 1.4548 0.0617 0.0618 0.0184 0.0472 0.0132 0.0049 0.0000 0.0203 0.0143
7.4 0.028 -3.02 0.6019 1.4514 0.0598 0.0611 0.0179 0.0457 0.0127 0.0068 0.0000 0.0200 0.0139
7.4 0.022 -3.02 0.4860 1.1738 0.0478 0.0493 0.0143 0.0366 0.0102 0.0074 0.0000 0.0162 0.0112
7.4 1.000 -3.02 0.7454 1.3479 0.1067 0.0600 0.0216 0.0554 0.0155 0.0000 0.0000 0.0209 0.0249
7.4 0.791 -2.97 0.6438 1.6601 0.0647 0.0679 0.0207 0.0529 0.0148 0.0012 0.0000 0.0222 0.0174
7.4 0.500 -2.88 0.4189 2.0276 0.0464 0.0727 0.0206 0.0528 0.0147 0.0018 0.0000 0.0231 0.0096
7.4 0.198 -2.74 0.2855 2.3331 0.0339 0.0756 0.0204 0.0522 0.0146 0.0043 0.0012 0.0236 0.0059
7.4 0.108 -2.68 0.2490 2.3486 0.0295 0.0735 0.0194 0.0498 0.0139 0.0068 0.0013 0.0229 0.0050
7.4 0.063 -2.64 0.2260 2.2911 0.0266 0.0703 0.0181 0.0465 0.0129 0.0093 0.0013 0.0219 0.0045
7.4 0.021 -2.60 0.1744 1.8838 0.0202 0.0567 0.0143 0.0368 0.0102 0.0139 0.0012 0.0177 0.0034
7.4 0.016 -2.59 0.1777 1.9275 0.0205 0.0578 0.0145 0.0370 0.0102 0.0167 0.0012 0.0180 0.0034
7.4 1.000 -2.77 0.5508 1.8488 0.0792 0.0646 0.0213 0.0547 0.0153 0.0011 0.0013 0.0215 0.0180
7.4 0.792 -2.71 0.3958 2.2483 0.0404 0.0720 0.0206 0.0526 0.0147 0.0014 0.0016 0.0227 0.0098
7.4 0.490 -2.60 0.2061 2.6596 0.0244 0.0746 0.0205 0.0525 0.0146 0.0022 0.0024 0.0229 0.0042
7.4 0.200 -2.41 0.1177 3.0403 0.0141 0.0732 0.0201 0.0517 0.0144 0.0053 0.0039 0.0219 0.0022
7.4 0.104 -2.29 0.0898 3.1002 0.0102 0.0683 0.0189 0.0488 0.0135 0.0097 0.0047 0.0201 0.0016
7.4 0.050 -2.19 0.0714 3.0062 0.0078 0.0618 0.0172 0.0443 0.0122 0.0181 0.0051 0.0180 0.0012
7.4 0.020 -2.12 0.0568 2.6803 0.0060 0.0528 0.0143 0.0370 0.0102 0.0301 0.0049 0.0153 0.0000
7.4 0.012 -2.09 0.0405 2.0004 0.0042 0.0387 0.0104 0.0268 0.0074 0.0359 0.0038 0.0112 0.0000
7.4 1.000 -2.53 0.4271 2.2555 0.0624 0.0643 0.0211 0.0542 0.0151 0.0014 0.0026 0.0210 0.0139
7.4 0.846 -2.48 0.3023 2.6082 0.0308 0.0697 0.0204 0.0522 0.0145 0.0016 0.0031 0.0217 0.0074
7.4 0.529 -2.37 0.1312 3.1047 0.0153 0.0702 0.0205 0.0525 0.0146 0.0026 0.0046 0.0211 0.0025
7.4 0.239 -2.15 0.0635 3.5321 0.0067 0.0619 0.0199 0.0512 0.0141 0.0060 0.0075 0.0177 0.0011
7.4 0.112 -1.97 0.0408 3.7095 0.0035 0.0523 0.0188 0.0484 0.0133 0.0126 0.0096 0.0144 0.0000
7.4 0.055 -1.81 0.0282 3.6049 0.0012 0.0424 0.0166 0.0430 0.0118 0.0248 0.0106 0.0114 0.0000
7.4 0.022 -1.67 0.0196 3.2180 0.0000 0.0328 0.0131 0.0339 0.0092 0.0531 0.0105 0.0086 0.0000
7.4 0.015 -1.62 0.0163 2.9177 0.0000 0.0286 0.0111 0.0287 0.0078 0.0748 0.0100 0.0075 0.0000
7.4 1.000 -2.27 0.3411 2.6012 0.0514 0.0615 0.0208 0.0536 0.0149 0.0019 0.0041 0.0199 0.0111
7.4 0.859 -2.23 0.2204 2.9572 0.0230 0.0656 0.0202 0.0518 0.0143 0.0022 0.0048 0.0203 0.0051
7.4 0.543 -2.12 0.0862 3.4713 0.0096 0.0626 0.0201 0.0518 0.0143 0.0034 0.0070 0.0186 0.0015
7.4 0.230 -1.89 0.0382 3.9420 0.0033 0.0492 0.0195 0.0504 0.0139 0.0080 0.0110 0.0136 0.0000
7.4 0.118 -1.71 0.0239 4.1486 0.0000 0.0381 0.0186 0.0480 0.0131 0.0153 0.0136 0.0102 0.0000
7.4 0.055 -1.51 0.0140 4.0410 0.0000 0.0259 0.0161 0.0417 0.0113 0.0324 0.0150 0.0067 0.0000
7.4 0.023 -1.30 0.0081 3.5675 0.0000 0.0167 0.0122 0.0315 0.0085 0.0730 0.0148 0.0042 0.0000
7.4 0.013 -1.16 0.0050 2.7819 0.0000 0.0115 0.0076 0.0197 0.0053 0.1337 0.0130 0.0029 0.0000
7.4 1.000 -2.07 0.2907 2.8432 0.0451 0.0585 0.0206 0.0531 0.0148 0.0024 0.0053 0.0188 0.0095
7.4 0.804 -2.02 0.1365 3.3310 0.0148 0.0615 0.0200 0.0513 0.0142 0.0030 0.0066 0.0188 0.0028
7.4 0.516 -1.91 0.0597 3.7918 0.0062 0.0554 0.0199 0.0513 0.0141 0.0047 0.0093 0.0161 0.0000
7.4 0.203 -1.65 0.0241 4.2443 0.0000 0.0374 0.0189 0.0488 0.0134 0.0117 0.0140 0.0101 0.0000
7.4 0.106 -1.47 0.0145 4.3680 0.0000 0.0262 0.0176 0.0456 0.0124 0.0221 0.0163 0.0068 0.0000
7.4 0.055 -1.28 0.0085 4.1692 0.0000 0.0167 0.0153 0.0395 0.0107 0.0416 0.0170 0.0043 0.0000
7.4 0.020 -1.01 0.0040 3.4942 0.0000 0.0084 0.0104 0.0269 0.0072 0.1081 0.0165 0.0022 0.0000
7.4 0.013 -0.87 0.0026 2.9457 0.0000 0.0062 0.0067 0.0173 0.0046 0.1937 0.0163 0.0017 0.0000
7.4 1.000 -1.76 0.2326 3.1827 0.0381 0.0528 0.0202 0.0523 0.0145 0.0037 0.0073 0.0170 0.0077
7.4 0.866 -1.73 0.1206 3.5663 0.0136 0.0547 0.0196 0.0505 0.0139 0.0043 0.0084 0.0169 0.0026
7.4 0.551 -1.62 0.0433 4.1526 0.0041 0.0467 0.0195 0.0504 0.0138 0.0067 0.0120 0.0135 0.0000
7.4 0.221 -1.37 0.0161 4.6267 0.0000 0.0276 0.0184 0.0476 0.0130 0.0164 0.0172 0.0073 0.0000
7.4 0.110 -1.16 0.0083 4.5661 0.0000 0.0158 0.0165 0.0428 0.0116 0.0326 0.0189 0.0042 0.0000
7.4 0.056 -0.94 0.0043 4.1271 0.0000 0.0081 0.0136 0.0352 0.0095 0.0635 0.0187 0.0022 0.0000
7.4 0.023 -0.69 0.0011 3.3820 0.0000 0.0037 0.0092 0.0238 0.0064 0.1453 0.0181 0.0011 0.0000
7.4 0.013 -0.52 0.0000 2.7145 0.0000 0.0025 0.0050 0.0130 0.0034 0.2765 0.0191 0.0000 0.0000
7.4 1.000 -1.52 0.1983 3.4312 0.0339 0.0481 0.0199 0.0516 0.0143 0.0052 0.0089 0.0156 0.0066
7.4 0.869 -1.48 0.0930 3.8227 0.0109 0.0489 0.0193 0.0499 0.0137 0.0060 0.0102 0.0151 0.0019
7.4 0.545 -1.37 0.0317 4.4650 0.0027 0.0390 0.0191 0.0495 0.0136 0.0095 0.0145 0.0111 0.0000
7.4 0.226 -1.12 0.0116 4.8893 0.0000 0.0208 0.0178 0.0461 0.0125 0.0227 0.0194 0.0054 0.0000
7.4 0.113 -0.91 0.0057 4.7048 0.0000 0.0106 0.0157 0.0407 0.0109 0.0449 0.0205 0.0029 0.0000
7.4 0.056 -0.68 0.0026 3.9668 0.0000 0.0044 0.0121 0.0314 0.0084 0.0896 0.0193 0.0013 0.0000
7.4 0.023 -0.43 0.0000 3.0841 0.0000 0.0019 0.0074 0.0191 0.0051 0.2096 0.0191 0.0000 0.0000
7.4 0.013 -0.26 0.0000 2.0449 0.0000 0.0012 0.0027 0.0070 0.0019 0.3761 0.0198 0.0000 0.0000
7.7 1.000 -4.01 1.8440 0.0530 0.5732 0.0348 0.0232 0.0595 0.0168 0.0000 0.0000 0.0298 0.0961
7.7 0.833 -4.00 1.9686 0.0619 0.4705 0.0380 0.0209 0.0534 0.0151 0.0000 0.0000 0.0294 0.0961
7.7 0.540 -3.99 2.0588 0.0823 0.4358 0.0419 0.0204 0.0522 0.0148 0.0000 0.0000 0.0300 0.0956
7.7 0.215 -3.97 2.1078 0.1019 0.4152 0.0445 0.0199 0.0510 0.0144 0.0000 0.0000 0.0305 0.0948
7.7 0.117 -3.97 2.0930 0.1029 0.4036 0.0442 0.0193 0.0493 0.0140 0.0000 0.0000 0.0301 0.0931
7.7 0.069 -3.97 2.1764 0.1065 0.4152 0.0459 0.0196 0.0501 0.0141 0.0011 0.0000 0.0312 0.0963
7.7 0.040 -3.97 1.9220 0.0930 0.3635 0.0404 0.0171 0.0438 0.0124 0.0012 0.0000 0.0274 0.0847
7.7 0.016 -3.97 1.4039 0.0688 0.2635 0.0296 0.0126 0.0324 0.0093 0.0016 0.0000 0.0200 0.0616
7.7 1.000 -3.75 2.1194 0.1894 0.4784 0.0520 0.0229 0.0586 0.0166 0.0000 0.0000 0.0346 0.0979
7.7 0.809 -3.73 2.2722 0.2286 0.3854 0.0583 0.0210 0.0536 0.0151 0.0000 0.0000 0.0350 0.0974
7.7 0.514 -3.71 2.3182 0.3052 0.3496 0.0641 0.0207 0.0530 0.0149 0.0010 0.0000 0.0360 0.0945
7.7 0.209 -3.69 2.3260 0.3716 0.3269 0.0673 0.0202 0.0518 0.0146 0.0014 0.0000 0.0365 0.0911
7.7 0.116 -3.68 2.3058 0.3765 0.3162 0.0667 0.0195 0.0500 0.0141 0.0016 0.0000 0.0360 0.0890
7.7 0.068 -3.68 2.4039 0.3920 0.3252 0.0694 0.0199 0.0509 0.0143 0.0018 0.0000 0.0374 0.0921
7.7 0.040 -3.68 2.1166 0.3424 0.2828 0.0608 0.0173 0.0443 0.0125 0.0020 0.0000 0.0327 0.0806
7.7 0.017 -3.68 1.5344 0.2519 0.2031 0.0442 0.0126 0.0325 0.0093 0.0024 0.0000 0.0237 0.0581
7.7 1.000 -3.50 2.1718 0.5718 0.3787 0.0721 0.0225 0.0577 0.0163 0.0000 0.0000 0.0395 0.0888
7.7 0.809 -3.48 2.2869 0.6927 0.2932 0.0812 0.0211 0.0537 0.0151 0.0011 0.0000 0.0406 0.0855
7.7 0.495 -3.44 2.1866 0.9290 0.2521 0.0891 0.0209 0.0535 0.0151 0.0016 0.0000 0.0421 0.0757
7.7 0.226 -3.41 2.0797 1.0937 0.2294 0.0922 0.0204 0.0522 0.0147 0.0022 0.0000 0.0425 0.0681
7.7 0.105 -3.39 2.0278 1.1179 0.2166 0.0910 0.0195 0.0499 0.0141 0.0028 0.0000 0.0417 0.0645
7.7 0.061 -3.38 2.1251 1.1756 0.2234 0.0951 0.0200 0.0511 0.0144 0.0032 0.0000 0.0435 0.0669
7.7 0.036 -3.38 1.8406 1.0155 0.1906 0.0820 0.0170 0.0436 0.0123 0.0035 0.0000 0.0374 0.0575
7.7 0.016 -3.38 1.2988 0.7289 0.1336 0.0582 0.0121 0.0313 0.0089 0.0040 0.0000 0.0265 0.0403
7.7 1.000 -3.25 1.8400 1.3472 0.2788 0.0936 0.0222 0.0568 0.0160 0.0012 0.0000 0.0445 0.0676
7.7 0.799 -3.22 1.8059 1.6542 0.1951 0.1057 0.0211 0.0538 0.0151 0.0014 0.0000 0.0464 0.0581
7.7 0.512 -3.16 1.4644 2.0985 0.1559 0.1134 0.0210 0.0536 0.0151 0.0021 0.0000 0.0479 0.0421
7.7 0.212 -3.08 1.1995 2.4139 0.1302 0.1165 0.0204 0.0524 0.0147 0.0038 0.0000 0.0482 0.0316
7.7 0.111 -3.05 1.1337 2.4648 0.1212 0.1153 0.0196 0.0504 0.0142 0.0050 0.0000 0.0475 0.0289
7.7 0.050 -3.03 1.0382 2.3269 0.1085 0.1070 0.0178 0.0459 0.0129 0.0062 0.0000 0.0440 0.0259
7.7 0.029 -3.02 1.0912 2.4484 0.1127 0.1122 0.0183 0.0468 0.0130 0.0072 0.0000 0.0462 0.0270
7.7 0.023 -3.02 0.8844 1.9875 0.0906 0.0908 0.0147 0.0375 0.0105 0.0073 0.0000 0.0374 0.0217
7.7 1.000 -3.01 1.3649 2.2660 0.1996 0.1107 0.0219 0.0561 0.0158 0.0013 0.0000 0.0485 0.0474
7.7 0.793 -2.96 1.1490 2.7761 0.1192 0.1239 0.0210 0.0537 0.0150 0.0016 0.0000 0.0508 0.0327
7.7 0.504 -2.87 0.7216 3.3119 0.0839 0.1299 0.0210 0.0537 0.0150 0.0025 0.0014 0.0517 0.0178
7.7 0.203 -2.73 0.4846 3.7127 0.0608 0.1324 0.0205 0.0524 0.0147 0.0057 0.0021 0.0519 0.0109
7.7 0.101 -2.67 0.4273 3.8026 0.0533 0.1305 0.0195 0.0500 0.0140 0.0093 0.0023 0.0510 0.0092
7.7 0.052 -2.63 0.3808 3.6478 0.0468 0.1225 0.0179 0.0459 0.0128 0.0125 0.0024 0.0479 0.0080
7.7 0.022 -2.60 0.3138 3.1232 0.0380 0.1034 0.0148 0.0380 0.0106 0.0150 0.0021 0.0404 0.0065
7.7 0.016 -2.59 0.3209 3.2059 0.0387 0.1059 0.0149 0.0381 0.0106 0.0171 0.0022 0.0414 0.0066
7.7 1.000 -2.76 1.0092 3.0863 0.1468 0.1187 0.0217 0.0556 0.0156 0.0015 0.0024 0.0498 0.0341
7.7 0.803 -2.70 0.7157 3.6972 0.0746 0.1305 0.0210 0.0536 0.0150 0.0019 0.0029 0.0517 0.0186
7.7 0.499 -2.59 0.3468 4.2408 0.0431 0.1319 0.0209 0.0535 0.0149 0.0030 0.0043 0.0509 0.0077
7.7 0.200 -2.39 0.1887 4.6800 0.0239 0.1261 0.0203 0.0520 0.0145 0.0073 0.0069 0.0474 0.0037
7.7 0.106 -2.28 0.1487 4.8027 0.0181 0.1198 0.0193 0.0495 0.0138 0.0132 0.0084 0.0446 0.0028
7.7 0.050 -2.19 0.1248 4.8100 0.0146 0.1128 0.0178 0.0457 0.0127 0.0238 0.0094 0.0418 0.0023
7.7 0.023 -2.13 0.1012 4.3115 0.0114 0.0976 0.0149 0.0383 0.0106 0.0347 0.0090 0.0362 0.0018
7.7 0.016 -2.10 0.0890 3.9291 0.0100 0.0879 0.0132 0.0338 0.0093 0.0405 0.0084 0.0326 0.0016
7.7 1.000 -2.51 0.7840 3.7506 0.1151 0.1184 0.0215 0.0551 0.0154 0.0019 0.0049 0.0487 0.0261
7.7 0.805 -2.45 0.4627 4.4223 0.0491 0.1275 0.0208 0.0533 0.0149 0.0023 0.0060 0.0497 0.0111
7.7 0.504 -2.33 0.1979 4.9229 0.0243 0.1219 0.0208 0.0532 0.0148 0.0037 0.0087 0.0461 0.0040
7.7 0.205 -2.10 0.0924 5.3679 0.0100 0.1034 0.0200 0.0514 0.0143 0.0090 0.0139 0.0375 0.0016
7.7 0.102 -1.93 0.0614 5.4802 0.0056 0.0871 0.0186 0.0479 0.0133 0.0178 0.0172 0.0308 0.0000
7.7 0.050 -1.79 0.0440 5.3383 0.0035 0.0722 0.0163 0.0421 0.0116 0.0348 0.0191 0.0250 0.0000
7.7 0.020 -1.66 0.0301 4.6201 0.0012 0.0556 0.0121 0.0312 0.0086 0.0678 0.0186 0.0190 0.0000
7.7 0.013 -1.59 0.0209 3.5211 0.0000 0.0411 0.0084 0.0217 0.0059 0.0816 0.0151 0.0140 0.0000
7.7 1.000 -2.26 0.6278 4.3269 0.0945 0.1138 0.0212 0.0546 0.0152 0.0025 0.0077 0.0464 0.0208
7.7 0.820 -2.21 0.3296 4.9989 0.0354 0.1199 0.0207 0.0529 0.0147 0.0030 0.0094 0.0465 0.0074
7.7 0.512 -2.08 0.1272 5.4999 0.0148 0.1080 0.0206 0.0528 0.0147 0.0048 0.0136 0.0404 0.0024
7.7 0.223 -1.85 0.0556 5.8580 0.0051 0.0807 0.0196 0.0505 0.0140 0.0110 0.0201 0.0288 0.0000
7.7 0.115 -1.67 0.0341 5.9835 0.0013 0.0610 0.0182 0.0469 0.0130 0.0210 0.0242 0.0212 0.0000
7.7 0.055 -1.48 0.0210 5.8472 0.0000 0.0432 0.0158 0.0407 0.0112 0.0433 0.0270 0.0147 0.0000
7.7 0.022 -1.27 0.0119 4.9943 0.0000 0.0279 0.0107 0.0276 0.0075 0.0993 0.0269 0.0094 0.0000
7.7 0.013 -1.15 0.0076 3.9070 0.0000 0.0207 0.0065 0.0168 0.0046 0.1533 0.0246 0.0069 0.0000
7.7 1.000 -2.06 0.5363 4.7414 0.0831 0.1086 0.0211 0.0542 0.0151 0.0032 0.0102 0.0443 0.0177
7.7 0.765 -1.99 0.2013 5.5635 0.0223 0.1107 0.0205 0.0525 0.0146 0.0041 0.0132 0.0427 0.0041
7.7 0.485 -1.86 0.0867 5.9537 0.0092 0.0938 0.0203 0.0521 0.0145 0.0065 0.0181 0.0348 0.0015
7.7 0.192 -1.60 0.0337 6.2407 0.0013 0.0592 0.0189 0.0486 0.0135 0.0163 0.0257 0.0208 0.0000
7.7 0.098 -1.41 0.0194 6.2149 0.0000 0.0396 0.0171 0.0440 0.0121 0.0317 0.0294 0.0137 0.0000
7.7 0.051 -1.22 0.0114 5.7776 0.0000 0.0251 0.0141 0.0363 0.0099 0.0602 0.0306 0.0087 0.0000
7.7 0.020 -0.97 0.0052 4.4821 0.0000 0.0136 0.0079 0.0204 0.0055 0.1452 0.0297 0.0047 0.0000
7.7 0.013 -0.86 0.0036 3.7863 0.0000 0.0112 0.0049 0.0127 0.0034 0.2205 0.0307 0.0040 0.0000
7.7 1.000 -1.75 0.4303 5.3415 0.0703 0.0989 0.0207 0.0535 0.0149 0.0047 0.0143 0.0406 0.0144
7.7 0.821 -1.70 0.1699 6.0716 0.0190 0.0994 0.0201 0.0518 0.0144 0.0058 0.0173 0.0388 0.0034
7.7 0.517 -1.57 0.0624 6.5847 0.0058 0.0787 0.0199 0.0513 0.0142 0.0091 0.0238 0.0291 0.0000
7.7 0.214 -1.32 0.0228 6.7901 0.0000 0.0437 0.0186 0.0477 0.0132 0.0219 0.0315 0.0153 0.0000
7.7 0.110 -1.12 0.0118 6.4640 0.0000 0.0248 0.0162 0.0417 0.0114 0.0422 0.0339 0.0088 0.0000
7.7 0.056 -0.90 0.0059 5.6115 0.0000 0.0127 0.0125 0.0322 0.0088 0.0827 0.0336 0.0047 0.0000
7.7 0.021 -0.61 0.0011 3.5269 0.0000 0.0051 0.0049 0.0126 0.0034 0.2056 0.0311 0.0020 0.0000
7.7 0.013 -0.47 0.0000 2.5187 0.0000 0.0039 0.0023 0.0058 0.0016 0.3020 0.0331 0.0016 0.0000
7.7 1.000 -1.50 0.3676 5.7885 0.0628 0.0906 0.0204 0.0528 0.0147 0.0066 0.0177 0.0374 0.0124
7.7 0.863 -1.47 0.1583 6.4223 0.0185 0.0907 0.0198 0.0510 0.0141 0.0076 0.0204 0.0358 0.0032
7.7 0.558 -1.35 0.0533 7.0953 0.0047 0.0701 0.0197 0.0507 0.0140 0.0118 0.0279 0.0260 0.0000
7.7 0.230 -1.09 0.0173 7.1967 0.0000 0.0339 0.0180 0.0464 0.0127 0.0284 0.0357 0.0120 0.0000
7.7 0.108 -0.86 0.0074 6.4698 0.0000 0.0153 0.0149 0.0383 0.0104 0.0598 0.0366 0.0057 0.0000
7.7 0.055 -0.64 0.0033 5.1980 0.0000 0.0069 0.0106 0.0272 0.0074 0.1166 0.0344 0.0028 0.0000
7.7 0.022 -0.39 0.0000 3.1400 0.0000 0.0031 0.0037 0.0094 0.0025 0.2679 0.0337 0.0014 0.0000
7.7 0.013 -0.21 0.0000 1.6308 0.0000 0.0018 0.0012 0.0030 0.0000 0.3683 0.0325 0.0000 0.0000
8.0 1.000 -4.00 2.9281 0.0781 1.0189 0.0603 0.0233 0.0597 0.0169 0.0000 0.0000 0.0415 0.1682
8.0 0.843 -4.00 3.0710 0.0901 0.8341 0.0651 0.0210 0.0538 0.0152 0.0000 0.0000 0.0405 0.1661
8.0 0.543 -3.98 3.1195 0.1193 0.7577 0.0708 0.0206 0.0526 0.0149 0.0000 0.0000 0.0405 0.1622
8.0 0.289 -3.98 3.2449 0.1448 0.7480 0.0759 0.0206 0.0528 0.0149 0.0000 0.0000 0.0420 0.1650
8.0 0.121 -3.97 3.2249 0.1513 0.7107 0.0753 0.0195 0.0499 0.0142 0.0000 0.0000 0.0411 0.1598
8.0 0.071 -3.97 3.4179 0.1596 0.7420 0.0794 0.0200 0.0512 0.0145 0.0011 0.0000 0.0432 0.1678
8.0 0.041 -3.97 3.0442 0.1405 0.6518 0.0702 0.0174 0.0447 0.0127 0.0012 0.0000 0.0382 0.1481
8.0 0.016 -3.97 2.2769 0.1064 0.4824 0.0524 0.0130 0.0337 0.0097 0.0014 0.0000 0.0284 0.1101
8.0 1.000 -3.75 3.3823 0.2792 0.8568 0.0905 0.0230 0.0590 0.0167 0.0000 0.0000 0.0483 0.1724
8.0 0.815 -3.73 3.5551 0.3344 0.6857 0.1004 0.0212 0.0542 0.0153 0.0000 0.0000 0.0481 0.1691
8.0 0.540 -3.71 3.5115 0.4326 0.6136 0.1080 0.0210 0.0536 0.0151 0.0011 0.0000 0.0485 0.1615
8.0 0.220 -3.69 3.5198 0.5336 0.5727 0.1134 0.0205 0.0525 0.0149 0.0014 0.0000 0.0492 0.1555
8.0 0.120 -3.68 3.5450 0.5503 0.5591 0.1137 0.0198 0.0508 0.0144 0.0016 0.0000 0.0490 0.1535
8.0 0.070 -3.68 3.7689 0.5841 0.5835 0.1200 0.0204 0.0522 0.0148 0.0019 0.0000 0.0516 0.1613
8.0 0.041 -3.68 3.3461 0.5142 0.5093 0.1056 0.0177 0.0454 0.0128 0.0020 0.0000 0.0454 0.1417
8.0 0.017 -3.68 2.4851 0.3877 0.3738 0.0784 0.0131 0.0339 0.0097 0.0023 0.0000 0.0336 0.1045
8.0 1.000 -3.50 3.4767 0.8363 0.6795 0.1250 0.0227 0.0583 0.0165 0.0011 0.0000 0.0547 0.1576
8.0 0.805 -3.47 3.5663 1.0160 0.5155 0.1396 0.0213 0.0544 0.0154 0.0012 0.0000 0.0554 0.1487
8.0 0.501 -3.44 3.2687 1.3251 0.4355 0.1488 0.0211 0.0540 0.0152 0.0017 0.0000 0.0557 0.1292
8.0 0.203 -3.40 3.1110 1.5762 0.3947 0.1539 0.0206 0.0528 0.0150 0.0024 0.0000 0.0562 0.1159
8.0 0.113 -3.39 3.1055 1.6218 0.3820 0.1538 0.0199 0.0510 0.0144 0.0028 0.0000 0.0559 0.1127
8.0 0.065 -3.38 3.3206 1.7410 0.4002 0.1634 0.0206 0.0528 0.0149 0.0033 0.0000 0.0594 0.1187
8.0 0.038 -3.38 2.9073 1.5204 0.3435 0.1417 0.0176 0.0451 0.0127 0.0036 0.0000 0.0514 0.1026
8.0 0.016 -3.38 2.1109 1.1241 0.2474 0.1033 0.0129 0.0332 0.0095 0.0039 0.0000 0.0374 0.0739
8.0 1.000 -3.25 2.9928 1.9330 0.5016 0.1599 0.0225 0.0575 0.0162 0.0013 0.0000 0.0606 0.1220
8.0 0.809 -3.21 2.8474 2.3424 0.3457 0.1773 0.0214 0.0546 0.0154 0.0015 0.0000 0.0618 0.1034
8.0 0.507 -3.15 2.1616 2.9263 0.2657 0.1851 0.0213 0.0545 0.0153 0.0023 0.0000 0.0616 0.0722
8.0 0.209 -3.08 1.7967 3.3370 0.2244 0.1887 0.0207 0.0530 0.0150 0.0040 0.0000 0.0617 0.0554
8.0 0.113 -3.06 1.7440 3.4514 0.2131 0.1890 0.0200 0.0513 0.0145 0.0051 0.0000 0.0616 0.0519
8.0 0.054 -3.04 1.6632 3.3825 0.1978 0.1813 0.0186 0.0477 0.0134 0.0062 0.0000 0.0590 0.0481
8.0 0.020 -3.03 1.3755 2.8165 0.1596 0.1488 0.0150 0.0386 0.0109 0.0072 0.0000 0.0485 0.0390
8.0 0.024 -3.03 1.4449 2.9491 0.1673 0.1560 0.0155 0.0397 0.0111 0.0073 0.0000 0.0508 0.0409
8.0 1.000 -3.00 2.2471 3.2783 0.3551 0.1877 0.0222 0.0569 0.0160 0.0014 0.0000 0.0653 0.0853
8.0 0.815 -2.95 1.8631 3.9143 0.2125 0.2055 0.0214 0.0548 0.0154 0.0017 0.0000 0.0666 0.0599
8.0 0.512 -2.86 1.0444 4.5426 0.1399 0.2080 0.0214 0.0546 0.0154 0.0027 0.0013 0.0652 0.0302
8.0 0.199 -2.73 0.6909 4.9860 0.1005 0.2082 0.0207 0.0530 0.0149 0.0062 0.0019 0.0643 0.0182
8.0 0.125 -2.68 0.6497 5.1289 0.0933 0.2081 0.0200 0.0513 0.0144 0.0085 0.0021 0.0643 0.0165
8.0 0.063 -2.64 0.6069 5.1851 0.0857 0.2048 0.0191 0.0490 0.0137 0.0120 0.0022 0.0633 0.0149
8.0 0.023 -2.61 0.5241 4.6683 0.0720 0.1804 0.0162 0.0414 0.0116 0.0153 0.0021 0.0558 0.0125
8.0 0.017 -2.60 0.5258 4.7088 0.0718 0.1812 0.0161 0.0411 0.0114 0.0172 0.0021 0.0561 0.0125
8.0 1.000 -2.74 1.6793 4.4937 0.2586 0.2013 0.0220 0.0565 0.0159 0.0016 0.0023 0.0671 0.0610
8.0 0.801 -2.68 1.0776 5.3159 0.1231 0.2160 0.0214 0.0546 0.0153 0.0020 0.0029 0.0676 0.0307
8.0 0.512 -2.57 0.4889 5.7473 0.0700 0.2095 0.0213 0.0545 0.0153 0.0032 0.0041 0.0639 0.0126
8.0 0.206 -2.38 0.2655 6.1951 0.0391 0.1979 0.0206 0.0526 0.0148 0.0077 0.0064 0.0593 0.0061
8.0 0.109 -2.27 0.2172 6.4306 0.0306 0.1911 0.0196 0.0503 0.0141 0.0138 0.0078 0.0570 0.0047
8.0 0.065 -2.21 0.1935 6.4537 0.0262 0.1833 0.0184 0.0472 0.0132 0.0207 0.0084 0.0546 0.0040
8.0 0.022 -2.13 0.1554 5.9168 0.0201 0.1599 0.0153 0.0392 0.0109 0.0358 0.0085 0.0477 0.0031
8.0 0.015 -2.11 0.1372 5.3709 0.0176 0.1435 0.0134 0.0344 0.0096 0.0407 0.0079 0.0429 0.0027
8.0 1.000 -2.49 1.3111 5.5691 0.2007 0.2020 0.0218 0.0560 0.0157 0.0020 0.0051 0.0661 0.0462
8.0 0.808 -2.42 0.6928 6.4360 0.0797 0.2116 0.0213 0.0544 0.0152 0.0025 0.0062 0.0655 0.0179
8.0 0.504 -2.30 0.2645 6.7578 0.0370 0.1929 0.0212 0.0542 0.0152 0.0040 0.0089 0.0581 0.0061
8.0 0.201 -2.06 0.1223 7.2188 0.0150 0.1604 0.0203 0.0520 0.0146 0.0099 0.0141 0.0469 0.0024
8.0 0.109 -1.91 0.0887 7.4679 0.0093 0.1409 0.0191 0.0490 0.0137 0.0181 0.0173 0.0406 0.0016
8.0 0.050 -1.76 0.0650 7.4717 0.0056 0.1191 0.0168 0.0431 0.0120 0.0375 0.0200 0.0337 0.0010
8.0 0.020 -1.64 0.0467 6.6490 0.0037 0.0948 0.0126 0.0322 0.0089 0.0724 0.0201 0.0265 0.0000
8.0 0.015 -1.60 0.0438 6.5461 0.0033 0.0917 0.0115 0.0294 0.0081 0.0915 0.0204 0.0259 0.0000
8.0 1.000 -2.24 1.0753 6.5061 0.1668 0.1968 0.0217 0.0557 0.0156 0.0026 0.0082 0.0642 0.0372
8.0 0.808 -2.18 0.4763 7.4037 0.0554 0.2012 0.0211 0.0540 0.0151 0.0033 0.0101 0.0622 0.0113
8.0 0.509 -2.05 0.1724 7.6075 0.0223 0.1715 0.0209 0.0536 0.0150 0.0052 0.0141 0.0515 0.0036
8.0 0.226 -1.83 0.0793 8.0752 0.0081 0.1306 0.0202 0.0519 0.0145 0.0115 0.0208 0.0380 0.0014
8.0 0.110 -1.63 0.0482 8.3680 0.0035 0.0979 0.0185 0.0476 0.0132 0.0235 0.0260 0.0279 0.0000
8.0 0.052 -1.45 0.0315 8.3817 0.0000 0.0722 0.0159 0.0409 0.0113 0.0485 0.0299 0.0203 0.0000
8.0 0.021 -1.25 0.0192 7.4138 0.0000 0.0497 0.0106 0.0273 0.0075 0.1088 0.0311 0.0138 0.0000
8.0 0.012 -1.15 0.0144 6.5307 0.0000 0.0417 0.0072 0.0186 0.0051 0.1661 0.0313 0.0116 0.0000
8.0 1.000 -1.99 0.8927 7.4740 0.1426 0.1881 0.0215 0.0552 0.0154 0.0036 0.0121 0.0614 0.0306
8.0 0.809 -1.93 0.3408 8.4082 0.0397 0.1875 0.0209 0.0536 0.0149 0.0045 0.0148 0.0582 0.0075
8.0 0.502 -1.79 0.1160 8.5586 0.0132 0.1476 0.0206 0.0528 0.0148 0.0072 0.0204 0.0442 0.0021
8.0 0.211 -1.54 0.0476 8.9316 0.0035 0.0946 0.0194 0.0498 0.0139 0.0170 0.0287 0.0273 0.0000
8.0 0.106 -1.34 0.0275 9.0538 0.0000 0.0628 0.0174 0.0447 0.0124 0.0335 0.0337 0.0181 0.0000
8.0 0.056 -1.16 0.0170 8.7869 0.0000 0.0414 0.0146 0.0375 0.0103 0.0632 0.0370 0.0120 0.0000
8.0 0.021 -0.90 0.0079 7.1354 0.0000 0.0225 0.0079 0.0202 0.0055 0.1589 0.0388 0.0066 0.0000
8.0 0.013 -0.77 0.0050 5.8561 0.0000 0.0181 0.0042 0.0107 0.0029 0.2462 0.0416 0.0053 0.0000
8.0 1.000 -1.74 0.7584 8.4205 0.1258 0.1774 0.0212 0.0547 0.0153 0.0050 0.0164 0.0582 0.0260
8.0 0.803 -1.68 0.2468 9.4232 0.0286 0.1714 0.0207 0.0530 0.0148 0.0062 0.0202 0.0534 0.0050
8.0 0.513 -1.55 0.0883 9.5757 0.0088 0.1284 0.0203 0.0520 0.0145 0.0098 0.0267 0.0383 0.0014
8.0 0.204 -1.28 0.0311 9.6747 0.0000 0.0676 0.0185 0.0474 0.0132 0.0243 0.0355 0.0196 0.0000
8.0 0.103 -1.07 0.0170 9.5058 0.0000 0.0399 0.0161 0.0414 0.0114 0.0477 0.0398 0.0118 0.0000
8.0 0.052 -0.87 0.0092 8.6230 0.0000 0.0222 0.0125 0.0320 0.0088 0.0931 0.0418 0.0069 0.0000
8.0 0.021 -0.61 0.0037 6.1122 0.0000 0.0109 0.0052 0.0134 0.0036 0.2158 0.0432 0.0035 0.0000
8.0 0.013 -0.47 0.0011 4.4720 0.0000 0.0085 0.0023 0.0058 0.0016 0.3185 0.0478 0.0028 0.0000
8.0 1.000 -1.49 0.6559 9.3523 0.1135 0.1654 0.0210 0.0541 0.0151 0.0070 0.0212 0.0547 0.0226
8.0 0.805 -1.43 0.1938 10.4265 0.0223 0.1556 0.0204 0.0524 0.0146 0.0086 0.0259 0.0489 0.0036
8.0 0.513 -1.30 0.0679 10.6615 0.0058 0.1092 0.0199 0.0511 0.0142 0.0136 0.0336 0.0326 0.0000
8.0 0.213 -1.04 0.0237 10.5960 0.0000 0.0522 0.0180 0.0461 0.0127 0.0324 0.0419 0.0153 0.0000
8.0 0.105 -0.83 0.0113 9.7881 0.0000 0.0259 0.0149 0.0382 0.0105 0.0651 0.0443 0.0080 0.0000
8.0 0.054 -0.62 0.0057 8.2841 0.0000 0.0130 0.0107 0.0275 0.0075 0.1244 0.0446 0.0044 0.0000
8.0 0.020 -0.35 0.0000 4.6859 0.0000 0.0058 0.0027 0.0069 0.0019 0.2959 0.0465 0.0021 0.0000
8.0 0.013 -0.21 0.0000 2.9656 0.0000 0.0041 0.0012 0.0030 0.0000 0.3890 0.0484 0.0015 0.0000
8.3 1.000 -4.00 2.4576 0.0477 1.2804 0.0685 0.0223 0.0574 0.0163 0.0000 0.0000 0.0607 0.6311
8.3 0.824 -3.99 2.3886 0.0555 1.0135 0.0715 0.0204 0.0524 0.0149 0.0000 0.0000 0.0562 0.5914
8.3 0.512 -3.98 2.2183 0.0711 0.8883 0.0745 0.0200 0.0516 0.0147 0.0000 0.0000 0.0541 0.5508
8.3 0.207 -3.97 2.3865 0.0882 0.8790 0.0798 0.0196 0.0505 0.0144 0.0000 0.0000 0.0565 0.5637
8.3 0.138 -3.97 2.4745 0.0923 0.8849 0.0815 0.0191 0.0493 0.0140 0.0000 0.0000 0.0575 0.5721
8.3 0.079 -3.97 2.7643 0.1027 0.9609 0.0892 0.0201 0.0517 0.0147 0.0000 0.0000 0.0630 0.6255
8.3 0.046 -3.97 2.4974 0.0917 0.8447 0.0789 0.0173 0.0447 0.0127 0.0000 0.0000 0.0557 0.5531
8.3 0.017 -3.97 2.1279 0.0787 0.7095 0.0668 0.0142 0.0366 0.0103 0.0000 0.0000 0.0471 0.4667
8.3 1.000 -3.74 3.0717 0.1811 1.1442 0.1083 0.0225 0.0578 0.0164 0.0000 0.0000 0.0741 0.6871
8.3 0.825 -3.72 2.9830 0.2124 0.8971 0.1155 0.0210 0.0539 0.0153 0.0000 0.0000 0.0706 0.6430
8.3 0.557 -3.71 2.7509 0.2656 0.7803 0.1200 0.0208 0.0534 0.0152 0.0000 0.0000 0.0685 0.5942
8.3 0.207 -3.69 2.8860 0.3415 0.7450 0.1285 0.0203 0.0523 0.0149 0.0000 0.0000 0.0710 0.5898
8.3 0.138 -3.68 2.9715 0.3571 0.7446 0.1306 0.0198 0.0509 0.0145 0.0000 0.0000 0.0720 0.5944
8.3 0.078 -3.68 3.2997 0.3969 0.8035 0.1424 0.0208 0.0534 0.0152 0.0000 0.0000 0.0785 0.6462
8.3 0.046 -3.68 2.9611 0.3534 0.7012 0.1252 0.0178 0.0460 0.0131 0.0000 0.0000 0.0690 0.5678
8.3 0.016 -3.68 2.5091 0.3028 0.5856 0.1056 0.0146 0.0376 0.0106 0.0000 0.0000 0.0581 0.4763
8.3 1.000 -3.48 3.4315 0.5843 0.9462 0.1562 0.0225 0.0578 0.0164 0.0000 0.0000 0.0866 0.6738
8.3 0.811 -3.46 3.2469 0.6997 0.7023 0.1682 0.0214 0.0549 0.0155 0.0000 0.0000 0.0837 0.6099
8.3 0.533 -3.43 2.8413 0.8734 0.5854 0.1731 0.0212 0.0545 0.0155 0.0000 0.0000 0.0812 0.5294
8.3 0.246 -3.40 2.8026 1.0582 0.5426 0.1805 0.0208 0.0534 0.0152 0.0000 0.0000 0.0827 0.4944
8.3 0.133 -3.39 2.8816 1.1346 0.5334 0.1836 0.0201 0.0517 0.0147 0.0000 0.0000 0.0838 0.4891
8.3 0.075 -3.38 3.1976 1.2694 0.5753 0.2008 0.0212 0.0545 0.0155 0.0000 0.0000 0.0916 0.5303
8.3 0.044 -3.38 2.8306 1.1224 0.4947 0.1744 0.0180 0.0464 0.0132 0.0000 0.0000 0.0796 0.4589
8.3 0.016 -3.38 2.3745 0.9562 0.4100 0.1462 0.0147 0.0379 0.0107 0.0000 0.0000 0.0666 0.3810
8.3 1.000 -3.22 3.2080 1.5252 0.7012 0.2064 0.0225 0.0577 0.0163 0.0000 0.0000 0.0971 0.5515
8.3 0.804 -3.18 2.7497 1.8344 0.4621 0.2203 0.0216 0.0554 0.0157 0.0000 0.0000 0.0939 0.4434
8.3 0.510 -3.13 2.0181 2.1949 0.3497 0.2206 0.0215 0.0552 0.0156 0.0000 0.0000 0.0895 0.3163
8.3 0.216 -3.07 1.7995 2.5642 0.3070 0.2276 0.0211 0.0541 0.0154 0.0000 0.0000 0.0908 0.2608
8.3 0.133 -3.05 1.7705 2.6595 0.2947 0.2274 0.0204 0.0524 0.0149 0.0000 0.0000 0.0906 0.2477
8.3 0.063 -3.03 1.7354 2.6915 0.2790 0.2221 0.0191 0.0493 0.0140 0.0000 0.0000 0.0885 0.2336
8.3 0.023 -3.02 1.4941 2.3375 0.2324 0.1880 0.0158 0.0410 0.0117 0.0000 0.0000 0.0751 0.1951
8.3 0.027 -3.02 1.5627 2.4408 0.2431 0.1966 0.0163 0.0419 0.0118 0.0000 0.0000 0.0785 0.2041
8.3 1.000 -2.96 2.5846 2.7845 0.4930 0.2455 0.0224 0.0575 0.0163 0.0000 0.0000 0.1047 0.3978
8.3 0.818 -2.91 1.8810 3.2608 0.2789 0.2567 0.0217 0.0557 0.0158 0.0000 0.0000 0.1008 0.2620
8.3 0.498 -2.81 0.9933 3.6159 0.1765 0.2485 0.0216 0.0555 0.0157 0.0000 0.0000 0.0938 0.1327
8.3 0.221 -2.71 0.7861 4.1058 0.1444 0.2595 0.0218 0.0560 0.0159 0.0000 0.0000 0.0971 0.0966
8.3 0.100 -2.65 0.7263 4.3522 0.1299 0.2607 0.0209 0.0538 0.0153 0.0000 0.0012 0.0976 0.0838
8.3 0.055 -2.62 0.6642 4.1895 0.1163 0.2442 0.0191 0.0492 0.0139 0.0000 0.0012 0.0916 0.0742
8.3 0.027 -2.60 0.6126 3.9633 0.1052 0.2267 0.0173 0.0445 0.0126 0.0000 0.0012 0.0852 0.0669
8.3 0.013 -2.59 0.4642 3.0472 0.0786 0.1717 0.0129 0.0332 0.0094 0.0000 0.0000 0.0647 0.0498
8.3 1.000 -2.69 2.0290 4.0065 0.3543 0.2688 0.0223 0.0573 0.0162 0.0000 0.0014 0.1098 0.2868
8.3 0.805 -2.63 1.0880 4.5736 0.1566 0.2731 0.0218 0.0558 0.0157 0.0000 0.0018 0.1039 0.1327
8.3 0.501 -2.51 0.4686 4.6850 0.0862 0.2561 0.0217 0.0556 0.0157 0.0000 0.0024 0.0952 0.0553
8.3 0.210 -2.33 0.2877 5.0350 0.0530 0.2472 0.0210 0.0540 0.0153 0.0000 0.0037 0.0920 0.0307
8.3 0.101 -2.23 0.2405 5.2661 0.0421 0.2405 0.0202 0.0521 0.0148 0.0000 0.0046 0.0902 0.0240
8.3 0.058 -2.17 0.2170 5.2465 0.0365 0.2295 0.0190 0.0490 0.0139 0.0000 0.0049 0.0866 0.0209
8.3 0.025 -2.11 0.1884 4.9416 0.0307 0.2083 0.0169 0.0436 0.0123 0.0000 0.0049 0.0790 0.0175
8.3 0.014 -2.09 0.1542 4.1837 0.0247 0.1731 0.0139 0.0357 0.0101 0.0010 0.0043 0.0658 0.0141
8.3 1.000 -2.44 1.6591 5.1060 0.2747 0.2770 0.0222 0.0571 0.0161 0.0000 0.0034 0.1120 0.2199
8.3 0.801 -2.37 0.6747 5.6287 0.0970 0.2726 0.0217 0.0556 0.0157 0.0000 0.0042 0.1038 0.0738
8.3 0.521 -2.25 0.2708 5.5089 0.0478 0.2438 0.0216 0.0553 0.0156 0.0000 0.0057 0.0918 0.0291
8.3 0.217 -2.02 0.1373 5.8394 0.0217 0.2136 0.0209 0.0536 0.0152 0.0000 0.0091 0.0815 0.0131
8.3 0.099 -1.85 0.0976 6.1183 0.0130 0.1895 0.0199 0.0511 0.0145 0.0000 0.0119 0.0734 0.0084
8.3 0.053 -1.74 0.0809 6.2159 0.0097 0.1730 0.0189 0.0485 0.0137 0.0000 0.0136 0.0677 0.0066
8.3 0.021 -1.63 0.0628 5.7588 0.0067 0.1436 0.0162 0.0417 0.0117 0.0000 0.0139 0.0568 0.0048
8.3 0.013 -1.58 0.0498 4.8948 0.0050 0.1164 0.0133 0.0342 0.0096 0.0016 0.0123 0.0463 0.0037
8.3 1.000 -2.19 1.3952 6.2049 0.2259 0.2773 0.0221 0.0569 0.0160 0.0000 0.0064 0.1126 0.1761
8.3 0.808 -2.12 0.4753 6.6497 0.0669 0.2655 0.0216 0.0554 0.0156 0.0000 0.0078 0.1025 0.0471
8.3 0.512 -1.98 0.1681 6.3274 0.0272 0.2201 0.0214 0.0549 0.0155 0.0000 0.0106 0.0846 0.0164
8.3 0.202 -1.72 0.0743 6.6790 0.0090 0.1665 0.0205 0.0528 0.0149 0.0000 0.0168 0.0654 0.0062
8.3 0.108 -1.56 0.0517 7.0200 0.0048 0.1371 0.0197 0.0505 0.0142 0.0000 0.0211 0.0548 0.0038
8.3 0.052 -1.39 0.0366 7.1761 0.0025 0.1076 0.0182 0.0468 0.0131 0.0000 0.0246 0.0438 0.0023
8.3 0.020 -1.20 0.0250 6.8122 0.0000 0.0782 0.0157 0.0403 0.0113 0.0013 0.0258 0.0324 0.0014
8.3 0.013 -1.11 0.0186 5.7995 0.0000 0.0587 0.0128 0.0328 0.0092 0.0024 0.0228 0.0245 0.0000
8.3 1.000 -1.99 1.2320 7.0999 0.1998 0.2743 0.0221 0.0567 0.0160 0.0000 0.0093 0.1123 0.1512
8.3 0.751 -1.90 0.2797 7.3772 0.0408 0.2455 0.0215 0.0552 0.0155 0.0000 0.0119 0.0959 0.0257
8.3 0.466 -1.75 0.1104 7.0163 0.0158 0.1924 0.0212 0.0543 0.0153 0.0000 0.0159 0.0753 0.0098
8.3 0.200 -1.51 0.0510 7.3647 0.0049 0.1342 0.0202 0.0520 0.0146 0.0000 0.0232 0.0538 0.0038
8.3 0.096 -1.30 0.0309 7.6994 0.0011 0.0946 0.0189 0.0487 0.0137 0.0000 0.0288 0.0389 0.0019
8.3 0.051 -1.14 0.0215 7.8534 0.0000 0.0698 0.0177 0.0454 0.0127 0.0000 0.0322 0.0293 0.0011
8.3 0.020 -0.91 0.0130 7.4404 0.0000 0.0433 0.0151 0.0388 0.0108 0.0019 0.0332 0.0187 0.0000
8.3 0.013 -0.80 0.0110 7.5476 0.0000 0.0365 0.0147 0.0376 0.0104 0.0035 0.0345 0.0160 0.0000
8.3 1.000 -1.68 1.0312 8.5705 0.1717 0.2653 0.0219 0.0565 0.0159 0.0000 0.0149 0.1104 0.1232
8.3 0.820 -1.62 0.2757 8.9347 0.0364 0.2415 0.0214 0.0549 0.0154 0.0000 0.0179 0.0968 0.0230
8.3 0.530 -1.48 0.0911 8.3571 0.0113 0.1759 0.0211 0.0542 0.0152 0.0000 0.0231 0.0704 0.0072
8.3 0.216 -1.21 0.0337 8.4476 0.0023 0.0991 0.0199 0.0511 0.0143 0.0000 0.0321 0.0407 0.0021
8.3 0.108 -1.00 0.0189 8.6736 0.0000 0.0613 0.0185 0.0476 0.0133 0.0000 0.0375 0.0260 0.0000
8.3 0.056 -0.81 0.0111 8.6348 0.0000 0.0370 0.0169 0.0434 0.0121 0.0012 0.0402 0.0163 0.0000
8.3 0.022 -0.55 0.0061 8.5058 0.0000 0.0192 0.0151 0.0387 0.0107 0.0029 0.0419 0.0091 0.0000
8.3 0.013 -0.39 0.0045 8.6799 0.0000 0.0133 0.0146 0.0373 0.0103 0.0057 0.0436 0.0067 0.0000
8.3 1.000 -1.43 0.9044 9.8258 0.1560 0.2546 0.0219 0.0563 0.0158 0.0000 0.0206 0.1074 0.1069
8.3 0.830 -1.37 0.2302 10.2301 0.0294 0.2280 0.0213 0.0546 0.0153 0.0000 0.0244 0.0930 0.0179
8.3 0.528 -1.23 0.0697 9.5239 0.0072 0.1517 0.0209 0.0536 0.0150 0.0000 0.0309 0.0617 0.0048
8.3 0.204 -0.94 0.0226 9.4559 0.0000 0.0705 0.0194 0.0498 0.0139 0.0000 0.0404 0.0296 0.0011
8.3 0.104 -0.74 0.0120 9.4200 0.0000 0.0390 0.0179 0.0460 0.0128 0.0010 0.0441 0.0171 0.0000
8.3 0.052 -0.52 0.0063 9.1394 0.0000 0.0200 0.0161 0.0412 0.0114 0.0020 0.0451 0.0094 0.0000
8.3 0.021 -0.27 0.0035 9.4991 0.0000 0.0100 0.0154 0.0393 0.0107 0.0047 0.0484 0.0053 0.0000
8.3 0.013 -0.11 0.0025 9.9523 0.0000 0.0064 0.0153 0.0391 0.0106 0.0089 0.0514 0.0038 0.0000
8.6 1.000 -3.99 0.7308 0.0123 0.8945 0.0482 0.0218 0.0568 0.0162 0.0000 0.0000 0.0327 0.7164
8.6 0.849 -3.99 0.6400 0.0138 0.6918 0.0478 0.0202 0.0528 0.0150 0.0000 0.0000 0.0287 0.6373
8.6 0.516 -3.98 0.4927 0.0170 0.5411 0.0463 0.0198 0.0517 0.0147 0.0000 0.0000 0.0251 0.5335
8.6 0.244 -3.97 0.5602 0.0218 0.5563 0.0508 0.0194 0.0507 0.0145 0.0000 0.0000 0.0270 0.5660
8.6 0.126 -3.97 0.6597 0.0254 0.5969 0.0549 0.0188 0.0492 0.0140 0.0000 0.0000 0.0294 0.6168
8.6 0.082 -3.97 0.7985 0.0302 0.6968 0.0641 0.0208 0.0540 0.0154 0.0000 0.0000 0.0345 0.7236
8.6 0.049 -3.97 0.7495 0.0278 0.6191 0.0570 0.0174 0.0454 0.0130 0.0000 0.0000 0.0309 0.6480
8.6 0.016 -3.97 0.6862 0.0256 0.5515 0.0511 0.0149 0.0388 0.0110 0.0000 0.0000 0.0277 0.5803
8.6 1.000 -3.72 1.1448 0.0567 0.9209 0.0854 0.0223 0.0580 0.0165 0.0000 0.0000 0.0453 0.8993
8.6 0.815 -3.71 0.9480 0.0652 0.6684 0.0861 0.0211 0.0547 0.0156 0.0000 0.0000 0.0397 0.7692
8.6 0.556 -3.70 0.8071 0.0787 0.5623 0.0864 0.0208 0.0542 0.0154 0.0000 0.0000 0.0370 0.6842
8.6 0.256 -3.69 0.9192 0.1046 0.5700 0.0959 0.0204 0.0530 0.0151 0.0000 0.0000 0.0401 0.7209
8.6 0.127 -3.68 1.0805 0.1234 0.6056 0.1037 0.0197 0.0512 0.0146 0.0000 0.0000 0.0436 0.7802
8.6 0.081 -3.68 1.3034 0.1472 0.7042 0.1208 0.0217 0.0563 0.0160 0.0000 0.0000 0.0509 0.9126
8.6 0.049 -3.68 1.2038 0.1340 0.6171 0.1063 0.0181 0.0471 0.0134 0.0000 0.0000 0.0450 0.8068
8.6 0.017 -3.68 1.0939 0.1227 0.5459 0.0948 0.0155 0.0401 0.0113 0.0000 0.0000 0.0401 0.7179
8.6 1.000 -3.47 1.6629 0.2392 0.8763 0.1429 0.0225 0.0583 0.0166 0.0000 0.0000 0.0607 1.0468
8.6 0.823 -3.45 1.4246 0.2784 0.6330 0.1481 0.0216 0.0560 0.0159 0.0000 0.0000 0.0557 0.9049
8.6 0.550 -3.42 1.2204 0.3438 0.5213 0.1506 0.0214 0.0554 0.0158 0.0000 0.0000 0.0530 0.7864
8.6 0.218 -3.39 1.3619 0.4652 0.5117 0.1664 0.0208 0.0539 0.0153 0.0000 0.0000 0.0574 0.7928
8.6 0.133 -3.39 1.4740 0.5103 0.5213 0.1726 0.0202 0.0523 0.0149 0.0000 0.0000 0.0596 0.8152
8.6 0.080 -3.38 1.7612 0.6085 0.6003 0.2000 0.0222 0.0574 0.0163 0.0000 0.0000 0.0693 0.9443
8.6 0.048 -3.38 1.5828 0.5444 0.5155 0.1730 0.0184 0.0478 0.0136 0.0000 0.0000 0.0601 0.8170
8.6 0.017 -3.38 1.4139 0.4934 0.4507 0.1530 0.0157 0.0406 0.0115 0.0000 0.0000 0.0531 0.7167
8.6 1.000 -3.19 1.9863 0.7855 0.7206 0.2123 0.0225 0.0583 0.0166 0.0000 0.0000 0.0755 1.0028
8.6 0.808 -3.16 1.5756 0.9303 0.4654 0.2196 0.0218 0.0565 0.0160 0.0000 0.0000 0.0698 0.7859
8.6 0.518 -3.11 1.1764 1.1101 0.3523 0.2175 0.0217 0.0560 0.0159 0.0000 0.0000 0.0654 0.5819
8.6 0.206 -3.06 1.1303 1.3704 0.3177 0.2288 0.0210 0.0544 0.0155 0.0000 0.0000 0.0677 0.5045
8.6 0.112 -3.04 1.1682 1.4793 0.3125 0.2330 0.0202 0.0524 0.0149 0.0000 0.0000 0.0691 0.4935
8.6 0.075 -3.03 1.1858 1.5192 0.3088 0.2331 0.0196 0.0508 0.0145 0.0000 0.0000 0.0692 0.4875
8.6 0.025 -3.02 1.1516 1.4821 0.2847 0.2178 0.0173 0.0447 0.0127 0.0000 0.0000 0.0650 0.4510
8.6 0.031 -3.02 1.1516 1.4821 0.2847 0.2178 0.0173 0.0447 0.0127 0.0000 0.0000 0.0650 0.4510
8.6 1.000 -2.92 1.8736 1.6378 0.5248 0.2655 0.0225 0.0583 0.0166 0.0000 0.0000 0.0845 0.7841
8.6 0.789 -2.86 1.1512 1.9193 0.2693 0.2662 0.0220 0.0569 0.0162 0.0000 0.0000 0.0763 0.4632
8.6 0.510 -2.78 0.6566 2.0501 0.1792 0.2524 0.0219 0.0565 0.0160 0.0000 0.0000 0.0694 0.2626
8.6 0.222 -2.69 0.5356 2.3401 0.1458 0.2585 0.0213 0.0550 0.0156 0.0000 0.0000 0.0706 0.1928
8.6 0.121 -2.65 0.5469 2.6082 0.1440 0.2738 0.0215 0.0555 0.0158 0.0000 0.0000 0.0751 0.1858
8.6 0.066 -2.62 0.5187 2.5975 0.1318 0.2617 0.0197 0.0509 0.0145 0.0000 0.0000 0.0721 0.1681
8.6 0.021 -2.59 0.4614 2.3831 0.1125 0.2302 0.0165 0.0429 0.0122 0.0000 0.0000 0.0638 0.1426
8.6 0.015 -2.59 0.4125 2.1399 0.0995 0.2046 0.0144 0.0374 0.0106 0.0000 0.0000 0.0568 0.1260
8.6 1.000 -2.65 1.6443 2.5782 0.3827 0.3010 0.0225 0.0583 0.0165 0.0000 0.0000 0.0916 0.5911
8.6 0.782 -2.57 0.7041 2.8707 0.1494 0.2902 0.0221 0.0571 0.0162 0.0000 0.0000 0.0808 0.2363
8.6 0.506 -2.47 0.3176 2.8071 0.0849 0.2661 0.0219 0.0567 0.0161 0.0000 0.0000 0.0724 0.1076
8.6 0.197 -2.29 0.2075 3.1004 0.0545 0.2628 0.0212 0.0549 0.0156 0.0000 0.0000 0.0726 0.0626
8.6 0.123 -2.22 0.1961 3.2968 0.0492 0.2648 0.0206 0.0532 0.0151 0.0000 0.0000 0.0740 0.0559
8.6 0.060 -2.16 0.1857 3.4896 0.0444 0.2655 0.0199 0.0515 0.0146 0.0000 0.0011 0.0752 0.0501
8.6 0.024 -2.11 0.1673 3.3738 0.0384 0.2461 0.0178 0.0460 0.0130 0.0000 0.0011 0.0705 0.0433
8.6 0.015 -2.09 0.1551 3.1988 0.0350 0.2292 0.0163 0.0419 0.0118 0.0000 0.0011 0.0660 0.0395
8.6 1.000 -2.39 1.4623 3.5121 0.3002 0.3216 0.0225 0.0581 0.0164 0.0000 0.0000 0.0981 0.4678
8.6 0.776 -2.31 0.4418 3.6782 0.0901 0.2966 0.0220 0.0569 0.0161 0.0000 0.0010 0.0844 0.1289
8.6 0.494 -2.18 0.1770 3.4479 0.0441 0.2614 0.0218 0.0564 0.0160 0.0000 0.0014 0.0746 0.0530
8.6 0.199 -1.96 0.0983 3.7449 0.0219 0.2396 0.0211 0.0546 0.0155 0.0000 0.0023 0.0721 0.0265
8.6 0.100 -1.82 0.0793 4.0210 0.0155 0.2272 0.0203 0.0524 0.0149 0.0000 0.0031 0.0713 0.0197
8.6 0.050 -1.71 0.0681 4.1663 0.0119 0.2124 0.0191 0.0494 0.0140 0.0000 0.0037 0.0690 0.0159
8.6 0.023 -1.63 0.0615 4.2149 0.0099 0.1993 0.0178 0.0460 0.0130 0.0000 0.0041 0.0664 0.0137
8.6 0.016 -1.59 0.0568 4.0931 0.0088 0.1870 0.0167 0.0429 0.0121 0.0000 0.0041 0.0630 0.0124
8.6 1.000 -2.14 1.3155 4.5333 0.2498 0.3342 0.0224 0.0580 0.0164 0.0000 0.0018 0.1042 0.3838
8.6 0.784 -2.06 0.3246 4.5473 0.0623 0.2984 0.0219 0.0567 0.0160 0.0000 0.0023 0.0887 0.0836
8.6 0.499 -1.92 0.1183 4.1365 0.0263 0.2470 0.0217 0.0560 0.0159 0.0000 0.0031 0.0755 0.0318
8.6 0.204 -1.67 0.0571 4.4221 0.0101 0.2002 0.0208 0.0537 0.0152 0.0000 0.0052 0.0672 0.0139
8.6 0.106 -1.51 0.0423 4.8106 0.0058 0.1746 0.0200 0.0516 0.0146 0.0000 0.0071 0.0630 0.0094
8.6 0.049 -1.33 0.0321 5.1331 0.0033 0.1459 0.0186 0.0480 0.0135 0.0000 0.0091 0.0566 0.0064
8.6 0.021 -1.19 0.0259 5.2562 0.0012 0.1228 0.0170 0.0439 0.0123 0.0000 0.0106 0.0503 0.0047
8.6 0.014 -1.12 0.0230 5.1696 0.0000 0.1101 0.0159 0.0407 0.0114 0.0000 0.0109 0.0462 0.0040
8.6 1.000 -1.94 1.2119 5.4178 0.2229 0.3406 0.0224 0.0579 0.0163 0.0000 0.0030 0.1086 0.3341
8.6 0.717 -1.83 0.1909 5.1191 0.0373 0.2795 0.0218 0.0564 0.0159 0.0000 0.0039 0.0870 0.0460
8.6 0.453 -1.69 0.0811 4.7506 0.0158 0.2241 0.0215 0.0554 0.0157 0.0000 0.0053 0.0733 0.0200
8.6 0.184 -1.43 0.0384 5.1352 0.0051 0.1640 0.0205 0.0528 0.0149 0.0000 0.0087 0.0607 0.0085
8.6 0.099 -1.27 0.0280 5.6261 0.0027 0.1346 0.0198 0.0510 0.0144 0.0000 0.0116 0.0540 0.0055
8.6 0.048 -1.08 0.0199 5.9863 0.0000 0.1021 0.0183 0.0472 0.0132 0.0000 0.0147 0.0445 0.0034
8.6 0.019 -0.88 0.0141 6.1118 0.0000 0.0741 0.0165 0.0423 0.0118 0.0000 0.0170 0.0346 0.0021
8.6 0.013 -0.77 0.0118 6.0625 0.0000 0.0619 0.0153 0.0393 0.0110 0.0000 0.0178 0.0298 0.0016
8.6 1.000 -1.64 1.0649 6.9582 0.1939 0.3452 0.0223 0.0577 0.0162 0.0000 0.0055 0.1149 0.2759
8.6 0.768 -1.54 0.1786 6.6143 0.0305 0.2827 0.0217 0.0560 0.0157 0.0000 0.0069 0.0937 0.0375
8.6 0.483 -1.40 0.0637 5.9362 0.0101 0.2044 0.0213 0.0549 0.0155 0.0000 0.0091 0.0726 0.0139
8.6 0.201 -1.14 0.0270 6.2533 0.0026 0.1284 0.0203 0.0523 0.0147 0.0000 0.0142 0.0526 0.0052
8.6 0.101 -0.94 0.0168 6.7534 0.0000 0.0879 0.0192 0.0495 0.0138 0.0000 0.0187 0.0397 0.0028
8.6 0.048 -0.73 0.0104 7.0615 0.0000 0.0561 0.0177 0.0455 0.0126 0.0000 0.0224 0.0276 0.0014
8.6 0.019 -0.49 0.0064 7.3327 0.0000 0.0340 0.0162 0.0415 0.0114 0.0000 0.0256 0.0180 0.0000
8.6 0.012 -0.36 0.0054 7.8939 0.0000 0.0276 0.0163 0.0418 0.0115 0.0000 0.0285 0.0152 0.0000
8.6 1.000 -1.39 0.9595 8.3453 0.1778 0.3439 0.0222 0.0576 0.0162 0.0000 0.0084 0.1186 0.2408
8.6 0.772 -1.30 0.1511 7.9434 0.0236 0.2736 0.0216 0.0556 0.0156 0.0000 0.0104 0.0957 0.0289
8.6 0.504 -1.17 0.0559 7.1745 0.0074 0.1906 0.0212 0.0546 0.0153 0.0000 0.0133 0.0721 0.0109
8.6 0.194 -0.88 0.0195 7.3074 0.0000 0.0968 0.0198 0.0510 0.0142 0.0000 0.0200 0.0431 0.0032
8.6 0.098 -0.67 0.0111 7.6275 0.0000 0.0589 0.0186 0.0477 0.0132 0.0000 0.0244 0.0288 0.0015
8.6 0.048 -0.46 0.0065 7.8647 0.0000 0.0345 0.0173 0.0444 0.0122 0.0000 0.0277 0.0182 0.0000
8.6 0.020 -0.23 0.0039 8.3219 0.0000 0.0196 0.0165 0.0421 0.0115 0.0000 0.0312 0.0112 0.0000
8.6 0.013 -0.07 0.0030 9.0310 0.0000 0.0142 0.0167 0.0427 0.0116 0.0011 0.0348 0.0086 0.0000
8.9 1.000 -3.96 0.0246 0.0016 0.1265 0.0141 0.0147 0.0387 0.0110 0.0000 0.0000 0.0076 0.1138
8.9 0.019 -3.96 0.0246 0.0016 0.1265 0.0141 0.0147 0.0387 0.0110 0.0000 0.0000 0.0076 0.1138
8.9 0.038 -3.96 0.0246 0.0016 0.1265 0.0141 0.0147 0.0387 0.0110 0.0000 0.0000 0.0076 0.1138
8.9 0.077 -3.96 0.0246 0.0016 0.1265 0.0141 0.0147 0.0387 0.0110 0.0000 0.0000 0.0076 0.1138
8.9 0.185 -3.96 0.0246 0.0016 0.1265 0.0141 0.0147 0.0387 0.0110 0.0000 0.0000 0.0076 0.1138
8.9 0.373 -3.96 0.0246 0.0016 0.1265 0.0141 0.0147 0.0387 0.0110 0.0000 0.0000 0.0076 0.1138
8.9 1.000 -3.96 0.0246 0.0016 0.1265 0.0141 0.0147 0.0387 0.0110 0.0000 0.0000 0.0076 0.1138
8.9 1.000 -3.96 0.0246 0.0016 0.1265 0.0141 0.0147 0.0387 0.0110 0.0000 0.0000 0.0076 0.1138
8.9 1.000 -3.68 0.0402 0.0073 0.1438 0.0289 0.0193 0.0511 0.0146 0.0000 0.0000 0.0121 0.1550
8.9 1.000 -3.68 0.0402 0.0073 0.1438 0.0289 0.0193 0.0511 0.0146 0.0000 0.0000 0.0121 0.1550
8.9 1.000 -3.68 0.0402 0.0073 0.1438 0.0289 0.0193 0.0511 0.0146 0.0000 0.0000 0.0121 0.1550
8.9 1.000 -3.68 0.0402 0.0073 0.1438 0.0289 0.0193 0.0511 0.0146 0.0000 0.0000 0.0121 0.1550
8.9 1.000 -3.68 0.0402 0.0073 0.1438 0.0289 0.0193 0.0511 0.0146 0.0000 0.0000 0.0121 0.1550
8.9 0.548 -3.68 0.0455 0.0080 0.1485 0.0295 0.0181 0.0482 0.0139 0.0000 0.0000 0.0126 0.1616
8.9 0.564 -3.68 0.0462 0.0081 0.1517 0.0301 0.0181 0.0481 0.0138 0.0000 0.0000 0.0128 0.1650
8.9 0.157 -3.68 0.0447 0.0079 0.1399 0.0278 0.0157 0.0413 0.0118 0.0000 0.0000 0.0119 0.1531
8.9 1.000 -3.39 0.0693 0.0337 0.1471 0.0541 0.0212 0.0560 0.0160 0.0000 0.0000 0.0185 0.1954
8.9 0.749 -3.39 0.0793 0.0385 0.1581 0.0583 0.0212 0.0559 0.0160 0.0000 0.0000 0.0200 0.2117
8.9 0.749 -3.39 0.0793 0.0385 0.1581 0.0583 0.0212 0.0559 0.0160 0.0000 0.0000 0.0200 0.2117
8.9 0.995 -3.39 0.0693 0.0337 0.1466 0.0540 0.0211 0.0557 0.0159 0.0000 0.0000 0.0184 0.1949
8.9 0.513 -3.38 0.0923 0.0439 0.1686 0.0619 0.0202 0.0534 0.0153 0.0000 0.0000 0.0216 0.2279
8.9 0.338 -3.38 0.1079 0.0500 0.1814 0.0659 0.0195 0.0515 0.0148 0.0000 0.0000 0.0233 0.2473
8.9 0.210 -3.38 0.1216 0.0548 0.1901 0.0685 0.0185 0.0489 0.0140 0.0000 0.0000 0.0245 0.2611
8.9 0.064 -3.38 0.1186 0.0534 0.1767 0.0638 0.0161 0.0423 0.0120 0.0000 0.0000 0.0230 0.2441
8.9 1.000 -3.15 0.2389 0.0966 0.3148 0.0993 0.0226 0.0596 0.0170 0.0000 0.0000 0.0370 0.3956
8.9 0.787 -3.12 0.1390 0.1111 0.1755 0.0957 0.0222 0.0586 0.0167 0.0000 0.0000 0.0302 0.2692
8.9 0.532 -3.09 0.1088 0.1297 0.1377 0.0943 0.0220 0.0581 0.0166 0.0000 0.0000 0.0281 0.2143
8.9 0.206 -3.04 0.1351 0.1915 0.1426 0.1097 0.0212 0.0560 0.0160 0.0000 0.0000 0.0328 0.2216
8.9 0.124 -3.03 0.1565 0.2245 0.1512 0.1179 0.0206 0.0541 0.0155 0.0000 0.0000 0.0357 0.2356
8.9 0.055 -3.02 0.1965 0.2759 0.1671 0.1298 0.0195 0.0512 0.0146 0.0000 0.0000 0.0401 0.2624
8.9 0.032 -3.02 0.2047 0.2838 0.1644 0.1273 0.0179 0.0471 0.0134 0.0000 0.0000 0.0398 0.2595
8.9 0.013 -3.02 0.1646 0.2297 0.1278 0.0996 0.0138 0.0363 0.0105 0.0000 0.0000 0.0312 0.2020
8.9 1.000 -2.86 0.3809 0.2760 0.2832 0.1523 0.0228 0.0599 0.0170 0.0000 0.0000 0.0510 0.4219
8.9 0.787 -2.81 0.1935 0.3100 0.1340 0.1427 0.0225 0.0592 0.0169 0.0000 0.0000 0.0412 0.2358
8.9 0.518 -2.74 0.0840 0.2954 0.0781 0.1230 0.0224 0.0590 0.0168 0.0000 0.0000 0.0327 0.1219
8.9 0.248 -2.67 0.0713 0.3462 0.0656 0.1255 0.0217 0.0571 0.0163 0.0000 0.0000 0.0331 0.0946
8.9 0.120 -2.63 0.0825 0.4289 0.0680 0.1376 0.0208 0.0548 0.0156 0.0000 0.0000 0.0370 0.0960
8.9 0.060 -2.61 0.0918 0.4851 0.0695 0.1433 0.0196 0.0515 0.0147 0.0000 0.0000 0.0392 0.0975
8.9 0.023 -2.59 0.1088 0.5740 0.0765 0.1587 0.0198 0.0518 0.0147 0.0000 0.0000 0.0441 0.1072
8.9 0.018 -2.59 0.0957 0.5038 0.0653 0.1356 0.0163 0.0426 0.0121 0.0000 0.0000 0.0379 0.0915
8.9 1.000 -2.58 0.5036 0.5413 0.2320 0.1916 0.0229 0.0601 0.0171 0.0000 0.0000 0.0615 0.3881
8.9 0.752 -2.49 0.1323 0.5203 0.0685 0.1577 0.0226 0.0596 0.0169 0.0000 0.0000 0.0430 0.1178
8.9 0.476 -2.39 0.0373 0.4085 0.0317 0.1261 0.0224 0.0590 0.0168 0.0000 0.0000 0.0320 0.0443
8.9 0.193 -2.24 0.0276 0.4789 0.0230 0.1286 0.0216 0.0569 0.0162 0.0000 0.0000 0.0332 0.0295
8.9 0.099 -2.17 0.0306 0.5797 0.0228 0.1395 0.0207 0.0545 0.0155 0.0000 0.0000 0.0371 0.0289
8.9 0.057 -2.13 0.0331 0.6516 0.0232 0.1474 0.0204 0.0535 0.0152 0.0000 0.0000 0.0399 0.0292
8.9 0.022 -2.10 0.0329 0.6658 0.0212 0.1400 0.0177 0.0465 0.0132 0.0000 0.0000 0.0387 0.0266
8.9 0.014 -2.08 0.0295 0.6036 0.0183 0.1225 0.0149 0.0391 0.0111 0.0000 0.0000 0.0342 0.0230
8.9 1.000 -2.32 0.5784 0.9146 0.1965 0.2247 0.0229 0.0601 0.0170 0.0000 0.0000 0.0723 0.3465
8.9 0.732 -2.21 0.0849 0.7468 0.0395 0.1683 0.0226 0.0594 0.0169 0.0000 0.0000 0.0468 0.0619
8.9 0.480 -2.09 0.0243 0.5714 0.0173 0.1340 0.0223 0.0589 0.0167 0.0000 0.0000 0.0361 0.0234
8.9 0.200 -1.89 0.0135 0.6196 0.0093 0.1252 0.0215 0.0567 0.0161 0.0000 0.0000 0.0355 0.0125
8.9 0.101 -1.77 0.0128 0.7244 0.0077 0.1282 0.0208 0.0546 0.0155 0.0000 0.0000 0.0383 0.0107
8.9 0.048 -1.67 0.0127 0.8107 0.0066 0.1269 0.0192 0.0503 0.0143 0.0000 0.0000 0.0398 0.0095
8.9 0.022 -1.60 0.0128 0.8715 0.0060 0.1258 0.0180 0.0470 0.0133 0.0000 0.0000 0.0407 0.0089
8.9 0.014 -1.57 0.0122 0.8577 0.0055 0.1183 0.0164 0.0427 0.0121 0.0000 0.0000 0.0390 0.0082
8.9 1.000 -2.07 0.6128 1.4429 0.1740 0.2556 0.0228 0.0600 0.0170 0.0000 0.0000 0.0849 0.3081
8.9 0.735 -1.96 0.0707 1.0993 0.0289 0.1852 0.0225 0.0591 0.0167 0.0000 0.0000 0.0555 0.0424
8.9 0.474 -1.83 0.0190 0.8197 0.0110 0.1399 0.0222 0.0585 0.0166 0.0000 0.0000 0.0421 0.0152
8.9 0.197 -1.59 0.0090 0.8800 0.0045 0.1179 0.0216 0.0567 0.0161 0.0000 0.0000 0.0397 0.0072
8.9 0.098 -1.42 0.0077 1.0341 0.0029 0.1095 0.0203 0.0531 0.0151 0.0000 0.0011 0.0411 0.0054
8.9 0.047 -1.27 0.0072 1.2119 0.0012 0.1027 0.0190 0.0497 0.0141 0.0000 0.0016 0.0425 0.0044
8.9 0.019 -1.15 0.0068 1.3431 0.0000 0.0945 0.0174 0.0453 0.0128 0.0000 0.0020 0.0423 0.0038
8.9 0.014 -1.10 0.0067 1.3983 0.0000 0.0906 0.0165 0.0430 0.0121 0.0000 0.0022 0.0420 0.0035
8.9 1.000 -1.83 0.6152 2.1468 0.1591 0.2850 0.0228 0.0598 0.0169 0.0000 0.0000 0.0990 0.2742
8.9 0.716 -1.70 0.0550 1.5418 0.0206 0.1954 0.0223 0.0587 0.0165 0.0000 0.0000 0.0642 0.0288
8.9 0.446 -1.56 0.0151 1.1720 0.0070 0.1391 0.0220 0.0577 0.0163 0.0000 0.0011 0.0480 0.0103
8.9 0.185 -1.30 0.0070 1.2798 0.0023 0.1033 0.0209 0.0548 0.0155 0.0000 0.0020 0.0425 0.0046
8.9 0.090 -1.11 0.0056 1.5549 0.0000 0.0867 0.0197 0.0515 0.0145 0.0000 0.0031 0.0418 0.0032
8.9 0.005 -0.61 0.0040 2.4179 0.0000 0.0534 0.0167 0.0431 0.0120 0.0000 0.0072 0.0360 0.0016
8.9 0.002 -0.57 0.0041 2.5681 0.0000 0.0535 0.0170 0.0439 0.0122 0.0000 0.0078 0.0366 0.0016
8.9 0.001 -0.56 0.0042 2.7245 0.0000 0.0551 0.0176 0.0454 0.0126 0.0000 0.0084 0.0380 0.0016
8.9 1.000 -1.58 0.6058 3.0363 0.1477 0.3127 0.0227 0.0597 0.0168 0.0000 0.0014 0.1147 0.2451
8.9 0.707 -1.45 0.0495 2.1807 0.0156 0.2066 0.0222 0.0582 0.0164 0.0000 0.0018 0.0752 0.0220
8.9 0.455 -1.31 0.0153 1.7180 0.0053 0.1427 0.0218 0.0571 0.0161 0.0000 0.0023 0.0562 0.0085
8.9 0.187 -1.05 0.0063 1.8477 0.0000 0.0914 0.0206 0.0539 0.0151 0.0000 0.0041 0.0448 0.0035
8.9 0.096 -0.86 0.0047 2.1750 0.0000 0.0691 0.0195 0.0509 0.0142 0.0000 0.0059 0.0399 0.0023
8.9 0.045 -0.65 0.0035 2.5426 0.0000 0.0490 0.0180 0.0470 0.0130 0.0000 0.0083 0.0332 0.0014
8.9 0.018 -0.43 0.0027 2.9381 0.0000 0.0347 0.0168 0.0436 0.0120 0.0000 0.0109 0.0267 0.0000
8.9 0.013 -0.30 0.0024 3.2453 0.0000 0.0293 0.0165 0.0428 0.0117 0.0000 0.0127 0.0238 0.0000
8.9 1.000 -1.33 0.5822 4.0933 0.1397 0.3346 0.0227 0.0595 0.0167 0.0000 0.0027 0.1302 0.2208
8.9 0.707 -1.21 0.0480 3.0442 0.0126 0.2160 0.0220 0.0577 0.0162 0.0000 0.0034 0.0873 0.0183
8.9 0.446 -1.06 0.0149 2.4471 0.0037 0.1393 0.0215 0.0564 0.0158 0.0000 0.0044 0.0631 0.0069
8.9 0.180 -0.79 0.0059 2.6161 0.0000 0.0783 0.0204 0.0533 0.0149 0.0000 0.0072 0.0454 0.0026
8.9 0.089 -0.58 0.0037 2.9234 0.0000 0.0496 0.0189 0.0493 0.0136 0.0000 0.0099 0.0341 0.0015
8.9 0.047 -0.40 0.0027 3.2879 0.0000 0.0342 0.0181 0.0469 0.0128 0.0000 0.0126 0.0265 0.0000
8.9 0.018 -0.15 0.0010 3.8437 0.0000 0.0211 0.0172 0.0445 0.0121 0.0000 0.0164 0.0184 0.0000
