#Cloudy 17.00 models results grids
# O/H: 7.1 - 8.9, log U: -4.0 - -1.5, T*: 30 - 140 kK
# SED: WM-Basic (Pauldrach et al 2001 (30-60 kK), Rauch (80-120 kK)) 
#spherical geometry
#
12+log(O/H) Teff log(Usp) OII_3727 OIII_5007 SII_6717,31 SIII_9069 He1_4471 He1_5876 HeI_6678 HeII_4686 ArIV_4740 ArIII_7135
7.1 30000 -3.99 0.2724 0.0000 0.1050 0.0000 0.0000 0.0025 0.0000 0.0000 0.0000 0.0000
7.1 30000 -3.75 0.3289 0.0000 0.1085 0.0012 0.0011 0.0027 0.0000 0.0000 0.0000 0.0000
7.1 30000 -3.52 0.3714 0.0000 0.1008 0.0027 0.0011 0.0030 0.0000 0.0000 0.0000 0.0000
7.1 30000 -3.28 0.4297 0.0000 0.0947 0.0047 0.0012 0.0031 0.0000 0.0000 0.0000 0.0000
7.1 30000 -3.04 0.4708 0.0000 0.0807 0.0074 0.0013 0.0033 0.0000 0.0000 0.0000 0.0000
7.1 30000 -2.80 0.4870 0.0000 0.0624 0.0102 0.0014 0.0037 0.0011 0.0000 0.0000 0.0000
7.1 30000 -2.55 0.4832 0.0017 0.0464 0.0121 0.0017 0.0045 0.0013 0.0000 0.0000 0.0000
7.1 30000 -2.30 0.4712 0.0051 0.0340 0.0133 0.0022 0.0057 0.0016 0.0000 0.0000 0.0011
7.1 30000 -2.04 0.4572 0.0121 0.0249 0.0139 0.0027 0.0071 0.0020 0.0000 0.0000 0.0013
7.1 30000 -1.79 0.4423 0.0221 0.0184 0.0143 0.0034 0.0088 0.0025 0.0000 0.0000 0.0016
7.1 30000 -1.54 0.4252 0.0353 0.0136 0.0144 0.0041 0.0106 0.0030 0.0000 0.0000 0.0020
7.1 32500 -3.99 0.3652 0.0000 0.1331 0.0016 0.0026 0.0068 0.0019 0.0000 0.0000 0.0000
7.1 32500 -3.75 0.4433 0.0000 0.1349 0.0028 0.0029 0.0075 0.0021 0.0000 0.0000 0.0000
7.1 32500 -3.52 0.5489 0.0000 0.1308 0.0058 0.0040 0.0103 0.0029 0.0000 0.0000 0.0013
7.1 32500 -3.28 0.6625 0.0000 0.1194 0.0097 0.0042 0.0107 0.0030 0.0000 0.0000 0.0016
7.1 32500 -3.06 0.7769 0.0024 0.1006 0.0145 0.0044 0.0114 0.0032 0.0000 0.0000 0.0020
7.1 32500 -2.80 0.8701 0.0100 0.0761 0.0197 0.0049 0.0127 0.0036 0.0000 0.0000 0.0026
7.1 32500 -2.56 0.9073 0.0285 0.0571 0.0232 0.0057 0.0148 0.0042 0.0000 0.0000 0.0033
7.1 32500 -2.30 0.9109 0.0613 0.0427 0.0256 0.0068 0.0177 0.0050 0.0000 0.0000 0.0041
7.1 32500 -2.05 0.8942 0.1070 0.0320 0.0274 0.0081 0.0211 0.0060 0.0000 0.0000 0.0052
7.1 32500 -1.80 0.8631 0.1626 0.0244 0.0287 0.0096 0.0248 0.0070 0.0000 0.0000 0.0063
7.1 32500 -1.55 0.8152 0.2331 0.0185 0.0297 0.0111 0.0288 0.0081 0.0000 0.0000 0.0076
7.1 35000 -4.00 0.4371 0.0000 0.1463 0.0032 0.0062 0.0159 0.0045 0.0000 0.0000 0.0016
7.1 35000 -3.75 0.5310 0.0000 0.1424 0.0054 0.0069 0.0179 0.0051 0.0000 0.0000 0.0021
7.1 35000 -3.52 0.6687 0.0022 0.1318 0.0100 0.0109 0.0280 0.0079 0.0000 0.0000 0.0039
7.1 35000 -3.27 0.8167 0.0086 0.1131 0.0156 0.0115 0.0294 0.0083 0.0000 0.0000 0.0050
7.1 35000 -3.04 0.9374 0.0187 0.0935 0.0203 0.0081 0.0210 0.0060 0.0000 0.0000 0.0042
7.1 35000 -2.80 1.0727 0.1022 0.0681 0.0283 0.0131 0.0335 0.0094 0.0000 0.0000 0.0081
7.1 35000 -2.56 1.0783 0.2188 0.0511 0.0331 0.0145 0.0373 0.0104 0.0000 0.0000 0.0100
7.1 35000 -2.30 1.0259 0.3588 0.0381 0.0368 0.0163 0.0419 0.0117 0.0000 0.0000 0.0119
7.1 35000 -2.05 0.9409 0.5111 0.0288 0.0396 0.0180 0.0464 0.0129 0.0000 0.0000 0.0138
7.1 35000 -1.80 0.8389 0.6686 0.0221 0.0416 0.0192 0.0497 0.0138 0.0000 0.0000 0.0154
7.1 35000 -1.55 0.7284 0.8317 0.0172 0.0432 0.0198 0.0514 0.0143 0.0000 0.0000 0.0165
7.1 37500 -4.00 0.4749 0.0011 0.1440 0.0052 0.0141 0.0362 0.0102 0.0000 0.0000 0.0040
7.1 37500 -3.75 0.5768 0.0038 0.1326 0.0085 0.0157 0.0402 0.0114 0.0000 0.0000 0.0053
7.1 37500 -3.52 0.7066 0.0114 0.1164 0.0137 0.0179 0.0457 0.0129 0.0000 0.0000 0.0071
7.1 37500 -3.27 0.8384 0.0430 0.0932 0.0200 0.0188 0.0482 0.0135 0.0000 0.0000 0.0090
7.1 37500 -3.04 0.9217 0.1405 0.0701 0.0267 0.0195 0.0500 0.0140 0.0000 0.0000 0.0110
7.1 37500 -2.80 0.8947 0.3277 0.0513 0.0327 0.0201 0.0515 0.0144 0.0000 0.0000 0.0130
7.1 37500 -2.55 0.7997 0.5434 0.0376 0.0373 0.0204 0.0525 0.0147 0.0000 0.0000 0.0147
7.1 37500 -2.30 0.6904 0.7465 0.0284 0.0405 0.0206 0.0530 0.0148 0.0000 0.0000 0.0160
7.1 37500 -2.05 0.5830 0.9349 0.0220 0.0426 0.0206 0.0532 0.0148 0.0000 0.0000 0.0169
7.1 37500 -1.80 0.4834 1.1135 0.0175 0.0440 0.0206 0.0532 0.0148 0.0000 0.0000 0.0177
7.1 37500 -1.55 0.3997 1.2775 0.0144 0.0447 0.0205 0.0531 0.0148 0.0000 0.0000 0.0182
7.1 40000 -4.00 0.5228 0.0067 0.1431 0.0086 0.0210 0.0539 0.0152 0.0000 0.0000 0.0071
7.1 40000 -3.75 0.6221 0.0243 0.1222 0.0130 0.0213 0.0546 0.0154 0.0000 0.0000 0.0085
7.1 40000 -3.51 0.7299 0.0501 0.0987 0.0184 0.0212 0.0542 0.0153 0.0000 0.0000 0.0097
7.1 40000 -3.27 0.7793 0.1619 0.0743 0.0248 0.0213 0.0544 0.0153 0.0000 0.0000 0.0115
7.1 40000 -3.03 0.7079 0.4015 0.0532 0.0313 0.0212 0.0544 0.0152 0.0000 0.0000 0.0134
7.1 40000 -2.79 0.5816 0.6825 0.0389 0.0365 0.0212 0.0543 0.0152 0.0000 0.0000 0.0151
7.1 40000 -2.54 0.4670 0.9408 0.0293 0.0400 0.0210 0.0541 0.0151 0.0000 0.0000 0.0164
7.1 40000 -2.29 0.3773 1.1564 0.0231 0.0418 0.0209 0.0539 0.0150 0.0000 0.0000 0.0173
7.1 40000 -2.04 0.3081 1.3415 0.0191 0.0425 0.0208 0.0536 0.0149 0.0000 0.0000 0.0179
7.1 40000 -1.78 0.2508 1.5198 0.0161 0.0423 0.0206 0.0532 0.0148 0.0000 0.0011 0.0182
7.1 40000 -1.53 0.2077 1.6796 0.0140 0.0414 0.0203 0.0528 0.0146 0.0000 0.0016 0.0182
7.1 45000 -4.00 0.5445 0.0103 0.1438 0.0100 0.0224 0.0572 0.0162 0.0000 0.0000 0.0078
7.1 45000 -3.75 0.6408 0.0367 0.1201 0.0148 0.0223 0.0570 0.0161 0.0000 0.0000 0.0092
7.1 45000 -3.51 0.7433 0.0761 0.0919 0.0206 0.0219 0.0560 0.0158 0.0000 0.0000 0.0106
7.1 45000 -3.26 0.7507 0.2345 0.0678 0.0271 0.0217 0.0556 0.0157 0.0000 0.0000 0.0123
7.1 45000 -3.02 0.6385 0.5119 0.0487 0.0331 0.0216 0.0552 0.0155 0.0000 0.0000 0.0140
7.1 45000 -2.78 0.5035 0.8174 0.0357 0.0379 0.0214 0.0548 0.0153 0.0000 0.0000 0.0155
7.1 45000 -2.54 0.4017 1.0776 0.0278 0.0406 0.0212 0.0545 0.0152 0.0000 0.0000 0.0164
7.1 45000 -2.29 0.3236 1.2994 0.0226 0.0417 0.0210 0.0542 0.0151 0.0000 0.0011 0.0167
7.1 45000 -2.03 0.2622 1.4966 0.0189 0.0416 0.0208 0.0538 0.0150 0.0000 0.0018 0.0166
7.1 45000 -1.78 0.2151 1.6742 0.0165 0.0407 0.0206 0.0533 0.0148 0.0000 0.0027 0.0162
7.1 45000 -1.53 0.1788 1.8341 0.0147 0.0391 0.0204 0.0528 0.0147 0.0000 0.0036 0.0156
7.1 50000 -4.00 0.5479 0.0156 0.1492 0.0105 0.0233 0.0597 0.0169 0.0000 0.0000 0.0084
7.1 50000 -3.75 0.6319 0.0549 0.1235 0.0153 0.0229 0.0586 0.0165 0.0000 0.0000 0.0097
7.1 50000 -3.51 0.7045 0.1270 0.0932 0.0213 0.0223 0.0569 0.0161 0.0000 0.0000 0.0111
7.1 50000 -3.27 0.6491 0.3362 0.0689 0.0275 0.0219 0.0561 0.0158 0.0000 0.0000 0.0126
7.1 50000 -3.02 0.5073 0.6421 0.0495 0.0332 0.0216 0.0554 0.0155 0.0000 0.0000 0.0142
7.1 50000 -2.78 0.3836 0.9453 0.0367 0.0370 0.0213 0.0547 0.0153 0.0000 0.0000 0.0153
7.1 50000 -2.54 0.3013 1.1940 0.0291 0.0385 0.0211 0.0542 0.0152 0.0011 0.0012 0.0156
7.1 50000 -2.28 0.2403 1.4082 0.0240 0.0383 0.0209 0.0537 0.0150 0.0015 0.0020 0.0154
7.1 50000 -2.07 0.2017 1.5628 0.0210 0.0374 0.0206 0.0532 0.0148 0.0019 0.0028 0.0149
7.1 50000 -1.82 0.1654 1.7305 0.0183 0.0355 0.0203 0.0526 0.0146 0.0027 0.0038 0.0142
7.1 50000 -1.52 0.1341 1.9021 0.0161 0.0329 0.0200 0.0517 0.0144 0.0041 0.0051 0.0131
7.1 55000 -4.00 0.5625 0.0122 0.1419 0.0117 0.0237 0.0608 0.0172 0.0000 0.0000 0.0090
7.1 55000 -3.75 0.6580 0.0431 0.1158 0.0166 0.0231 0.0593 0.0168 0.0000 0.0000 0.0102
7.1 55000 -3.51 0.7074 0.1393 0.0898 0.0222 0.0226 0.0579 0.0164 0.0000 0.0000 0.0115
7.1 55000 -3.26 0.6369 0.3695 0.0656 0.0284 0.0221 0.0567 0.0160 0.0000 0.0000 0.0130
7.1 55000 -3.02 0.4927 0.6806 0.0476 0.0338 0.0217 0.0558 0.0157 0.0000 0.0000 0.0146
7.1 55000 -2.78 0.3742 0.9848 0.0359 0.0374 0.0214 0.0550 0.0154 0.0000 0.0000 0.0157
7.1 55000 -2.54 0.2951 1.2415 0.0287 0.0386 0.0211 0.0545 0.0152 0.0000 0.0011 0.0161
7.1 55000 -2.29 0.2372 1.4607 0.0240 0.0383 0.0209 0.0539 0.0151 0.0000 0.0019 0.0160
7.1 55000 -2.09 0.2017 1.6133 0.0212 0.0375 0.0206 0.0535 0.0149 0.0000 0.0027 0.0157
7.1 55000 -1.78 0.1594 1.8233 0.0182 0.0354 0.0203 0.0527 0.0147 0.0011 0.0039 0.0149
7.1 55000 -1.53 0.1340 1.9724 0.0163 0.0332 0.0200 0.0521 0.0145 0.0016 0.0049 0.0140
7.1 60000 -4.00 0.5594 0.0189 0.1562 0.0104 0.0239 0.0610 0.0173 0.0000 0.0000 0.0092
7.1 60000 -3.75 0.6381 0.0648 0.1299 0.0151 0.0231 0.0590 0.0167 0.0000 0.0000 0.0103
7.1 60000 -3.50 0.6473 0.1983 0.1019 0.0209 0.0224 0.0572 0.0161 0.0013 0.0000 0.0116
7.1 60000 -3.27 0.5442 0.4469 0.0764 0.0269 0.0218 0.0557 0.0156 0.0014 0.0000 0.0130
7.1 60000 -3.02 0.3993 0.7649 0.0551 0.0321 0.0213 0.0544 0.0152 0.0016 0.0000 0.0143
7.1 60000 -2.78 0.3016 1.0462 0.0420 0.0346 0.0208 0.0534 0.0149 0.0017 0.0000 0.0147
7.1 60000 -2.53 0.2361 1.2925 0.0334 0.0349 0.0205 0.0526 0.0147 0.0021 0.0020 0.0144
7.1 60000 -2.28 0.1903 1.4967 0.0278 0.0338 0.0202 0.0518 0.0144 0.0026 0.0031 0.0137
7.1 60000 -2.10 0.1638 1.6293 0.0248 0.0326 0.0199 0.0512 0.0142 0.0032 0.0039 0.0131
7.1 60000 -1.78 0.1298 1.8252 0.0208 0.0300 0.0194 0.0501 0.0139 0.0047 0.0054 0.0120
7.1 60000 -1.53 0.1097 1.9594 0.0185 0.0277 0.0191 0.0492 0.0136 0.0064 0.0065 0.0110
7.1 80000 -4.00 0.5420 0.0285 0.1698 0.0111 0.0257 0.0656 0.0185 0.0016 0.0000 0.0097
7.1 80000 -3.76 0.5951 0.0933 0.1395 0.0156 0.0242 0.0617 0.0174 0.0021 0.0000 0.0106
7.1 80000 -3.51 0.5615 0.2572 0.1095 0.0209 0.0229 0.0585 0.0165 0.0026 0.0000 0.0117
7.1 80000 -3.27 0.4405 0.5147 0.0833 0.0260 0.0219 0.0560 0.0157 0.0029 0.0000 0.0128
7.1 80000 -3.03 0.3121 0.8150 0.0620 0.0292 0.0211 0.0541 0.0151 0.0031 0.0000 0.0134
7.1 80000 -2.80 0.2338 1.0771 0.0491 0.0292 0.0205 0.0526 0.0147 0.0034 0.0017 0.0129
7.1 80000 -2.56 0.1853 1.3068 0.0410 0.0277 0.0200 0.0515 0.0143 0.0040 0.0030 0.0120
7.1 80000 -2.31 0.1544 1.4951 0.0356 0.0257 0.0196 0.0505 0.0140 0.0050 0.0043 0.0111
7.1 80000 -2.07 0.1338 1.6536 0.0316 0.0235 0.0192 0.0495 0.0137 0.0064 0.0055 0.0101
7.1 80000 -1.82 0.1191 1.7931 0.0284 0.0212 0.0188 0.0485 0.0133 0.0084 0.0066 0.0092
7.1 80000 -1.58 0.1086 1.9119 0.0259 0.0191 0.0184 0.0474 0.0130 0.0110 0.0077 0.0083
7.1 100000 -4.00 0.5276 0.0342 0.1843 0.0111 0.0251 0.0640 0.0181 0.0392 0.0000 0.0099
7.1 100000 -3.76 0.5675 0.1107 0.1496 0.0153 0.0224 0.0571 0.0161 0.0510 0.0000 0.0107
7.1 100000 -3.52 0.5134 0.2919 0.1159 0.0203 0.0201 0.0512 0.0144 0.0632 0.0000 0.0116
7.1 100000 -3.28 0.3926 0.5356 0.0870 0.0248 0.0184 0.0470 0.0132 0.0715 0.0000 0.0124
7.1 100000 -3.04 0.2826 0.7550 0.0641 0.0266 0.0172 0.0440 0.0123 0.0763 0.0012 0.0121
7.1 100000 -2.81 0.2161 0.8750 0.0507 0.0257 0.0163 0.0416 0.0116 0.0814 0.0024 0.0111
7.1 100000 -2.57 0.1733 0.9451 0.0421 0.0239 0.0153 0.0392 0.0109 0.0896 0.0033 0.0102
7.1 100000 -2.33 0.1455 0.9813 0.0362 0.0219 0.0143 0.0366 0.0102 0.1004 0.0040 0.0093
7.1 100000 -2.09 0.1267 0.9848 0.0318 0.0198 0.0132 0.0339 0.0094 0.1136 0.0045 0.0084
7.1 100000 -1.85 0.1134 0.9570 0.0283 0.0178 0.0121 0.0310 0.0086 0.1289 0.0048 0.0075
7.1 100000 -1.60 0.1037 0.9035 0.0255 0.0158 0.0109 0.0280 0.0078 0.1454 0.0050 0.0067
7.1 120000 -4.00 0.5186 0.0348 0.1925 0.0109 0.0249 0.0635 0.0179 0.0542 0.0000 0.0099
7.1 120000 -3.76 0.5560 0.1125 0.1559 0.0150 0.0217 0.0555 0.0156 0.0697 0.0000 0.0106
7.1 120000 -3.52 0.4997 0.2947 0.1205 0.0199 0.0190 0.0485 0.0136 0.0863 0.0000 0.0115
7.1 120000 -3.28 0.3796 0.5310 0.0898 0.0242 0.0170 0.0433 0.0122 0.0988 0.0000 0.0122
7.1 120000 -3.04 0.2731 0.7174 0.0654 0.0255 0.0155 0.0397 0.0111 0.1065 0.0013 0.0117
7.1 120000 -2.82 0.2099 0.7936 0.0514 0.0242 0.0145 0.0370 0.0103 0.1133 0.0025 0.0105
7.1 120000 -2.58 0.1688 0.8281 0.0424 0.0222 0.0134 0.0342 0.0095 0.1229 0.0033 0.0095
7.1 120000 -2.34 0.1419 0.8346 0.0362 0.0202 0.0123 0.0314 0.0087 0.1353 0.0038 0.0085
7.1 120000 -2.10 0.1238 0.8133 0.0316 0.0182 0.0111 0.0284 0.0079 0.1499 0.0041 0.0076
7.1 120000 -1.86 0.1108 0.7662 0.0280 0.0161 0.0099 0.0253 0.0070 0.1663 0.0043 0.0068
7.1 120000 -1.62 0.1011 0.7009 0.0250 0.0143 0.0087 0.0222 0.0062 0.1833 0.0043 0.0060
7.4 30000 -3.99 0.4743 0.0000 0.1951 0.0013 0.0000 0.0025 0.0000 0.0000 0.0000 0.0000
7.4 30000 -3.74 0.5693 0.0000 0.2009 0.0023 0.0011 0.0028 0.0000 0.0000 0.0000 0.0000
7.4 30000 -3.51 0.6381 0.0000 0.1863 0.0050 0.0012 0.0030 0.0000 0.0000 0.0000 0.0000
7.4 30000 -3.27 0.7271 0.0000 0.1738 0.0086 0.0012 0.0031 0.0000 0.0000 0.0000 0.0000
7.4 30000 -3.04 0.7823 0.0000 0.1472 0.0134 0.0013 0.0033 0.0010 0.0000 0.0000 0.0000
7.4 30000 -2.79 0.7978 0.0000 0.1131 0.0183 0.0015 0.0038 0.0011 0.0000 0.0000 0.0000
7.4 30000 -2.54 0.7859 0.0028 0.0840 0.0218 0.0018 0.0046 0.0013 0.0000 0.0000 0.0011
7.4 30000 -2.29 0.7644 0.0082 0.0616 0.0239 0.0022 0.0057 0.0017 0.0000 0.0000 0.0013
7.4 30000 -2.03 0.7410 0.0193 0.0452 0.0251 0.0028 0.0072 0.0021 0.0000 0.0000 0.0017
7.4 30000 -1.78 0.7170 0.0352 0.0335 0.0257 0.0034 0.0090 0.0025 0.0000 0.0000 0.0022
7.4 30000 -1.53 0.6906 0.0562 0.0247 0.0260 0.0042 0.0109 0.0031 0.0000 0.0000 0.0028
7.4 32500 -3.99 0.6449 0.0000 0.2490 0.0029 0.0027 0.0068 0.0020 0.0000 0.0000 0.0000
7.4 32500 -3.74 0.7767 0.0000 0.2512 0.0052 0.0029 0.0075 0.0022 0.0000 0.0000 0.0012
7.4 32500 -3.51 0.9562 0.0000 0.2435 0.0107 0.0040 0.0104 0.0030 0.0000 0.0000 0.0019
7.4 32500 -3.28 1.1380 0.0012 0.2211 0.0177 0.0042 0.0108 0.0031 0.0000 0.0000 0.0023
7.4 32500 -3.05 1.3108 0.0041 0.1853 0.0264 0.0045 0.0115 0.0033 0.0000 0.0000 0.0028
7.4 32500 -2.79 1.4408 0.0162 0.1390 0.0355 0.0050 0.0128 0.0036 0.0000 0.0000 0.0036
7.4 32500 -2.55 1.4854 0.0453 0.1039 0.0416 0.0058 0.0149 0.0042 0.0000 0.0000 0.0045
7.4 32500 -2.29 1.4846 0.0967 0.0776 0.0459 0.0069 0.0177 0.0050 0.0000 0.0000 0.0056
7.4 32500 -2.04 1.4561 0.1683 0.0582 0.0491 0.0082 0.0212 0.0060 0.0000 0.0000 0.0070
7.4 32500 -1.79 1.4086 0.2552 0.0442 0.0513 0.0097 0.0250 0.0071 0.0000 0.0000 0.0086
7.4 32500 -1.54 1.3373 0.3657 0.0336 0.0530 0.0112 0.0291 0.0081 0.0000 0.0000 0.0104
7.4 35000 -3.99 0.7859 0.0000 0.2764 0.0059 0.0062 0.0159 0.0045 0.0000 0.0000 0.0023
7.4 35000 -3.74 0.9481 0.0000 0.2682 0.0101 0.0070 0.0179 0.0051 0.0000 0.0000 0.0030
7.4 35000 -3.51 1.1904 0.0040 0.2486 0.0187 0.0110 0.0282 0.0080 0.0000 0.0000 0.0058
7.4 35000 -3.27 1.4330 0.0151 0.2122 0.0290 0.0115 0.0296 0.0083 0.0000 0.0000 0.0073
7.4 35000 -3.03 1.6031 0.0318 0.1735 0.0373 0.0082 0.0211 0.0060 0.0000 0.0000 0.0061
7.4 35000 -2.79 1.8222 0.1705 0.1261 0.0518 0.0131 0.0337 0.0095 0.0000 0.0000 0.0115
7.4 35000 -2.55 1.8157 0.3584 0.0940 0.0601 0.0146 0.0375 0.0105 0.0000 0.0000 0.0140
7.4 35000 -2.29 1.7246 0.5832 0.0701 0.0663 0.0164 0.0421 0.0118 0.0000 0.0000 0.0167
7.4 35000 -2.04 1.5863 0.8299 0.0527 0.0711 0.0181 0.0466 0.0130 0.0000 0.0000 0.0194
7.4 35000 -1.79 1.4221 1.0884 0.0404 0.0747 0.0194 0.0501 0.0140 0.0000 0.0000 0.0217
7.4 35000 -1.54 1.2436 1.3603 0.0314 0.0775 0.0200 0.0518 0.0144 0.0000 0.0000 0.0233
7.4 37500 -3.99 0.8687 0.0020 0.2751 0.0099 0.0141 0.0362 0.0103 0.0000 0.0000 0.0061
7.4 37500 -3.74 1.0496 0.0070 0.2528 0.0161 0.0157 0.0403 0.0114 0.0000 0.0000 0.0079
7.4 37500 -3.51 1.2777 0.0207 0.2217 0.0258 0.0179 0.0459 0.0129 0.0000 0.0000 0.0107
7.4 37500 -3.27 1.4966 0.0768 0.1770 0.0375 0.0189 0.0485 0.0136 0.0000 0.0000 0.0134
7.4 37500 -3.03 1.6225 0.2460 0.1323 0.0497 0.0197 0.0504 0.0141 0.0000 0.0000 0.0163
7.4 37500 -2.79 1.5571 0.5628 0.0959 0.0604 0.0203 0.0519 0.0145 0.0000 0.0000 0.0190
7.4 37500 -2.54 1.3846 0.9207 0.0701 0.0683 0.0206 0.0529 0.0148 0.0000 0.0000 0.0213
7.4 37500 -2.29 1.1960 1.2575 0.0525 0.0737 0.0208 0.0535 0.0149 0.0000 0.0000 0.0230
7.4 37500 -2.04 1.0141 1.5737 0.0407 0.0775 0.0209 0.0537 0.0150 0.0000 0.0000 0.0243
7.4 37500 -1.79 0.8454 1.8780 0.0325 0.0798 0.0208 0.0538 0.0150 0.0000 0.0000 0.0253
7.4 37500 -1.54 0.7033 2.1635 0.0268 0.0811 0.0207 0.0537 0.0150 0.0000 0.0000 0.0261
7.4 40000 -4.00 0.9814 0.0127 0.2776 0.0165 0.0211 0.0541 0.0153 0.0000 0.0000 0.0109
7.4 40000 -3.75 1.1642 0.0455 0.2372 0.0250 0.0214 0.0549 0.0155 0.0000 0.0000 0.0130
7.4 40000 -3.51 1.3505 0.0926 0.1907 0.0352 0.0213 0.0545 0.0154 0.0000 0.0000 0.0148
7.4 40000 -3.27 1.4294 0.2957 0.1433 0.0472 0.0214 0.0548 0.0154 0.0000 0.0000 0.0174
7.4 40000 -3.02 1.2872 0.7226 0.1019 0.0591 0.0214 0.0548 0.0154 0.0000 0.0000 0.0201
7.4 40000 -2.78 1.0516 1.2123 0.0740 0.0684 0.0214 0.0548 0.0153 0.0000 0.0000 0.0224
7.4 40000 -2.53 0.8429 1.6552 0.0554 0.0745 0.0213 0.0546 0.0153 0.0000 0.0000 0.0242
7.4 40000 -2.28 0.6826 2.0268 0.0437 0.0775 0.0212 0.0545 0.0152 0.0000 0.0000 0.0254
7.4 40000 -2.03 0.5595 2.3508 0.0361 0.0785 0.0210 0.0542 0.0151 0.0000 0.0000 0.0262
7.4 40000 -1.77 0.4573 2.6703 0.0305 0.0781 0.0209 0.0539 0.0150 0.0000 0.0015 0.0267
7.4 40000 -1.52 0.3803 2.9629 0.0266 0.0764 0.0207 0.0535 0.0149 0.0000 0.0022 0.0267
7.4 45000 -4.00 1.0320 0.0195 0.2807 0.0194 0.0225 0.0575 0.0163 0.0000 0.0000 0.0121
7.4 45000 -3.75 1.2112 0.0693 0.2344 0.0286 0.0224 0.0573 0.0162 0.0000 0.0000 0.0142
7.4 45000 -3.50 1.3915 0.1422 0.1789 0.0398 0.0220 0.0563 0.0159 0.0000 0.0000 0.0163
7.4 45000 -3.26 1.3956 0.4333 0.1315 0.0519 0.0219 0.0560 0.0158 0.0000 0.0000 0.0188
7.4 45000 -3.02 1.1806 0.9354 0.0939 0.0631 0.0218 0.0557 0.0156 0.0000 0.0000 0.0212
7.4 45000 -2.77 0.9274 1.4769 0.0686 0.0717 0.0216 0.0554 0.0155 0.0000 0.0000 0.0233
7.4 45000 -2.53 0.7386 1.9311 0.0532 0.0764 0.0215 0.0551 0.0154 0.0000 0.0000 0.0244
7.4 45000 -2.28 0.5956 2.3198 0.0431 0.0781 0.0213 0.0548 0.0153 0.0000 0.0016 0.0248
7.4 45000 -2.02 0.4840 2.6713 0.0362 0.0777 0.0212 0.0545 0.0152 0.0000 0.0025 0.0247
7.4 45000 -1.77 0.3980 2.9937 0.0314 0.0758 0.0210 0.0541 0.0151 0.0000 0.0037 0.0242
7.4 45000 -1.52 0.3318 3.2906 0.0280 0.0729 0.0207 0.0537 0.0150 0.0000 0.0050 0.0233
7.4 50000 -4.00 1.0450 0.0299 0.2922 0.0204 0.0235 0.0600 0.0170 0.0000 0.0000 0.0130
7.4 50000 -3.75 1.2024 0.1043 0.2419 0.0297 0.0230 0.0589 0.0166 0.0000 0.0000 0.0150
7.4 50000 -3.51 1.3304 0.2392 0.1821 0.0412 0.0224 0.0573 0.0162 0.0000 0.0000 0.0170
7.4 50000 -3.26 1.2214 0.6279 0.1344 0.0530 0.0221 0.0565 0.0159 0.0000 0.0000 0.0194
7.4 50000 -3.02 0.9514 1.1878 0.0962 0.0637 0.0218 0.0559 0.0157 0.0000 0.0000 0.0216
7.4 50000 -2.77 0.7178 1.7315 0.0710 0.0706 0.0216 0.0553 0.0155 0.0000 0.0000 0.0231
7.4 50000 -2.53 0.5634 2.1705 0.0561 0.0729 0.0214 0.0549 0.0154 0.0011 0.0016 0.0235
7.4 50000 -2.28 0.4497 2.5490 0.0462 0.0723 0.0212 0.0545 0.0152 0.0015 0.0028 0.0231
7.4 50000 -2.06 0.3779 2.8268 0.0404 0.0703 0.0210 0.0540 0.0151 0.0019 0.0039 0.0224
7.4 50000 -1.81 0.3105 3.1329 0.0352 0.0667 0.0207 0.0535 0.0149 0.0027 0.0054 0.0213
7.4 50000 -1.52 0.2522 3.4525 0.0309 0.0616 0.0204 0.0527 0.0147 0.0041 0.0072 0.0198
7.4 55000 -4.00 1.0769 0.0233 0.2785 0.0228 0.0238 0.0611 0.0173 0.0000 0.0000 0.0139
7.4 55000 -3.75 1.2574 0.0823 0.2272 0.0323 0.0233 0.0596 0.0169 0.0000 0.0000 0.0158
7.4 55000 -3.51 1.3483 0.2647 0.1764 0.0433 0.0228 0.0583 0.0165 0.0000 0.0000 0.0178
7.4 55000 -3.26 1.2108 0.6970 0.1286 0.0552 0.0223 0.0572 0.0161 0.0000 0.0000 0.0201
7.4 55000 -3.02 0.9352 1.2741 0.0931 0.0654 0.0219 0.0563 0.0158 0.0000 0.0000 0.0224
7.4 55000 -2.77 0.7092 1.8279 0.0698 0.0718 0.0217 0.0557 0.0156 0.0000 0.0000 0.0240
7.4 55000 -2.53 0.5587 2.2895 0.0558 0.0738 0.0214 0.0552 0.0155 0.0000 0.0016 0.0245
7.4 55000 -2.28 0.4489 2.6838 0.0465 0.0729 0.0212 0.0547 0.0153 0.0000 0.0027 0.0243
7.4 55000 -2.08 0.3819 2.9606 0.0412 0.0711 0.0210 0.0544 0.0152 0.0000 0.0038 0.0238
7.4 55000 -1.77 0.3022 3.3489 0.0352 0.0669 0.0207 0.0537 0.0150 0.0012 0.0055 0.0225
7.4 55000 -1.53 0.2541 3.6287 0.0315 0.0628 0.0205 0.0531 0.0148 0.0017 0.0071 0.0213
7.4 60000 -4.00 1.0751 0.0364 0.3069 0.0202 0.0240 0.0614 0.0174 0.0000 0.0000 0.0143
7.4 60000 -3.75 1.2247 0.1242 0.2554 0.0294 0.0232 0.0593 0.0168 0.0000 0.0000 0.0161
7.4 60000 -3.50 1.2405 0.3784 0.2005 0.0407 0.0225 0.0575 0.0162 0.0013 0.0000 0.0180
7.4 60000 -3.26 1.0424 0.8486 0.1500 0.0523 0.0220 0.0561 0.0158 0.0014 0.0000 0.0201
7.4 60000 -3.01 0.7645 1.4427 0.1080 0.0623 0.0215 0.0549 0.0154 0.0016 0.0000 0.0220
7.4 60000 -2.78 0.5770 1.9588 0.0819 0.0668 0.0211 0.0541 0.0151 0.0018 0.0014 0.0225
7.4 60000 -2.53 0.4515 2.4059 0.0653 0.0669 0.0208 0.0533 0.0149 0.0021 0.0029 0.0220
7.4 60000 -2.28 0.3636 2.7756 0.0543 0.0647 0.0205 0.0527 0.0147 0.0027 0.0044 0.0210
7.4 60000 -2.09 0.3132 3.0184 0.0483 0.0621 0.0203 0.0521 0.0145 0.0033 0.0056 0.0201
7.4 60000 -1.77 0.2482 3.3834 0.0406 0.0570 0.0199 0.0512 0.0142 0.0048 0.0077 0.0183
7.4 60000 -1.52 0.2100 3.6396 0.0360 0.0526 0.0195 0.0503 0.0140 0.0066 0.0094 0.0169
7.4 80000 -4.00 1.0551 0.0556 0.3358 0.0218 0.0259 0.0660 0.0187 0.0016 0.0000 0.0152
7.4 80000 -3.75 1.1587 0.1814 0.2761 0.0307 0.0243 0.0621 0.0175 0.0021 0.0000 0.0166
7.4 80000 -3.51 1.0938 0.4991 0.2169 0.0411 0.0231 0.0589 0.0166 0.0026 0.0000 0.0183
7.4 80000 -3.27 0.8591 0.9963 0.1649 0.0511 0.0221 0.0565 0.0159 0.0029 0.0000 0.0200
7.4 80000 -3.02 0.6093 1.5706 0.1226 0.0574 0.0214 0.0547 0.0153 0.0031 0.0000 0.0209
7.4 80000 -2.79 0.4566 2.0641 0.0970 0.0573 0.0208 0.0534 0.0149 0.0034 0.0025 0.0202
7.4 80000 -2.55 0.3616 2.4910 0.0811 0.0540 0.0204 0.0523 0.0145 0.0041 0.0045 0.0187
7.4 80000 -2.31 0.3013 2.8395 0.0703 0.0499 0.0200 0.0514 0.0143 0.0051 0.0063 0.0172
7.4 80000 -2.07 0.2609 3.1341 0.0624 0.0455 0.0196 0.0505 0.0140 0.0066 0.0081 0.0157
7.4 80000 -1.82 0.2326 3.3961 0.0561 0.0410 0.0193 0.0496 0.0137 0.0086 0.0098 0.0142
7.4 80000 -1.57 0.2123 3.6228 0.0512 0.0368 0.0189 0.0487 0.0134 0.0113 0.0114 0.0129
7.4 100000 -4.00 1.0344 0.0671 0.3654 0.0219 0.0252 0.0644 0.0182 0.0393 0.0000 0.0155
7.4 100000 -3.76 1.1133 0.2168 0.2967 0.0302 0.0225 0.0574 0.0162 0.0512 0.0000 0.0168
7.4 100000 -3.52 1.0081 0.5711 0.2302 0.0402 0.0202 0.0516 0.0145 0.0635 0.0000 0.0183
7.4 100000 -3.28 0.7720 1.0463 0.1729 0.0491 0.0186 0.0474 0.0133 0.0721 0.0000 0.0195
7.4 100000 -3.04 0.5562 1.4727 0.1274 0.0527 0.0174 0.0444 0.0124 0.0772 0.0018 0.0190
7.4 100000 -2.81 0.4256 1.7075 0.1008 0.0507 0.0165 0.0422 0.0118 0.0827 0.0036 0.0175
7.4 100000 -2.57 0.3414 1.8471 0.0837 0.0471 0.0156 0.0398 0.0111 0.0913 0.0050 0.0160
7.4 100000 -2.33 0.2869 1.9236 0.0722 0.0431 0.0146 0.0373 0.0104 0.1027 0.0060 0.0146
7.4 100000 -2.09 0.2503 1.9369 0.0634 0.0391 0.0135 0.0346 0.0096 0.1165 0.0068 0.0132
7.4 100000 -1.84 0.2242 1.8889 0.0564 0.0350 0.0124 0.0317 0.0088 0.1325 0.0074 0.0119
7.4 100000 -1.60 0.2054 1.7890 0.0509 0.0312 0.0112 0.0287 0.0079 0.1497 0.0077 0.0106
7.4 120000 -4.00 1.0190 0.0684 0.3822 0.0217 0.0251 0.0639 0.0180 0.0544 0.0000 0.0156
7.4 120000 -3.76 1.0932 0.2209 0.3096 0.0297 0.0219 0.0558 0.0157 0.0700 0.0000 0.0168
7.4 120000 -3.52 0.9837 0.5779 0.2395 0.0395 0.0191 0.0489 0.0137 0.0868 0.0000 0.0182
7.4 120000 -3.28 0.7484 1.0405 0.1786 0.0479 0.0171 0.0437 0.0123 0.0995 0.0000 0.0192
7.4 120000 -3.04 0.5391 1.4057 0.1302 0.0505 0.0157 0.0401 0.0112 0.1076 0.0020 0.0184
7.4 120000 -2.81 0.4144 1.5574 0.1022 0.0478 0.0147 0.0375 0.0105 0.1149 0.0038 0.0165
7.4 120000 -2.57 0.3335 1.6285 0.0845 0.0439 0.0136 0.0348 0.0097 0.1252 0.0050 0.0149
7.4 120000 -2.34 0.2808 1.6466 0.0723 0.0399 0.0125 0.0320 0.0089 0.1382 0.0058 0.0135
7.4 120000 -2.10 0.2451 1.6097 0.0631 0.0359 0.0113 0.0290 0.0081 0.1534 0.0063 0.0121
7.4 120000 -1.86 0.2196 1.5206 0.0558 0.0320 0.0101 0.0258 0.0072 0.1706 0.0066 0.0107
7.4 120000 -1.62 0.2007 1.3945 0.0500 0.0283 0.0089 0.0227 0.0063 0.1883 0.0066 0.0095
7.7 30000 -3.99 0.6933 0.0000 0.3301 0.0021 0.0000 0.0026 0.0000 0.0000 0.0000 0.0000
7.7 30000 -3.74 0.8354 0.0000 0.3402 0.0038 0.0011 0.0028 0.0000 0.0000 0.0000 0.0000
7.7 30000 -3.51 0.9390 0.0000 0.3169 0.0084 0.0012 0.0031 0.0000 0.0000 0.0000 0.0000
7.7 30000 -3.26 1.0605 0.0000 0.2951 0.0144 0.0012 0.0032 0.0000 0.0000 0.0000 0.0011
7.7 30000 -3.02 1.1302 0.0000 0.2495 0.0225 0.0013 0.0034 0.0010 0.0000 0.0000 0.0013
7.7 30000 -2.77 1.1451 0.0012 0.1914 0.0309 0.0015 0.0038 0.0011 0.0000 0.0000 0.0016
7.7 30000 -2.52 1.1254 0.0040 0.1419 0.0368 0.0018 0.0046 0.0014 0.0000 0.0000 0.0020
7.7 30000 -2.27 1.0963 0.0117 0.1045 0.0405 0.0022 0.0059 0.0017 0.0000 0.0000 0.0027
7.7 30000 -2.02 1.0650 0.0277 0.0769 0.0427 0.0028 0.0074 0.0021 0.0000 0.0000 0.0036
7.7 30000 -1.77 1.0330 0.0504 0.0574 0.0438 0.0035 0.0092 0.0026 0.0000 0.0000 0.0046
7.7 30000 -1.52 0.9974 0.0801 0.0425 0.0442 0.0043 0.0112 0.0031 0.0000 0.0000 0.0057
7.7 32500 -3.99 0.9717 0.0000 0.4275 0.0050 0.0027 0.0069 0.0020 0.0000 0.0000 0.0019
7.7 32500 -3.74 1.1675 0.0000 0.4309 0.0087 0.0030 0.0076 0.0022 0.0000 0.0000 0.0024
7.7 32500 -3.51 1.4387 0.0000 0.4193 0.0181 0.0041 0.0105 0.0030 0.0000 0.0000 0.0039
7.7 32500 -3.27 1.6908 0.0018 0.3796 0.0299 0.0043 0.0110 0.0031 0.0000 0.0000 0.0047
7.7 32500 -3.04 1.9194 0.0060 0.3168 0.0444 0.0045 0.0116 0.0033 0.0000 0.0000 0.0058
7.7 32500 -2.78 2.0801 0.0231 0.2363 0.0597 0.0050 0.0129 0.0037 0.0000 0.0000 0.0073
7.7 32500 -2.53 2.1309 0.0638 0.1761 0.0699 0.0058 0.0150 0.0043 0.0000 0.0000 0.0090
7.7 32500 -2.28 2.1272 0.1357 0.1317 0.0771 0.0069 0.0179 0.0051 0.0000 0.0000 0.0112
7.7 32500 -2.02 2.0902 0.2355 0.0988 0.0823 0.0083 0.0214 0.0061 0.0000 0.0000 0.0140
7.7 32500 -1.78 2.0334 0.3554 0.0755 0.0859 0.0097 0.0253 0.0071 0.0000 0.0000 0.0171
7.7 32500 -1.52 1.9478 0.5076 0.0576 0.0887 0.0113 0.0294 0.0083 0.0000 0.0000 0.0207
7.7 35000 -3.99 1.2333 0.0000 0.4853 0.0103 0.0062 0.0160 0.0046 0.0000 0.0000 0.0050
7.7 35000 -3.74 1.4793 0.0013 0.4705 0.0174 0.0070 0.0180 0.0051 0.0000 0.0000 0.0065
7.7 35000 -3.51 1.8622 0.0064 0.4387 0.0324 0.0111 0.0284 0.0080 0.0000 0.0000 0.0125
7.7 35000 -3.26 2.2025 0.0235 0.3729 0.0499 0.0116 0.0299 0.0084 0.0000 0.0000 0.0155
7.7 35000 -3.02 2.3822 0.0473 0.2997 0.0634 0.0083 0.0213 0.0061 0.0000 0.0000 0.0125
7.7 35000 -2.78 2.7039 0.2486 0.2182 0.0879 0.0132 0.0340 0.0096 0.0000 0.0000 0.0238
7.7 35000 -2.53 2.6787 0.5149 0.1618 0.1013 0.0147 0.0378 0.0106 0.0000 0.0000 0.0286
7.7 35000 -2.28 2.5521 0.8327 0.1207 0.1113 0.0165 0.0423 0.0119 0.0000 0.0000 0.0341
7.7 35000 -2.02 2.3678 1.1846 0.0910 0.1189 0.0182 0.0469 0.0131 0.0000 0.0000 0.0397
7.7 35000 -1.78 2.1470 1.5610 0.0699 0.1247 0.0196 0.0505 0.0141 0.0000 0.0000 0.0447
7.7 35000 -1.53 1.9022 1.9675 0.0543 0.1293 0.0203 0.0525 0.0147 0.0000 0.0000 0.0484
7.7 37500 -3.99 1.4243 0.0033 0.4962 0.0176 0.0142 0.0364 0.0103 0.0000 0.0000 0.0135
7.7 37500 -3.74 1.7062 0.0116 0.4554 0.0286 0.0158 0.0405 0.0115 0.0000 0.0000 0.0176
7.7 37500 -3.51 2.0615 0.0336 0.3999 0.0456 0.0180 0.0462 0.0131 0.0000 0.0000 0.0237
7.7 37500 -3.26 2.3748 0.1221 0.3179 0.0658 0.0191 0.0489 0.0138 0.0000 0.0000 0.0294
7.7 37500 -3.02 2.5252 0.3805 0.2354 0.0865 0.0199 0.0509 0.0143 0.0000 0.0000 0.0354
7.7 37500 -2.78 2.3933 0.8503 0.1690 0.1037 0.0205 0.0525 0.0147 0.0000 0.0000 0.0408
7.7 37500 -2.53 2.1239 1.3748 0.1227 0.1162 0.0209 0.0536 0.0150 0.0000 0.0000 0.0452
7.7 37500 -2.28 1.8459 1.8724 0.0919 0.1248 0.0211 0.0541 0.0152 0.0000 0.0000 0.0486
7.7 37500 -2.03 1.5835 2.3507 0.0713 0.1308 0.0211 0.0544 0.0152 0.0000 0.0000 0.0513
7.7 37500 -1.77 1.3378 2.8243 0.0569 0.1349 0.0211 0.0545 0.0152 0.0000 0.0000 0.0535
7.7 37500 -1.53 1.1274 3.2823 0.0471 0.1374 0.0211 0.0544 0.0152 0.0000 0.0000 0.0553
7.7 40000 -3.99 1.7109 0.0223 0.5198 0.0305 0.0213 0.0546 0.0154 0.0000 0.0000 0.0255
7.7 40000 -3.75 2.0164 0.0790 0.4443 0.0462 0.0216 0.0554 0.0157 0.0000 0.0000 0.0303
7.7 40000 -3.51 2.2900 0.1569 0.3546 0.0641 0.0215 0.0550 0.0155 0.0000 0.0000 0.0341
7.7 40000 -3.26 2.3910 0.4907 0.2651 0.0852 0.0216 0.0553 0.0156 0.0000 0.0000 0.0396
7.7 40000 -3.01 2.1236 1.1694 0.1866 0.1053 0.0217 0.0554 0.0156 0.0000 0.0000 0.0449
7.7 40000 -2.77 1.7255 1.9272 0.1340 0.1202 0.0216 0.0554 0.0156 0.0000 0.0000 0.0494
7.7 40000 -2.52 1.3874 2.6095 0.0999 0.1298 0.0216 0.0554 0.0155 0.0000 0.0000 0.0529
7.7 40000 -2.27 1.1333 3.1972 0.0788 0.1347 0.0215 0.0552 0.0155 0.0000 0.0000 0.0554
7.7 40000 -2.02 0.9382 3.7273 0.0652 0.1366 0.0214 0.0551 0.0154 0.0000 0.0017 0.0572
7.7 40000 -1.76 0.7752 4.2677 0.0552 0.1363 0.0213 0.0548 0.0153 0.0000 0.0028 0.0583
7.7 40000 -1.51 0.6506 4.7791 0.0485 0.1338 0.0211 0.0545 0.0152 0.0000 0.0042 0.0589
7.7 45000 -4.00 1.8374 0.0349 0.5317 0.0364 0.0226 0.0580 0.0164 0.0000 0.0000 0.0287
7.7 45000 -3.75 2.1464 0.1230 0.4445 0.0535 0.0226 0.0579 0.0164 0.0000 0.0000 0.0336
7.7 45000 -3.50 2.4202 0.2465 0.3374 0.0736 0.0222 0.0569 0.0161 0.0000 0.0000 0.0380
7.7 45000 -3.25 2.3986 0.7363 0.2466 0.0952 0.0221 0.0566 0.0160 0.0000 0.0000 0.0433
7.7 45000 -3.01 2.0097 1.5553 0.1747 0.1142 0.0220 0.0564 0.0159 0.0000 0.0000 0.0483
7.7 45000 -2.76 1.5727 2.4161 0.1264 0.1281 0.0219 0.0562 0.0158 0.0000 0.0000 0.0523
7.7 45000 -2.52 1.2558 3.1373 0.0975 0.1355 0.0218 0.0560 0.0157 0.0000 0.0016 0.0545
7.7 45000 -2.27 1.0190 3.7701 0.0790 0.1381 0.0217 0.0557 0.0156 0.0000 0.0031 0.0552
7.7 45000 -2.01 0.8348 4.3617 0.0665 0.1376 0.0216 0.0555 0.0155 0.0000 0.0050 0.0550
7.7 45000 -1.76 0.6917 4.9226 0.0578 0.1345 0.0214 0.0551 0.0154 0.0000 0.0073 0.0540
7.7 45000 -1.51 0.5806 5.4544 0.0516 0.1295 0.0212 0.0548 0.0153 0.0000 0.0099 0.0523
7.7 50000 -4.00 1.8879 0.0542 0.5580 0.0387 0.0237 0.0606 0.0172 0.0000 0.0000 0.0312
7.7 50000 -3.75 2.1630 0.1873 0.4624 0.0560 0.0232 0.0595 0.0168 0.0000 0.0000 0.0357
7.7 50000 -3.50 2.3584 0.4215 0.3466 0.0770 0.0226 0.0579 0.0164 0.0000 0.0000 0.0402
7.7 50000 -3.26 2.1489 1.0882 0.2546 0.0982 0.0224 0.0572 0.0161 0.0000 0.0000 0.0453
7.7 50000 -3.01 1.6664 2.0219 0.1811 0.1165 0.0221 0.0566 0.0159 0.0000 0.0000 0.0499
7.7 50000 -2.76 1.2554 2.9046 0.1328 0.1278 0.0219 0.0562 0.0158 0.0000 0.0015 0.0527
7.7 50000 -2.52 0.9877 3.6176 0.1045 0.1312 0.0218 0.0558 0.0157 0.0011 0.0033 0.0532
7.7 50000 -2.26 0.7927 4.2478 0.0859 0.1297 0.0216 0.0554 0.0155 0.0015 0.0057 0.0523
7.7 50000 -2.05 0.6695 4.7246 0.0752 0.1262 0.0214 0.0551 0.0154 0.0019 0.0079 0.0508
7.7 50000 -1.80 0.5534 5.2667 0.0658 0.1199 0.0212 0.0546 0.0153 0.0027 0.0109 0.0485
7.7 50000 -1.51 0.4521 5.8482 0.0579 0.1109 0.0209 0.0540 0.0151 0.0041 0.0148 0.0452
7.7 55000 -4.00 1.9610 0.0426 0.5339 0.0434 0.0241 0.0617 0.0175 0.0000 0.0000 0.0334
7.7 55000 -3.75 2.2830 0.1491 0.4365 0.0613 0.0235 0.0603 0.0171 0.0000 0.0000 0.0378
7.7 55000 -3.51 2.4388 0.4755 0.3388 0.0819 0.0230 0.0590 0.0167 0.0000 0.0000 0.0425
7.7 55000 -3.26 2.1785 1.2339 0.2463 0.1035 0.0226 0.0579 0.0163 0.0000 0.0000 0.0476
7.7 55000 -3.01 1.6775 2.2212 0.1772 0.1214 0.0223 0.0571 0.0161 0.0000 0.0000 0.0523
7.7 55000 -2.76 1.2702 3.1449 0.1321 0.1321 0.0220 0.0566 0.0159 0.0000 0.0014 0.0555
7.7 55000 -2.52 1.0012 3.9115 0.1052 0.1349 0.0219 0.0562 0.0158 0.0000 0.0033 0.0563
7.7 55000 -2.27 0.8065 4.5809 0.0875 0.1329 0.0217 0.0558 0.0157 0.0000 0.0056 0.0558
7.7 55000 -2.07 0.6881 5.0638 0.0776 0.1294 0.0215 0.0555 0.0156 0.0000 0.0078 0.0547
7.7 55000 -1.76 0.5467 5.7550 0.0663 0.1217 0.0213 0.0550 0.0154 0.0012 0.0115 0.0521
7.7 55000 -1.52 0.4611 6.2647 0.0595 0.1143 0.0211 0.0546 0.0153 0.0017 0.0148 0.0494
7.7 60000 -4.00 1.9770 0.0670 0.5910 0.0387 0.0243 0.0620 0.0176 0.0000 0.0000 0.0345
7.7 60000 -3.75 2.2466 0.2272 0.4927 0.0561 0.0235 0.0600 0.0170 0.0000 0.0000 0.0387
7.7 60000 -3.50 2.2694 0.6866 0.3866 0.0773 0.0228 0.0582 0.0164 0.0013 0.0000 0.0433
7.7 60000 -3.26 1.9050 1.5231 0.2887 0.0987 0.0223 0.0569 0.0160 0.0015 0.0000 0.0480
7.7 60000 -3.01 1.3961 2.5544 0.2068 0.1166 0.0218 0.0558 0.0157 0.0016 0.0010 0.0518
7.7 60000 -2.77 1.0529 3.4275 0.1562 0.1241 0.0215 0.0551 0.0154 0.0018 0.0030 0.0527
7.7 60000 -2.52 0.8244 4.1805 0.1241 0.1235 0.0213 0.0545 0.0152 0.0022 0.0060 0.0512
7.7 60000 -2.27 0.6653 4.8167 0.1031 0.1190 0.0210 0.0539 0.0150 0.0028 0.0093 0.0489
7.7 60000 -2.08 0.5739 5.2452 0.0916 0.1142 0.0208 0.0534 0.0149 0.0034 0.0119 0.0468
7.7 60000 -1.76 0.4563 5.9065 0.0772 0.1047 0.0205 0.0526 0.0146 0.0050 0.0164 0.0428
7.7 60000 -1.51 0.3869 6.3816 0.0685 0.0967 0.0202 0.0519 0.0144 0.0068 0.0201 0.0395
7.7 80000 -4.00 1.9963 0.1052 0.6556 0.0424 0.0262 0.0668 0.0189 0.0016 0.0000 0.0372
7.7 80000 -3.75 2.1928 0.3424 0.5399 0.0595 0.0246 0.0629 0.0177 0.0022 0.0000 0.0407
7.7 80000 -3.51 2.0720 0.9379 0.4247 0.0798 0.0234 0.0597 0.0168 0.0026 0.0000 0.0448
7.7 80000 -3.27 1.6310 1.8622 0.3228 0.0988 0.0225 0.0574 0.0161 0.0029 0.0000 0.0488
7.7 80000 -3.02 1.1587 2.9098 0.2395 0.1106 0.0218 0.0556 0.0156 0.0032 0.0021 0.0508
7.7 80000 -2.78 0.8680 3.7849 0.1892 0.1097 0.0213 0.0545 0.0152 0.0035 0.0056 0.0487
7.7 80000 -2.54 0.6868 4.5308 0.1576 0.1027 0.0209 0.0536 0.0149 0.0042 0.0099 0.0450
7.7 80000 -2.30 0.5723 5.1433 0.1367 0.0945 0.0206 0.0528 0.0147 0.0052 0.0139 0.0413
7.7 80000 -2.06 0.4962 5.6704 0.1213 0.0860 0.0202 0.0520 0.0144 0.0068 0.0179 0.0377
7.7 80000 -1.81 0.4430 6.1477 0.1093 0.0774 0.0199 0.0513 0.0142 0.0089 0.0217 0.0342
7.7 80000 -1.56 0.4054 6.5675 0.0999 0.0695 0.0196 0.0505 0.0139 0.0117 0.0253 0.0310
7.7 100000 -4.00 1.9871 0.1289 0.7185 0.0430 0.0255 0.0652 0.0184 0.0396 0.0000 0.0384
7.7 100000 -3.76 2.1407 0.4157 0.5843 0.0593 0.0228 0.0582 0.0164 0.0516 0.0000 0.0415
7.7 100000 -3.51 1.9417 1.0913 0.4540 0.0788 0.0205 0.0523 0.0147 0.0641 0.0000 0.0452
7.7 100000 -3.28 1.4912 1.9948 0.3410 0.0960 0.0189 0.0482 0.0135 0.0731 0.0011 0.0481
7.7 100000 -3.03 1.0753 2.7993 0.2512 0.1029 0.0177 0.0453 0.0127 0.0787 0.0042 0.0469
7.7 100000 -2.80 0.8230 3.2441 0.1984 0.0987 0.0169 0.0432 0.0121 0.0847 0.0083 0.0430
7.7 100000 -2.56 0.6605 3.5189 0.1650 0.0914 0.0160 0.0409 0.0114 0.0940 0.0116 0.0394
7.7 100000 -2.32 0.5559 3.6821 0.1423 0.0837 0.0150 0.0385 0.0107 0.1062 0.0141 0.0360
7.7 100000 -2.08 0.4858 3.7305 0.1252 0.0758 0.0140 0.0358 0.0100 0.1209 0.0161 0.0326
7.7 100000 -1.84 0.4362 3.6594 0.1116 0.0679 0.0128 0.0329 0.0091 0.1380 0.0175 0.0293
7.7 100000 -1.59 0.4005 3.4876 0.1009 0.0607 0.0117 0.0298 0.0083 0.1564 0.0183 0.0263
7.7 120000 -4.00 1.9680 0.1321 0.7524 0.0427 0.0254 0.0647 0.0183 0.0547 0.0000 0.0387
7.7 120000 -3.76 2.1140 0.4258 0.6106 0.0585 0.0222 0.0566 0.0160 0.0705 0.0000 0.0416
7.7 120000 -3.52 1.9055 1.1116 0.4731 0.0776 0.0194 0.0496 0.0139 0.0876 0.0000 0.0451
7.7 120000 -3.28 1.4529 1.9978 0.3531 0.0941 0.0174 0.0445 0.0125 0.1009 0.0013 0.0476
7.7 120000 -3.04 1.0485 2.6970 0.2573 0.0992 0.0160 0.0409 0.0115 0.1096 0.0048 0.0455
7.7 120000 -2.81 0.8065 2.9932 0.2021 0.0937 0.0150 0.0384 0.0107 0.1176 0.0090 0.0409
7.7 120000 -2.57 0.6497 3.1423 0.1672 0.0859 0.0140 0.0358 0.0100 0.1288 0.0118 0.0370
7.7 120000 -2.33 0.5479 3.1935 0.1431 0.0781 0.0129 0.0330 0.0092 0.1428 0.0137 0.0335
7.7 120000 -2.09 0.4791 3.1390 0.1250 0.0703 0.0117 0.0300 0.0083 0.1591 0.0151 0.0301
7.7 120000 -1.85 0.4301 2.9817 0.1107 0.0626 0.0105 0.0268 0.0075 0.1774 0.0159 0.0268
7.7 120000 -1.61 0.3940 2.7481 0.0994 0.0555 0.0092 0.0236 0.0066 0.1963 0.0161 0.0237
8.0 30000 -3.99 0.6731 0.0000 0.4466 0.0028 0.0010 0.0026 0.0000 0.0000 0.0000 0.0000
8.0 30000 -3.73 0.8762 0.0000 0.4794 0.0053 0.0011 0.0029 0.0000 0.0000 0.0000 0.0000
8.0 30000 -3.50 1.0457 0.0000 0.4632 0.0121 0.0012 0.0032 0.0000 0.0000 0.0000 0.0011
8.0 30000 -3.25 1.2169 0.0000 0.4394 0.0212 0.0013 0.0033 0.0000 0.0000 0.0000 0.0013
8.0 30000 -3.00 1.3194 0.0000 0.3764 0.0339 0.0013 0.0035 0.0010 0.0000 0.0000 0.0015
8.0 30000 -2.75 1.3508 0.0015 0.2906 0.0474 0.0015 0.0039 0.0011 0.0000 0.0000 0.0018
8.0 30000 -2.50 1.3382 0.0050 0.2165 0.0571 0.0018 0.0047 0.0014 0.0000 0.0000 0.0024
8.0 30000 -2.25 1.3146 0.0147 0.1608 0.0633 0.0023 0.0060 0.0017 0.0000 0.0000 0.0032
8.0 30000 -2.00 1.2873 0.0346 0.1193 0.0670 0.0029 0.0076 0.0022 0.0000 0.0000 0.0042
8.0 30000 -1.75 1.2579 0.0627 0.0898 0.0691 0.0036 0.0094 0.0027 0.0000 0.0000 0.0054
8.0 30000 -1.50 1.2249 0.0985 0.0671 0.0700 0.0044 0.0115 0.0032 0.0000 0.0000 0.0068
8.0 32500 -3.99 1.0052 0.0000 0.5963 0.0069 0.0027 0.0069 0.0020 0.0000 0.0000 0.0020
8.0 32500 -3.74 1.2733 0.0000 0.6189 0.0124 0.0030 0.0078 0.0022 0.0000 0.0000 0.0027
8.0 32500 -3.50 1.6463 0.0000 0.6213 0.0264 0.0042 0.0107 0.0031 0.0000 0.0000 0.0044
8.0 32500 -3.25 1.9758 0.0023 0.5724 0.0444 0.0043 0.0112 0.0032 0.0000 0.0000 0.0054
8.0 32500 -3.02 2.2637 0.0076 0.4795 0.0671 0.0046 0.0118 0.0034 0.0000 0.0000 0.0066
8.0 32500 -2.75 2.4686 0.0283 0.3603 0.0912 0.0051 0.0131 0.0037 0.0000 0.0000 0.0084
8.0 32500 -2.51 2.5458 0.0779 0.2697 0.1075 0.0058 0.0151 0.0043 0.0000 0.0000 0.0104
8.0 32500 -2.26 2.5578 0.1651 0.2026 0.1190 0.0069 0.0180 0.0051 0.0000 0.0000 0.0129
8.0 32500 -2.00 2.5333 0.2849 0.1532 0.1272 0.0083 0.0215 0.0061 0.0000 0.0000 0.0160
8.0 32500 -1.76 2.4891 0.4266 0.1178 0.1330 0.0098 0.0255 0.0072 0.0000 0.0000 0.0195
8.0 32500 -1.51 2.4192 0.6046 0.0906 0.1374 0.0115 0.0298 0.0084 0.0000 0.0000 0.0237
8.0 35000 -3.99 1.3967 0.0000 0.7117 0.0149 0.0062 0.0159 0.0046 0.0000 0.0000 0.0056
8.0 35000 -3.74 1.7268 0.0016 0.7034 0.0256 0.0070 0.0182 0.0052 0.0000 0.0000 0.0075
8.0 35000 -3.50 2.2673 0.0083 0.6762 0.0488 0.0112 0.0287 0.0082 0.0000 0.0000 0.0146
8.0 35000 -3.25 2.6862 0.0299 0.5792 0.0758 0.0118 0.0302 0.0086 0.0000 0.0000 0.0181
8.0 35000 -3.01 3.0697 0.1033 0.4573 0.1064 0.0124 0.0318 0.0090 0.0000 0.0000 0.0224
8.0 35000 -2.75 3.2909 0.3056 0.3394 0.1349 0.0133 0.0343 0.0097 0.0000 0.0000 0.0275
8.0 35000 -2.51 3.2774 0.6294 0.2518 0.1554 0.0148 0.0379 0.0107 0.0000 0.0000 0.0329
8.0 35000 -2.25 3.1566 1.0141 0.1884 0.1706 0.0165 0.0425 0.0120 0.0000 0.0000 0.0392
8.0 35000 -2.00 2.9792 1.4408 0.1432 0.1820 0.0183 0.0472 0.0133 0.0000 0.0000 0.0459
8.0 35000 -1.76 2.7554 1.9065 0.1107 0.1907 0.0198 0.0510 0.0143 0.0000 0.0000 0.0524
8.0 35000 -1.51 2.4977 2.4276 0.0864 0.1979 0.0206 0.0532 0.0149 0.0000 0.0000 0.0575
8.0 37500 -3.99 1.7841 0.0044 0.7734 0.0270 0.0142 0.0365 0.0104 0.0000 0.0000 0.0163
8.0 37500 -3.74 2.1716 0.0155 0.7200 0.0441 0.0159 0.0408 0.0116 0.0000 0.0000 0.0215
8.0 37500 -3.50 2.6534 0.0448 0.6411 0.0710 0.0182 0.0466 0.0132 0.0000 0.0000 0.0291
8.0 37500 -3.25 3.0391 0.1593 0.5117 0.1027 0.0193 0.0494 0.0140 0.0000 0.0000 0.0360
8.0 37500 -3.00 3.2072 0.4865 0.3781 0.1348 0.0201 0.0515 0.0146 0.0000 0.0000 0.0431
8.0 37500 -2.75 3.0340 1.0737 0.2698 0.1607 0.0207 0.0532 0.0150 0.0000 0.0000 0.0493
8.0 37500 -2.50 2.7168 1.7302 0.1953 0.1790 0.0212 0.0543 0.0153 0.0000 0.0000 0.0543
8.0 37500 -2.25 2.4030 2.3630 0.1466 0.1918 0.0214 0.0550 0.0155 0.0000 0.0000 0.0584
8.0 37500 -2.00 2.1057 2.9893 0.1142 0.2010 0.0215 0.0553 0.0155 0.0000 0.0000 0.0617
8.0 37500 -1.75 1.8219 3.6338 0.0918 0.2075 0.0215 0.0553 0.0155 0.0000 0.0000 0.0646
8.0 37500 -1.51 1.5706 4.2810 0.0766 0.2120 0.0214 0.0553 0.0155 0.0000 0.0000 0.0672
8.0 40000 -3.99 2.4917 0.0330 0.8872 0.0510 0.0215 0.0552 0.0157 0.0000 0.0000 0.0341
8.0 40000 -3.74 2.9394 0.1163 0.7643 0.0771 0.0218 0.0561 0.0159 0.0000 0.0000 0.0406
8.0 40000 -3.50 3.2411 0.2229 0.6042 0.1056 0.0217 0.0557 0.0157 0.0000 0.0000 0.0447
8.0 40000 -3.25 3.3505 0.6799 0.4511 0.1395 0.0219 0.0561 0.0158 0.0000 0.0000 0.0513
8.0 40000 -3.00 2.9462 1.5854 0.3133 0.1698 0.0220 0.0562 0.0159 0.0000 0.0000 0.0571
8.0 40000 -2.75 2.4083 2.5746 0.2233 0.1912 0.0220 0.0563 0.0159 0.0000 0.0000 0.0618
8.0 40000 -2.49 1.9626 3.4983 0.1659 0.2051 0.0219 0.0562 0.0158 0.0000 0.0000 0.0658
8.0 40000 -2.24 1.6382 4.3182 0.1316 0.2127 0.0219 0.0561 0.0158 0.0000 0.0000 0.0690
8.0 40000 -2.00 1.3838 5.0983 0.1094 0.2162 0.0218 0.0560 0.0157 0.0000 0.0018 0.0715
8.0 40000 -1.74 1.1666 5.9298 0.0934 0.2169 0.0217 0.0558 0.0157 0.0000 0.0030 0.0736
8.0 40000 -1.49 0.9955 6.7480 0.0825 0.2148 0.0216 0.0556 0.0156 0.0000 0.0045 0.0749
8.0 45000 -3.99 2.8169 0.0543 0.9330 0.0628 0.0229 0.0588 0.0167 0.0000 0.0000 0.0397
8.0 45000 -3.74 3.2870 0.1892 0.7852 0.0921 0.0229 0.0587 0.0166 0.0000 0.0000 0.0462
8.0 45000 -3.50 3.6005 0.3652 0.5911 0.1248 0.0225 0.0577 0.0163 0.0000 0.0000 0.0513
8.0 45000 -3.24 3.5211 1.0593 0.4297 0.1595 0.0224 0.0575 0.0162 0.0000 0.0000 0.0576
8.0 45000 -2.99 2.9361 2.1836 0.3011 0.1880 0.0224 0.0572 0.0162 0.0000 0.0000 0.0629
8.0 45000 -2.74 2.3073 3.3539 0.2158 0.2079 0.0223 0.0570 0.0161 0.0000 0.0000 0.0670
8.0 45000 -2.49 1.8613 4.3769 0.1657 0.2186 0.0222 0.0569 0.0160 0.0000 0.0017 0.0695
8.0 45000 -2.25 1.5401 5.2929 0.1351 0.2227 0.0221 0.0567 0.0160 0.0000 0.0033 0.0706
8.0 45000 -1.99 1.2820 6.2025 0.1142 0.2226 0.0220 0.0565 0.0159 0.0000 0.0054 0.0707
8.0 45000 -1.74 1.0784 7.1019 0.1000 0.2192 0.0219 0.0563 0.0158 0.0000 0.0079 0.0700
8.0 45000 -1.49 0.9170 7.9853 0.0897 0.2128 0.0218 0.0561 0.0157 0.0000 0.0110 0.0684
8.0 50000 -3.99 2.9918 0.0866 0.9978 0.0679 0.0240 0.0615 0.0174 0.0000 0.0000 0.0439
8.0 50000 -3.75 3.4225 0.2953 0.8322 0.0982 0.0236 0.0604 0.0171 0.0000 0.0000 0.0502
8.0 50000 -3.50 3.6400 0.6424 0.6187 0.1330 0.0230 0.0588 0.0166 0.0000 0.0000 0.0554
8.0 50000 -3.25 3.2969 1.6190 0.4523 0.1675 0.0227 0.0581 0.0164 0.0000 0.0000 0.0614
8.0 50000 -2.99 2.5571 2.9425 0.3183 0.1952 0.0225 0.0576 0.0163 0.0000 0.0000 0.0662
8.0 50000 -2.74 1.9395 4.1833 0.2317 0.2113 0.0223 0.0572 0.0161 0.0000 0.0016 0.0690
8.0 50000 -2.49 1.5388 5.2399 0.1816 0.2158 0.0222 0.0568 0.0160 0.0011 0.0036 0.0695
8.0 50000 -2.24 1.2577 6.1953 0.1503 0.2137 0.0220 0.0565 0.0159 0.0015 0.0062 0.0686
8.0 50000 -1.99 1.0422 7.1176 0.1291 0.2075 0.0219 0.0562 0.0158 0.0020 0.0093 0.0668
8.0 50000 -1.74 0.8762 8.0154 0.1141 0.1985 0.0217 0.0558 0.0157 0.0028 0.0129 0.0642
8.0 50000 -1.49 0.7442 8.8883 0.1028 0.1870 0.0215 0.0554 0.0156 0.0040 0.0170 0.0608
8.0 55000 -4.00 3.1775 0.0694 0.9647 0.0774 0.0244 0.0627 0.0178 0.0000 0.0000 0.0477
8.0 55000 -3.75 3.6952 0.2409 0.7934 0.1092 0.0239 0.0612 0.0174 0.0000 0.0000 0.0538
8.0 55000 -3.50 3.9264 0.7548 0.6170 0.1450 0.0234 0.0599 0.0170 0.0000 0.0000 0.0600
8.0 55000 -3.25 3.4846 1.9109 0.4463 0.1808 0.0230 0.0589 0.0167 0.0000 0.0000 0.0661
8.0 55000 -3.00 2.6849 3.3674 0.3181 0.2085 0.0227 0.0582 0.0164 0.0000 0.0000 0.0713
8.0 55000 -2.75 2.0399 4.7092 0.2353 0.2237 0.0225 0.0577 0.0163 0.0000 0.0016 0.0745
8.0 55000 -2.50 1.6200 5.8610 0.1869 0.2272 0.0223 0.0573 0.0162 0.0000 0.0037 0.0754
8.0 55000 -2.25 1.3164 6.9151 0.1558 0.2241 0.0222 0.0571 0.0161 0.0000 0.0064 0.0748
8.0 55000 -2.00 1.0874 7.9064 0.1345 0.2173 0.0220 0.0568 0.0160 0.0000 0.0096 0.0732
8.0 55000 -1.75 0.9071 8.8713 0.1187 0.2075 0.0219 0.0565 0.0159 0.0012 0.0134 0.0707
8.0 55000 -1.50 0.7703 9.7559 0.1069 0.1957 0.0217 0.0562 0.0158 0.0017 0.0175 0.0675
8.0 60000 -4.00 3.2693 0.1112 1.0786 0.0696 0.0247 0.0631 0.0179 0.0000 0.0000 0.0499
8.0 60000 -3.75 3.7149 0.3734 0.9040 0.1007 0.0239 0.0610 0.0173 0.0000 0.0000 0.0557
8.0 60000 -3.50 3.7405 1.1111 0.7103 0.1382 0.0232 0.0593 0.0168 0.0013 0.0000 0.0619
8.0 60000 -3.25 3.1387 2.4191 0.5284 0.1743 0.0227 0.0580 0.0164 0.0015 0.0000 0.0675
8.0 60000 -2.99 2.3100 3.9778 0.3754 0.2028 0.0223 0.0570 0.0160 0.0016 0.0012 0.0717
8.0 60000 -2.75 1.7483 5.2772 0.2816 0.2133 0.0220 0.0563 0.0158 0.0018 0.0035 0.0721
8.0 60000 -2.50 1.3780 6.4366 0.2234 0.2114 0.0218 0.0557 0.0156 0.0022 0.0069 0.0700
8.0 60000 -2.25 1.1196 7.4642 0.1859 0.2039 0.0216 0.0553 0.0155 0.0028 0.0108 0.0669
8.0 60000 -2.00 0.9276 8.4175 0.1597 0.1938 0.0214 0.0548 0.0153 0.0037 0.0151 0.0634
8.0 60000 -1.75 0.7782 9.3329 0.1398 0.1814 0.0211 0.0542 0.0152 0.0051 0.0197 0.0593
8.0 60000 -1.50 0.6635 0.1829 0.1245 0.1681 0.0209 0.0536 0.0150 0.0069 0.0244 0.0551
8.0 80000 -4.00 3.5341 0.1865 1.2351 0.0796 0.0267 0.0682 0.0193 0.0016 0.0000 0.0558
8.0 80000 -3.75 3.8858 0.6031 1.0224 0.1115 0.0251 0.0642 0.0181 0.0022 0.0000 0.0610
8.0 80000 -3.50 3.6785 1.6386 0.8063 0.1489 0.0239 0.0610 0.0172 0.0027 0.0000 0.0668
8.0 80000 -3.26 2.9083 3.2141 0.6125 0.1832 0.0230 0.0587 0.0165 0.0030 0.0000 0.0721
8.0 80000 -3.01 2.0731 4.9436 0.4525 0.2030 0.0223 0.0571 0.0160 0.0032 0.0027 0.0743
8.0 80000 -2.77 1.5527 6.3466 0.3554 0.1994 0.0219 0.0560 0.0157 0.0036 0.0071 0.0707
8.0 80000 -2.53 1.2293 7.5510 0.2954 0.1859 0.0216 0.0552 0.0154 0.0043 0.0124 0.0651
8.0 80000 -2.29 1.0267 8.5681 0.2561 0.1709 0.0213 0.0546 0.0152 0.0054 0.0176 0.0597
8.0 80000 -2.04 0.8933 9.4686 0.2277 0.1555 0.0210 0.0539 0.0150 0.0069 0.0227 0.0546
8.0 80000 -1.80 0.8009 0.3026 0.2059 0.1402 0.0207 0.0533 0.0148 0.0091 0.0278 0.0496
8.0 80000 -1.55 0.7363 1.0482 0.1886 0.1260 0.0205 0.0526 0.0146 0.0120 0.0327 0.0450
8.0 100000 -4.00 3.6381 0.2360 1.3766 0.0822 0.0261 0.0667 0.0188 0.0399 0.0000 0.0587
8.0 100000 -3.76 3.9323 0.7583 1.1253 0.1134 0.0233 0.0595 0.0168 0.0521 0.0000 0.0633
8.0 100000 -3.51 3.5804 1.9811 0.8761 0.1504 0.0210 0.0536 0.0151 0.0650 0.0000 0.0688
8.0 100000 -3.27 2.7581 3.5930 0.6579 0.1825 0.0194 0.0494 0.0139 0.0747 0.0015 0.0728
8.0 100000 -3.02 1.9907 5.0107 0.4832 0.1945 0.0183 0.0467 0.0131 0.0808 0.0057 0.0707
8.0 100000 -2.79 1.5215 5.8014 0.3805 0.1855 0.0175 0.0446 0.0125 0.0874 0.0113 0.0646
8.0 100000 -2.55 1.2213 6.3191 0.3162 0.1713 0.0166 0.0425 0.0119 0.0974 0.0158 0.0591
8.0 100000 -2.31 1.0298 6.6643 0.2728 0.1567 0.0157 0.0401 0.0112 0.1104 0.0193 0.0540
8.0 100000 -2.07 0.9029 6.8169 0.2406 0.1421 0.0147 0.0375 0.0104 0.1263 0.0222 0.0492
8.0 100000 -1.82 0.8145 6.7625 0.2153 0.1277 0.0135 0.0345 0.0096 0.1448 0.0245 0.0443
8.0 100000 -1.58 0.7513 6.5113 0.1952 0.1144 0.0123 0.0315 0.0087 0.1648 0.0259 0.0399
8.0 120000 -4.00 3.6456 0.2446 1.4483 0.0822 0.0260 0.0663 0.0187 0.0553 0.0000 0.0596
8.0 120000 -3.76 3.9282 0.7863 1.1812 0.1127 0.0227 0.0579 0.0163 0.0713 0.0000 0.0639
8.0 120000 -3.51 3.5544 2.0439 0.9173 0.1493 0.0199 0.0508 0.0143 0.0889 0.0000 0.0691
8.0 120000 -3.28 2.7216 3.6550 0.6846 0.1805 0.0179 0.0457 0.0129 0.1030 0.0018 0.0727
8.0 120000 -3.03 1.9658 4.9224 0.4980 0.1896 0.0166 0.0423 0.0119 0.1126 0.0066 0.0693
8.0 120000 -2.80 1.5107 5.4765 0.3904 0.1784 0.0156 0.0398 0.0111 0.1214 0.0124 0.0622
8.0 120000 -2.56 1.2175 5.7868 0.3230 0.1633 0.0146 0.0373 0.0104 0.1336 0.0164 0.0562
8.0 120000 -2.32 1.0288 5.9325 0.2771 0.1485 0.0135 0.0345 0.0096 0.1488 0.0193 0.0510
8.0 120000 -2.08 0.9027 5.8876 0.2428 0.1339 0.0123 0.0315 0.0088 0.1666 0.0215 0.0460
8.0 120000 -1.84 0.8136 5.6487 0.2156 0.1195 0.0111 0.0283 0.0079 0.1865 0.0229 0.0411
8.0 120000 -1.60 0.7488 5.2552 0.1942 0.1064 0.0098 0.0250 0.0070 0.2072 0.0234 0.0366
8.3 30000 -3.98 0.2238 0.0000 0.3325 0.0022 0.0010 0.0027 0.0000 0.0000 0.0000 0.0000
8.3 30000 -3.72 0.3718 0.0000 0.4063 0.0046 0.0012 0.0031 0.0000 0.0000 0.0000 0.0000
8.3 30000 -3.48 0.5917 0.0000 0.4626 0.0124 0.0013 0.0034 0.0000 0.0000 0.0000 0.0015
8.3 30000 -3.23 0.8530 0.0000 0.4950 0.0248 0.0013 0.0035 0.0010 0.0000 0.0000 0.0020
8.3 30000 -2.98 1.0471 0.0000 0.4559 0.0430 0.0014 0.0037 0.0011 0.0000 0.0000 0.0024
8.3 30000 -2.72 1.1449 0.0015 0.3647 0.0631 0.0016 0.0041 0.0012 0.0000 0.0000 0.0030
8.3 30000 -2.47 1.1780 0.0051 0.2777 0.0779 0.0019 0.0049 0.0014 0.0000 0.0000 0.0039
8.3 30000 -2.22 1.1883 0.0147 0.2101 0.0876 0.0023 0.0061 0.0018 0.0000 0.0000 0.0052
8.3 30000 -1.97 1.1901 0.0348 0.1590 0.0938 0.0030 0.0078 0.0022 0.0000 0.0000 0.0070
8.3 30000 -1.73 1.1854 0.0623 0.1215 0.0975 0.0037 0.0097 0.0028 0.0000 0.0000 0.0089
8.3 30000 -1.48 1.1784 0.0956 0.0924 0.0996 0.0045 0.0119 0.0033 0.0000 0.0000 0.0112
8.3 32500 -3.98 0.3923 0.0000 0.4807 0.0058 0.0026 0.0069 0.0020 0.0000 0.0000 0.0019
8.3 32500 -3.73 0.6130 0.0000 0.5591 0.0115 0.0030 0.0079 0.0023 0.0000 0.0000 0.0030
8.3 32500 -3.49 1.0262 0.0000 0.6516 0.0284 0.0042 0.0110 0.0032 0.0000 0.0000 0.0059
8.3 32500 -3.23 1.4661 0.0023 0.6646 0.0529 0.0044 0.0115 0.0033 0.0000 0.0000 0.0080
8.3 32500 -2.99 1.8641 0.0075 0.5935 0.0854 0.0046 0.0120 0.0034 0.0000 0.0000 0.0103
8.3 32500 -2.72 2.1722 0.0283 0.4601 0.1219 0.0051 0.0132 0.0038 0.0000 0.0000 0.0134
8.3 32500 -2.48 2.3132 0.0777 0.3505 0.1465 0.0059 0.0152 0.0044 0.0000 0.0000 0.0167
8.3 32500 -2.23 2.3784 0.1630 0.2676 0.1638 0.0069 0.0180 0.0051 0.0000 0.0000 0.0207
8.3 32500 -1.98 2.4053 0.2772 0.2054 0.1763 0.0083 0.0216 0.0061 0.0000 0.0000 0.0255
8.3 32500 -1.73 2.4153 0.4084 0.1601 0.1853 0.0098 0.0256 0.0073 0.0000 0.0000 0.0312
8.3 32500 -1.48 2.4092 0.5708 0.1247 0.1923 0.0115 0.0300 0.0085 0.0000 0.0000 0.0379
8.3 35000 -3.98 0.6799 0.0000 0.6495 0.0139 0.0060 0.0157 0.0045 0.0000 0.0000 0.0061
8.3 35000 -3.73 0.9985 0.0013 0.7066 0.0262 0.0070 0.0183 0.0052 0.0000 0.0000 0.0091
8.3 35000 -3.49 1.6294 0.0074 0.7722 0.0565 0.0112 0.0291 0.0083 0.0000 0.0000 0.0204
8.3 35000 -3.23 2.1755 0.0284 0.7103 0.0945 0.0119 0.0307 0.0087 0.0000 0.0000 0.0273
8.3 35000 -2.97 2.4251 0.0574 0.5803 0.1249 0.0084 0.0218 0.0062 0.0000 0.0000 0.0224
8.3 35000 -2.72 3.0021 0.3036 0.4434 0.1816 0.0134 0.0345 0.0098 0.0000 0.0000 0.0436
8.3 35000 -2.47 3.0775 0.6244 0.3335 0.2115 0.0147 0.0380 0.0108 0.0000 0.0000 0.0524
8.3 35000 -2.22 3.0465 0.9962 0.2532 0.2330 0.0165 0.0426 0.0120 0.0000 0.0000 0.0622
8.3 35000 -1.97 2.9645 1.4079 0.1948 0.2492 0.0183 0.0473 0.0134 0.0000 0.0000 0.0733
8.3 35000 -1.73 2.8363 1.8659 0.1526 0.2615 0.0198 0.0514 0.0145 0.0000 0.0000 0.0846
8.3 35000 -1.49 2.6635 2.4005 0.1204 0.2718 0.0209 0.0541 0.0152 0.0000 0.0000 0.0945
8.3 37500 -3.99 1.1052 0.0033 0.8165 0.0285 0.0140 0.0363 0.0103 0.0000 0.0000 0.0207
8.3 37500 -3.73 1.5334 0.0129 0.8214 0.0500 0.0158 0.0410 0.0117 0.0000 0.0000 0.0295
8.3 37500 -3.49 2.1328 0.0409 0.7918 0.0869 0.0183 0.0471 0.0134 0.0000 0.0000 0.0434
8.3 37500 -3.23 2.6634 0.1544 0.6662 0.1330 0.0194 0.0501 0.0142 0.0000 0.0000 0.0567
8.3 37500 -2.98 2.9543 0.4839 0.5050 0.1802 0.0203 0.0523 0.0148 0.0000 0.0000 0.0696
8.3 37500 -2.72 2.8828 1.0742 0.3640 0.2173 0.0210 0.0541 0.0153 0.0000 0.0000 0.0804
8.3 37500 -2.47 2.6647 1.7371 0.2662 0.2429 0.0215 0.0553 0.0156 0.0000 0.0000 0.0890
8.3 37500 -2.22 2.4412 2.3881 0.2021 0.2607 0.0217 0.0560 0.0158 0.0000 0.0000 0.0961
8.3 37500 -1.97 2.2220 3.0567 0.1596 0.2738 0.0218 0.0564 0.0159 0.0000 0.0000 0.1021
8.3 37500 -1.73 1.9960 3.7791 0.1300 0.2837 0.0219 0.0565 0.0159 0.0000 0.0000 0.1077
8.3 37500 -1.48 1.7806 4.5433 0.1098 0.2913 0.0218 0.0565 0.0159 0.0000 0.0013 0.1129
8.3 40000 -3.99 2.2246 0.0314 1.1698 0.0652 0.0217 0.0561 0.0159 0.0000 0.0000 0.0553
8.3 40000 -3.73 2.8228 0.1170 1.0585 0.1026 0.0221 0.0570 0.0162 0.0000 0.0000 0.0683
8.3 40000 -3.49 3.1463 0.2266 0.8461 0.1423 0.0220 0.0566 0.0161 0.0000 0.0000 0.0753
8.3 40000 -3.23 3.4107 0.7088 0.6494 0.1930 0.0222 0.0570 0.0162 0.0000 0.0000 0.0880
8.3 40000 -2.97 3.0994 1.6511 0.4548 0.2360 0.0223 0.0572 0.0162 0.0000 0.0000 0.0976
8.3 40000 -2.72 2.6055 2.7076 0.3234 0.2650 0.0223 0.0573 0.0162 0.0000 0.0000 0.1050
8.3 40000 -2.46 2.2045 3.7314 0.2423 0.2844 0.0223 0.0573 0.0162 0.0000 0.0000 0.1119
8.3 40000 -2.21 1.9060 4.7073 0.1940 0.2960 0.0222 0.0572 0.0161 0.0000 0.0013 0.1181
8.3 40000 -1.97 1.6655 5.6802 0.1633 0.3027 0.0222 0.0571 0.0161 0.0000 0.0024 0.1236
8.3 40000 -1.71 1.4470 6.7708 0.1411 0.3062 0.0221 0.0570 0.0160 0.0000 0.0040 0.1288
8.3 40000 -1.47 1.2656 7.8878 0.1261 0.3060 0.0220 0.0568 0.0160 0.0000 0.0063 0.1329
8.3 45000 -3.99 2.8342 0.0572 1.3143 0.0860 0.0232 0.0599 0.0170 0.0000 0.0000 0.0690
8.3 45000 -3.74 3.4897 0.2063 1.1517 0.1295 0.0232 0.0597 0.0170 0.0000 0.0000 0.0825
8.3 45000 -3.48 3.8302 0.3967 0.8733 0.1766 0.0228 0.0587 0.0167 0.0000 0.0000 0.0911
8.3 45000 -3.23 3.8677 1.1595 0.6448 0.2283 0.0228 0.0585 0.0166 0.0000 0.0000 0.1026
8.3 45000 -2.97 3.3103 2.3844 0.4518 0.2681 0.0227 0.0583 0.0165 0.0000 0.0000 0.1108
8.3 45000 -2.71 2.6766 3.6889 0.3233 0.2947 0.0226 0.0581 0.0164 0.0000 0.0000 0.1170
8.3 45000 -2.46 2.2301 4.8811 0.2501 0.3097 0.0226 0.0579 0.0164 0.0000 0.0023 0.1216
8.3 45000 -2.22 1.8965 6.0474 0.2053 0.3167 0.0225 0.0578 0.0163 0.0000 0.0045 0.1246
8.3 45000 -1.96 1.6232 7.2481 0.1755 0.3187 0.0224 0.0577 0.0163 0.0000 0.0075 0.1263
8.3 45000 -1.72 1.3983 8.4880 0.1550 0.3165 0.0223 0.0575 0.0162 0.0000 0.0113 0.1266
8.3 45000 -1.47 1.2128 9.7534 0.1403 0.3102 0.0223 0.0573 0.0162 0.0000 0.0160 0.1254
8.3 50000 -3.99 3.2756 0.0974 1.4747 0.0972 0.0244 0.0628 0.0178 0.0000 0.0000 0.0804
8.3 50000 -3.74 3.9104 0.3387 1.2723 0.1432 0.0240 0.0616 0.0175 0.0000 0.0000 0.0934
8.3 50000 -3.49 4.1466 0.7301 0.9486 0.1940 0.0233 0.0599 0.0170 0.0000 0.0000 0.1020
8.3 50000 -3.23 3.8679 1.8406 0.7003 0.2451 0.0231 0.0592 0.0168 0.0000 0.0000 0.1123
8.3 50000 -2.97 3.0965 3.3444 0.4925 0.2837 0.0229 0.0587 0.0166 0.0000 0.0000 0.1195
8.3 50000 -2.71 2.4212 4.8068 0.3583 0.3056 0.0227 0.0583 0.0165 0.0000 0.0022 0.1239
8.3 50000 -2.47 1.9835 6.1201 0.2834 0.3126 0.0226 0.0580 0.0164 0.0011 0.0050 0.1254
8.3 50000 -2.22 1.6602 7.4307 0.2361 0.3115 0.0225 0.0577 0.0163 0.0014 0.0088 0.1251
8.3 50000 -2.01 1.4484 8.5286 0.2092 0.3069 0.0224 0.0575 0.0162 0.0018 0.0127 0.1239
8.3 50000 -1.76 1.2390 9.8789 0.1856 0.2973 0.0222 0.0572 0.0161 0.0026 0.0183 0.1212
8.3 50000 -1.47 1.0469 1.4569 0.1658 0.2817 0.0221 0.0568 0.0160 0.0038 0.0262 0.1162
8.3 55000 -3.99 3.6835 0.0823 1.4665 0.1147 0.0249 0.0641 0.0182 0.0000 0.0000 0.0903
8.3 55000 -3.74 4.4353 0.2915 1.2416 0.1647 0.0243 0.0625 0.0178 0.0000 0.0000 0.1031
8.3 55000 -3.49 4.8414 0.9202 0.9846 0.2212 0.0238 0.0611 0.0174 0.0000 0.0000 0.1156
8.3 55000 -3.23 4.3886 2.3060 0.7149 0.2747 0.0234 0.0600 0.0170 0.0000 0.0000 0.1257
8.3 55000 -2.97 3.4663 4.0452 0.5074 0.3132 0.0231 0.0593 0.0168 0.0000 0.0000 0.1333
8.3 55000 -2.72 2.6915 5.6966 0.3741 0.3336 0.0229 0.0588 0.0167 0.0000 0.0022 0.1384
8.3 55000 -2.47 2.1771 7.1995 0.2978 0.3385 0.0228 0.0585 0.0166 0.0000 0.0053 0.1404
8.3 55000 -2.22 1.8022 8.6591 0.2496 0.3353 0.0227 0.0583 0.0165 0.0000 0.0095 0.1404
8.3 55000 -2.03 1.5680 9.7986 0.2227 0.3294 0.0226 0.0581 0.0164 0.0000 0.0134 0.1393
8.3 55000 -1.72 1.2804 1.5577 0.1924 0.3154 0.0225 0.0579 0.0163 0.0011 0.0208 0.1358
8.3 55000 -1.48 1.1003 2.9405 0.1742 0.3003 0.0223 0.0577 0.0163 0.0016 0.0277 0.1310
8.3 60000 -3.99 4.0001 0.1379 1.6836 0.1057 0.0252 0.0646 0.0183 0.0000 0.0000 0.0973
8.3 60000 -3.74 4.6788 0.4691 1.4465 0.1549 0.0244 0.0625 0.0177 0.0000 0.0000 0.1097
8.3 60000 -3.49 4.8283 1.3977 1.1542 0.2138 0.0237 0.0606 0.0172 0.0013 0.0000 0.1216
8.3 60000 -3.24 4.1545 3.0205 0.8616 0.2686 0.0232 0.0593 0.0168 0.0015 0.0000 0.1310
8.3 60000 -2.97 3.1446 4.9576 0.6101 0.3097 0.0228 0.0582 0.0165 0.0017 0.0017 0.1372
8.3 60000 -2.72 2.4289 6.6215 0.4567 0.3239 0.0225 0.0576 0.0163 0.0019 0.0050 0.1374
8.3 60000 -2.47 1.9472 8.2013 0.3633 0.3211 0.0223 0.0571 0.0161 0.0022 0.0104 0.1338
8.3 60000 -2.22 1.6076 9.6935 0.3041 0.3116 0.0221 0.0567 0.0160 0.0028 0.0166 0.1292
8.3 60000 -2.04 1.4086 0.7836 0.2720 0.3021 0.0220 0.0564 0.0159 0.0034 0.0218 0.1253
8.3 60000 -1.73 1.1466 2.5975 0.2314 0.2824 0.0218 0.0559 0.0157 0.0050 0.0317 0.1174
8.3 60000 -1.48 0.9867 3.9887 0.2070 0.2643 0.0216 0.0554 0.0155 0.0068 0.0403 0.1102
8.3 80000 -4.00 5.1240 0.2728 2.0927 0.1336 0.0274 0.0703 0.0199 0.0016 0.0000 0.1196
8.3 80000 -3.75 5.7287 0.8805 1.7626 0.1880 0.0258 0.0661 0.0187 0.0022 0.0000 0.1311
8.3 80000 -3.50 5.5133 2.3779 1.4037 0.2509 0.0245 0.0628 0.0177 0.0027 0.0000 0.1429
8.3 80000 -3.25 4.4454 4.6286 1.0678 0.3068 0.0236 0.0604 0.0170 0.0030 0.0011 0.1525
8.3 80000 -2.99 3.2199 7.0567 0.7849 0.3365 0.0230 0.0588 0.0165 0.0033 0.0045 0.1551
8.3 80000 -2.75 2.4305 9.0318 0.6137 0.3281 0.0226 0.0577 0.0162 0.0037 0.0117 0.1468
8.3 80000 -2.50 1.9381 0.8061 0.5102 0.3055 0.0223 0.0570 0.0160 0.0043 0.0209 0.1354
8.3 80000 -2.26 1.6306 2.3823 0.4437 0.2818 0.0220 0.0564 0.0158 0.0054 0.0301 0.1250
8.3 80000 -2.02 1.4301 3.8289 0.3964 0.2578 0.0218 0.0559 0.0156 0.0069 0.0396 0.1148
8.3 80000 -1.78 1.2919 5.2017 0.3599 0.2337 0.0216 0.0553 0.0154 0.0090 0.0493 0.1048
8.3 80000 -1.53 1.1957 6.4512 0.3313 0.2109 0.0213 0.0547 0.0153 0.0119 0.0588 0.0954
8.3 100000 -4.00 5.7685 0.3744 2.4227 0.1454 0.0271 0.0692 0.0196 0.0401 0.0000 0.1321
8.3 100000 -3.75 6.3284 1.2022 2.0124 0.2012 0.0242 0.0618 0.0175 0.0524 0.0000 0.1430
8.3 100000 -3.50 5.8366 3.1269 1.5793 0.2665 0.0218 0.0556 0.0157 0.0659 0.0000 0.1544
8.3 100000 -3.26 4.5440 5.6337 1.1866 0.3211 0.0201 0.0513 0.0144 0.0763 0.0027 0.1618
8.3 100000 -3.01 3.2897 7.8113 0.8670 0.3389 0.0190 0.0484 0.0136 0.0829 0.0103 0.1557
8.3 100000 -2.77 2.5132 9.0797 0.6794 0.3209 0.0182 0.0465 0.0130 0.0895 0.0205 0.1416
8.3 100000 -2.53 2.0212 9.9934 0.5641 0.2954 0.0174 0.0444 0.0124 0.0997 0.0291 0.1294
8.3 100000 -2.29 1.7124 0.6876 0.4879 0.2708 0.0165 0.0421 0.0118 0.1133 0.0362 0.1188
8.3 100000 -2.05 1.5096 1.1090 0.4320 0.2465 0.0155 0.0395 0.0110 0.1300 0.0425 0.1085
8.3 100000 -1.81 1.3707 1.2110 0.3882 0.2226 0.0143 0.0366 0.0102 0.1497 0.0480 0.0984
8.3 100000 -1.57 1.2733 0.9805 0.3538 0.2004 0.0131 0.0336 0.0094 0.1712 0.0518 0.0889
8.3 120000 -4.00 5.9643 0.4002 2.5783 0.1481 0.0270 0.0690 0.0195 0.0559 0.0000 0.1364
8.3 120000 -3.76 6.5182 1.2858 2.1347 0.2037 0.0236 0.0603 0.0170 0.0722 0.0000 0.1467
8.3 120000 -3.51 5.9647 3.3300 1.6705 0.2694 0.0207 0.0529 0.0149 0.0904 0.0000 0.1579
8.3 120000 -3.26 4.6094 5.9216 1.2483 0.3238 0.0186 0.0476 0.0134 0.1054 0.0034 0.1648
8.3 120000 -3.01 3.3330 7.9603 0.9053 0.3375 0.0173 0.0441 0.0124 0.1156 0.0124 0.1560
8.3 120000 -2.78 2.5546 8.9239 0.7069 0.3155 0.0163 0.0417 0.0117 0.1246 0.0235 0.1394
8.3 120000 -2.54 2.0605 9.5425 0.5848 0.2884 0.0154 0.0392 0.0110 0.1376 0.0315 0.1261
8.3 120000 -2.30 1.7479 9.9264 0.5031 0.2629 0.0143 0.0365 0.0102 0.1539 0.0376 0.1148
8.3 120000 -2.06 1.5419 0.0132 0.4425 0.2380 0.0131 0.0335 0.0094 0.1730 0.0427 0.1041
8.3 120000 -1.82 1.3987 9.7694 0.3950 0.2135 0.0119 0.0303 0.0085 0.1946 0.0465 0.0936
8.3 120000 -1.58 1.2970 9.2428 0.3578 0.1910 0.0106 0.0271 0.0075 0.2172 0.0485 0.0839
8.6 30000 -3.96 0.0110 0.0000 0.0545 0.0000 0.0011 0.0029 0.0000 0.0000 0.0000 0.0000
8.6 30000 -3.69 0.0194 0.0000 0.0800 0.0022 0.0020 0.0053 0.0015 0.0000 0.0000 0.0000
8.6 30000 -3.46 0.0581 0.0000 0.1723 0.0052 0.0014 0.0037 0.0011 0.0000 0.0000 0.0000
8.6 30000 -3.19 0.1433 0.0000 0.2447 0.0144 0.0014 0.0037 0.0011 0.0000 0.0000 0.0010
8.6 30000 -2.94 0.3115 0.0000 0.3090 0.0350 0.0015 0.0039 0.0011 0.0000 0.0000 0.0017
8.6 30000 -2.68 0.4681 0.0011 0.2964 0.0618 0.0016 0.0043 0.0012 0.0000 0.0000 0.0024
8.6 30000 -2.43 0.5602 0.0036 0.2470 0.0825 0.0019 0.0050 0.0015 0.0000 0.0000 0.0032
8.6 30000 -2.18 0.6187 0.0102 0.1986 0.0965 0.0024 0.0063 0.0018 0.0000 0.0000 0.0043
8.6 30000 -1.93 0.6644 0.0240 0.1580 0.1063 0.0030 0.0080 0.0023 0.0000 0.0000 0.0058
8.6 30000 -1.69 0.6997 0.0417 0.1256 0.1130 0.0038 0.0099 0.0028 0.0000 0.0000 0.0074
8.6 30000 -1.45 0.7344 0.0610 0.0989 0.1179 0.0046 0.0122 0.0034 0.0000 0.0000 0.0094
8.6 32500 -3.96 0.0311 0.0000 0.1303 0.0034 0.0044 0.0119 0.0034 0.0000 0.0000 0.0000
8.6 32500 -3.71 0.0687 0.0000 0.2202 0.0063 0.0040 0.0105 0.0030 0.0000 0.0000 0.0011
8.6 32500 -3.46 0.1309 0.0000 0.2786 0.0136 0.0044 0.0116 0.0033 0.0000 0.0000 0.0019
8.6 32500 -3.20 0.3271 0.0011 0.3807 0.0353 0.0045 0.0119 0.0034 0.0000 0.0000 0.0044
8.6 32500 -2.95 0.6767 0.0049 0.4462 0.0753 0.0047 0.0123 0.0035 0.0000 0.0000 0.0075
8.6 32500 -2.68 1.0525 0.0199 0.4065 0.1259 0.0051 0.0133 0.0038 0.0000 0.0000 0.0107
8.6 32500 -2.43 1.2677 0.0549 0.3329 0.1611 0.0058 0.0152 0.0043 0.0000 0.0000 0.0136
8.6 32500 -2.19 1.4011 0.1121 0.2669 0.1858 0.0068 0.0179 0.0051 0.0000 0.0000 0.0168
8.6 32500 -1.94 1.5020 0.1836 0.2128 0.2042 0.0082 0.0214 0.0061 0.0000 0.0000 0.0208
8.6 32500 -1.70 1.5926 0.2616 0.1711 0.2184 0.0097 0.0254 0.0072 0.0000 0.0000 0.0255
8.6 32500 -1.45 1.6855 0.3561 0.1370 0.2304 0.0114 0.0300 0.0084 0.0000 0.0000 0.0314
8.6 35000 -3.98 0.1060 0.0000 0.3124 0.0089 0.0084 0.0223 0.0064 0.0000 0.0000 0.0031
8.6 35000 -3.72 0.1760 0.0000 0.3622 0.0171 0.0100 0.0265 0.0076 0.0000 0.0000 0.0050
8.6 35000 -3.47 0.3216 0.0024 0.4258 0.0345 0.0113 0.0296 0.0084 0.0000 0.0000 0.0085
8.6 35000 -3.20 0.6906 0.0148 0.5004 0.0760 0.0120 0.0314 0.0090 0.0000 0.0000 0.0162
8.6 35000 -2.93 1.2187 0.0681 0.4961 0.1377 0.0125 0.0325 0.0093 0.0000 0.0000 0.0259
8.6 35000 -2.68 1.6402 0.2136 0.4184 0.1964 0.0132 0.0345 0.0098 0.0000 0.0000 0.0346
8.6 35000 -2.43 1.8513 0.4380 0.3326 0.2383 0.0145 0.0378 0.0107 0.0000 0.0000 0.0423
8.6 35000 -2.18 1.9775 0.6814 0.2630 0.2678 0.0162 0.0422 0.0120 0.0000 0.0000 0.0504
8.6 35000 -1.94 2.0723 0.9482 0.2093 0.2904 0.0181 0.0471 0.0133 0.0000 0.0000 0.0601
8.6 35000 -1.70 2.1349 1.2572 0.1682 0.3083 0.0197 0.0514 0.0145 0.0000 0.0000 0.0707
8.6 35000 -1.46 2.1642 1.6436 0.1357 0.3236 0.0210 0.0548 0.0154 0.0000 0.0000 0.0813
8.6 37500 -3.98 0.2022 0.0000 0.4377 0.0176 0.0146 0.0384 0.0110 0.0000 0.0000 0.0089
8.6 37500 -3.72 0.3338 0.0033 0.4884 0.0329 0.0166 0.0437 0.0124 0.0000 0.0000 0.0138
8.6 37500 -3.47 0.5843 0.0161 0.5371 0.0626 0.0182 0.0477 0.0136 0.0000 0.0000 0.0222
8.6 37500 -3.20 1.0626 0.0858 0.5507 0.1195 0.0196 0.0509 0.0145 0.0000 0.0000 0.0367
8.6 37500 -2.94 1.5063 0.3174 0.4736 0.1858 0.0205 0.0533 0.0151 0.0000 0.0000 0.0520
8.6 37500 -2.68 1.6675 0.7349 0.3627 0.2370 0.0212 0.0551 0.0157 0.0000 0.0000 0.0636
8.6 37500 -2.43 1.6926 1.1995 0.2757 0.2710 0.0218 0.0566 0.0160 0.0000 0.0000 0.0723
8.6 37500 -2.18 1.6915 1.6758 0.2162 0.2952 0.0221 0.0574 0.0163 0.0000 0.0000 0.0797
8.6 37500 -1.94 1.6621 2.2015 0.1754 0.3137 0.0222 0.0578 0.0163 0.0000 0.0000 0.0863
8.6 37500 -1.69 1.5990 2.8206 0.1465 0.3291 0.0223 0.0580 0.0164 0.0000 0.0000 0.0926
8.6 37500 -1.45 1.5089 3.5297 0.1266 0.3422 0.0223 0.0580 0.0163 0.0000 0.0000 0.0988
8.6 40000 -3.98 0.5725 0.0061 0.7594 0.0437 0.0210 0.0550 0.0157 0.0000 0.0000 0.0263
8.6 40000 -3.72 0.9098 0.0275 0.7904 0.0769 0.0218 0.0569 0.0162 0.0000 0.0000 0.0373
8.6 40000 -3.47 1.4179 0.1236 0.7751 0.1311 0.0223 0.0579 0.0165 0.0000 0.0000 0.0522
8.6 40000 -3.21 1.9110 0.4638 0.6672 0.2015 0.0225 0.0583 0.0166 0.0000 0.0000 0.0687
8.6 40000 -2.94 1.9974 1.1600 0.4958 0.2613 0.0226 0.0586 0.0166 0.0000 0.0000 0.0806
8.6 40000 -2.68 1.8419 1.9678 0.3620 0.2992 0.0227 0.0587 0.0167 0.0000 0.0000 0.0882
8.6 40000 -2.42 1.6900 2.8309 0.2785 0.3264 0.0227 0.0587 0.0166 0.0000 0.0000 0.0958
8.6 40000 -2.17 1.5617 3.7331 0.2288 0.3452 0.0226 0.0587 0.0166 0.0000 0.0000 0.1033
8.6 40000 -1.93 1.4423 4.7036 0.1972 0.3588 0.0226 0.0586 0.0165 0.0000 0.0014 0.1105
8.6 40000 -1.68 1.3127 5.8518 0.1741 0.3691 0.0225 0.0584 0.0165 0.0000 0.0026 0.1178
8.6 40000 -1.44 1.1902 7.0877 0.1583 0.3748 0.0224 0.0582 0.0164 0.0000 0.0042 0.1244
8.6 45000 -3.98 0.9607 0.0137 0.9835 0.0677 0.0229 0.0596 0.0170 0.0000 0.0000 0.0401
8.6 45000 -3.73 1.4650 0.0597 0.9773 0.1132 0.0231 0.0601 0.0171 0.0000 0.0000 0.0539
8.6 45000 -3.47 2.1208 0.2531 0.8976 0.1810 0.0232 0.0600 0.0171 0.0000 0.0000 0.0711
8.6 45000 -3.20 2.5284 0.8350 0.7204 0.2551 0.0231 0.0597 0.0170 0.0000 0.0000 0.0867
8.6 45000 -2.93 2.4013 1.7980 0.5229 0.3095 0.0230 0.0595 0.0169 0.0000 0.0000 0.0962
8.6 45000 -2.67 2.1002 2.8905 0.3816 0.3450 0.0230 0.0594 0.0169 0.0000 0.0000 0.1030
8.6 45000 -2.42 1.8604 3.9903 0.3010 0.3672 0.0229 0.0593 0.0168 0.0000 0.0014 0.1089
8.6 45000 -2.18 1.6664 5.1565 0.2523 0.3808 0.0229 0.0591 0.0168 0.0000 0.0028 0.1138
8.6 45000 -1.93 1.4914 6.4343 0.2198 0.3889 0.0228 0.0590 0.0167 0.0000 0.0049 0.1179
8.6 45000 -1.68 1.3323 7.8209 0.1975 0.3919 0.0228 0.0588 0.0166 0.0000 0.0077 0.1209
8.6 45000 -1.44 1.1901 9.3014 0.1815 0.3897 0.0227 0.0586 0.0166 0.0000 0.0114 0.1224
8.6 50000 -3.99 1.3720 0.0327 1.2244 0.0856 0.0242 0.0628 0.0179 0.0000 0.0000 0.0533
8.6 50000 -3.73 2.0047 0.1356 1.1876 0.1391 0.0240 0.0622 0.0177 0.0000 0.0000 0.0688
8.6 50000 -3.47 2.6281 0.5052 1.0508 0.2105 0.0237 0.0613 0.0175 0.0000 0.0000 0.0855
8.6 50000 -3.21 2.8010 1.3903 0.8252 0.2823 0.0234 0.0605 0.0172 0.0000 0.0000 0.0990
8.6 50000 -2.94 2.4844 2.6531 0.5984 0.3354 0.0232 0.0600 0.0170 0.0000 0.0000 0.1074
8.6 50000 -2.67 2.0897 3.9974 0.4437 0.3668 0.0231 0.0596 0.0169 0.0000 0.0013 0.1130
8.6 50000 -2.43 1.8088 5.3263 0.3577 0.3805 0.0230 0.0593 0.0168 0.0011 0.0032 0.1167
8.6 50000 -2.18 1.5838 6.7559 0.3037 0.3851 0.0229 0.0590 0.0167 0.0014 0.0059 0.1191
8.6 50000 -1.97 1.4271 8.0152 0.2732 0.3846 0.0228 0.0588 0.0167 0.0017 0.0088 0.1204
8.6 50000 -1.72 1.2625 9.6515 0.2462 0.3793 0.0227 0.0585 0.0166 0.0024 0.0133 0.1207
8.6 50000 -1.44 1.0998 1.6564 0.2233 0.3663 0.0225 0.0581 0.0164 0.0035 0.0199 0.1188
8.6 55000 -3.99 2.0099 0.0506 1.4673 0.1151 0.0253 0.0657 0.0187 0.0000 0.0000 0.0710
8.6 55000 -3.73 2.8153 0.2017 1.3697 0.1785 0.0247 0.0640 0.0182 0.0000 0.0000 0.0877
8.6 55000 -3.48 3.5279 0.7153 1.1729 0.2581 0.0242 0.0625 0.0178 0.0000 0.0000 0.1048
8.6 55000 -3.21 3.5782 1.9168 0.8931 0.3352 0.0237 0.0613 0.0174 0.0000 0.0000 0.1181
8.6 55000 -2.94 3.0596 3.4943 0.6462 0.3881 0.0235 0.0605 0.0172 0.0000 0.0000 0.1263
8.6 55000 -2.68 2.5081 5.1111 0.4820 0.4171 0.0233 0.0601 0.0171 0.0000 0.0014 0.1322
8.6 55000 -2.43 2.1081 6.7000 0.3882 0.4269 0.0232 0.0598 0.0170 0.0000 0.0036 0.1361
8.6 55000 -2.19 1.8028 8.3442 0.3297 0.4276 0.0231 0.0595 0.0169 0.0000 0.0067 0.1385
8.6 55000 -1.99 1.6004 9.6851 0.2969 0.4240 0.0230 0.0594 0.0168 0.0000 0.0098 0.1395
8.6 55000 -1.69 1.3432 1.8581 0.2598 0.4121 0.0229 0.0591 0.0167 0.0011 0.0159 0.1390
8.6 55000 -1.45 1.1755 3.6509 0.2373 0.3970 0.0228 0.0589 0.0167 0.0015 0.0220 0.1365
8.6 60000 -3.99 2.4402 0.0922 1.7861 0.1110 0.0257 0.0665 0.0189 0.0000 0.0000 0.0817
8.6 60000 -3.73 3.2769 0.3485 1.6754 0.1742 0.0249 0.0642 0.0183 0.0000 0.0000 0.0984
8.6 60000 -3.47 3.8304 1.1444 1.4313 0.2561 0.0242 0.0622 0.0177 0.0012 0.0000 0.1148
8.6 60000 -3.21 3.6473 2.6166 1.1120 0.3333 0.0236 0.0607 0.0172 0.0015 0.0000 0.1267
8.6 60000 -2.94 2.9901 4.4872 0.8032 0.3911 0.0232 0.0596 0.0169 0.0016 0.0011 0.1339
8.6 60000 -2.68 2.4244 6.2158 0.6082 0.4131 0.0229 0.0590 0.0167 0.0018 0.0034 0.1355
8.6 60000 -2.43 2.0142 7.9817 0.4900 0.4137 0.0228 0.0585 0.0166 0.0022 0.0074 0.1341
8.6 60000 -2.19 1.7105 9.7551 0.4155 0.4062 0.0226 0.0581 0.0164 0.0027 0.0123 0.1318
8.6 60000 -2.00 1.5253 1.1162 0.3747 0.3977 0.0225 0.0578 0.0163 0.0033 0.0167 0.1296
8.6 60000 -1.70 1.2716 3.4872 0.3229 0.3780 0.0223 0.0573 0.0162 0.0047 0.0255 0.1242
8.6 60000 -1.45 1.1116 5.3998 0.2912 0.3583 0.0221 0.0569 0.0160 0.0064 0.0336 0.1184
8.6 80000 -3.99 4.3538 0.2459 2.6345 0.1680 0.0282 0.0727 0.0206 0.0015 0.0000 0.1209
8.6 80000 -3.74 5.3362 0.8388 2.3625 0.2459 0.0265 0.0682 0.0194 0.0021 0.0000 0.1377
8.6 80000 -3.48 5.5780 2.3871 1.9631 0.3392 0.0252 0.0647 0.0183 0.0026 0.0000 0.1535
8.6 80000 -3.23 4.8309 4.8238 1.5291 0.4228 0.0242 0.0621 0.0176 0.0030 0.0000 0.1653
8.6 80000 -2.96 3.6903 7.5842 1.1362 0.4691 0.0235 0.0604 0.0171 0.0033 0.0034 0.1692
8.6 80000 -2.71 2.8608 9.9364 0.8922 0.4597 0.0231 0.0593 0.0167 0.0036 0.0093 0.1614
8.6 80000 -2.47 2.3252 2.1843 0.7465 0.4307 0.0228 0.0586 0.0165 0.0043 0.0173 0.1506
8.6 80000 -2.23 1.9879 4.3131 0.6547 0.4009 0.0226 0.0581 0.0163 0.0052 0.0259 0.1407
8.6 80000 -1.99 1.7681 6.3594 0.5900 0.3705 0.0224 0.0576 0.0162 0.0066 0.0353 0.1309
8.6 80000 -1.75 1.6185 8.3689 0.5402 0.3390 0.0222 0.0570 0.0160 0.0086 0.0453 0.1207
8.6 80000 -1.50 1.5144 0.2537 0.5010 0.3084 0.0220 0.0565 0.0158 0.0114 0.0553 0.1107
8.6 100000 -3.99 5.9298 0.3947 3.3520 0.2025 0.0282 0.0723 0.0205 0.0389 0.0000 0.1483
8.6 100000 -3.75 7.0074 1.3247 2.9310 0.2890 0.0252 0.0645 0.0183 0.0512 0.0000 0.1651
8.6 100000 -3.49 6.8678 3.5697 2.3719 0.3899 0.0226 0.0580 0.0164 0.0650 0.0000 0.1802
8.6 100000 -3.24 5.5896 6.5929 1.8048 0.4739 0.0208 0.0533 0.0151 0.0762 0.0022 0.1889
8.6 100000 -2.98 4.1392 9.3387 1.3184 0.5013 0.0196 0.0503 0.0142 0.0829 0.0086 0.1819
8.6 100000 -2.74 3.1918 1.1066 1.0319 0.4738 0.0189 0.0484 0.0136 0.0887 0.0178 0.1657
8.6 100000 -2.49 2.5917 2.5223 0.8597 0.4373 0.0181 0.0464 0.0131 0.0983 0.0263 0.1522
8.6 100000 -2.26 2.2148 3.7215 0.7476 0.4028 0.0173 0.0441 0.0124 0.1117 0.0338 0.1406
8.6 100000 -2.02 1.9714 4.6269 0.6661 0.3690 0.0163 0.0417 0.0117 0.1282 0.0411 0.1294
8.6 100000 -1.78 1.8062 5.1461 0.6024 0.3355 0.0152 0.0389 0.0109 0.1479 0.0478 0.1182
8.6 100000 -1.54 1.6943 5.2098 0.5527 0.3041 0.0141 0.0359 0.0101 0.1696 0.0532 0.1077
8.6 120000 -4.00 6.6126 0.4520 3.6893 0.2152 0.0282 0.0724 0.0205 0.0547 0.0000 0.1596
8.6 120000 -3.75 7.7277 1.5104 3.2028 0.3042 0.0247 0.0633 0.0179 0.0710 0.0000 0.1759
8.6 120000 -3.50 7.4577 4.0275 2.5762 0.4081 0.0217 0.0554 0.0157 0.0897 0.0000 0.1909
8.6 120000 -3.25 5.9740 7.3089 1.9459 0.4934 0.0194 0.0498 0.0141 0.1054 0.0029 0.1989
8.6 120000 -2.99 4.3680 0.0153 1.4078 0.5139 0.0180 0.0461 0.0130 0.1155 0.0109 0.1880
8.6 120000 -2.75 3.3556 1.4837 1.0955 0.4787 0.0171 0.0438 0.0123 0.1238 0.0214 0.1680
8.6 120000 -2.51 2.7206 2.5699 0.9078 0.4378 0.0162 0.0414 0.0116 0.1364 0.0296 0.1524
8.6 120000 -2.27 2.3257 3.4049 0.7847 0.4009 0.0152 0.0387 0.0109 0.1528 0.0365 0.1398
8.6 120000 -2.04 2.0679 3.8682 0.6945 0.3650 0.0140 0.0359 0.0101 0.1722 0.0429 0.1276
8.6 120000 -1.80 1.8925 3.8909 0.6237 0.3298 0.0128 0.0327 0.0092 0.1944 0.0482 0.1157
8.6 120000 -1.56 1.7727 3.4898 0.5688 0.2973 0.0116 0.0295 0.0083 0.2179 0.0518 0.1046
8.9 30000 -3.95 0.0000 0.0000 0.0000 0.0000 0.0000 0.0010 0.0000 0.0000 0.0000 0.0000
8.9 30000 -3.67 0.0000 0.0000 0.0010 0.0000 0.0000 0.0019 0.0000 0.0000 0.0000 0.0000
8.9 30000 -3.39 0.0000 0.0000 0.0038 0.0000 0.0010 0.0033 0.0000 0.0000 0.0000 0.0000
8.9 30000 -3.06 0.0012 0.0000 0.0122 0.0016 0.0019 0.0060 0.0018 0.0000 0.0000 0.0000
8.9 30000 -2.73 0.0386 0.0000 0.0826 0.0206 0.0053 0.0141 0.0041 0.0000 0.0000 0.0032
8.9 30000 -2.22 0.0000 0.0000 0.0050 0.0039 0.0030 0.0096 0.0039 0.0000 0.0000 0.0000
8.9 30000 -2.12 0.1076 0.0035 0.0952 0.0685 0.0024 0.0064 0.0018 0.0000 0.0000 0.0036
8.9 30000 -1.88 0.1350 0.0078 0.0867 0.0809 0.0030 0.0081 0.0023 0.0000 0.0000 0.0049
8.9 30000 -1.73 0.0035 0.0000 0.0078 0.0077 0.0039 0.0124 0.0048 0.0000 0.0000 0.0013
8.9 30000 -1.65 0.1660 0.0125 0.0777 0.0914 0.0038 0.0101 0.0028 0.0000 0.0000 0.0064
8.9 30000 -1.41 0.2112 0.0152 0.0685 0.1024 0.0046 0.0123 0.0035 0.0000 0.0000 0.0086
8.9 32500 -3.95 0.0000 0.0000 0.0070 0.0000 0.0018 0.0054 0.0016 0.0000 0.0000 0.0000
8.9 32500 -3.67 0.0000 0.0000 0.0099 0.0000 0.0029 0.0087 0.0025 0.0000 0.0000 0.0000
8.9 32500 -3.39 0.0000 0.0000 0.0174 0.0021 0.0045 0.0133 0.0039 0.0000 0.0000 0.0000
8.9 32500 -3.07 0.0213 0.0000 0.0676 0.0143 0.0078 0.0214 0.0063 0.0000 0.0000 0.0034
8.9 32500 -2.78 0.1251 0.0035 0.1644 0.0611 0.0134 0.0356 0.0102 0.0000 0.0000 0.0123
8.9 32500 -2.57 0.1989 0.0096 0.1561 0.0921 0.0063 0.0166 0.0048 0.0000 0.0000 0.0112
8.9 32500 -2.38 0.2690 0.0209 0.1663 0.1196 0.0057 0.0149 0.0043 0.0000 0.0000 0.0120
8.9 32500 -2.13 0.3526 0.0369 0.1548 0.1497 0.0066 0.0175 0.0050 0.0000 0.0000 0.0146
8.9 32500 -1.89 0.4468 0.0527 0.1391 0.1748 0.0079 0.0209 0.0060 0.0000 0.0000 0.0180
8.9 32500 -1.66 0.5690 0.0662 0.1234 0.1995 0.0094 0.0248 0.0070 0.0000 0.0000 0.0235
8.9 32500 -1.42 0.7167 0.0825 0.1074 0.2234 0.0110 0.0293 0.0083 0.0000 0.0000 0.0310
8.9 35000 -3.95 0.0030 0.0000 0.0398 0.0025 0.0075 0.0213 0.0061 0.0000 0.0000 0.0000
8.9 35000 -3.67 0.0057 0.0000 0.0504 0.0055 0.0101 0.0286 0.0082 0.0000 0.0000 0.0017
8.9 35000 -3.39 0.0168 0.0000 0.0767 0.0142 0.0127 0.0357 0.0102 0.0000 0.0000 0.0041
8.9 35000 -3.08 0.0834 0.0063 0.1521 0.0527 0.0189 0.0505 0.0145 0.0000 0.0000 0.0140
8.9 35000 -2.82 0.2008 0.0291 0.1685 0.0971 0.0188 0.0498 0.0142 0.0000 0.0000 0.0236
8.9 35000 -2.63 0.3187 0.0762 0.1981 0.1365 0.0130 0.0343 0.0098 0.0000 0.0000 0.0272
8.9 35000 -2.38 0.4713 0.1479 0.1909 0.1873 0.0141 0.0371 0.0106 0.0000 0.0000 0.0354
8.9 35000 -2.13 0.6425 0.2068 0.1737 0.2260 0.0157 0.0413 0.0117 0.0000 0.0000 0.0436
8.9 35000 -1.89 0.8491 0.2704 0.1539 0.2603 0.0175 0.0461 0.0131 0.0000 0.0000 0.0549
8.9 35000 -1.66 1.0826 0.3515 0.1345 0.2916 0.0193 0.0508 0.0143 0.0000 0.0000 0.0691
8.9 35000 -1.42 1.2984 0.4773 0.1152 0.3163 0.0208 0.0550 0.0155 0.0000 0.0000 0.0842
8.9 37500 -3.95 0.0069 0.0000 0.0621 0.0053 0.0106 0.0292 0.0083 0.0000 0.0000 0.0023
8.9 37500 -3.67 0.0133 0.0000 0.0752 0.0112 0.0126 0.0345 0.0098 0.0000 0.0000 0.0042
8.9 37500 -3.40 0.0366 0.0040 0.1205 0.0312 0.0193 0.0517 0.0149 0.0000 0.0000 0.0100
8.9 37500 -3.09 0.1065 0.0275 0.1464 0.0715 0.0213 0.0564 0.0161 0.0000 0.0000 0.0206
8.9 37500 -2.89 0.1858 0.0735 0.1952 0.1031 0.0207 0.0546 0.0156 0.0000 0.0000 0.0285
8.9 37500 -2.62 0.3064 0.1942 0.1874 0.1583 0.0215 0.0566 0.0161 0.0000 0.0000 0.0429
8.9 37500 -2.37 0.4815 0.3183 0.1711 0.2043 0.0221 0.0581 0.0165 0.0000 0.0000 0.0565
8.9 37500 -2.13 0.6778 0.4660 0.1525 0.2405 0.0225 0.0592 0.0168 0.0000 0.0000 0.0689
8.9 37500 -1.89 0.8321 0.6753 0.1337 0.2669 0.0227 0.0599 0.0169 0.0000 0.0000 0.0790
8.9 37500 -1.65 0.9127 0.9841 0.1168 0.2873 0.0228 0.0601 0.0170 0.0000 0.0000 0.0876
8.9 37500 -1.41 0.9344 1.4099 0.1044 0.3069 0.0228 0.0602 0.0169 0.0000 0.0000 0.0967
8.9 40000 -3.95 0.0262 0.0013 0.1202 0.0149 0.0134 0.0356 0.0101 0.0000 0.0000 0.0072
8.9 40000 -3.68 0.0524 0.0072 0.1671 0.0366 0.0215 0.0572 0.0164 0.0000 0.0000 0.0141
8.9 40000 -3.40 0.0849 0.0302 0.1567 0.0614 0.0218 0.0578 0.0165 0.0000 0.0000 0.0200
8.9 40000 -3.17 0.2595 0.0883 0.3177 0.1076 0.0228 0.0601 0.0171 0.0000 0.0000 0.0384
8.9 40000 -2.89 0.4294 0.2834 0.2908 0.1700 0.0230 0.0605 0.0172 0.0000 0.0000 0.0554
8.9 40000 -2.62 0.5753 0.5514 0.2397 0.2130 0.0231 0.0607 0.0173 0.0000 0.0000 0.0673
8.9 40000 -2.36 0.6764 0.9480 0.2015 0.2497 0.0231 0.0608 0.0172 0.0000 0.0000 0.0793
8.9 40000 -2.12 0.7186 1.4860 0.1779 0.2812 0.0231 0.0607 0.0172 0.0000 0.0000 0.0920
8.9 40000 -1.88 0.7470 2.1456 0.1621 0.3117 0.0231 0.0606 0.0171 0.0000 0.0000 0.1059
8.9 40000 -1.63 0.7453 3.0228 0.1501 0.3409 0.0230 0.0604 0.0170 0.0000 0.0013 0.1215
8.9 40000 -1.39 0.7179 4.0525 0.1416 0.3642 0.0229 0.0601 0.0169 0.0000 0.0023 0.1367
8.9 45000 -3.96 0.0578 0.0037 0.2029 0.0306 0.0206 0.0545 0.0157 0.0000 0.0000 0.0143
8.9 45000 -3.71 0.1503 0.0080 0.3842 0.0499 0.0231 0.0611 0.0175 0.0000 0.0000 0.0256
8.9 45000 -3.45 0.2907 0.0452 0.4282 0.0936 0.0234 0.0616 0.0176 0.0000 0.0000 0.0398
8.9 45000 -3.17 0.5241 0.2214 0.4287 0.1661 0.0234 0.0615 0.0175 0.0000 0.0000 0.0611
8.9 45000 -2.89 0.7148 0.5617 0.3567 0.2265 0.0234 0.0613 0.0175 0.0000 0.0000 0.0769
8.9 45000 -2.61 0.8086 1.0527 0.2829 0.2697 0.0234 0.0613 0.0174 0.0000 0.0000 0.0886
8.9 45000 -2.36 0.8430 1.6906 0.2376 0.3066 0.0234 0.0611 0.0174 0.0000 0.0000 0.1009
8.9 45000 -2.12 0.8485 2.4969 0.2100 0.3384 0.0233 0.0610 0.0173 0.0000 0.0014 0.1136
8.9 45000 -1.88 0.8289 3.4950 0.1916 0.3657 0.0233 0.0608 0.0172 0.0000 0.0028 0.1262
8.9 45000 -1.64 0.7901 4.6768 0.1785 0.3869 0.0232 0.0606 0.0171 0.0000 0.0049 0.1377
8.9 45000 -1.40 0.7409 6.0244 0.1690 0.4004 0.0231 0.0604 0.0171 0.0000 0.0081 0.1469
8.9 50000 -3.98 0.1474 0.0051 0.4790 0.0399 0.0239 0.0631 0.0180 0.0000 0.0000 0.0266
8.9 50000 -3.72 0.2772 0.0230 0.5522 0.0702 0.0241 0.0635 0.0181 0.0000 0.0000 0.0388
8.9 50000 -3.45 0.4921 0.1143 0.5901 0.1248 0.0240 0.0630 0.0180 0.0000 0.0000 0.0568
8.9 50000 -3.17 0.7494 0.4221 0.5520 0.1989 0.0238 0.0623 0.0178 0.0000 0.0000 0.0778
8.9 50000 -2.89 0.9060 0.9577 0.4472 0.2592 0.0236 0.0618 0.0176 0.0000 0.0000 0.0928
8.9 50000 -2.61 0.9280 1.7058 0.3556 0.3047 0.0235 0.0614 0.0175 0.0000 0.0000 0.1052
8.9 50000 -2.37 0.9057 2.6172 0.3026 0.3378 0.0234 0.0611 0.0174 0.0000 0.0015 0.1172
8.9 50000 -2.12 0.8689 3.7472 0.2694 0.3633 0.0233 0.0608 0.0172 0.0012 0.0034 0.1289
8.9 50000 -1.88 0.8206 5.0725 0.2469 0.3816 0.0232 0.0605 0.0171 0.0016 0.0062 0.1393
8.9 50000 -1.68 0.7749 6.3496 0.2329 0.3911 0.0231 0.0602 0.0170 0.0021 0.0097 0.1463
8.9 50000 -1.40 0.7085 8.3428 0.2179 0.3939 0.0230 0.0598 0.0169 0.0031 0.0163 0.1522
8.9 55000 -3.98 0.2975 0.0105 0.6959 0.0629 0.0253 0.0666 0.0190 0.0000 0.0000 0.0430
8.9 55000 -3.72 0.5326 0.0470 0.7639 0.1069 0.0250 0.0656 0.0187 0.0000 0.0000 0.0599
8.9 55000 -3.46 0.9081 0.2258 0.7812 0.1822 0.0245 0.0642 0.0183 0.0000 0.0000 0.0842
8.9 55000 -3.18 1.2712 0.7722 0.6876 0.2740 0.0241 0.0629 0.0179 0.0000 0.0000 0.1096
8.9 55000 -2.89 1.3675 1.6033 0.5366 0.3390 0.0238 0.0621 0.0177 0.0000 0.0000 0.1251
8.9 55000 -2.63 1.2860 2.6610 0.4197 0.3842 0.0236 0.0616 0.0175 0.0000 0.0000 0.1384
8.9 55000 -2.38 1.1785 3.8751 0.3514 0.4127 0.0235 0.0613 0.0174 0.0000 0.0021 0.1508
8.9 55000 -2.14 1.0733 5.2722 0.3086 0.4313 0.0234 0.0611 0.0173 0.0000 0.0046 0.1621
8.9 55000 -1.89 0.9715 6.8446 0.2790 0.4426 0.0233 0.0608 0.0173 0.0000 0.0082 0.1716
8.9 55000 -1.65 0.8728 8.6175 0.2561 0.4452 0.0233 0.0606 0.0172 0.0000 0.0132 0.1784
8.9 55000 -1.41 0.7864 0.4697 0.2385 0.4392 0.0232 0.0603 0.0171 0.0014 0.0198 0.1812
8.9 60000 -3.98 0.4377 0.0223 0.9364 0.0654 0.0258 0.0678 0.0193 0.0000 0.0000 0.0551
8.9 60000 -3.72 0.7552 0.0961 1.0306 0.1126 0.0252 0.0660 0.0188 0.0000 0.0000 0.0750
8.9 60000 -3.45 1.1834 0.4141 1.0371 0.1925 0.0245 0.0640 0.0182 0.0011 0.0000 0.1011
8.9 60000 -3.18 1.4773 1.1548 0.9091 0.2821 0.0240 0.0624 0.0178 0.0014 0.0000 0.1244
8.9 60000 -2.89 1.4851 2.2789 0.7076 0.3550 0.0236 0.0613 0.0175 0.0016 0.0000 0.1402
8.9 60000 -2.63 1.3479 3.5424 0.5612 0.3959 0.0234 0.0607 0.0172 0.0017 0.0020 0.1503
8.9 60000 -2.38 1.2051 4.9980 0.4693 0.4148 0.0232 0.0602 0.0171 0.0020 0.0049 0.1571
8.9 60000 -2.14 1.0786 6.6095 0.4104 0.4234 0.0230 0.0598 0.0169 0.0025 0.0092 0.1622
8.9 60000 -1.96 0.9937 7.9313 0.3778 0.4252 0.0229 0.0595 0.0168 0.0030 0.0135 0.1648
8.9 60000 -1.65 0.8628 0.3581 0.3345 0.4179 0.0227 0.0589 0.0166 0.0043 0.0229 0.1651
8.9 60000 -1.41 0.7732 2.4285 0.3070 0.4043 0.0226 0.0584 0.0165 0.0059 0.0324 0.1617
8.9 80000 -3.98 1.3311 0.0984 1.8321 0.1289 0.0286 0.0746 0.0213 0.0013 0.0000 0.1098
8.9 80000 -3.73 2.0455 0.3863 1.8885 0.2073 0.0270 0.0702 0.0200 0.0018 0.0000 0.1398
8.9 80000 -3.46 2.6668 1.3284 1.7653 0.3193 0.0256 0.0664 0.0189 0.0024 0.0000 0.1729
8.9 80000 -3.20 2.7418 3.0409 1.4839 0.4291 0.0246 0.0637 0.0181 0.0029 0.0000 0.1990
8.9 80000 -2.92 2.3619 5.2638 1.1565 0.5020 0.0239 0.0619 0.0176 0.0032 0.0025 0.2136
8.9 80000 -2.67 1.9465 7.3788 0.9319 0.5082 0.0235 0.0608 0.0172 0.0035 0.0076 0.2119
8.9 80000 -2.42 1.6421 9.5851 0.7960 0.4876 0.0232 0.0601 0.0170 0.0040 0.0156 0.2043
8.9 80000 -2.18 1.4447 1.8507 0.7119 0.4631 0.0230 0.0595 0.0168 0.0049 0.0253 0.1962
8.9 80000 -1.95 1.3153 4.1780 0.6530 0.4358 0.0229 0.0590 0.0166 0.0061 0.0367 0.1869
8.9 80000 -1.71 1.2274 6.5779 0.6069 0.4048 0.0227 0.0585 0.0165 0.0079 0.0498 0.1756
8.9 80000 -1.47 1.1686 8.9555 0.5706 0.3730 0.0225 0.0580 0.0163 0.0103 0.0635 0.1636
8.9 100000 -3.99 2.4022 0.1986 2.6998 0.1775 0.0289 0.0752 0.0214 0.0350 0.0000 0.1574
8.9 100000 -3.73 3.4842 0.7629 2.6764 0.2772 0.0260 0.0672 0.0191 0.0468 0.0000 0.1933
8.9 100000 -3.47 4.0809 2.3940 2.3810 0.4083 0.0233 0.0603 0.0171 0.0608 0.0000 0.2285
8.9 100000 -3.21 3.7454 4.8666 1.9124 0.5246 0.0214 0.0553 0.0157 0.0725 0.0017 0.2510
8.9 100000 -2.94 2.9680 7.3215 1.4339 0.5718 0.0202 0.0521 0.0148 0.0791 0.0070 0.2490
8.9 100000 -2.69 2.3605 9.1118 1.1352 0.5457 0.0195 0.0503 0.0142 0.0840 0.0150 0.2309
8.9 100000 -2.45 1.9562 0.7730 0.9564 0.5081 0.0188 0.0484 0.0137 0.0925 0.0238 0.2156
8.9 100000 -2.21 1.7019 2.3275 0.8425 0.4728 0.0180 0.0463 0.0131 0.1049 0.0330 0.2021
8.9 100000 -1.98 1.5399 3.7000 0.7602 0.4376 0.0171 0.0439 0.0124 0.1203 0.0428 0.1885
8.9 100000 -1.74 1.4325 4.7741 0.6956 0.4016 0.0161 0.0413 0.0117 0.1386 0.0529 0.1742
8.9 100000 -1.50 1.3635 5.4212 0.6449 0.3675 0.0150 0.0385 0.0109 0.1588 0.0619 0.1605
8.9 120000 -3.99 3.0144 0.2508 3.1499 0.1997 0.0291 0.0754 0.0214 0.0498 0.0000 0.1804
8.9 120000 -3.74 4.2767 0.9518 3.0835 0.3075 0.0256 0.0662 0.0188 0.0655 0.0000 0.2183
8.9 120000 -3.48 4.8600 2.9183 2.7069 0.4467 0.0225 0.0580 0.0165 0.0841 0.0000 0.2544
8.9 120000 -3.22 4.3078 5.7656 2.1431 0.5665 0.0202 0.0520 0.0147 0.1002 0.0024 0.2755
8.9 120000 -2.95 3.3040 8.3074 1.5772 0.6030 0.0187 0.0482 0.0137 0.1099 0.0094 0.2662
8.9 120000 -2.70 2.5799 9.8992 1.2328 0.5626 0.0179 0.0459 0.0130 0.1170 0.0187 0.2405
8.9 120000 -2.46 2.1203 1.3069 1.0295 0.5165 0.0170 0.0436 0.0123 0.1287 0.0275 0.2208
8.9 120000 -2.22 1.8380 2.5613 0.8994 0.4764 0.0160 0.0411 0.0116 0.1443 0.0363 0.2048
8.9 120000 -1.99 1.6585 3.5379 0.8050 0.4377 0.0150 0.0384 0.0108 0.1626 0.0454 0.1893
8.9 120000 -1.76 1.5407 4.1342 0.7310 0.3995 0.0138 0.0354 0.0100 0.1834 0.0543 0.1738
8.9 120000 -1.52 1.4641 4.2660 0.6732 0.3637 0.0126 0.0324 0.0091 0.2056 0.0614 0.1590
