12+log(O/H)     	 log(U)_min      	 log(U)_max      	 log(C/O)_min    	 log(C/O)_max   
6.9000000 	 -2.2500000 	 -1.7500000 	 -1.1500000 	 -0.9000000
7.0000000 	 -2.2500000 	 -1.7500000 	 -1.1500000 	 -0.9000000
7.1000000 	 -2.2500000 	 -1.7500000 	 -1.1500000 	 -0.9000000
7.2000000 	 -2.2500000 	 -1.7500000 	 -1.1500000 	 -0.9000000
7.3000000 	 -2.2500000 	 -1.7500000 	 -1.1500000 	 -0.9000000
7.4000000 	 -2.2500000 	 -1.7500000 	 -1.1500000 	 -0.9000000
7.5000000 	 -2.2500000 	 -1.7500000 	 -1.1500000 	 -0.9000000
7.6000000 	 -2.5000000 	 -2.0000000 	 -1.1500000 	 -0.9000000
7.7000000 	 -2.5000000 	 -2.0000000 	 -1.1500000 	 -0.9000000
7.8000000 	 -2.5000000 	 -2.0000000 	 -1.1500000 	 -0.9000000
7.9000000 	 -2.7500000 	 -2.2500000 	 -1.1500000 	 -0.9000000
8.0000000 	 -2.7500000 	 -2.2500000 	 -1.1500000 	 -0.6500000
8.1000000 	 -3.0000000 	 -2.5000000 	 -1.1500000 	 -0.6500000
8.2000000 	 -3.0000000 	 -2.5000000 	 -0.9000000 	 -0.4000000
8.3000000 	 -3.0000000 	 -2.5000000 	 -0.9000000 	 -0.4000000
8.4000000 	 -3.0000000 	 -2.5000000 	 -0.9000000 	 -0.4000000
8.5000000 	 -3.0000000 	 -2.5000000 	 -0.9000000 	 -0.4000000
8.6000000 	 -3.0000000 	 -2.5000000 	 -0.6500000 	 -0.1500000
8.7000000 	 -3.0000000 	 -2.5000000 	 -0.6500000 	 -0.1500000
8.8000000 	 -3.2500000 	 -2.7500000 	 -0.4000000 	 0.1000000
8.9000000 	 -3.2500000 	 -2.7500000 	 -0.4000000 	 0.1000000
9.0000000 	 -3.2500000 	 -2.7500000 	 -0.1500000 	 0.3500000
9.1000000 	 -3.2500000 	 -2.7500000 	 -0.1500000 	 0.3500000
