6.90 -2.000 -2.50 0.1474 0.0742 0.0179 0.7221 0.0014 0.0204
6.90 -2.000 -2.25 0.1024 0.0897 0.0248 0.8867 0.0000 0.0148
6.90 -2.000 -2.00 0.0735 0.1060 0.0328 1.0458 0.0000 0.0110
6.90 -1.875 -2.50 0.1474 0.0742 0.0179 0.7221 0.0019 0.0204
6.90 -1.875 -2.25 0.1024 0.0897 0.0248 0.8867 0.0013 0.0148
6.90 -1.875 -2.00 0.0735 0.1060 0.0328 1.0458 0.0000 0.0110
6.90 -1.750 -2.50 0.1474 0.0742 0.0179 0.7221 0.0025 0.0204
6.90 -1.750 -2.25 0.1024 0.0896 0.0248 0.8867 0.0017 0.0148
6.90 -1.750 -2.00 0.0735 0.1060 0.0328 1.0457 0.0012 0.0110
6.90 -1.625 -2.50 0.1474 0.0742 0.0179 0.7220 0.0033 0.0204
6.90 -1.625 -2.25 0.1024 0.0896 0.0248 0.8866 0.0023 0.0148
6.90 -1.625 -2.00 0.0735 0.1060 0.0328 1.0457 0.0016 0.0110
6.90 -1.500 -2.50 0.1474 0.0742 0.0179 0.7220 0.0045 0.0204
6.90 -1.500 -2.25 0.1024 0.0896 0.0248 0.8866 0.0031 0.0148
6.90 -1.500 -2.00 0.0735 0.1060 0.0328 1.0456 0.0022 0.0110
6.90 -1.375 -2.50 0.1474 0.0742 0.0179 0.7220 0.0059 0.0204
6.90 -1.375 -2.25 0.1024 0.0896 0.0248 0.8865 0.0041 0.0148
6.90 -1.375 -2.00 0.0735 0.1060 0.0328 1.0455 0.0029 0.0110
6.90 -1.250 -2.50 0.1474 0.0742 0.0179 0.7219 0.0079 0.0204
6.90 -1.250 -2.25 0.1024 0.0896 0.0248 0.8864 0.0054 0.0148
6.90 -1.250 -2.00 0.0735 0.1060 0.0328 1.0454 0.0039 0.0110
6.90 -1.125 -2.50 0.1474 0.0742 0.0179 0.7218 0.0106 0.0204
6.90 -1.125 -2.25 0.1023 0.0896 0.0248 0.8863 0.0073 0.0148
6.90 -1.125 -2.00 0.0735 0.1060 0.0328 1.0452 0.0052 0.0110
6.90 -1.000 -2.50 0.1474 0.0741 0.0179 0.7217 0.0141 0.0204
6.90 -1.000 -2.25 0.1023 0.0896 0.0248 0.8861 0.0097 0.0148
6.90 -1.000 -2.00 0.0735 0.1059 0.0328 1.0450 0.0069 0.0110
6.90 -0.875 -2.50 0.1473 0.0741 0.0179 0.7215 0.0188 0.0204
6.90 -0.875 -2.25 0.1023 0.0895 0.0248 0.8859 0.0129 0.0148
6.90 -0.875 -2.00 0.0734 0.1059 0.0327 1.0445 0.0092 0.0110
6.90 -0.750 -2.50 0.1473 0.0741 0.0179 0.7213 0.0250 0.0204
6.90 -0.750 -2.25 0.1023 0.0895 0.0248 0.8855 0.0172 0.0148
6.90 -0.750 -2.00 0.0734 0.1058 0.0327 1.0441 0.0123 0.0110
6.90 -0.625 -2.50 0.1472 0.0741 0.0179 0.7210 0.0334 0.0204
6.90 -0.625 -2.25 0.1023 0.0895 0.0247 0.8852 0.0229 0.0148
6.90 -0.625 -2.00 0.0734 0.1057 0.0327 1.0435 0.0164 0.0110
6.90 -0.500 -2.50 0.1472 0.0740 0.0178 0.7206 0.0445 0.0204
6.90 -0.500 -2.25 0.1022 0.0894 0.0247 0.8846 0.0306 0.0148
6.90 -0.500 -2.00 0.0734 0.1056 0.0326 1.0427 0.0219 0.0110
6.90 -0.375 -2.50 0.1471 0.0739 0.0178 0.7201 0.0593 0.0204
6.90 -0.375 -2.25 0.1021 0.0893 0.0247 0.8839 0.0408 0.0148
6.90 -0.375 -2.00 0.0733 0.1055 0.0325 1.0416 0.0292 0.0110
6.90 -0.250 -2.50 0.1470 0.0739 0.0178 0.7193 0.0791 0.0204
6.90 -0.250 -2.25 0.1021 0.0892 0.0246 0.8829 0.0544 0.0148
6.90 -0.250 -2.00 0.0732 0.1053 0.0324 1.0402 0.0389 0.0110
6.90 -0.125 -2.50 0.1468 0.0737 0.0177 0.7183 0.1054 0.0204
6.90 -0.125 -2.25 0.1020 0.0890 0.0245 0.8816 0.0725 0.0148
6.90 -0.125 -2.00 0.0731 0.1051 0.0323 1.0384 0.0518 0.0110
6.90 0.000 -2.50 0.1466 0.0736 0.0176 0.7171 0.1405 0.0204
6.90 0.000 -2.25 0.1018 0.0888 0.0244 0.8799 0.0965 0.0147
6.90 0.000 -2.00 0.0730 0.1048 0.0322 1.0359 0.0690 0.0110
7.00 -2.000 -2.50 0.1847 0.0581 0.0220 0.8976 0.0018 0.0256
7.00 -2.000 -2.25 0.1282 0.0700 0.0303 1.1003 0.0012 0.0186
7.00 -2.000 -2.00 0.0919 0.0825 0.0399 1.2944 0.0000 0.0138
7.00 -1.875 -2.50 0.1847 0.0581 0.0220 0.8976 0.0024 0.0256
7.00 -1.875 -2.25 0.1282 0.0700 0.0303 1.1003 0.0016 0.0186
7.00 -1.875 -2.00 0.0919 0.0825 0.0399 1.2944 0.0012 0.0138
7.00 -1.750 -2.50 0.1846 0.0581 0.0220 0.8976 0.0031 0.0256
7.00 -1.750 -2.25 0.1282 0.0700 0.0303 1.1003 0.0022 0.0186
7.00 -1.750 -2.00 0.0919 0.0825 0.0398 1.2943 0.0015 0.0138
7.00 -1.675 -2.50 0.1846 0.0581 0.0220 0.8976 0.0037 0.0256
7.00 -1.675 -2.25 0.1282 0.0700 0.0303 1.1002 0.0026 0.0186
7.00 -1.675 -2.00 0.0919 0.0825 0.0398 1.2942 0.0018 0.0138
7.00 -1.500 -2.50 0.1846 0.0581 0.0220 0.8975 0.0056 0.0256
7.00 -1.500 -2.25 0.1282 0.0700 0.0303 1.1001 0.0038 0.0186
7.00 -1.500 -2.00 0.0919 0.0825 0.0398 1.2941 0.0027 0.0138
7.00 -1.375 -2.50 0.1846 0.0581 0.0220 0.8974 0.0075 0.0256
7.00 -1.375 -2.25 0.1282 0.0700 0.0303 1.1000 0.0051 0.0186
7.00 -1.375 -2.00 0.0919 0.0825 0.0398 1.2939 0.0037 0.0138
7.00 -1.250 -2.50 0.1846 0.0581 0.0220 0.8973 0.0100 0.0256
7.00 -1.250 -2.25 0.1281 0.0700 0.0303 1.0998 0.0068 0.0186
7.00 -1.250 -2.00 0.0919 0.0825 0.0398 1.2937 0.0049 0.0138
7.00 -1.125 -2.50 0.1846 0.0581 0.0219 0.8971 0.0133 0.0256
7.00 -1.125 -2.25 0.1281 0.0700 0.0303 1.0996 0.0091 0.0186
7.00 -1.125 -2.00 0.0919 0.0825 0.0398 1.2934 0.0065 0.0138
7.00 -1.000 -2.50 0.1845 0.0580 0.0219 0.8969 0.0177 0.0256
7.00 -1.000 -2.25 0.1281 0.0700 0.0303 1.0994 0.0122 0.0186
7.00 -1.000 -2.00 0.0918 0.0824 0.0398 1.2931 0.0087 0.0138
7.00 -0.875 -2.50 0.1845 0.0580 0.0219 0.8967 0.0236 0.0256
7.00 -0.875 -2.25 0.1281 0.0699 0.0303 1.0990 0.0162 0.0185
7.00 -0.875 -2.00 0.0918 0.0824 0.0397 1.2925 0.0116 0.0138
7.00 -0.750 -2.50 0.1844 0.0580 0.0219 0.8963 0.0315 0.0256
7.00 -0.750 -2.25 0.1280 0.0699 0.0302 1.0985 0.0216 0.0185
7.00 -0.750 -2.00 0.0918 0.0823 0.0397 1.2919 0.0154 0.0138
7.00 -0.625 -2.50 0.1844 0.0580 0.0219 0.8958 0.0420 0.0256
7.00 -0.625 -2.25 0.1280 0.0698 0.0302 1.0979 0.0288 0.0185
7.00 -0.625 -2.00 0.0918 0.0823 0.0396 1.2910 0.0206 0.0138
7.00 -0.500 -2.50 0.1843 0.0579 0.0218 0.8952 0.0559 0.0256
7.00 -0.500 -2.25 0.1279 0.0698 0.0301 1.0970 0.0384 0.0185
7.00 -0.500 -2.00 0.0917 0.0822 0.0396 1.2898 0.0275 0.0138
7.00 -0.375 -2.50 0.1841 0.0578 0.0218 0.8943 0.0746 0.0256
7.00 -0.375 -2.25 0.1278 0.0697 0.0301 1.0959 0.0512 0.0185
7.00 -0.375 -2.00 0.0916 0.0820 0.0394 1.2882 0.0366 0.0138
7.00 -0.250 -2.50 0.1839 0.0578 0.0217 0.8932 0.0994 0.0256
7.00 -0.250 -2.25 0.1277 0.0696 0.0300 1.0944 0.0683 0.0185
7.00 -0.250 -2.00 0.0915 0.0819 0.0393 1.2862 0.0488 0.0138
7.00 -0.125 -2.50 0.1836 0.0576 0.0217 0.8917 0.1324 0.0256
7.00 -0.125 -2.25 0.1275 0.0694 0.0299 1.0923 0.0910 0.0185
7.00 -0.125 -2.00 0.0914 0.0817 0.0391 1.2835 0.0650 0.0137
7.00 0.000 -2.50 0.1833 0.0575 0.0216 0.8897 0.1764 0.0255
7.00 0.000 -2.25 0.1273 0.0692 0.0297 1.0897 0.1212 0.0185
7.00 0.000 -2.00 0.0912 0.0814 0.0389 1.2797 0.0865 0.0137
7.10 -2.000 -2.50 0.2314 0.0723 0.0271 1.1180 0.0022 0.0322
7.10 -2.000 -2.25 0.1607 0.0871 0.0374 1.3708 0.0015 0.0233
7.10 -2.000 -2.00 0.1152 0.1027 0.0491 1.6134 0.0011 0.0173
7.10 -1.875 -2.50 0.2314 0.0723 0.0271 1.1180 0.0030 0.0322
7.10 -1.875 -2.25 0.1607 0.0871 0.0374 1.3708 0.0020 0.0233
7.10 -1.875 -2.00 0.1152 0.1027 0.0491 1.6133 0.0015 0.0173
7.10 -1.750 -2.50 0.2314 0.0722 0.0271 1.1179 0.0040 0.0322
7.10 -1.750 -2.25 0.1607 0.0871 0.0374 1.3707 0.0027 0.0233
7.10 -1.750 -2.00 0.1152 0.1027 0.0491 1.6132 0.0019 0.0173
7.10 -1.625 -2.50 0.2314 0.0722 0.0271 1.1179 0.0053 0.0322
7.10 -1.625 -2.25 0.1607 0.0871 0.0374 1.3706 0.0036 0.0233
7.10 -1.625 -2.00 0.1152 0.1026 0.0491 1.6131 0.0026 0.0173
7.10 -1.500 -2.50 0.2314 0.0722 0.0270 1.1178 0.0070 0.0322
7.10 -1.500 -2.25 0.1607 0.0871 0.0373 1.3704 0.0048 0.0233
7.10 -1.500 -2.00 0.1152 0.1026 0.0491 1.6129 0.0035 0.0173
7.10 -1.375 -2.50 0.2314 0.0722 0.0270 1.1176 0.0094 0.0322
7.10 -1.375 -2.25 0.1607 0.0870 0.0373 1.3702 0.0064 0.0233
7.10 -1.375 -2.00 0.1152 0.1026 0.0491 1.6126 0.0046 0.0173
7.10 -1.250 -2.50 0.2313 0.0722 0.0270 1.1175 0.0125 0.0322
7.10 -1.250 -2.25 0.1607 0.0870 0.0373 1.3700 0.0086 0.0233
7.10 -1.250 -2.00 0.1152 0.1026 0.0491 1.6123 0.0061 0.0173
7.10 -1.125 -2.50 0.2313 0.0722 0.0270 1.1172 0.0167 0.0322
7.10 -1.125 -2.25 0.1606 0.0870 0.0373 1.3697 0.0115 0.0233
7.10 -1.125 -2.00 0.1152 0.1025 0.0490 1.6118 0.0082 0.0173
7.10 -1.000 -2.50 0.2312 0.0722 0.0270 1.1169 0.0222 0.0322
7.10 -1.000 -2.25 0.1606 0.0870 0.0373 1.3692 0.0153 0.0233
7.10 -1.000 -2.00 0.1151 0.1025 0.0490 1.6112 0.0109 0.0173
7.10 -0.875 -2.50 0.2312 0.0721 0.0270 1.1165 0.0297 0.0321
7.10 -0.875 -2.25 0.1605 0.0869 0.0372 1.3687 0.0204 0.0233
7.10 -0.875 -2.00 0.1151 0.1024 0.0490 1.6104 0.0146 0.0173
7.10 -0.750 -2.50 0.2311 0.0721 0.0270 1.1159 0.0395 0.0321
7.10 -0.750 -2.25 0.1605 0.0869 0.0372 1.3679 0.0272 0.0233
7.10 -0.750 -2.00 0.1151 0.1024 0.0489 1.6094 0.0194 0.0173
7.10 -0.625 -2.50 0.2309 0.0720 0.0269 1.1151 0.0527 0.0321
7.10 -0.625 -2.25 0.1604 0.0868 0.0371 1.3669 0.0362 0.0233
7.10 -0.625 -2.00 0.1150 0.1023 0.0488 1.6080 0.0259 0.0173
7.10 -0.500 -2.50 0.2308 0.0720 0.0269 1.1141 0.0703 0.0321
7.10 -0.500 -2.25 0.1603 0.0867 0.0371 1.3655 0.0483 0.0233
7.10 -0.500 -2.00 0.1149 0.1021 0.0487 1.6061 0.0345 0.0173
7.10 -0.375 -2.50 0.2305 0.0719 0.0268 1.1128 0.0937 0.0321
7.10 -0.375 -2.25 0.1601 0.0865 0.0370 1.3637 0.0643 0.0233
7.10 -0.375 -2.00 0.1148 0.1019 0.0485 1.6037 0.0459 0.0173
7.10 -0.250 -2.50 0.2302 0.0717 0.0267 1.1110 0.1248 0.0321
7.10 -0.250 -2.25 0.1599 0.0864 0.0368 1.3613 0.0857 0.0232
7.10 -0.250 -2.00 0.1146 0.1017 0.0483 1.6005 0.0612 0.0172
7.10 -0.125 -2.50 0.2298 0.0715 0.0266 1.1086 0.1664 0.0321
7.10 -0.125 -2.25 0.1596 0.0861 0.0366 1.3581 0.1142 0.0232
7.10 -0.125 -2.00 0.1144 0.1013 0.0480 1.5960 0.0815 0.0172
7.10 0.000 -2.50 0.2293 0.0713 0.0264 1.1054 0.2216 0.0320
7.10 0.000 -2.25 0.1592 0.0858 0.0364 1.3539 0.1521 0.0232
7.10 0.000 -2.00 0.1141 0.1009 0.0476 1.5902 0.1085 0.0172
7.20 -2.000 -2.50 0.2888 0.0888 0.0327 1.3788 0.0028 0.0402
7.20 -2.000 -2.25 0.2005 0.1067 0.0449 1.6866 0.0019 0.0291
7.20 -2.000 -2.00 0.1436 0.1254 0.0586 1.9796 0.0014 0.0216
7.20 -1.875 -2.50 0.2888 0.0888 0.0327 1.3787 0.0037 0.0402
7.20 -1.875 -2.25 0.2004 0.1067 0.0449 1.6865 0.0026 0.0291
7.20 -1.875 -2.00 0.1436 0.1253 0.0586 1.9795 0.0018 0.0216
7.20 -1.750 -2.50 0.2887 0.0888 0.0327 1.3786 0.0050 0.0402
7.20 -1.750 -2.25 0.2004 0.1067 0.0448 1.6864 0.0034 0.0291
7.20 -1.750 -2.00 0.1436 0.1253 0.0586 1.9793 0.0024 0.0216
7.20 -1.625 -2.50 0.2887 0.0888 0.0326 1.3785 0.0066 0.0402
7.20 -1.625 -2.25 0.2004 0.1067 0.0448 1.6863 0.0046 0.0291
7.20 -1.625 -2.00 0.1436 0.1253 0.0586 1.9791 0.0032 0.0216
7.20 -1.500 -2.50 0.2887 0.0888 0.0326 1.3783 0.0088 0.0402
7.20 -1.500 -2.25 0.2004 0.1067 0.0448 1.6860 0.0061 0.0291
7.20 -1.500 -2.00 0.1435 0.1253 0.0586 1.9788 0.0043 0.0216
7.20 -1.375 -2.50 0.2887 0.0888 0.0326 1.3781 0.0118 0.0402
7.20 -1.375 -2.25 0.2004 0.1067 0.0448 1.6858 0.0081 0.0291
7.20 -1.375 -2.00 0.1435 0.1253 0.0585 1.9784 0.0058 0.0216
7.20 -1.250 -2.50 0.2886 0.0888 0.0326 1.3779 0.0157 0.0402
7.20 -1.250 -2.25 0.2003 0.1066 0.0448 1.6854 0.0108 0.0291
7.20 -1.250 -2.00 0.1435 0.1252 0.0585 1.9777 0.0077 0.0216
7.20 -1.125 -2.50 0.2885 0.0887 0.0326 1.3775 0.0210 0.0402
7.20 -1.125 -2.25 0.2003 0.1066 0.0448 1.6849 0.0144 0.0291
7.20 -1.125 -2.00 0.1434 0.1252 0.0585 1.9770 0.0103 0.0216
7.20 -1.000 -2.50 0.2885 0.0887 0.0326 1.3770 0.0280 0.0402
7.20 -1.000 -2.25 0.2002 0.1065 0.0447 1.6842 0.0192 0.0291
7.20 -1.000 -2.00 0.1434 0.1251 0.0584 1.9761 0.0137 0.0216
7.20 -0.875 -2.50 0.2883 0.0886 0.0325 1.3763 0.0373 0.0402
7.20 -0.875 -2.25 0.2002 0.1065 0.0447 1.6833 0.0256 0.0291
7.20 -0.875 -2.00 0.1433 0.1250 0.0583 1.9750 0.0182 0.0216
7.20 -0.750 -2.50 0.2882 0.0886 0.0325 1.3754 0.0497 0.0402
7.20 -0.750 -2.25 0.2000 0.1064 0.0446 1.6822 0.0341 0.0291
7.20 -0.750 -2.00 0.1433 0.1249 0.0582 1.9734 0.0243 0.0216
7.20 -0.625 -2.50 0.2880 0.0885 0.0324 1.3742 0.0662 0.0402
7.20 -0.625 -2.25 0.1999 0.1063 0.0445 1.6806 0.0455 0.0291
7.20 -0.625 -2.00 0.1432 0.1247 0.0581 1.9712 0.0324 0.0216
7.20 -0.500 -2.50 0.2877 0.0884 0.0324 1.3726 0.0883 0.0402
7.20 -0.500 -2.25 0.1997 0.1061 0.0444 1.6785 0.0606 0.0291
7.20 -0.500 -2.00 0.1430 0.1245 0.0579 1.9684 0.0432 0.0216
7.20 -0.375 -2.50 0.2873 0.0882 0.0323 1.3704 0.1177 0.0401
7.20 -0.375 -2.25 0.1995 0.1059 0.0442 1.6757 0.0807 0.0291
7.20 -0.375 -2.00 0.1428 0.1242 0.0577 1.9647 0.0575 0.0215
7.20 -0.250 -2.50 0.2868 0.0880 0.0321 1.3676 0.1568 0.0401
7.20 -0.250 -2.25 0.1991 0.1056 0.0440 1.6720 0.1075 0.0290
7.20 -0.250 -2.00 0.1426 0.1238 0.0574 1.9597 0.0766 0.0215
7.20 -0.125 -2.50 0.2862 0.0877 0.0319 1.3639 0.2089 0.0401
7.20 -0.125 -2.25 0.1987 0.1052 0.0438 1.6671 0.1432 0.0290
7.20 -0.125 -2.00 0.1422 0.1233 0.0570 1.9533 0.1021 0.0215
7.20 0.000 -2.50 0.2853 0.0873 0.0317 1.3589 0.2781 0.0400
7.20 0.000 -2.25 0.1981 0.1047 0.0434 1.6606 0.1907 0.0290
7.20 0.000 -2.00 0.1418 0.1227 0.0564 1.9446 0.1358 0.0215
7.30 -2.000 -2.50 0.3594 0.1083 0.0388 1.6877 0.0035 0.0502
7.30 -2.000 -2.25 0.2493 0.1295 0.0530 2.0588 0.0024 0.0363
7.30 -2.000 -2.00 0.1783 0.1515 0.0687 2.4080 0.0017 0.0269
7.30 -1.875 -2.50 0.3594 0.1082 0.0388 1.6876 0.0047 0.0502
7.30 -1.875 -2.25 0.2493 0.1295 0.0530 2.0587 0.0032 0.0363
7.30 -1.875 -2.00 0.1783 0.1515 0.0687 2.4078 0.0023 0.0269
7.30 -1.750 -2.50 0.3594 0.1082 0.0388 1.6875 0.0063 0.0502
7.30 -1.750 -2.25 0.2493 0.1295 0.0530 2.0585 0.0043 0.0363
7.30 -1.750 -2.00 0.1783 0.1515 0.0687 2.4076 0.0031 0.0269
7.30 -1.625 -2.50 0.3593 0.1082 0.0388 1.6873 0.0083 0.0502
7.30 -1.625 -2.25 0.2493 0.1295 0.0530 2.0582 0.0057 0.0363
7.30 -1.625 -2.00 0.1783 0.1514 0.0687 2.4072 0.0041 0.0269
7.30 -1.500 -2.50 0.3593 0.1082 0.0388 1.6870 0.0111 0.0502
7.30 -1.500 -2.25 0.2492 0.1295 0.0529 2.0579 0.0076 0.0363
7.30 -1.500 -2.00 0.1783 0.1514 0.0687 2.4068 0.0054 0.0269
7.30 -1.375 -2.50 0.3592 0.1082 0.0388 1.6867 0.0148 0.0501
7.30 -1.375 -2.25 0.2492 0.1294 0.0529 2.0575 0.0102 0.0363
7.30 -1.375 -2.00 0.1782 0.1514 0.0686 2.4063 0.0072 0.0269
7.30 -1.250 -2.50 0.3591 0.1081 0.0388 1.6862 0.0198 0.0501
7.30 -1.250 -2.25 0.2491 0.1294 0.0529 2.0569 0.0136 0.0363
7.30 -1.250 -2.00 0.1782 0.1513 0.0686 2.4055 0.0096 0.0269
7.30 -1.125 -2.50 0.3590 0.1081 0.0387 1.6856 0.0264 0.0501
7.30 -1.125 -2.25 0.2491 0.1293 0.0528 2.0561 0.0181 0.0363
7.30 -1.125 -2.00 0.1781 0.1512 0.0685 2.4045 0.0129 0.0269
7.30 -1.000 -2.50 0.3589 0.1080 0.0387 1.6848 0.0352 0.0501
7.30 -1.000 -2.25 0.2490 0.1293 0.0528 2.0551 0.0241 0.0363
7.30 -1.000 -2.00 0.1781 0.1511 0.0684 2.4031 0.0171 0.0269
7.30 -0.875 -2.50 0.3587 0.1080 0.0387 1.6838 0.0469 0.0501
7.30 -0.875 -2.25 0.2488 0.1292 0.0527 2.0537 0.0321 0.0362
7.30 -0.875 -2.00 0.1780 0.1510 0.0683 2.4013 0.0229 0.0268
7.30 -0.750 -2.50 0.3584 0.1078 0.0386 1.6823 0.0625 0.0501
7.30 -0.750 -2.25 0.2487 0.1290 0.0526 2.0519 0.0428 0.0362
7.30 -0.750 -2.00 0.1778 0.1508 0.0682 2.3989 0.0305 0.0268
7.30 -0.625 -2.50 0.3581 0.1077 0.0385 1.6804 0.0833 0.0501
7.30 -0.625 -2.25 0.2484 0.1289 0.0525 2.0495 0.0571 0.0362
7.30 -0.625 -2.00 0.1776 0.1506 0.0680 2.3956 0.0406 0.0268
7.30 -0.500 -2.50 0.3576 0.1075 0.0384 1.6779 0.1111 0.0500
7.30 -0.500 -2.25 0.2481 0.1286 0.0523 2.0463 0.0761 0.0362
7.30 -0.500 -2.00 0.1774 0.1502 0.0677 2.3913 0.0541 0.0268
7.30 -0.375 -2.50 0.3570 0.1073 0.0382 1.6745 0.1480 0.0500
7.30 -0.375 -2.25 0.2477 0.1283 0.0521 2.0420 0.1014 0.0362
7.30 -0.375 -2.00 0.1771 0.1498 0.0674 2.3857 0.0721 0.0268
7.30 -0.250 -2.50 0.3562 0.1069 0.0380 1.6701 0.1971 0.0499
7.30 -0.250 -2.25 0.2472 0.1279 0.0518 2.0363 0.1350 0.0361
7.30 -0.250 -2.00 0.1767 0.1493 0.0670 2.3783 0.0960 0.0267
7.30 -0.125 -2.50 0.3551 0.1065 0.0377 1.6641 0.2624 0.0499
7.30 -0.125 -2.25 0.2465 0.1273 0.0514 2.0288 0.1797 0.0361
7.30 -0.125 -2.00 0.1762 0.1485 0.0664 2.3689 0.1278 0.0267
7.30 0.000 -2.50 0.3537 0.1059 0.0374 1.6562 0.3493 0.0498
7.30 0.000 -2.25 0.2455 0.1266 0.0509 2.0188 0.2392 0.0360
7.30 0.000 -2.00 0.1755 0.1476 0.0657 2.3558 0.1699 0.0266
7.40 -2.000 -2.50 0.4453 0.1308 0.0455 2.0509 0.0044 0.0624
7.40 -2.000 -2.25 0.3088 0.1559 0.0617 2.4937 0.0030 0.0451
7.40 -2.000 -2.00 0.2205 0.1814 0.0793 2.9055 0.0021 0.0333
7.40 -1.875 -2.50 0.4453 0.1308 0.0455 2.0508 0.0059 0.0624
7.40 -1.875 -2.25 0.3087 0.1559 0.0616 2.4935 0.0040 0.0451
7.40 -1.875 -2.00 0.2205 0.1814 0.0793 2.9052 0.0029 0.0333
7.40 -1.750 -2.50 0.4453 0.1308 0.0455 2.0505 0.0079 0.0624
7.40 -1.750 -2.25 0.3087 0.1558 0.0616 2.4932 0.0054 0.0451
7.40 -1.750 -2.00 0.2205 0.1813 0.0793 2.9049 0.0038 0.0333
7.40 -1.625 -2.50 0.4452 0.1308 0.0455 2.0502 0.0105 0.0624
7.40 -1.625 -2.25 0.3087 0.1558 0.0616 2.4928 0.0072 0.0451
7.40 -1.625 -2.00 0.2204 0.1813 0.0793 2.9044 0.0051 0.0333
7.40 -1.500 -2.50 0.4451 0.1308 0.0455 2.0498 0.0140 0.0624
7.40 -1.500 -2.25 0.3086 0.1558 0.0616 2.4923 0.0096 0.0451
7.40 -1.500 -2.00 0.2204 0.1812 0.0792 2.9038 0.0068 0.0333
7.40 -1.375 -2.50 0.4450 0.1307 0.0455 2.0493 0.0186 0.0624
7.40 -1.375 -2.25 0.3085 0.1557 0.0616 2.4916 0.0127 0.0451
7.40 -1.375 -2.00 0.2204 0.1812 0.0792 2.9029 0.0090 0.0333
7.40 -1.250 -2.50 0.4449 0.1307 0.0454 2.0486 0.0248 0.0624
7.40 -1.250 -2.25 0.3085 0.1557 0.0615 2.4907 0.0170 0.0451
7.40 -1.250 -2.00 0.2203 0.1811 0.0791 2.9018 0.0121 0.0333
7.40 -1.125 -2.50 0.4447 0.1306 0.0454 2.0477 0.0331 0.0624
7.40 -1.125 -2.25 0.3083 0.1556 0.0615 2.4896 0.0227 0.0451
7.40 -1.125 -2.00 0.2202 0.1810 0.0790 2.9003 0.0161 0.0333
7.40 -1.000 -2.50 0.4445 0.1305 0.0453 2.0463 0.0442 0.0623
7.40 -1.000 -2.25 0.3082 0.1555 0.0614 2.4880 0.0302 0.0450
7.40 -1.000 -2.00 0.2201 0.1808 0.0789 2.8983 0.0214 0.0333
7.40 -0.875 -2.50 0.4441 0.1304 0.0453 2.0447 0.0589 0.0623
7.40 -0.875 -2.25 0.3080 0.1553 0.0613 2.4859 0.0403 0.0450
7.40 -0.875 -2.00 0.2199 0.1806 0.0788 2.8956 0.0286 0.0333
7.40 -0.750 -2.50 0.4438 0.1302 0.0452 2.0425 0.0785 0.0623
7.40 -0.750 -2.25 0.3077 0.1551 0.0611 2.4831 0.0537 0.0450
7.40 -0.750 -2.00 0.2197 0.1804 0.0786 2.8921 0.0381 0.0333
7.40 -0.625 -2.50 0.4432 0.1300 0.0450 2.0395 0.1046 0.0623
7.40 -0.625 -2.25 0.3073 0.1548 0.0609 2.4794 0.0715 0.0450
7.40 -0.625 -2.00 0.2195 0.1800 0.0783 2.8875 0.0508 0.0333
7.40 -0.500 -2.50 0.4425 0.1297 0.0448 2.0356 0.1393 0.0622
7.40 -0.500 -2.25 0.3069 0.1545 0.0607 2.4745 0.0953 0.0449
7.40 -0.500 -2.00 0.2191 0.1796 0.0780 2.8813 0.0676 0.0332
7.40 -0.375 -2.50 0.4415 0.1293 0.0446 2.0303 0.1856 0.0621
7.40 -0.375 -2.25 0.3062 0.1540 0.0604 2.4679 0.1269 0.0449
7.40 -0.375 -2.00 0.2186 0.1790 0.0775 2.8731 0.0900 0.0332
7.40 -0.250 -2.50 0.4401 0.1288 0.0443 2.0233 0.2472 0.0620
7.40 -0.250 -2.25 0.3053 0.1533 0.0599 2.4592 0.1690 0.0448
7.40 -0.250 -2.00 0.2180 0.1781 0.0769 2.8622 0.1199 0.0331
7.40 -0.125 -2.50 0.4384 0.1281 0.0439 2.0140 0.3290 0.0619
7.40 -0.125 -2.25 0.3042 0.1525 0.0594 2.4478 0.2249 0.0447
7.40 -0.125 -2.00 0.2172 0.1771 0.0761 2.8479 0.1595 0.0331
7.40 0.000 -2.50 0.4360 0.1271 0.0433 2.0016 0.4375 0.0618
7.40 0.000 -2.25 0.3026 0.1514 0.0586 2.4325 0.2991 0.0446
7.40 0.000 -2.00 0.2161 0.1757 0.0751 2.8293 0.2120 0.0330
7.50 -2.000 -2.50 0.5483 0.1564 0.0523 2.4671 0.0055 0.0774
7.50 -2.000 -2.25 0.3799 0.1853 0.0703 2.9877 0.0038 0.0558
7.50 -2.000 -2.00 0.2709 0.2145 0.0897 3.4679 0.0027 0.0412
7.50 -1.775 -2.50 0.5482 0.1563 0.0523 2.4664 0.0093 0.0774
7.50 -1.775 -2.25 0.3798 0.1853 0.0702 2.9871 0.0063 0.0558
7.50 -1.775 -2.00 0.2709 0.2144 0.0896 3.4674 0.0045 0.0412
7.50 -1.750 -2.50 0.5481 0.1563 0.0523 2.4664 0.0098 0.0774
7.50 -1.750 -2.25 0.3798 0.1852 0.0702 2.9870 0.0067 0.0558
7.50 -1.750 -2.00 0.2709 0.2144 0.0896 3.4671 0.0048 0.0412
7.50 -1.625 -2.50 0.5480 0.1563 0.0523 2.4659 0.0131 0.0774
7.50 -1.625 -2.25 0.3798 0.1852 0.0702 2.9864 0.0090 0.0558
7.50 -1.625 -2.00 0.2708 0.2143 0.0896 3.4663 0.0063 0.0412
7.50 -1.500 -2.50 0.5479 0.1562 0.0523 2.4654 0.0175 0.0774
7.50 -1.500 -2.25 0.3797 0.1851 0.0702 2.9857 0.0119 0.0558
7.50 -1.500 -2.00 0.2708 0.2143 0.0896 3.4656 0.0085 0.0412
7.50 -1.375 -2.50 0.5478 0.1562 0.0522 2.4645 0.0233 0.0773
7.50 -1.375 -2.25 0.3796 0.1851 0.0701 2.9847 0.0159 0.0558
7.50 -1.375 -2.00 0.2707 0.2142 0.0895 3.4644 0.0113 0.0412
7.50 -1.250 -2.50 0.5476 0.1561 0.0522 2.4634 0.0311 0.0773
7.50 -1.250 -2.25 0.3795 0.1850 0.0701 2.9833 0.0212 0.0558
7.50 -1.250 -2.00 0.2706 0.2141 0.0894 3.4627 0.0150 0.0412
7.50 -1.125 -2.50 0.5473 0.1560 0.0521 2.4619 0.0415 0.0773
7.50 -1.125 -2.25 0.3793 0.1848 0.0700 2.9816 0.0283 0.0558
7.50 -1.125 -2.00 0.2705 0.2139 0.0893 3.4605 0.0200 0.0412
7.50 -1.000 -2.50 0.5469 0.1558 0.0520 2.4600 0.0553 0.0773
7.50 -1.000 -2.25 0.3790 0.1847 0.0699 2.9791 0.0377 0.0558
7.50 -1.000 -2.00 0.2703 0.2137 0.0891 3.4577 0.0267 0.0412
7.50 -0.875 -2.50 0.5464 0.1556 0.0519 2.4574 0.0737 0.0772
7.50 -0.875 -2.25 0.3787 0.1844 0.0697 2.9760 0.0503 0.0557
7.50 -0.875 -2.00 0.2701 0.2134 0.0889 3.4538 0.0356 0.0412
7.50 -0.750 -2.50 0.5457 0.1554 0.0518 2.4539 0.0982 0.0772
7.50 -0.750 -2.25 0.3783 0.1841 0.0695 2.9719 0.0670 0.0557
7.50 -0.750 -2.00 0.2698 0.2130 0.0887 3.4487 0.0474 0.0411
7.50 -0.625 -2.50 0.5448 0.1550 0.0516 2.4491 0.1308 0.0771
7.50 -0.625 -2.25 0.3777 0.1837 0.0692 2.9663 0.0893 0.0557
7.50 -0.625 -2.00 0.2694 0.2126 0.0883 3.4420 0.0632 0.0411
7.50 -0.500 -2.50 0.5436 0.1546 0.0513 2.4432 0.1743 0.0771
7.50 -0.500 -2.25 0.3768 0.1832 0.0689 2.9588 0.1189 0.0556
7.50 -0.500 -2.00 0.2688 0.2119 0.0878 3.4329 0.0842 0.0410
7.50 -0.375 -2.50 0.5420 0.1540 0.0510 2.4350 0.2320 0.0769
7.50 -0.375 -2.25 0.3758 0.1825 0.0684 2.9491 0.1584 0.0555
7.50 -0.375 -2.00 0.2680 0.2110 0.0872 3.4210 0.1120 0.0410
7.50 -0.250 -2.50 0.5399 0.1532 0.0505 2.4241 0.3088 0.0768
7.50 -0.250 -2.25 0.3744 0.1815 0.0678 2.9361 0.2108 0.0554
7.50 -0.250 -2.00 0.2671 0.2099 0.0864 3.4053 0.1491 0.0409
7.50 -0.125 -2.50 0.5370 0.1521 0.0499 2.4097 0.4107 0.0766
7.50 -0.125 -2.25 0.3726 0.1803 0.0670 2.9189 0.2803 0.0553
7.50 -0.125 -2.00 0.2658 0.2083 0.0854 3.3846 0.1982 0.0408
7.50 0.000 -2.50 0.5332 0.1507 0.0491 2.3905 0.5457 0.0763
7.50 0.000 -2.25 0.3702 0.1786 0.0660 2.8963 0.3725 0.0551
7.50 0.000 -2.00 0.2640 0.2064 0.0840 3.3576 0.2633 0.0406
7.60 -2.000 -2.50 0.6700 0.1844 0.0589 2.9336 0.0069 0.0956
7.60 -2.000 -2.25 0.4641 0.2173 0.0783 3.5375 0.0047 0.0689
7.60 -2.000 -2.25 0.4641 0.2173 0.0783 3.5375 0.0047 0.0689
7.60 -2.000 -2.00 0.3306 0.2502 0.0991 4.0893 0.0033 0.0508
7.60 -1.875 -2.50 0.6699 0.1844 0.0589 2.9332 0.0092 0.0956
7.60 -1.875 -2.25 0.4640 0.2173 0.0783 3.5370 0.0063 0.0689
7.60 -1.875 -2.00 0.3305 0.2501 0.0991 4.0888 0.0044 0.0508
7.60 -1.750 -2.50 0.6698 0.1844 0.0588 2.9327 0.0123 0.0956
7.60 -1.750 -2.25 0.4640 0.2172 0.0783 3.5364 0.0084 0.0689
7.60 -1.750 -2.00 0.3305 0.2501 0.0990 4.0880 0.0059 0.0508
7.60 -1.625 -2.50 0.6696 0.1843 0.0588 2.9320 0.0164 0.0956
7.60 -1.625 -2.25 0.4639 0.2172 0.0782 3.5355 0.0112 0.0689
7.60 -1.625 -2.00 0.3304 0.2500 0.0990 4.0871 0.0079 0.0508
7.60 -1.500 -2.50 0.6694 0.1843 0.0588 2.9310 0.0218 0.0956
7.60 -1.500 -2.25 0.4637 0.2171 0.0782 3.5344 0.0149 0.0689
7.60 -1.500 -2.00 0.3303 0.2499 0.0989 4.0857 0.0105 0.0508
7.60 -1.375 -2.50 0.6692 0.1842 0.0587 2.9298 0.0291 0.0956
7.60 -1.375 -2.25 0.4636 0.2170 0.0781 3.5329 0.0198 0.0689
7.60 -1.375 -2.00 0.3302 0.2498 0.0989 4.0840 0.0140 0.0507
7.60 -1.250 -2.50 0.6688 0.1840 0.0586 2.9281 0.0388 0.0955
7.60 -1.250 -2.25 0.4634 0.2169 0.0780 3.5310 0.0264 0.0688
7.60 -1.250 -2.00 0.3301 0.2496 0.0987 4.0817 0.0186 0.0507
7.60 -1.125 -2.50 0.6684 0.1839 0.0586 2.9258 0.0517 0.0955
7.60 -1.125 -2.25 0.4631 0.2167 0.0779 3.5284 0.0352 0.0688
7.60 -1.125 -2.00 0.3299 0.2494 0.0986 4.0786 0.0249 0.0507
7.60 -1.000 -2.50 0.6678 0.1836 0.0584 2.9228 0.0689 0.0955
7.60 -1.000 -2.25 0.4627 0.2164 0.0777 3.5249 0.0470 0.0688
7.60 -1.000 -2.00 0.3296 0.2491 0.0984 4.0745 0.0331 0.0507
7.60 -0.875 -2.50 0.6670 0.1834 0.0583 2.9188 0.0918 0.0954
7.60 -0.875 -2.25 0.4622 0.2161 0.0775 3.5202 0.0626 0.0687
7.60 -0.875 -2.00 0.3292 0.2487 0.0982 4.0696 0.0442 0.0507
7.60 -0.750 -2.50 0.6659 0.1830 0.0581 2.9135 0.1224 0.0953
7.60 -0.750 -2.25 0.4615 0.2156 0.0773 3.5141 0.0834 0.0687
7.60 -0.750 -2.00 0.3288 0.2482 0.0978 4.0623 0.0588 0.0506
7.60 -0.625 -2.50 0.6644 0.1824 0.0578 2.9064 0.1630 0.0952
7.60 -0.625 -2.25 0.4605 0.2150 0.0769 3.5057 0.1111 0.0686
7.60 -0.625 -2.00 0.3281 0.2475 0.0973 4.0526 0.0784 0.0506
7.60 -0.500 -2.50 0.6625 0.1817 0.0574 2.8969 0.2170 0.0951
7.60 -0.500 -2.25 0.4593 0.2142 0.0764 3.4948 0.1479 0.0685
7.60 -0.500 -2.00 0.3273 0.2466 0.0967 4.0397 0.1043 0.0505
7.60 -0.375 -2.50 0.6599 0.1808 0.0569 2.8845 0.2889 0.0949
7.60 -0.375 -2.25 0.4577 0.2132 0.0758 3.4806 0.1968 0.0684
7.60 -0.375 -2.00 0.3261 0.2454 0.0959 4.0228 0.1388 0.0504
7.60 -0.250 -2.50 0.6565 0.1796 0.0563 2.8678 0.3842 0.0946
7.60 -0.250 -2.25 0.4555 0.2118 0.0750 3.4615 0.2618 0.0682
7.60 -0.250 -2.00 0.3246 0.2438 0.0949 4.0007 0.1846 0.0503
7.60 -0.125 -2.50 0.6519 0.1780 0.0554 2.8456 0.5105 0.0943
7.60 -0.125 -2.25 0.4526 0.2100 0.0739 3.4362 0.3479 0.0680
7.60 -0.125 -2.00 0.3227 0.2417 0.0935 3.9715 0.2453 0.0501
7.60 0.000 -2.50 0.6457 0.1758 0.0543 2.8161 0.6775 0.0939
7.60 0.000 -2.25 0.4488 0.2076 0.0725 3.4028 0.4617 0.0677
7.60 0.000 -2.00 0.3200 0.2389 0.0917 3.9333 0.3255 0.0498
7.70 -2.000 -2.50 0.8097 0.2137 0.0642 3.4310 0.0086 0.1175
7.70 -2.000 -2.25 0.5609 0.2502 0.0847 4.1215 0.0058 0.0845
7.70 -2.000 -2.00 0.3993 0.2866 0.1063 4.7458 0.0041 0.0622
7.70 -1.875 -2.50 0.8096 0.2136 0.0642 3.4304 0.0114 0.1175
7.70 -1.875 -2.25 0.5608 0.2502 0.0846 4.1208 0.0078 0.0845
7.70 -1.875 -2.00 0.3992 0.2866 0.1063 4.7452 0.0055 0.0622
7.70 -1.750 -2.50 0.8095 0.2136 0.0641 3.4296 0.0152 0.1175
7.70 -1.750 -2.25 0.5607 0.2501 0.0846 4.1199 0.0104 0.0845
7.70 -1.750 -2.00 0.3991 0.2865 0.1063 4.7444 0.0073 0.0622
7.70 -1.625 -2.50 0.8092 0.2135 0.0641 3.4286 0.0203 0.1175
7.70 -1.625 -2.25 0.5606 0.2500 0.0845 4.1186 0.0138 0.0845
7.70 -1.625 -2.00 0.3991 0.2864 0.1062 4.7436 0.0097 0.0622
7.70 -1.500 -2.50 0.8089 0.2134 0.0641 3.4275 0.0271 0.1174
7.70 -1.500 -2.25 0.5604 0.2499 0.0845 4.1169 0.0184 0.0845
7.70 -1.500 -2.00 0.3990 0.2863 0.1061 4.7412 0.0130 0.0621
7.70 -1.375 -2.50 0.8085 0.2133 0.0640 3.4253 0.0361 0.1174
7.70 -1.375 -2.25 0.5601 0.2498 0.0844 4.1151 0.0245 0.0844
7.70 -1.375 -2.00 0.3988 0.2861 0.1060 4.7388 0.0173 0.0621
7.70 -1.250 -2.50 0.8079 0.2131 0.0639 3.4227 0.0481 0.1174
7.70 -1.250 -2.25 0.5598 0.2496 0.0843 4.1122 0.0327 0.0844
7.70 -1.250 -2.00 0.3985 0.2859 0.1059 4.7360 0.0230 0.0621
7.70 -1.125 -2.50 0.8072 0.2128 0.0638 3.4193 0.0641 0.1173
7.70 -1.125 -2.25 0.5593 0.2493 0.0841 4.1084 0.0436 0.0844
7.70 -1.125 -2.00 0.3982 0.2856 0.1057 4.7319 0.0307 0.0621
7.70 -1.000 -2.50 0.8062 0.2125 0.0636 3.4144 0.0854 0.1172
7.70 -1.000 -2.25 0.5587 0.2489 0.0839 4.1028 0.0581 0.0843
7.70 -1.000 -2.00 0.3978 0.2852 0.1055 4.7264 0.0409 0.0620
7.70 -0.875 -2.50 0.8050 0.2121 0.0634 3.4086 0.1138 0.1171
7.70 -0.875 -2.25 0.5579 0.2485 0.0836 4.0967 0.0774 0.0843
7.70 -0.875 -2.00 0.3974 0.2847 0.1052 4.7193 0.0545 0.0620
7.70 -0.750 -2.50 0.8032 0.2115 0.0631 3.4004 0.1516 0.1170
7.70 -0.750 -2.25 0.5569 0.2478 0.0833 4.0877 0.1031 0.0842
7.70 -0.750 -2.00 0.3965 0.2839 0.1047 4.7080 0.0726 0.0619
7.70 -0.625 -2.50 0.8008 0.2107 0.0627 3.3896 0.2019 0.1168
7.70 -0.625 -2.25 0.5554 0.2470 0.0828 4.0759 0.1373 0.0841
7.70 -0.625 -2.00 0.3956 0.2830 0.1041 4.6952 0.0966 0.0618
7.70 -0.500 -2.50 0.7977 0.2097 0.0622 3.3754 0.2687 0.1166
7.70 -0.500 -2.25 0.5535 0.2459 0.0822 4.0604 0.1828 0.0839
7.70 -0.500 -2.00 0.3943 0.2817 0.1034 4.6782 0.1286 0.0617
7.70 -0.375 -2.50 0.7936 0.2083 0.0615 3.3564 0.3574 0.1163
7.70 -0.375 -2.25 0.5510 0.2444 0.0814 4.0399 0.2431 0.0837
7.70 -0.375 -2.00 0.3926 0.2801 0.1023 4.6549 0.1710 0.0616
7.70 -0.250 -2.50 0.7881 0.2064 0.0606 3.3310 0.4748 0.1159
7.70 -0.250 -2.25 0.5477 0.2424 0.0802 4.0119 0.3231 0.0834
7.70 -0.250 -2.00 0.3904 0.2779 0.1010 4.6245 0.2273 0.0614
7.70 -0.125 -2.50 0.7808 0.2040 0.0593 3.2970 0.6302 0.1153
7.70 -0.125 -2.25 0.5432 0.2398 0.0788 3.9752 0.4289 0.0830
7.70 -0.125 -2.00 0.3873 0.2750 0.0993 4.5843 0.3017 0.0611
7.70 0.000 -2.50 0.7712 0.2008 0.0578 3.2527 0.8350 0.1146
7.70 0.000 -2.25 0.5372 0.2363 0.0769 3.9269 0.5684 0.0825
7.70 0.000 -2.00 0.3834 0.2713 0.0971 4.5320 0.3998 0.0607
7.80 -2.000 -2.50 0.9670 0.2429 0.0678 3.9429 0.0106 0.1435
7.80 -2.000 -2.25 0.6706 0.2828 0.0887 4.7218 0.0072 0.1031
7.80 -2.000 -2.00 0.4775 0.3225 0.1109 5.4230 0.0050 0.0757
7.80 -1.875 -2.50 0.9668 0.2429 0.0677 3.9420 0.0141 0.1435
7.80 -1.875 -2.25 0.6705 0.2828 0.0887 4.7209 0.0096 0.1030
7.80 -1.875 -2.00 0.4774 0.3225 0.1109 5.4223 0.0067 0.0757
7.80 -1.750 -2.50 0.9666 0.2428 0.0677 3.9408 0.0188 0.1434
7.80 -1.750 -2.25 0.6704 0.2827 0.0887 4.7202 0.0127 0.1030
7.80 -1.750 -2.00 0.4773 0.3223 0.1108 5.4207 0.0089 0.0757
7.80 -1.625 -2.50 0.9662 0.2427 0.0676 3.9392 0.0250 0.1434
7.80 -1.625 -2.25 0.6701 0.2826 0.0886 4.7176 0.0170 0.1030
7.80 -1.625 -2.00 0.4771 0.3222 0.1107 5.4187 0.0119 0.0757
7.80 -1.500 -2.50 0.9657 0.2425 0.0676 3.9371 0.0333 0.1434
7.80 -1.500 -2.25 0.6698 0.2824 0.0885 4.7153 0.0226 0.1030
7.80 -1.500 -2.00 0.4770 0.3221 0.1107 5.4170 0.0159 0.0757
7.80 -1.375 -2.50 0.9650 0.2423 0.0675 3.9342 0.0445 0.1433
7.80 -1.375 -2.25 0.6694 0.2822 0.0884 4.7124 0.0302 0.1030
7.80 -1.375 -2.00 0.4766 0.3219 0.1105 5.4137 0.0212 0.0756
7.80 -1.250 -2.50 0.9642 0.2421 0.0674 3.9310 0.0593 0.1433
7.80 -1.250 -2.25 0.6689 0.2819 0.0882 4.7083 0.0402 0.1029
7.80 -1.250 -2.00 0.4764 0.3215 0.1103 5.4085 0.0282 0.0756
7.80 -1.125 -2.50 0.9631 0.2417 0.0672 3.9263 0.0790 0.1432
7.80 -1.125 -2.25 0.6681 0.2815 0.0880 4.7021 0.0536 0.1028
7.80 -1.125 -2.00 0.4759 0.3211 0.1101 5.4033 0.0376 0.0755
7.80 -1.000 -2.50 0.9615 0.2412 0.0670 3.9188 0.1052 0.1431
7.80 -1.000 -2.25 0.6672 0.2810 0.0878 4.6949 0.0715 0.1028
7.80 -1.000 -2.00 0.4752 0.3205 0.1098 5.3949 0.0502 0.0755
7.80 -0.875 -2.50 0.9595 0.2406 0.0667 3.9098 0.1402 0.1429
7.80 -0.875 -2.25 0.6660 0.2803 0.0874 4.6858 0.0952 0.1027
7.80 -0.875 -2.00 0.4745 0.3198 0.1094 5.3854 0.0668 0.0754
7.80 -0.750 -2.50 0.9567 0.2397 0.0662 3.8976 0.1866 0.1427
7.80 -0.750 -2.25 0.6643 0.2794 0.0869 4.6726 0.1268 0.1025
7.80 -0.750 -2.00 0.4733 0.3189 0.1089 5.3720 0.0890 0.0753
7.80 -0.625 -2.50 0.9534 0.2386 0.0657 3.8822 0.2484 0.1424
7.80 -0.625 -2.25 0.6621 0.2782 0.0863 4.6554 0.1687 0.1023
7.80 -0.625 -2.00 0.4719 0.3176 0.1081 5.3530 0.1185 0.0752
7.80 -0.500 -2.50 0.9484 0.2371 0.0650 3.8609 0.3304 0.1421
7.80 -0.500 -2.25 0.6592 0.2766 0.0855 4.6329 0.2245 0.1021
7.80 -0.500 -2.00 0.4700 0.3159 0.1072 5.3303 0.1576 0.0750
7.80 -0.375 -2.50 0.9420 0.2351 0.0641 3.8329 0.4391 0.1416
7.80 -0.375 -2.25 0.6553 0.2745 0.0844 4.6030 0.2983 0.1018
7.80 -0.375 -2.00 0.4674 0.3137 0.1060 5.2988 0.2094 0.0748
7.80 -0.250 -2.50 0.9333 0.2324 0.0629 3.7955 0.5827 0.1409
7.80 -0.250 -2.25 0.6501 0.2718 0.0830 4.5637 0.3961 0.1013
7.80 -0.250 -2.00 0.4640 0.3107 0.1043 5.2563 0.2780 0.0744
7.80 -0.125 -2.50 0.9221 0.2289 0.0613 3.7468 0.7721 0.1400
7.80 -0.125 -2.25 0.6433 0.2681 0.0812 4.5122 0.5251 0.1007
7.80 -0.125 -2.00 0.4595 0.3069 0.1022 5.2017 0.3686 0.0740
7.80 0.000 -2.50 0.9063 0.2241 0.0592 3.6800 1.0204 0.1388
7.80 0.000 -2.25 0.6342 0.2634 0.0789 4.4444 0.6946 0.0999
7.80 0.000 -2.00 0.4534 0.3019 0.0995 5.1300 0.4876 0.0735
7.90 -2.000 -2.75 1.6326 0.2264 0.0490 3.4593 0.0192 0.2435
7.90 -2.000 -2.50 1.1353 0.2692 0.0685 4.4271 0.0129 0.1736
7.90 -2.000 -2.25 0.7892 0.3118 0.0892 5.2865 0.0087 0.1246
7.90 -1.875 -2.75 1.6320 0.2263 0.0489 3.4581 0.0256 0.2435
7.90 -1.875 -2.50 1.1350 0.2691 0.0685 4.4258 0.0172 0.1736
7.90 -1.875 -2.25 0.7890 0.3117 0.0892 5.2852 0.0117 0.1246
7.90 -1.750 -2.75 1.6312 0.2262 0.0489 3.4565 0.0341 0.2434
7.90 -1.750 -2.50 1.1346 0.2690 0.0684 4.4240 0.0229 0.1736
7.90 -1.750 -2.25 0.7888 0.3115 0.0891 5.2833 0.0155 0.1245
7.90 -1.625 -2.75 1.6304 0.2260 0.0488 3.4546 0.0455 0.2434
7.90 -1.625 -2.50 1.1340 0.2688 0.0683 4.4216 0.0305 0.1735
7.90 -1.625 -2.25 0.7884 0.3114 0.0890 5.2810 0.0207 0.1245
7.90 -1.500 -2.75 1.6293 0.2259 0.0488 3.4526 0.0606 0.2433
7.90 -1.500 -2.50 1.1333 0.2686 0.0683 4.4187 0.0407 0.1735
7.90 -1.500 -2.25 0.7880 0.3112 0.0889 5.2779 0.0276 0.1245
7.90 -1.375 -2.75 1.6271 0.2255 0.0487 3.4475 0.0808 0.2431
7.90 -1.375 -2.50 1.1324 0.2683 0.0681 4.4142 0.0543 0.1734
7.90 -1.375 -2.25 0.7874 0.3109 0.0888 5.2737 0.0368 0.1244
7.90 -1.250 -2.75 1.6247 0.2251 0.0485 3.4421 0.1077 0.2430
7.90 -1.250 -2.50 1.1311 0.2679 0.0680 4.4087 0.0724 0.1733
7.90 -1.250 -2.25 0.7866 0.3105 0.0886 5.2681 0.0491 0.1244
7.90 -1.125 -2.75 1.6214 0.2245 0.0483 3.4346 0.1434 0.2427
7.90 -1.125 -2.50 1.1293 0.2674 0.0678 4.4017 0.0964 0.1732
7.90 -1.125 -2.25 0.7856 0.3100 0.0884 5.2606 0.0654 0.1243
7.90 -1.000 -2.75 1.6169 0.2238 0.0480 3.4251 0.1910 0.2424
7.90 -1.000 -2.50 1.1270 0.2667 0.0675 4.3919 0.1284 0.1730
7.90 -1.000 -2.25 0.7842 0.3093 0.0881 5.2507 0.0871 0.1241
7.90 -0.875 -2.75 1.6114 0.2229 0.0477 3.4125 0.2543 0.2420
7.90 -0.875 -2.50 1.1239 0.2658 0.0671 4.3788 0.1710 0.1727
7.90 -0.875 -2.25 0.7822 0.3083 0.0876 5.2364 0.1160 0.1240
7.90 -0.750 -2.75 1.6035 0.2216 0.0472 3.3955 0.3383 0.2415
7.90 -0.750 -2.50 1.1196 0.2645 0.0666 4.3616 0.2276 0.1724
7.90 -0.750 -2.25 0.7797 0.3071 0.0870 5.2187 0.1545 0.1237
7.90 -0.625 -2.75 1.5928 0.2199 0.0466 3.3726 0.4496 0.2407
7.90 -0.625 -2.50 1.1138 0.2629 0.0659 4.3385 0.3027 0.1719
7.90 -0.625 -2.25 0.7765 0.3055 0.0863 5.1964 0.2055 0.1235
7.90 -0.500 -2.75 1.5795 0.2177 0.0459 3.3437 0.5970 0.2397
7.90 -0.500 -2.50 1.1064 0.2608 0.0650 4.3081 0.4022 0.1713
7.90 -0.500 -2.25 0.7720 0.3033 0.0853 5.1650 0.2732 0.1231
7.90 -0.375 -2.75 1.5611 0.2147 0.0448 3.3034 0.7915 0.2384
7.90 -0.375 -2.50 1.0964 0.2579 0.0638 4.2678 0.5338 0.1705
7.90 -0.375 -2.25 0.7661 0.3005 0.0840 5.1235 0.3627 0.1225
7.90 -0.250 -2.75 1.5365 0.2107 0.0434 3.2502 1.0470 0.2366
7.90 -0.250 -2.50 1.0832 0.2541 0.0623 4.2144 0.7073 0.1694
7.90 -0.250 -2.25 0.7582 0.2966 0.0822 5.0683 0.4809 0.1218
7.90 -0.125 -2.75 1.5040 0.2055 0.0416 3.1806 1.3813 0.2342
7.90 -0.125 -2.50 1.0652 0.2490 0.0602 4.1421 0.9350 0.1680
7.90 -0.125 -2.25 0.7478 0.2917 0.0800 4.9965 0.6363 0.1209
7.90 0.000 -2.75 1.4602 0.1985 0.0393 3.0866 1.8147 0.2309
7.90 0.000 -2.50 1.0415 0.2425 0.0576 4.0489 1.2322 0.1660
7.90 0.000 -2.25 0.7339 0.2851 0.0771 4.9014 0.8396 0.1196
8.00 -2.000 -2.75 1.8755 0.2464 0.0478 3.8071 0.0232 0.2923
8.00 -2.000 -2.50 1.3115 0.2912 0.0666 4.8636 0.0156 0.2083
8.00 -2.000 -2.25 0.9150 0.3357 0.0864 5.7983 0.0106 0.1494
8.00 -1.875 -2.75 1.8747 0.2462 0.0478 3.8055 0.0309 0.2923
8.00 -1.875 -2.50 1.3109 0.2911 0.0665 4.8615 0.0208 0.2082
8.00 -1.875 -2.25 0.9148 0.3357 0.0864 5.7972 0.0141 0.1493
8.00 -1.750 -2.75 1.8732 0.2460 0.0477 3.8026 0.0412 0.2922
8.00 -1.750 -2.50 1.3103 0.2909 0.0665 4.8589 0.0277 0.2082
8.00 -1.750 -2.25 0.9143 0.3355 0.0863 5.7944 0.0188 0.1493
8.00 -1.625 -2.75 1.8719 0.2458 0.0476 3.7996 0.0550 0.2921
8.00 -1.625 -2.50 1.3091 0.2906 0.0664 4.8555 0.0370 0.2081
8.00 -1.625 -2.25 0.9139 0.3353 0.0862 5.7911 0.0251 0.1493
8.00 -1.500 -2.75 1.8698 0.2455 0.0475 3.7953 0.0732 0.2919
8.00 -1.500 -2.50 1.3083 0.2904 0.0663 4.8518 0.0493 0.2080
8.00 -1.500 -2.25 0.9132 0.3350 0.0861 5.7868 0.0334 0.1492
8.00 -1.375 -2.75 1.8670 0.2450 0.0474 3.7894 0.0976 0.2917
8.00 -1.375 -2.50 1.3064 0.2899 0.0661 4.8448 0.0657 0.2079
8.00 -1.375 -2.25 0.9124 0.3346 0.0859 5.7810 0.0446 0.1491
8.00 -1.250 -2.75 1.8633 0.2445 0.0472 3.7817 0.1300 0.2914
8.00 -1.250 -2.50 1.3044 0.2893 0.0659 4.8369 0.0875 0.2077
8.00 -1.250 -2.25 0.9112 0.3340 0.0857 5.7731 0.0594 0.1490
8.00 -1.125 -2.75 1.8582 0.2437 0.0469 3.7711 0.1731 0.2910
8.00 -1.125 -2.50 1.3019 0.2887 0.0656 4.8274 0.1166 0.2075
8.00 -1.125 -2.25 0.9095 0.3333 0.0854 5.7624 0.0791 0.1489
8.00 -1.000 -2.75 1.8514 0.2426 0.0466 3.7570 0.2304 0.2905
8.00 -1.000 -2.50 1.2981 0.2877 0.0652 4.8132 0.1552 0.2072
8.00 -1.000 -2.25 0.9074 0.3323 0.0850 5.7485 0.1054 0.1487
8.00 -0.875 -2.75 1.8427 0.2413 0.0462 3.7388 0.3066 0.2898
8.00 -0.875 -2.50 1.2931 0.2863 0.0648 4.7944 0.2066 0.2068
8.00 -0.875 -2.25 0.9046 0.3312 0.0845 5.7313 0.1403 0.1484
8.00 -0.750 -2.75 1.8306 0.2395 0.0456 3.7137 0.4075 0.2889
8.00 -0.750 -2.50 1.2867 0.2846 0.0641 4.7700 0.2748 0.2062
8.00 -0.750 -2.25 0.9009 0.3295 0.0838 5.7071 0.1866 0.1481
8.00 -0.625 -2.75 1.8149 0.2371 0.0448 3.6813 0.5410 0.2877
8.00 -0.625 -2.50 1.2783 0.2824 0.0633 4.7379 0.3652 0.2055
8.00 -0.625 -2.25 0.8958 0.3273 0.0829 5.6752 0.2481 0.1476
8.00 -0.500 -2.75 1.7936 0.2338 0.0438 3.6371 0.7171 0.2861
8.00 -0.500 -2.50 1.2667 0.2794 0.0622 4.6943 0.4847 0.2046
8.00 -0.500 -2.25 0.8891 0.3244 0.0817 5.6323 0.3294 0.1470
8.00 -0.375 -2.75 1.7654 0.2296 0.0425 3.5791 0.9486 0.2839
8.00 -0.375 -2.50 1.2514 0.2754 0.0607 4.6372 0.6422 0.2033
8.00 -0.375 -2.25 0.8802 0.3205 0.0801 5.5757 0.4368 0.1461
8.00 -0.250 -2.75 1.7280 0.2239 0.0407 3.5025 1.2512 0.2810
8.00 -0.250 -2.50 1.2310 0.2701 0.0588 4.5608 0.8489 0.2015
8.00 -0.250 -2.25 0.8684 0.3154 0.0781 5.5016 0.5781 0.1451
8.00 -0.125 -2.75 1.6779 0.2165 0.0385 3.4003 1.6435 0.2771
8.00 -0.125 -2.50 1.2039 0.2631 0.0563 4.4603 1.1189 0.1992
8.00 -0.125 -2.25 0.8527 0.3087 0.0754 5.4032 0.7630 0.1436
8.00 0.000 -2.75 1.6118 0.2068 0.0357 3.2669 2.1467 0.2718
8.00 0.000 -2.50 1.1678 0.2540 0.0532 4.3275 1.4681 0.1961
8.00 0.000 -2.25 0.8319 0.2999 0.0720 5.2728 1.0035 0.1416
8.10 -2.000 -3.00 2.8499 0.2124 0.0282 2.8214 0.0396 0.4805
8.10 -2.000 -2.75 2.0964 0.2591 0.0440 4.0553 0.0276 0.3459
8.10 -2.000 -2.50 1.4779 0.3049 0.0612 5.1829 0.0186 0.2466
8.10 -2.000 -2.25 1.0383 0.3507 0.0797 6.1877 0.0127 0.1769
8.10 -1.875 -3.00 2.8471 0.2122 0.0282 2.8186 0.0528 0.4803
8.10 -1.875 -2.75 2.0951 0.2589 0.0439 4.0526 0.0368 0.3458
8.10 -1.875 -2.50 1.4770 0.3046 0.0611 5.1791 0.0248 0.2465
8.10 -1.875 -2.25 1.0379 0.3505 0.0796 6.1852 0.0169 0.1768
8.10 -1.750 -3.00 2.8440 0.2119 0.0281 2.8153 0.0704 0.4800
8.10 -1.750 -2.75 2.0933 0.2586 0.0439 4.0491 0.0491 0.3456
8.10 -1.750 -2.50 1.4763 0.3044 0.0611 5.1764 0.0331 0.2464
8.10 -1.750 -2.25 1.0373 0.3503 0.0795 6.1819 0.0225 0.1768
8.10 -1.625 -3.00 2.8395 0.2116 0.0280 2.8109 0.0938 0.4797
8.10 -1.625 -2.75 2.0908 0.2583 0.0438 4.0445 0.0654 0.3454
8.10 -1.625 -2.50 1.4750 0.3041 0.0610 5.1721 0.0442 0.2463
8.10 -1.625 -2.25 1.0365 0.3500 0.0794 6.1772 0.0300 0.1767
8.10 -1.500 -3.00 2.8337 0.2111 0.0279 2.8050 0.1250 0.4792
8.10 -1.500 -2.75 2.0876 0.2578 0.0436 4.0383 0.0871 0.3452
8.10 -1.500 -2.50 1.4732 0.3037 0.0608 5.1658 0.0588 0.2462
8.10 -1.500 -2.25 1.0355 0.3496 0.0793 6.1715 0.0400 0.1766
8.10 -1.375 -3.00 2.8260 0.2104 0.0278 2.7972 0.1665 0.4787
8.10 -1.375 -2.75 2.0833 0.2572 0.0435 4.0299 0.1160 0.3449
8.10 -1.375 -2.50 1.4709 0.3031 0.0607 5.1572 0.0784 0.2459
8.10 -1.375 -2.25 1.0342 0.3490 0.0791 6.1637 0.0533 0.1765
8.10 -1.250 -3.00 2.8156 0.2096 0.0276 2.7867 0.2216 0.4779
8.10 -1.250 -2.75 2.0777 0.2564 0.0432 4.0189 0.1545 0.3444
8.10 -1.250 -2.50 1.4678 0.3024 0.0604 5.1462 0.1044 0.2457
8.10 -1.250 -2.25 1.0324 0.3484 0.0788 6.1534 0.0710 0.1763
8.10 -1.125 -3.00 2.8018 0.2084 0.0273 2.7728 0.2947 0.4768
8.10 -1.125 -2.75 2.0705 0.2554 0.0430 4.0049 0.2057 0.3438
8.10 -1.125 -2.50 1.4638 0.3014 0.0601 5.1320 0.1391 0.2453
8.10 -1.125 -2.25 1.0300 0.3474 0.0785 6.1395 0.0945 0.1761
8.10 -1.000 -3.00 2.7837 0.2069 0.0270 2.7546 0.3917 0.4754
8.10 -1.000 -2.75 2.0602 0.2540 0.0425 3.9849 0.2736 0.3430
8.10 -1.000 -2.50 1.4583 0.3001 0.0597 5.1129 0.1851 0.2448
8.10 -1.000 -2.25 1.0271 0.3462 0.0780 6.1218 0.1258 0.1758
8.10 -0.875 -3.00 2.7593 0.2048 0.0265 2.7299 0.5200 0.4735
8.10 -0.875 -2.75 2.0467 0.2520 0.0420 3.9588 0.3636 0.3419
8.10 -0.875 -2.50 1.4509 0.2983 0.0591 5.0877 0.2462 0.2442
8.10 -0.875 -2.25 1.0228 0.3445 0.0774 6.0966 0.1674 0.1754
8.10 -0.750 -3.00 2.7268 0.2021 0.0259 2.6974 0.6891 0.4710
8.10 -0.750 -2.75 2.0287 0.2495 0.0413 3.9241 0.4827 0.3404
8.10 -0.750 -2.50 1.4411 0.2960 0.0583 5.0532 0.3271 0.2433
8.10 -0.750 -2.25 1.0171 0.3423 0.0766 6.0636 0.2226 0.1749
8.10 -0.625 -3.00 2.6839 0.1986 0.0251 2.6545 0.9113 0.4676
8.10 -0.625 -2.75 2.0045 0.2461 0.0404 3.8777 0.6397 0.3385
8.10 -0.625 -2.50 1.4281 0.2929 0.0573 5.0080 0.4341 0.2422
8.10 -0.625 -2.25 1.0096 0.3394 0.0756 6.0200 0.2956 0.1741
8.10 -0.500 -3.00 2.6265 0.1938 0.0241 2.5972 1.2017 0.4630
8.10 -0.500 -2.75 1.9732 0.2417 0.0392 3.8170 0.8462 0.3359
8.10 -0.500 -2.50 1.4113 0.2889 0.0560 4.9495 0.5752 0.2407
8.10 -0.500 -2.25 0.9996 0.3356 0.0742 5.9628 0.3919 0.1732
8.10 -0.375 -3.00 2.5511 0.1876 0.0228 2.5222 1.5782 0.4570
8.10 -0.375 -2.75 1.9313 0.2359 0.0376 3.7364 1.1158 0.3325
8.10 -0.375 -2.50 1.3882 0.2835 0.0543 4.8708 0.7604 0.2386
8.10 -0.375 -2.25 0.9864 0.3305 0.0724 5.8866 0.5188 0.1719
8.10 -0.250 -3.00 2.4523 0.1795 0.0211 2.4247 2.0613 0.4488
8.10 -0.250 -2.75 1.8758 0.2282 0.0356 3.6304 1.4656 0.3278
8.10 -0.250 -2.50 1.3574 0.2763 0.0521 4.7647 1.0019 0.2359
8.10 -0.250 -2.25 0.9688 0.3238 0.0700 5.7857 0.6848 0.1702
8.10 -0.125 -3.00 2.3229 0.1690 0.0191 2.2975 2.6712 0.4379
8.10 -0.125 -2.75 1.8022 0.2181 0.0330 3.4915 1.9139 0.3215
8.10 -0.125 -2.50 1.3171 0.2669 0.0492 4.6273 1.3148 0.2322
8.10 -0.125 -2.25 0.9457 0.3150 0.0670 5.6538 0.9008 0.1679
8.10 0.000 -3.00 2.1561 0.1557 0.0166 2.1346 3.4240 0.4232
8.10 0.000 -2.75 1.7061 0.2051 0.0298 3.3103 2.4797 0.3131
8.10 0.000 -2.50 1.2635 0.2547 0.0456 4.4462 1.7146 0.2272
8.10 0.000 -2.25 0.9146 0.3034 0.0630 5.4775 1.1790 0.1648
8.20 -2.000 -3.00 3.0663 0.2147 0.0243 2.8895 0.0461 0.5592
8.20 -2.000 -2.75 2.2827 0.2612 0.0378 4.1593 0.0324 0.4028
8.20 -2.000 -2.50 1.6274 0.3067 0.0528 5.3291 0.0220 0.2874
8.20 -2.000 -2.25 1.1535 0.3527 0.0691 6.3841 0.0150 0.2064
8.20 -1.875 -3.00 3.0631 0.2145 0.0242 2.8869 0.0614 0.5590
8.20 -1.875 -2.75 2.2809 0.2609 0.0378 4.1557 0.0431 0.4026
8.20 -1.875 -2.50 1.6262 0.3064 0.0528 5.3251 0.0293 0.2873
8.20 -1.875 -2.25 1.1528 0.3524 0.0690 6.3804 0.0199 0.2063
8.20 -1.750 -3.00 3.0583 0.2141 0.0242 2.8825 0.0819 0.5585
8.20 -1.750 -2.75 2.2783 0.2606 0.0377 4.1510 0.0575 0.4024
8.20 -1.750 -2.50 1.6247 0.3061 0.0527 5.3205 0.0390 0.2871
8.20 -1.750 -2.25 1.1519 0.3521 0.0690 6.3759 0.0266 0.2062
8.20 -1.625 -3.00 3.0516 0.2136 0.0241 2.8757 0.1091 0.5580
8.20 -1.625 -2.75 2.2745 0.2601 0.0376 4.1442 0.0766 0.4021
8.20 -1.625 -2.50 1.6228 0.3057 0.0525 5.3143 0.0520 0.2869
8.20 -1.625 -2.25 1.1508 0.3517 0.0688 6.3699 0.0354 0.2061
8.20 -1.500 -3.00 3.0431 0.2129 0.0239 2.8678 0.1452 0.5573
8.20 -1.500 -2.75 2.2699 0.2595 0.0374 4.1359 0.1020 0.4017
8.20 -1.500 -2.50 1.6202 0.3051 0.0524 5.3060 0.0693 0.2867
8.20 -1.500 -2.25 1.1493 0.3512 0.0687 6.3621 0.0472 0.2060
8.20 -1.375 -3.00 3.0319 0.2120 0.0238 2.8572 0.1933 0.5563
8.20 -1.375 -2.75 2.2636 0.2587 0.0372 4.1247 0.1359 0.4011
8.20 -1.375 -2.50 1.6167 0.3044 0.0522 5.2951 0.0923 0.2864
8.20 -1.375 -2.25 1.1475 0.3506 0.0685 6.3520 0.0629 0.2058
8.20 -1.250 -3.00 3.0170 0.2109 0.0235 2.8430 0.2571 0.5550
8.20 -1.250 -2.75 2.2552 0.2576 0.0370 4.1097 0.1808 0.4004
8.20 -1.250 -2.50 1.6123 0.3034 0.0519 5.2813 0.1229 0.2860
8.20 -1.250 -2.25 1.1449 0.3497 0.0682 6.3385 0.0838 0.2055
8.20 -1.125 -3.00 2.9974 0.2093 0.0233 2.8245 0.3416 0.5534
8.20 -1.125 -2.75 2.2442 0.2562 0.0366 4.0899 0.2405 0.3995
8.20 -1.125 -2.50 1.6062 0.3021 0.0516 5.2621 0.1636 0.2854
8.20 -1.125 -2.25 1.1412 0.3484 0.0678 6.3197 0.1115 0.2052
8.20 -1.000 -3.00 2.9710 0.2073 0.0229 2.7997 0.4534 0.5511
8.20 -1.000 -2.75 2.2290 0.2542 0.0362 4.0631 0.3196 0.3982
8.20 -1.000 -2.50 1.5980 0.3004 0.0511 5.2357 0.2176 0.2847
8.20 -1.000 -2.25 1.1366 0.3468 0.0673 6.2947 0.1484 0.2047
8.20 -0.875 -3.00 2.9358 0.2046 0.0224 2.7668 0.6008 0.5481
8.20 -0.875 -2.75 2.2095 0.2517 0.0356 4.0285 0.4242 0.3965
8.20 -0.875 -2.50 1.5872 0.2981 0.0504 5.2021 0.2891 0.2837
8.20 -0.875 -2.25 1.1303 0.3447 0.0666 6.2624 0.1973 0.2041
8.20 -0.750 -3.00 2.8892 0.2010 0.0217 2.7233 0.7944 0.5441
8.20 -0.750 -2.75 2.1831 0.2483 0.0348 3.9817 0.5621 0.3942
8.20 -0.750 -2.50 1.5732 0.2951 0.0496 5.1569 0.3836 0.2823
8.20 -0.750 -2.25 1.1220 0.3418 0.0657 6.2191 0.2620 0.2032
8.20 -0.625 -3.00 2.8279 0.1963 0.0208 2.6665 1.0474 0.5388
8.20 -0.625 -2.75 2.1481 0.2439 0.0338 3.9199 0.7432 0.3911
8.20 -0.625 -2.50 1.5537 0.2909 0.0485 5.0959 0.5082 0.2805
8.20 -0.625 -2.25 1.1109 0.3380 0.0646 6.1605 0.3474 0.2021
8.20 -0.500 -3.00 2.7473 0.1901 0.0197 2.5915 1.3753 0.5317
8.20 -0.500 -2.75 2.1022 0.2381 0.0324 3.8388 0.9799 0.3870
8.20 -0.500 -2.50 1.5280 0.2855 0.0470 5.0157 0.6717 0.2781
8.20 -0.500 -2.25 1.0962 0.3330 0.0630 6.0839 0.4599 0.2006
8.20 -0.375 -3.00 2.6399 0.1820 0.0183 2.4927 1.7954 0.5220
8.20 -0.375 -2.75 2.0410 0.2303 0.0307 3.7311 1.2865 0.3815
8.20 -0.375 -2.50 1.4938 0.2783 0.0451 4.9081 0.8848 0.2748
8.20 -0.375 -2.25 1.0766 0.3263 0.0610 5.9811 0.6070 0.1986
8.20 -0.250 -3.00 2.5031 0.1716 0.0166 2.3664 2.3269 0.5094
8.20 -0.250 -2.75 1.9611 0.2203 0.0285 3.5911 1.6796 0.3742
8.20 -0.250 -2.50 1.4488 0.2690 0.0426 4.7679 1.1607 0.2705
8.20 -0.250 -2.25 1.0504 0.3175 0.0584 5.8464 0.7984 0.1959
8.20 -0.125 -3.00 2.3283 0.1586 0.0145 2.2047 2.9843 0.4926
8.20 -0.125 -2.75 1.8555 0.2073 0.0258 3.4078 2.1748 0.3643
8.20 -0.125 -2.50 1.3893 0.2567 0.0395 4.5842 1.5133 0.2647
8.20 -0.125 -2.25 1.0159 0.3060 0.0550 5.6684 1.0448 0.1923
8.20 0.000 -3.00 2.1073 0.1423 0.0120 2.0024 3.7704 0.4703
8.20 0.000 -2.75 1.7203 0.1908 0.0225 3.1735 2.7854 0.3512
8.20 0.000 -2.50 1.3115 0.2410 0.0357 4.3456 1.9560 0.2569
8.20 0.000 -2.25 0.9704 0.2911 0.0508 5.4363 1.3578 0.1874
8.30 -2.000 -3.00 3.1241 0.2005 0.0185 2.7641 0.0519 0.6312
8.30 -2.000 -2.75 2.3691 0.2451 0.0291 4.0099 0.0369 0.4558
8.30 -2.000 -2.50 1.7188 0.2889 0.0411 5.1771 0.0253 0.3259
8.30 -1.875 -3.00 3.1191 0.2002 0.0185 2.7598 0.0692 0.6308
8.30 -1.875 -2.75 2.3662 0.2447 0.0290 4.0052 0.0492 0.4556
8.30 -1.875 -2.50 1.7172 0.2886 0.0410 5.1725 0.0337 0.3257
8.30 -1.750 -3.00 3.1118 0.1997 0.0184 2.7540 0.0921 0.6301
8.30 -1.750 -2.75 2.3625 0.2443 0.0289 3.9991 0.0655 0.4552
8.30 -1.750 -2.50 1.7152 0.2882 0.0409 5.1666 0.0449 0.3255
8.30 -1.625 -3.00 3.1029 0.1990 0.0183 2.7464 0.1227 0.6293
8.30 -1.625 -2.75 2.3576 0.2437 0.0288 3.9911 0.0872 0.4548
8.30 -1.625 -2.50 1.7120 0.2876 0.0408 5.1580 0.0598 0.3252
8.30 -1.500 -3.00 3.0922 0.1983 0.0182 2.7367 0.1633 0.6282
8.30 -1.500 -2.75 2.3507 0.2429 0.0287 3.9802 0.1162 0.4541
8.30 -1.500 -2.50 1.7081 0.2869 0.0406 5.1472 0.0796 0.3248
8.30 -1.375 -3.00 3.0763 0.1972 0.0180 2.7231 0.2171 0.6267
8.30 -1.375 -2.75 2.3416 0.2419 0.0285 3.9655 0.1546 0.4533
8.30 -1.375 -2.50 1.7030 0.2859 0.0404 5.1327 0.1060 0.3243
8.30 -1.250 -3.00 3.0552 0.1957 0.0178 2.7045 0.2885 0.6247
8.30 -1.250 -2.75 2.3295 0.2405 0.0282 3.9461 0.2056 0.4521
8.30 -1.250 -2.50 1.6965 0.2847 0.0401 5.1140 0.1411 0.3237
8.30 -1.125 -3.00 3.0262 0.1937 0.0175 2.6804 0.3827 0.6220
8.30 -1.125 -2.75 2.3136 0.2387 0.0279 3.9204 0.2731 0.4506
8.30 -1.125 -2.50 1.6876 0.2830 0.0397 5.0886 0.1877 0.3228
8.30 -1.000 -3.00 2.9903 0.1911 0.0171 2.6490 0.5071 0.6185
8.30 -1.000 -2.75 2.2930 0.2363 0.0274 3.8865 0.3625 0.4485
8.30 -1.000 -2.50 1.6752 0.2808 0.0392 5.0541 0.2493 0.3216
8.30 -0.875 -3.00 2.9420 0.1878 0.0166 2.6076 0.6702 0.6138
8.30 -0.875 -2.75 2.2648 0.2331 0.0268 3.8409 0.4802 0.4458
8.30 -0.875 -2.50 1.6594 0.2778 0.0385 5.0093 0.3307 0.3200
8.30 -0.750 -3.00 2.8777 0.1833 0.0159 2.5530 0.8832 0.6076
8.30 -0.750 -2.75 2.2270 0.2289 0.0260 3.7805 0.6346 0.4422
8.30 -0.750 -2.50 1.6382 0.2739 0.0377 4.9496 0.4379 0.3179
8.30 -0.625 -3.00 2.7938 0.1775 0.0151 2.4816 1.1590 0.5993
8.30 -0.625 -2.75 2.1775 0.2233 0.0249 3.7016 0.8361 0.4374
8.30 -0.625 -2.50 1.6097 0.2687 0.0365 4.8700 0.5785 0.3150
8.30 -0.500 -3.00 2.6851 0.1701 0.0140 2.3887 1.5125 0.5882
8.30 -0.500 -2.75 2.1125 0.2160 0.0236 3.5975 1.0970 0.4310
8.30 -0.500 -2.50 1.5728 0.2619 0.0350 4.7659 0.7618 0.3113
8.30 -0.375 -3.00 2.5456 0.1605 0.0127 2.2699 1.9590 0.5737
8.30 -0.375 -2.75 2.0270 0.2065 0.0219 3.4615 1.4308 0.4224
8.30 -0.375 -2.50 1.5236 0.2529 0.0331 4.6281 0.9985 0.3062
8.30 -0.250 -3.00 2.3665 0.1484 0.0111 2.1180 2.5102 0.5544
8.30 -0.250 -2.75 1.9172 0.1944 0.0198 3.2866 1.8516 0.4110
8.30 -0.250 -2.50 1.4585 0.2412 0.0306 4.4468 1.3004 0.2994
8.30 -0.125 -3.00 2.1442 0.1335 0.0093 1.9292 3.1707 0.5292
8.30 -0.125 -2.75 1.7746 0.1788 0.0173 3.0612 2.3681 0.3958
8.30 -0.125 -2.50 1.3743 0.2261 0.0276 4.2122 1.6789 0.2904
8.30 0.000 -3.00 1.8755 0.1157 0.0073 1.7015 3.9266 0.4968
8.30 0.000 -2.75 1.5969 0.1596 0.0143 2.7783 2.9818 0.3759
8.30 0.000 -2.50 1.2654 0.2069 0.0239 3.9093 2.1401 0.2782
8.40 -2.000 -3.00 3.0612 0.1797 0.0132 2.5505 0.0570 0.6976
8.40 -2.000 -2.75 2.3749 0.2215 0.0210 3.7378 0.0411 0.5059
8.40 -2.000 -2.50 1.7560 0.2626 0.0301 4.8707 0.0285 0.3628
8.40 -1.875 -3.00 3.0540 0.1793 0.0132 2.5452 0.0760 0.6968
8.40 -1.875 -2.75 2.3707 0.2211 0.0210 3.7318 0.0548 0.5055
8.40 -1.875 -2.50 1.7545 0.2623 0.0301 4.8656 0.0380 0.3626
8.40 -1.750 -3.00 3.0462 0.1788 0.0131 2.5383 0.1012 0.6959
8.40 -1.750 -2.75 2.3654 0.2206 0.0209 3.7241 0.0730 0.5049
8.40 -1.750 -2.50 1.7506 0.2617 0.0300 4.8570 0.0506 0.3623
8.40 -1.625 -3.00 3.0337 0.1780 0.0130 2.5290 0.1346 0.6946
8.40 -1.625 -2.75 2.3582 0.2199 0.0208 3.7138 0.0972 0.5042
8.40 -1.625 -2.50 1.7467 0.2611 0.0298 4.8468 0.0673 0.3618
8.40 -1.500 -3.00 3.0180 0.1770 0.0129 2.5167 0.1790 0.6929
8.40 -1.500 -2.75 2.3490 0.2189 0.0206 3.7004 0.1293 0.5033
8.40 -1.500 -2.50 1.7421 0.2603 0.0297 4.8338 0.0897 0.3613
8.40 -1.375 -3.00 2.9980 0.1757 0.0127 2.5005 0.2378 0.6907
8.40 -1.375 -2.75 2.3368 0.2177 0.0204 3.6828 0.1720 0.5019
8.40 -1.375 -2.50 1.7339 0.2590 0.0294 4.8145 0.1193 0.3605
8.40 -1.250 -3.00 2.9695 0.1740 0.0125 2.4791 0.3155 0.6877
8.40 -1.250 -2.75 2.3202 0.2160 0.0202 3.6587 0.2284 0.5002
8.40 -1.250 -2.50 1.7242 0.2574 0.0292 4.7902 0.1586 0.3594
8.40 -1.125 -3.00 2.9344 0.1717 0.0122 2.4509 0.4180 0.6837
8.40 -1.125 -2.75 2.2990 0.2139 0.0198 3.6271 0.3031 0.4978
8.40 -1.125 -2.50 1.7110 0.2553 0.0288 4.7572 0.2106 0.3581
8.40 -1.000 -3.00 2.8860 0.1687 0.0119 2.4133 0.5523 0.6784
8.40 -1.000 -2.75 2.2696 0.2109 0.0194 3.5848 0.4014 0.4948
8.40 -1.000 -2.50 1.6943 0.2526 0.0283 4.7147 0.2793 0.3562
8.40 -0.875 -3.00 2.8236 0.1648 0.0114 2.3642 0.7277 0.6714
8.40 -0.875 -2.75 2.2312 0.2071 0.0188 3.5291 0.5303 0.4906
8.40 -0.875 -2.50 1.6719 0.2490 0.0276 4.6578 0.3698 0.3538
8.40 -0.750 -3.00 2.7420 0.1597 0.0108 2.2998 0.9548 0.6621
8.40 -0.750 -2.75 2.1809 0.2020 0.0181 3.4557 0.6985 0.4851
8.40 -0.750 -2.50 1.6420 0.2442 0.0267 4.5822 0.4883 0.3505
8.40 -0.625 -3.00 2.6351 0.1530 0.0101 2.2162 1.2456 0.6497
8.40 -0.625 -2.75 2.1137 0.1954 0.0171 3.3589 0.9158 0.4778
8.40 -0.625 -2.50 1.6025 0.2378 0.0256 4.4826 0.6426 0.3461
8.40 -0.500 -3.00 2.4988 0.1446 0.0092 2.1089 1.6129 0.6335
8.40 -0.500 -2.75 2.0268 0.1867 0.0159 3.2321 1.1936 0.4680
8.40 -0.500 -2.50 1.5511 0.2296 0.0242 4.3518 0.8418 0.3403
8.40 -0.375 -3.00 2.3252 0.1339 0.0080 1.9729 2.0665 0.6121
8.40 -0.375 -2.75 1.9158 0.1757 0.0143 3.0698 1.5434 0.4551
8.40 -0.375 -2.50 1.4831 0.2188 0.0224 4.1798 1.0953 0.3326
8.40 -0.250 -3.00 2.1125 0.1209 0.0068 1.8043 2.6122 0.5845
8.40 -0.250 -2.75 1.7730 0.1618 0.0125 2.8621 1.9727 0.4381
8.40 -0.250 -2.50 1.3949 0.2048 0.0201 3.9563 1.4125 0.3222
8.40 -0.125 -3.00 1.8559 0.1053 0.0054 1.6013 3.2402 0.5492
8.40 -0.125 -2.75 1.5955 0.1445 0.0104 2.6017 2.4824 0.4159
8.40 -0.125 -2.50 1.2831 0.1873 0.0174 3.6719 1.7989 0.3085
8.40 0.000 -3.00 1.5621 0.0876 0.0039 1.3654 3.9218 0.5051
8.40 0.000 -2.75 1.3833 0.1240 0.0081 2.2865 3.0592 0.3873
8.40 0.000 -2.50 1.1429 0.1654 0.0142 3.3110 2.2506 0.2906
8.50 -2.000 -3.25 3.1692 0.0989 0.0039 1.1179 0.0738 0.9498
8.50 -2.000 -3.00 2.8497 0.1380 0.0078 2.0757 0.0600 0.7234
8.50 -2.000 -2.75 2.3006 0.1762 0.0128 3.1419 0.0442 0.5283
8.50 -1.875 -3.25 3.1579 0.0985 0.0038 1.1142 0.0982 0.9482
8.50 -1.875 -3.00 2.8412 0.1376 0.0077 2.0701 0.0799 0.7223
8.50 -1.875 -2.75 2.2956 0.1758 0.0128 3.1354 0.0589 0.5277
8.50 -1.750 -3.25 3.1422 0.0980 0.0038 1.1088 0.1306 0.9459
8.50 -1.750 -3.00 2.8299 0.1370 0.0077 2.0626 0.1063 0.7209
8.50 -1.750 -2.75 2.2883 0.1752 0.0127 3.1265 0.0784 0.5268
8.50 -1.625 -3.25 3.1207 0.0973 0.0037 1.1019 0.1735 0.9427
8.50 -1.625 -3.00 2.8143 0.1362 0.0076 2.0520 0.1413 0.7190
8.50 -1.625 -2.75 2.2788 0.1744 0.0126 3.1149 0.1043 0.5258
8.50 -1.500 -3.25 3.0943 0.0964 0.0037 1.0929 0.2303 0.9389
8.50 -1.500 -3.00 2.7943 0.1352 0.0075 2.0388 0.1877 0.7165
8.50 -1.500 -2.75 2.2658 0.1734 0.0125 3.0993 0.1387 0.5243
8.50 -1.375 -3.25 3.0578 0.0952 0.0036 1.0811 0.3050 0.9336
8.50 -1.375 -3.00 2.7687 0.1339 0.0074 2.0219 0.2491 0.7134
8.50 -1.375 -2.75 2.2488 0.1720 0.0123 3.0786 0.1842 0.5224
8.50 -1.250 -3.25 3.0101 0.0936 0.0035 1.0654 0.4031 0.9266
8.50 -1.250 -3.00 2.7342 0.1321 0.0072 1.9988 0.3298 0.7090
8.50 -1.250 -2.75 2.2262 0.1702 0.0121 3.0511 0.2443 0.5198
8.50 -1.125 -3.25 2.9483 0.0916 0.0034 1.0451 0.5312 0.9176
8.50 -1.125 -3.00 2.6884 0.1298 0.0070 1.9692 0.4357 0.7033
8.50 -1.125 -2.75 2.1965 0.1677 0.0119 3.0150 0.3234 0.5163
8.50 -1.000 -3.25 2.8675 0.0890 0.0032 1.0186 0.6972 0.9053
8.50 -1.000 -3.00 2.6272 0.1266 0.0067 1.9285 0.5736 0.6955
8.50 -1.000 -2.75 2.1574 0.1646 0.0115 2.9675 0.4270 0.5117
8.50 -0.875 -3.25 2.7635 0.0856 0.0030 0.9842 0.9103 0.8894
8.50 -0.875 -3.00 2.5479 0.1226 0.0064 1.8766 0.7519 0.6853
8.50 -0.875 -2.75 2.1057 0.1604 0.0110 2.9044 0.5619 0.5056
8.50 -0.750 -3.25 2.6293 0.0812 0.0028 0.9400 1.1799 0.8685
8.50 -0.750 -3.00 2.4473 0.1174 0.0060 1.8086 0.9803 0.6719
8.50 -0.750 -2.75 2.0380 0.1549 0.0104 2.8211 0.7360 0.4974
8.50 -0.625 -3.25 2.4649 0.0759 0.0025 0.8854 1.5163 0.8418
8.50 -0.625 -3.00 2.3178 0.1109 0.0054 1.7223 1.2681 0.6544
8.50 -0.625 -2.75 1.9505 0.1478 0.0096 2.7137 0.9580 0.4867
8.50 -0.500 -3.25 2.2609 0.0693 0.0021 0.8173 1.9243 0.8074
8.50 -0.500 -3.00 2.1561 0.1027 0.0048 1.6136 1.6238 0.6318
8.50 -0.500 -2.75 1.8386 0.1388 0.0087 2.5760 1.2365 0.4725
8.50 -0.375 -3.25 2.0197 0.0616 0.0017 0.7360 2.4049 0.7643
8.50 -0.375 -3.00 1.9581 0.0927 0.0040 1.4792 2.0512 0.6027
8.50 -0.375 -2.75 1.6980 0.1276 0.0076 2.4004 1.5778 0.4541
8.50 -0.250 -3.25 1.7430 0.0528 0.0013 0.6422 2.9459 0.7112
8.50 -0.250 -3.00 1.7222 0.0809 0.0032 1.3167 2.5443 0.5659
8.50 -0.250 -2.75 1.5255 0.1137 0.0063 2.1812 1.9826 0.4303
8.50 -0.125 -3.25 1.4453 0.0434 0.0000 0.5392 3.5258 0.6487
8.50 -0.125 -3.00 1.4561 0.0676 0.0024 1.1290 3.0848 0.5206
8.50 -0.125 -2.75 1.3213 0.0975 0.0049 1.9169 2.4401 0.4001
8.50 0.000 -3.25 1.1398 0.0338 0.0000 0.4316 4.0958 0.5765
8.50 0.000 -3.00 1.1686 0.0534 0.0016 0.9212 3.6295 0.4665
8.50 0.000 -2.75 1.0898 0.0790 0.0035 1.6057 2.9207 0.3626
8.60 -2.000 -3.25 2.6980 0.0564 0.0017 0.7241 0.0725 0.9177
8.60 -2.000 -3.00 2.6432 0.0874 0.0039 1.4796 0.0614 0.7138
8.60 -2.000 -2.75 2.2699 0.1200 0.0069 2.3830 0.0464 0.5254
8.60 -1.875 -3.25 2.6846 0.0561 0.0017 0.7209 0.0965 0.9155
8.60 -1.875 -3.00 2.6313 0.0870 0.0039 1.4740 0.0817 0.7122
8.60 -1.875 -2.75 2.2628 0.1196 0.0068 2.3766 0.0618 0.5245
8.60 -1.750 -3.25 2.6681 0.0557 0.0017 0.7167 0.1282 0.9126
8.60 -1.750 -3.00 2.6186 0.0865 0.0039 1.4673 0.1087 0.7106
8.60 -1.750 -2.75 2.2529 0.1190 0.0068 2.3678 0.0823 0.5234
8.60 -1.625 -3.25 2.6434 0.0552 0.0017 0.7109 0.1700 0.9086
8.60 -1.625 -3.00 2.5984 0.0858 0.0038 1.4574 0.1443 0.7078
8.60 -1.625 -2.75 2.2395 0.1183 0.0067 2.3557 0.1093 0.5218
8.60 -1.500 -3.25 2.6118 0.0545 0.0016 0.7034 0.2252 0.9032
8.60 -1.500 -3.00 2.5730 0.0849 0.0038 1.4453 0.1914 0.7044
8.60 -1.500 -2.75 2.2211 0.1173 0.0066 2.3394 0.1451 0.5197
8.60 -1.375 -3.25 2.5714 0.0536 0.0016 0.6935 0.2976 0.8964
8.60 -1.375 -3.00 2.5405 0.0838 0.0037 1.4293 0.2534 0.7000
8.60 -1.375 -2.75 2.1979 0.1159 0.0065 2.3181 0.1924 0.5169
8.60 -1.250 -3.25 2.5191 0.0525 0.0015 0.6806 0.3922 0.8874
8.60 -1.250 -3.00 2.4967 0.0822 0.0036 1.4076 0.3346 0.6940
8.60 -1.250 -2.75 2.1673 0.1142 0.0064 2.2902 0.2546 0.5132
8.60 -1.125 -3.25 2.4495 0.0509 0.0015 0.6636 0.5147 0.8754
8.60 -1.125 -3.00 2.4396 0.0802 0.0034 1.3791 0.4405 0.6861
8.60 -1.125 -2.75 2.1268 0.1120 0.0062 2.2531 0.3360 0.5084
8.60 -1.000 -3.25 2.3620 0.0490 0.0014 0.6419 0.6722 0.8599
8.60 -1.000 -3.00 2.3655 0.0776 0.0032 1.3422 0.5773 0.6757
8.60 -1.000 -2.75 2.0739 0.1090 0.0059 2.2043 0.4419 0.5019
8.60 -0.875 -3.25 2.2494 0.0465 0.0013 0.6141 0.8717 0.8395
8.60 -0.875 -3.00 2.2698 0.0743 0.0030 1.2950 0.7522 0.6620
8.60 -0.875 -2.75 2.0043 0.1051 0.0056 2.1405 0.5782 0.4933
8.60 -0.750 -3.25 2.1091 0.0435 0.0011 0.5791 1.1202 0.8134
8.60 -0.750 -3.00 2.1484 0.0701 0.0028 1.2338 0.9725 0.6442
8.60 -0.750 -2.75 1.9147 0.1001 0.0052 2.0576 0.7518 0.4820
8.60 -0.625 -3.25 1.9386 0.0398 0.0000 0.5365 1.4232 0.7802
8.60 -0.625 -3.00 1.9970 0.0649 0.0024 1.1567 1.2446 0.6212
8.60 -0.625 -2.75 1.8032 0.0939 0.0047 1.9519 0.9697 0.4674
8.60 -0.500 -3.25 1.7354 0.0354 0.0000 0.4853 1.7803 0.7384
8.60 -0.500 -3.00 1.8130 0.0585 0.0021 1.0615 1.5716 0.5920
8.60 -0.500 -2.75 1.6621 0.0860 0.0040 1.8167 1.2359 0.4484
8.60 -0.375 -3.25 1.5039 0.0304 0.0000 0.4260 2.1856 0.6875
8.60 -0.375 -3.00 1.5968 0.0511 0.0017 0.9477 1.9507 0.5556
8.60 -0.375 -2.75 1.4913 0.0765 0.0034 1.6495 1.5515 0.4242
8.60 -0.250 -3.25 1.2519 0.0250 0.0000 0.3598 2.6204 0.6273
8.60 -0.250 -3.00 1.3521 0.0427 0.0012 0.8147 2.3672 0.5111
8.60 -0.250 -2.75 1.2900 0.0653 0.0026 1.4471 1.9080 0.3937
8.60 -0.125 -3.25 0.9983 0.0196 0.0000 0.2911 3.0649 0.5601
8.60 -0.125 -3.00 1.0905 0.0338 0.0000 0.6678 2.7933 0.4587
8.60 -0.125 -2.75 1.0634 0.0528 0.0018 1.2106 2.2834 0.3565
8.60 0.000 -3.25 0.7561 0.0146 0.0000 0.2238 3.4758 0.4868
8.60 0.000 -3.00 0.8310 0.0251 0.0000 0.5156 3.1886 0.3995
8.60 0.000 -2.75 0.8258 0.0397 0.0012 0.9494 2.6408 0.3128
8.70 -2.000 -3.50 1.3167 0.0114 0.0000 0.1209 0.0569 0.8630
8.70 -2.000 -3.25 1.8977 0.0262 0.0000 0.4115 0.0637 0.8118
8.70 -2.000 -3.00 2.1571 0.0478 0.0017 0.9685 0.0583 0.6690
8.70 -1.875 -3.50 1.3076 0.0113 0.0000 0.1202 0.0756 0.8600
8.70 -1.875 -3.25 1.8855 0.0261 0.0000 0.4091 0.0846 0.8092
8.70 -1.875 -3.00 2.1454 0.0475 0.0017 0.9639 0.0775 0.6672
8.70 -1.750 -3.50 1.2940 0.0112 0.0000 0.1190 0.1002 0.8555
8.70 -1.750 -3.25 1.8694 0.0258 0.0000 0.4060 0.1123 0.8058
8.70 -1.750 -3.00 2.1302 0.0471 0.0017 0.9579 0.1029 0.6648
8.70 -1.625 -3.50 1.2790 0.0111 0.0000 0.1177 0.1327 0.8505
8.70 -1.625 -3.25 1.8481 0.0255 0.0000 0.4018 0.1488 0.8012
8.70 -1.625 -3.00 2.1096 0.0466 0.0016 0.9499 0.1365 0.6616
8.70 -1.500 -3.50 1.2588 0.0109 0.0000 0.1160 0.1753 0.8438
8.70 -1.500 -3.25 1.8200 0.0251 0.0000 0.3963 0.1966 0.7951
8.70 -1.500 -3.00 2.0829 0.0460 0.0016 0.9393 0.1807 0.6574
8.70 -1.375 -3.50 1.2324 0.0106 0.0000 0.1137 0.2309 0.8347
8.70 -1.375 -3.25 1.7837 0.0246 0.0000 0.3892 0.2592 0.7871
8.70 -1.375 -3.00 2.0474 0.0452 0.0016 0.9257 0.2386 0.6518
8.70 -1.250 -3.50 1.1985 0.0103 0.0000 0.1107 0.3029 0.8231
8.70 -1.250 -3.25 1.7366 0.0239 0.0000 0.3799 0.3404 0.7768
8.70 -1.250 -3.00 2.0019 0.0441 0.0015 0.9074 0.3142 0.6444
8.70 -1.125 -3.50 1.1560 0.0099 0.0000 0.1069 0.3954 0.8084
8.70 -1.125 -3.25 1.6761 0.0230 0.0000 0.3679 0.4447 0.7631
8.70 -1.125 -3.00 1.9417 0.0427 0.0014 0.8837 0.4119 0.6347
8.70 -1.000 -3.50 1.1025 0.0095 0.0000 0.1022 0.5129 0.7892
8.70 -1.000 -3.25 1.5995 0.0219 0.0000 0.3526 0.5773 0.7456
8.70 -1.000 -3.00 1.8650 0.0409 0.0013 0.8530 0.5370 0.6220
8.70 -0.875 -3.50 1.0351 0.0089 0.0000 0.0963 0.6590 0.7644
8.70 -0.875 -3.25 1.5047 0.0205 0.0000 0.3336 0.7433 0.7232
8.70 -0.875 -3.00 1.7687 0.0386 0.0012 0.8142 0.6951 0.6057
8.70 -0.750 -3.50 0.9558 0.0081 0.0000 0.0892 0.8385 0.7341
8.70 -0.750 -3.25 1.3896 0.0188 0.0000 0.3102 0.9468 0.6950
8.70 -0.750 -3.00 1.6476 0.0358 0.0011 0.7645 0.8906 0.5846
8.70 -0.625 -3.50 0.8624 0.0073 0.0000 0.0809 1.0523 0.6965
8.70 -0.625 -3.25 1.2529 0.0169 0.0000 0.2820 1.1893 0.6598
8.70 -0.625 -3.00 1.4993 0.0324 0.0000 0.7032 1.1264 0.5577
8.70 -0.500 -3.50 0.7595 0.0064 0.0000 0.0718 1.3020 0.6526
8.70 -0.500 -3.25 1.0960 0.0146 0.0000 0.2490 1.4678 0.6169
8.70 -0.500 -3.00 1.3271 0.0284 0.0000 0.6296 1.4022 0.5246
8.70 -0.375 -3.50 0.6480 0.0054 0.0000 0.0618 1.5801 0.6012
8.70 -0.375 -3.25 0.9261 0.0122 0.0000 0.2130 1.7755 0.5667
8.70 -0.375 -3.00 1.1308 0.0238 0.0000 0.5438 1.7081 0.4840
8.70 -0.250 -3.50 0.5344 0.0044 0.0000 0.0514 1.8782 0.5436
8.70 -0.250 -3.25 0.7506 0.0097 0.0000 0.1746 2.0950 0.5093
8.70 -0.250 -3.00 0.9199 0.0190 0.0000 0.4483 2.0264 0.4361
8.70 -0.125 -3.50 0.4244 0.0034 0.0000 0.0413 2.1808 0.4813
8.70 -0.125 -3.25 0.5815 0.0073 0.0000 0.1366 2.4052 0.4468
8.70 -0.125 -3.00 0.7087 0.0142 0.0000 0.3486 2.3288 0.3820
8.70 0.000 -3.50 0.3234 0.0026 0.0000 0.0318 2.4662 0.4160
8.70 0.000 -3.25 0.4292 0.0052 0.0000 0.1014 2.6792 0.3816
8.70 0.000 -3.00 0.5134 0.0098 0.0000 0.2523 2.5782 0.3237
8.80 -2.000 -3.50 0.6489 0.0036 0.0000 0.0483 0.0405 0.6428
8.80 -2.000 -3.25 1.1492 0.0105 0.0000 0.2091 0.0512 0.6711
8.80 -2.000 -3.00 1.5992 0.0235 0.0000 0.5932 0.0522 0.6053
8.80 -1.875 -3.50 0.6447 0.0036 0.0000 0.0480 0.0538 0.6407
8.80 -1.875 -3.25 1.1402 0.0104 0.0000 0.2076 0.0679 0.6685
8.80 -1.875 -3.00 1.5878 0.0234 0.0000 0.5894 0.0694 0.6031
8.80 -1.750 -3.50 0.6384 0.0036 0.0000 0.0475 0.0713 0.6373
8.80 -1.750 -3.25 1.1283 0.0103 0.0000 0.2055 0.0901 0.6650
8.80 -1.750 -3.00 1.5725 0.0231 0.0000 0.5845 0.0920 0.6002
8.80 -1.625 -3.50 0.6307 0.0035 0.0000 0.0469 0.0944 0.6333
8.80 -1.625 -3.25 1.1138 0.0102 0.0000 0.2032 0.1192 0.6606
8.80 -1.625 -3.00 1.5527 0.0228 0.0000 0.5780 0.1218 0.5965
8.80 -1.500 -3.50 0.6200 0.0035 0.0000 0.0462 0.1246 0.6277
8.80 -1.500 -3.25 1.0930 0.0100 0.0000 0.1995 0.1572 0.6543
8.80 -1.500 -3.00 1.5272 0.0224 0.0000 0.5697 0.1610 0.5915
8.80 -1.375 -3.50 0.6068 0.0034 0.0000 0.0452 0.1640 0.6208
8.80 -1.375 -3.25 1.0668 0.0097 0.0000 0.1951 0.2068 0.6464
8.80 -1.375 -3.00 1.4936 0.0219 0.0000 0.5586 0.2120 0.5849
8.80 -1.250 -3.50 0.5906 0.0033 0.0000 0.0440 0.2152 0.6120
8.80 -1.250 -3.25 1.0335 0.0094 0.0000 0.1893 0.2707 0.6362
8.80 -1.250 -3.00 1.4501 0.0212 0.0000 0.5443 0.2781 0.5764
8.80 -1.125 -3.50 0.5689 0.0032 0.0000 0.0425 0.2807 0.6001
8.80 -1.125 -3.25 0.9916 0.0090 0.0000 0.1821 0.3525 0.6229
8.80 -1.125 -3.00 1.3944 0.0203 0.0000 0.5257 0.3627 0.5651
8.80 -1.000 -3.50 0.5421 0.0030 0.0000 0.0405 0.3637 0.5851
8.80 -1.000 -3.25 0.9380 0.0084 0.0000 0.1729 0.4552 0.6057
8.80 -1.000 -3.00 1.3226 0.0192 0.0000 0.5012 0.4695 0.5504
8.80 -0.875 -3.50 0.5092 0.0028 0.0000 0.0381 0.4671 0.5661
8.80 -0.875 -3.25 0.8734 0.0078 0.0000 0.1616 0.5824 0.5842
8.80 -0.875 -3.00 1.2355 0.0178 0.0000 0.4715 0.6026 0.5319
8.80 -0.750 -3.50 0.4706 0.0026 0.0000 0.0353 0.5941 0.5430
8.80 -0.750 -3.25 0.7967 0.0070 0.0000 0.1481 0.7363 0.5575
8.80 -0.750 -3.00 1.1293 0.0162 0.0000 0.4346 0.7640 0.5084
8.80 -0.625 -3.50 0.4253 0.0023 0.0000 0.0320 0.7453 0.5143
8.80 -0.625 -3.25 0.7085 0.0062 0.0000 0.1323 0.9170 0.5252
8.80 -0.625 -3.00 1.0044 0.0142 0.0000 0.3903 0.9535 0.4791
8.80 -0.500 -3.50 0.3750 0.0020 0.0000 0.0282 0.9208 0.4807
8.80 -0.500 -3.25 0.6109 0.0053 0.0000 0.1147 1.1213 0.4867
8.80 -0.500 -3.00 0.8620 0.0120 0.0000 0.3379 1.1662 0.4435
8.80 -0.375 -3.50 0.3209 0.0017 0.0000 0.0242 1.1161 0.4415
8.80 -0.375 -3.25 0.5084 0.0043 0.0000 0.0957 1.3421 0.4426
8.80 -0.375 -3.00 0.7094 0.0096 0.0000 0.2801 1.3922 0.4017
8.80 -0.250 -3.50 0.2657 0.0014 0.0000 0.0201 1.3242 0.3977
8.80 -0.250 -3.25 0.4055 0.0033 0.0000 0.0763 1.5646 0.3931
8.80 -0.250 -3.00 0.5553 0.0073 0.0000 0.2195 1.6140 0.3544
8.80 -0.125 -3.50 0.2126 0.0011 0.0000 0.0161 1.5351 0.3506
8.80 -0.125 -3.25 0.3094 0.0024 0.0000 0.0575 1.7722 0.3400
8.80 -0.125 -3.00 0.4100 0.0051 0.0000 0.1590 1.8047 0.3026
8.80 0.000 -3.50 0.1637 0.0000 0.0000 0.0124 1.7298 0.3010
8.80 0.000 -3.25 0.2256 0.0017 0.0000 0.0410 1.9441 0.2858
8.80 0.000 -3.00 0.2851 0.0033 0.0000 0.1049 1.9384 0.2488
8.90 -2.000 -3.75 0.0821 0.0000 0.0000 0.0045 0.0117 0.1919
8.90 -2.000 -3.50 0.1790 0.0000 0.0000 0.0099 0.0196 0.3391
8.90 -2.000 -3.25 0.3798 0.0018 0.0000 0.0574 0.0287 0.4050
8.90 -1.875 -3.75 0.0817 0.0000 0.0000 0.0044 0.0156 0.1913
8.90 -1.875 -3.50 0.1779 0.0000 0.0000 0.0098 0.0260 0.3379
8.90 -1.875 -3.25 0.3769 0.0018 0.0000 0.0569 0.0381 0.4033
8.90 -1.750 -3.75 0.0811 0.0000 0.0000 0.0044 0.0207 0.1904
8.90 -1.750 -3.50 0.1766 0.0000 0.0000 0.0098 0.0345 0.3365
8.90 -1.750 -3.25 0.3729 0.0018 0.0000 0.0563 0.0505 0.4011
8.90 -1.625 -3.75 0.0804 0.0000 0.0000 0.0044 0.0274 0.1893
8.90 -1.625 -3.50 0.1751 0.0000 0.0000 0.0097 0.0458 0.3346
8.90 -1.625 -3.25 0.3675 0.0018 0.0000 0.0555 0.0668 0.3981
8.90 -1.500 -3.75 0.0795 0.0000 0.0000 0.0043 0.0362 0.1879
8.90 -1.500 -3.50 0.1728 0.0000 0.0000 0.0095 0.0606 0.3321
8.90 -1.500 -3.25 0.3608 0.0017 0.0000 0.0544 0.0881 0.3942
8.90 -1.375 -3.75 0.0846 0.0000 0.0000 0.0046 0.0505 0.1956
8.90 -1.375 -3.50 0.1699 0.0000 0.0000 0.0094 0.0799 0.3288
8.90 -1.375 -3.25 0.3519 0.0017 0.0000 0.0530 0.1158 0.3892
8.90 -1.250 -3.75 0.0828 0.0000 0.0000 0.0045 0.0663 0.1929
8.90 -1.250 -3.50 0.1660 0.0000 0.0000 0.0091 0.1049 0.3242
8.90 -1.250 -3.25 0.3407 0.0016 0.0000 0.0513 0.1515 0.3826
8.90 -1.125 -3.75 0.0806 0.0000 0.0000 0.0044 0.0867 0.1894
8.90 -1.125 -3.50 0.1613 0.0000 0.0000 0.0089 0.1372 0.3187
8.90 -1.125 -3.25 0.3266 0.0015 0.0000 0.0490 0.1969 0.3740
8.90 -1.000 -3.75 0.0777 0.0000 0.0000 0.0042 0.1128 0.1849
8.90 -1.000 -3.50 0.1553 0.0000 0.0000 0.0085 0.1785 0.3116
8.90 -1.000 -3.25 0.3092 0.0014 0.0000 0.0463 0.2541 0.3634
8.90 -0.875 -3.75 0.0792 0.0000 0.0000 0.0043 0.1521 0.1866
8.90 -0.875 -3.50 0.1479 0.0000 0.0000 0.0081 0.2304 0.3025
8.90 -0.875 -3.25 0.2881 0.0013 0.0000 0.0429 0.3247 0.3497
8.90 -0.750 -3.75 0.0746 0.0000 0.0000 0.0041 0.1945 0.1793
8.90 -0.750 -3.50 0.0942 0.0000 0.0000 0.0127 0.2115 0.1656
8.90 -0.750 -3.25 0.2631 0.0012 0.0000 0.0389 0.4098 0.3330
8.90 -0.625 -3.75 0.0692 0.0000 0.0000 0.0038 0.2456 0.1704
8.90 -0.625 -3.50 0.0945 0.0000 0.0000 0.0130 0.2821 0.1648
8.90 -0.625 -3.25 0.2347 0.0010 0.0000 0.0344 0.5093 0.3128
8.90 -0.500 -3.75 0.0629 0.0000 0.0000 0.0034 0.3058 0.1599
8.90 -0.500 -3.50 0.0907 0.0000 0.0000 0.0127 0.3672 0.1608
8.90 -0.500 -3.25 0.2034 0.0000 0.0000 0.0293 0.6209 0.2887
8.90 -0.375 -3.75 0.0606 0.0000 0.0000 0.0033 0.3959 0.1552
8.90 -0.375 -3.50 0.0794 0.0000 0.0000 0.0112 0.4451 0.1468
8.90 -0.375 -3.25 0.1705 0.0000 0.0000 0.0240 0.7397 0.2610
8.90 -0.250 -3.75 0.0528 0.0000 0.0000 0.0028 0.4743 0.1403
8.90 -0.250 -3.50 0.0769 0.0000 0.0000 0.0111 0.5804 0.1432
8.90 -0.250 -3.25 0.1381 0.0000 0.0000 0.0187 0.8580 0.2303
8.90 -0.125 -3.75 0.0375 0.0000 0.0000 0.0020 0.4426 0.0974
8.90 -0.125 -3.50 0.0631 0.0000 0.0000 0.0090 0.6671 0.1243
8.90 -0.125 -3.25 0.0847 0.0000 0.0000 0.0297 0.6898 0.1121
8.90 0.000 -3.75 0.0305 0.0000 0.0000 0.0016 0.4974 0.0829
8.90 0.000 -3.50 0.0511 0.0000 0.0000 0.0073 0.7520 0.1058
8.90 0.000 -3.25 0.0676 0.0000 0.0000 0.0241 0.7764 0.0952
9.00 -2.000 -3.75 0.0195 0.0000 0.0000 0.0000 0.0034 0.0606
9.00 -2.000 -3.50 0.0347 0.0000 0.0000 0.0029 0.0055 0.0823
9.00 -2.000 -3.25 0.1068 0.0000 0.0000 0.0221 0.0123 0.1529
9.00 -1.875 -3.75 0.0194 0.0000 0.0000 0.0000 0.0045 0.0604
9.00 -1.875 -3.50 0.0346 0.0000 0.0000 0.0029 0.0074 0.0819
9.00 -1.875 -3.25 0.1059 0.0000 0.0000 0.0219 0.0163 0.1521
9.00 -1.750 -3.75 0.0194 0.0000 0.0000 0.0000 0.0059 0.0602
9.00 -1.750 -3.50 0.0343 0.0000 0.0000 0.0028 0.0098 0.0815
9.00 -1.750 -3.25 0.1044 0.0000 0.0000 0.0216 0.0215 0.1508
9.00 -1.625 -3.75 0.0193 0.0000 0.0000 0.0000 0.0079 0.0599
9.00 -1.625 -3.50 0.0340 0.0000 0.0000 0.0028 0.0129 0.0809
9.00 -1.625 -3.25 0.1025 0.0000 0.0000 0.0212 0.0284 0.1490
9.00 -1.500 -3.75 0.0192 0.0000 0.0000 0.0000 0.0104 0.0595
9.00 -1.500 -3.50 0.0336 0.0000 0.0000 0.0028 0.0170 0.0802
9.00 -1.500 -3.25 0.0999 0.0000 0.0000 0.0207 0.0372 0.1467
9.00 -1.375 -3.75 0.0190 0.0000 0.0000 0.0000 0.0138 0.0590
9.00 -1.375 -3.50 0.0331 0.0000 0.0000 0.0027 0.0224 0.0792
9.00 -1.375 -3.25 0.1040 0.0000 0.0000 0.0216 0.0508 0.1499
9.00 -1.250 -3.75 0.0188 0.0000 0.0000 0.0000 0.0181 0.0583
9.00 -1.250 -3.50 0.0324 0.0000 0.0000 0.0027 0.0294 0.0779
9.00 -1.250 -3.25 0.0997 0.0000 0.0000 0.0208 0.0659 0.1460
9.00 -1.125 -3.75 0.0186 0.0000 0.0000 0.0000 0.0238 0.0573
9.00 -1.125 -3.50 0.0315 0.0000 0.0000 0.0026 0.0383 0.0762
9.00 -1.125 -3.25 0.0945 0.0000 0.0000 0.0197 0.0847 0.1411
9.00 -1.000 -3.75 0.0183 0.0000 0.0000 0.0000 0.0310 0.0561
9.00 -1.000 -3.50 0.0304 0.0000 0.0000 0.0025 0.0496 0.0741
9.00 -1.000 -3.25 0.0935 0.0000 0.0000 0.0196 0.1119 0.1397
9.00 -0.875 -3.75 0.0179 0.0000 0.0000 0.0000 0.0402 0.0546
9.00 -0.875 -3.50 0.0291 0.0000 0.0000 0.0023 0.0635 0.0714
9.00 -0.875 -3.25 0.0855 0.0000 0.0000 0.0179 0.1404 0.1319
9.00 -0.750 -3.75 0.0174 0.0000 0.0000 0.0000 0.0516 0.0527
9.00 -0.750 -3.50 0.0275 0.0000 0.0000 0.0022 0.0804 0.0679
9.00 -0.750 -3.25 0.0759 0.0000 0.0000 0.0158 0.1725 0.1222
9.00 -0.625 -3.75 0.0168 0.0000 0.0000 0.0000 0.0654 0.0502
9.00 -0.625 -3.50 0.0256 0.0000 0.0000 0.0020 0.1002 0.0637
9.00 -0.625 -3.25 0.0707 0.0000 0.0000 0.0148 0.2174 0.1156
9.00 -0.500 -3.75 0.0160 0.0000 0.0000 0.0000 0.0813 0.0469
9.00 -0.500 -3.50 0.0234 0.0000 0.0000 0.0018 0.1225 0.0587
9.00 -0.500 -3.25 0.0594 0.0000 0.0000 0.0123 0.2547 0.1024
9.00 -0.375 -3.75 0.0152 0.0000 0.0000 0.0000 0.0993 0.0432
9.00 -0.375 -3.50 0.0210 0.0000 0.0000 0.0015 0.1459 0.0527
9.00 -0.375 -3.25 0.0405 0.0000 0.0000 0.0085 0.2288 0.0688
9.00 -0.250 -3.75 0.0143 0.0000 0.0000 0.0000 0.1181 0.0387
9.00 -0.250 -3.50 0.0186 0.0000 0.0000 0.0012 0.1683 0.0460
9.00 -0.250 -3.25 0.0312 0.0000 0.0000 0.0063 0.2472 0.0564
9.00 -0.125 -3.75 0.0133 0.0000 0.0000 0.0000 0.1358 0.0336
9.00 -0.125 -3.50 0.0163 0.0000 0.0000 0.0000 0.1860 0.0385
9.00 -0.125 -3.25 0.0233 0.0000 0.0000 0.0043 0.2519 0.0438
9.00 0.000 -3.75 0.0124 0.0000 0.0000 0.0000 0.1491 0.0279
9.00 0.000 -3.50 0.0142 0.0000 0.0000 0.0000 0.1963 0.0308
9.00 0.000 -3.25 0.0173 0.0000 0.0000 0.0026 0.2373 0.0315
9.10 -2.000 -3.75 0.0111 0.0000 0.0000 0.0000 0.0000 0.0126
9.10 -2.000 -3.50 0.0119 0.0000 0.0000 0.0000 0.0011 0.0186
9.10 -2.000 -3.25 0.0173 0.0000 0.0000 0.0015 0.0026 0.0358
9.10 -1.875 -3.75 0.0111 0.0000 0.0000 0.0000 0.0000 0.0126
9.10 -1.875 -3.50 0.0119 0.0000 0.0000 0.0000 0.0014 0.0186
9.10 -1.875 -3.25 0.0172 0.0000 0.0000 0.0015 0.0034 0.0356
9.10 -1.750 -3.75 0.0111 0.0000 0.0000 0.0000 0.0011 0.0125
9.10 -1.750 -3.50 0.0118 0.0000 0.0000 0.0000 0.0019 0.0185
9.10 -1.750 -3.25 0.0171 0.0000 0.0000 0.0015 0.0045 0.0353
9.10 -1.625 -3.75 0.0111 0.0000 0.0000 0.0000 0.0015 0.0125
9.10 -1.625 -3.50 0.0118 0.0000 0.0000 0.0000 0.0025 0.0183
9.10 -1.625 -3.25 0.0170 0.0000 0.0000 0.0015 0.0059 0.0349
9.10 -1.500 -3.75 0.0111 0.0000 0.0000 0.0000 0.0019 0.0124
9.10 -1.500 -3.50 0.0118 0.0000 0.0000 0.0000 0.0034 0.0182
9.10 -1.500 -3.25 0.0168 0.0000 0.0000 0.0014 0.0078 0.0344
9.10 -1.375 -3.75 0.0110 0.0000 0.0000 0.0000 0.0025 0.0122
9.10 -1.375 -3.50 0.0118 0.0000 0.0000 0.0000 0.0044 0.0179
9.10 -1.375 -3.25 0.0166 0.0000 0.0000 0.0014 0.0102 0.0338
9.10 -1.250 -3.75 0.0110 0.0000 0.0000 0.0000 0.0033 0.0121
9.10 -1.250 -3.50 0.0117 0.0000 0.0000 0.0000 0.0058 0.0176
9.10 -1.250 -3.25 0.0163 0.0000 0.0000 0.0013 0.0132 0.0329
9.10 -1.125 -3.75 0.0110 0.0000 0.0000 0.0000 0.0044 0.0118
9.10 -1.125 -3.50 0.0117 0.0000 0.0000 0.0000 0.0075 0.0172
9.10 -1.125 -3.25 0.0160 0.0000 0.0000 0.0013 0.0170 0.0318
9.10 -1.000 -3.75 0.0110 0.0000 0.0000 0.0000 0.0057 0.0115
9.10 -1.000 -3.50 0.0116 0.0000 0.0000 0.0000 0.0097 0.0167
9.10 -1.000 -3.25 0.0155 0.0000 0.0000 0.0012 0.0217 0.0305
9.10 -0.875 -3.75 0.0110 0.0000 0.0000 0.0000 0.0073 0.0111
9.10 -0.875 -3.50 0.0116 0.0000 0.0000 0.0000 0.0125 0.0161
9.10 -0.875 -3.25 0.0150 0.0000 0.0000 0.0011 0.0272 0.0287
9.10 -0.750 -3.75 0.0109 0.0000 0.0000 0.0000 0.0093 0.0106
9.10 -0.750 -3.50 0.0115 0.0000 0.0000 0.0000 0.0157 0.0152
9.10 -0.750 -3.25 0.0144 0.0000 0.0000 0.0000 0.0334 0.0266
9.10 -0.625 -3.75 0.0109 0.0000 0.0000 0.0000 0.0116 0.0100
9.10 -0.625 -3.50 0.0113 0.0000 0.0000 0.0000 0.0194 0.0142
9.10 -0.625 -3.25 0.0138 0.0000 0.0000 0.0000 0.0400 0.0240
9.10 -0.500 -3.75 0.0109 0.0000 0.0000 0.0000 0.0142 0.0092
9.10 -0.500 -3.50 0.0112 0.0000 0.0000 0.0000 0.0234 0.0129
9.10 -0.500 -3.25 0.0130 0.0000 0.0000 0.0000 0.0463 0.0210
9.10 -0.375 -3.75 0.0108 0.0000 0.0000 0.0000 0.0169 0.0083
9.10 -0.375 -3.50 0.0111 0.0000 0.0000 0.0000 0.0274 0.0113
9.10 -0.375 -3.25 0.0123 0.0000 0.0000 0.0000 0.0512 0.0175
9.10 -0.250 -3.75 0.0107 0.0000 0.0000 0.0000 0.0194 0.0071
9.10 -0.250 -3.50 0.0109 0.0000 0.0000 0.0000 0.0306 0.0096
9.10 -0.250 -3.25 0.0117 0.0000 0.0000 0.0000 0.0535 0.0139
9.10 -0.125 -3.75 0.0107 0.0000 0.0000 0.0000 0.0210 0.0058
9.10 -0.125 -3.50 0.0108 0.0000 0.0000 0.0000 0.0322 0.0076
9.10 -0.125 -3.25 0.0111 0.0000 0.0000 0.0000 0.0509 0.0100
9.10 0.000 -3.75 0.0106 0.0000 0.0000 0.0000 0.0212 0.0044
9.10 0.000 -3.50 0.0106 0.0000 0.0000 0.0000 0.0312 0.0056
9.10 0.000 -3.25 0.0107 0.0000 0.0000 0.0000 0.0436 0.0065
