#Cloudy 17.00 models results grids
# O/H: 7.1 - 8.9, log U: -4.0 - -1.5, T*: 30 - 140 kK
# SED: WM-Basic (Pauldrach et al 2001 (30-60 kK), Rauch (80-120 kK)) 
#spherical geometry
#
12+log(O/H) Teff log(Usp) OII_3727 OIII_5007 SII_6717,31 SIII_9069 HeI_4471 HeI_5876 HeI_6678 HeII_4686 ArIV_4740 ArIII_7135 NII_6584	CIV_1549	CIII_1909
7.1 30000 -3.99 0.2724 0.0000 0.1050 0.0000 0.0000 0.0025 0.0000 0.0000 0.0000 0.0000 0.0145 0.0000 0.0000
7.1 30000 -3.75 0.3289 0.0000 0.1085 0.0012 0.0011 0.0027 0.0000 0.0000 0.0000 0.0000 0.0161 0.0000 0.0000
7.1 30000 -3.52 0.3714 0.0000 0.1008 0.0027 0.0011 0.0030 0.0000 0.0000 0.0000 0.0000 0.0169 0.0000 0.0000
7.1 30000 -3.28 0.4297 0.0000 0.0947 0.0047 0.0012 0.0031 0.0000 0.0000 0.0000 0.0000 0.0183 0.0000 0.0000
7.1 30000 -3.04 0.4708 0.0000 0.0807 0.0074 0.0013 0.0033 0.0000 0.0000 0.0000 0.0000 0.0191 0.0000 0.0012
7.1 30000 -2.80 0.4870 0.0000 0.0624 0.0102 0.0014 0.0037 0.0011 0.0000 0.0000 0.0000 0.0192 0.0000 0.0038
7.1 30000 -2.55 0.4832 0.0017 0.0464 0.0121 0.0017 0.0045 0.0013 0.0000 0.0000 0.0000 0.0186 0.0000 0.0066
7.1 30000 -2.30 0.4712 0.0051 0.0340 0.0133 0.0022 0.0057 0.0016 0.0000 0.0000 0.0000 0.0175 0.0000 0.0105
7.1 30000 -2.04 0.4572 0.0121 0.0249 0.0139 0.0027 0.0071 0.0020 0.0000 0.0000 0.0013 0.0161 0.0000 0.0159
7.1 30000 -1.79 0.4423 0.0221 0.0184 0.0143 0.0034 0.0088 0.0025 0.0000 0.0000 0.0016 0.0148 0.0000 0.0219
7.1 30000 -1.54 0.4252 0.0353 0.0136 0.0144 0.0041 0.0106 0.0030 0.0000 0.0000 0.0020 0.0133 0.0000 0.0291
7.1 32500 -3.99 0.3652 0.0000 0.1331 0.0016 0.0026 0.0068 0.0019 0.0000 0.0000 0.0000 0.0188 0.0000 0.0000
7.1 32500 -3.75 0.4433 0.0000 0.1349 0.0028 0.0029 0.0075 0.0021 0.0000 0.0000 0.0000 0.0210 0.0000 0.0000
7.1 32500 -3.52 0.5489 0.0000 0.1308 0.0058 0.0040 0.0103 0.0029 0.0000 0.0000 0.0013 0.0239 0.0000 0.0013
7.1 32500 -3.28 0.6625 0.0000 0.1194 0.0097 0.0042 0.0107 0.0030 0.0000 0.0000 0.0016 0.0265 0.0000 0.0051
7.1 32500 -3.06 0.7769 0.0024 0.1006 0.0145 0.0044 0.0114 0.0032 0.0000 0.0000 0.0020 0.0287 0.0000 0.0123
7.1 32500 -2.80 0.8701 0.0100 0.0761 0.0197 0.0049 0.0127 0.0036 0.0000 0.0000 0.0026 0.0294 0.0000 0.0275
7.1 32500 -2.56 0.9073 0.0285 0.0571 0.0232 0.0057 0.0148 0.0042 0.0000 0.0000 0.0033 0.0284 0.0000 0.0449
7.1 32500 -2.30 0.9109 0.0613 0.0427 0.0256 0.0068 0.0177 0.0050 0.0000 0.0000 0.0041 0.0266 0.0000 0.0649
7.1 32500 -2.05 0.8942 0.1070 0.0320 0.0274 0.0081 0.0211 0.0060 0.0000 0.0000 0.0052 0.0243 0.0000 0.0890
7.1 32500 -1.80 0.8631 0.1626 0.0244 0.0287 0.0096 0.0248 0.0070 0.0000 0.0000 0.0063 0.0216 0.0000 0.1165
7.1 32500 -1.55 0.8152 0.2331 0.0185 0.0297 0.0111 0.0288 0.0081 0.0000 0.0000 0.0076 0.0183 0.0014 0.1502
7.1 35000 -4.00 0.4371 0.0000 0.1463 0.0032 0.0062 0.0159 0.0045 0.0000 0.0000 0.0016 0.0219 0.0000 0.0000
7.1 35000 -3.75 0.5310 0.0000 0.1424 0.0054 0.0069 0.0179 0.0051 0.0000 0.0000 0.0021 0.0244 0.0000 0.0014
7.1 35000 -3.52 0.6687 0.0022 0.1318 0.0100 0.0109 0.0280 0.0079 0.0000 0.0000 0.0039 0.0277 0.0000 0.0093
7.1 35000 -3.27 0.8167 0.0086 0.1131 0.0156 0.0115 0.0294 0.0083 0.0000 0.0000 0.0050 0.0300 0.0000 0.0232
7.1 35000 -3.04 0.9374 0.0187 0.0935 0.0203 0.0081 0.0210 0.0060 0.0000 0.0000 0.0042 0.0317 0.0000 0.0344
7.1 35000 -2.80 1.0727 0.1022 0.0681 0.0283 0.0131 0.0335 0.0094 0.0000 0.0000 0.0081 0.0284 0.0000 0.1088
7.1 35000 -2.56 1.0783 0.2188 0.0511 0.0331 0.0145 0.0373 0.0104 0.0000 0.0000 0.0100 0.0251 0.0000 0.1715
7.1 35000 -2.30 1.0259 0.3588 0.0381 0.0368 0.0163 0.0419 0.0117 0.0000 0.0000 0.0119 0.0213 0.0000 0.2376
7.1 35000 -2.05 0.9409 0.5111 0.0288 0.0396 0.0180 0.0464 0.0129 0.0000 0.0000 0.0138 0.0173 0.0000 0.3069
7.1 35000 -1.80 0.8389 0.6686 0.0221 0.0416 0.0192 0.0497 0.0138 0.0000 0.0000 0.0154 0.0136 0.0014 0.3777
7.1 35000 -1.55 0.7284 0.8317 0.0172 0.0432 0.0198 0.0514 0.0143 0.0000 0.0000 0.0165 0.0105 0.0044 0.4532
7.1 37500 -4.00 0.4749 0.0011 0.1440 0.0052 0.0141 0.0362 0.0102 0.0000 0.0000 0.0040 0.0233 0.0000 0.0040
7.1 37500 -3.75 0.5768 0.0038 0.1326 0.0085 0.0157 0.0402 0.0114 0.0000 0.0000 0.0053 0.0256 0.0000 0.0095
7.1 37500 -3.52 0.7066 0.0114 0.1164 0.0137 0.0179 0.0457 0.0129 0.0000 0.0000 0.0071 0.0277 0.0000 0.0237
7.1 37500 -3.27 0.8384 0.0430 0.0932 0.0200 0.0188 0.0482 0.0135 0.0000 0.0000 0.0090 0.0274 0.0000 0.0534
7.1 37500 -3.04 0.9217 0.1405 0.0701 0.0267 0.0195 0.0500 0.0140 0.0000 0.0000 0.0110 0.0240 0.0000 0.1093
7.1 37500 -2.80 0.8947 0.3277 0.0513 0.0327 0.0201 0.0515 0.0144 0.0000 0.0000 0.0130 0.0194 0.0000 0.1908
7.1 37500 -2.55 0.7997 0.5434 0.0376 0.0373 0.0204 0.0525 0.0147 0.0000 0.0000 0.0147 0.0152 0.0000 0.2800
7.1 37500 -2.30 0.6904 0.7465 0.0284 0.0405 0.0206 0.0530 0.0148 0.0000 0.0000 0.0160 0.0118 0.0000 0.3668
7.1 37500 -2.05 0.5830 0.9349 0.0220 0.0426 0.0206 0.0532 0.0148 0.0000 0.0000 0.0169 0.0092 0.0025 0.4536
7.1 37500 -1.80 0.4834 1.1135 0.0175 0.0440 0.0206 0.0532 0.0148 0.0000 0.0000 0.0177 0.0071 0.0070 0.5468
7.1 37500 -1.55 0.3997 1.2775 0.0144 0.0447 0.0205 0.0531 0.0148 0.0000 0.0000 0.0182 0.0057 0.0155 0.6474
7.1 40000 -4.00 0.5228 0.0067 0.1431 0.0086 0.0210 0.0539 0.0152 0.0000 0.0000 0.0071 0.0251 0.0000 0.0128
7.1 40000 -3.75 0.6221 0.0243 0.1222 0.0130 0.0213 0.0546 0.0154 0.0000 0.0000 0.0085 0.0264 0.0000 0.0272
7.1 40000 -3.51 0.7299 0.0501 0.0987 0.0184 0.0212 0.0542 0.0153 0.0000 0.0000 0.0097 0.0262 0.0000 0.0497
7.1 40000 -3.27 0.7793 0.1619 0.0743 0.0248 0.0213 0.0544 0.0153 0.0000 0.0000 0.0115 0.0223 0.0000 0.0966
7.1 40000 -3.03 0.7079 0.4015 0.0532 0.0313 0.0212 0.0544 0.0152 0.0000 0.0000 0.0134 0.0166 0.0000 0.1763
7.1 40000 -2.79 0.5816 0.6825 0.0389 0.0365 0.0212 0.0543 0.0152 0.0000 0.0000 0.0151 0.0122 0.0000 0.2837
7.1 40000 -2.54 0.4670 0.9408 0.0293 0.0400 0.0210 0.0541 0.0151 0.0000 0.0000 0.0164 0.0092 0.0015 0.4072
7.1 40000 -2.29 0.3773 1.1564 0.0231 0.0418 0.0209 0.0539 0.0150 0.0000 0.0000 0.0173 0.0071 0.0046 0.5311
7.1 40000 -2.04 0.3081 1.3415 0.0191 0.0425 0.0208 0.0536 0.0149 0.0000 0.0000 0.0179 0.0057 0.0109 0.6571
7.1 40000 -1.78 0.2508 1.5198 0.0161 0.0423 0.0206 0.0532 0.0148 0.0000 0.0011 0.0182 0.0046 0.0223 0.8011
7.1 40000 -1.53 0.2077 1.6796 0.0140 0.0414 0.0203 0.0528 0.0146 0.0000 0.0016 0.0182 0.0038 0.0403 0.9524
7.1 45000 -4.00 0.5445 0.0103 0.1438 0.0100 0.0224 0.0572 0.0162 0.0000 0.0000 0.0078 0.0261 0.0000 0.0163
7.1 45000 -3.75 0.6408 0.0367 0.1201 0.0148 0.0223 0.0570 0.0161 0.0000 0.0000 0.0092 0.0271 0.0000 0.0339
7.1 45000 -3.51 0.7433 0.0761 0.0919 0.0206 0.0219 0.0560 0.0158 0.0000 0.0000 0.0106 0.0260 0.0000 0.0628
7.1 45000 -3.26 0.7507 0.2345 0.0678 0.0271 0.0217 0.0556 0.0157 0.0000 0.0000 0.0123 0.0210 0.0000 0.1191
7.1 45000 -3.02 0.6385 0.5119 0.0487 0.0331 0.0216 0.0552 0.0155 0.0000 0.0000 0.0140 0.0153 0.0000 0.2091
7.1 45000 -2.78 0.5035 0.8174 0.0357 0.0379 0.0214 0.0548 0.0153 0.0000 0.0000 0.0155 0.0111 0.0022 0.3377
7.1 45000 -2.54 0.4017 1.0776 0.0278 0.0406 0.0212 0.0545 0.0152 0.0000 0.0000 0.0164 0.0085 0.0073 0.4814
7.1 45000 -2.29 0.3236 1.2994 0.0226 0.0417 0.0210 0.0542 0.0151 0.0000 0.0011 0.0167 0.0067 0.0178 0.6282
7.1 45000 -2.03 0.2622 1.4966 0.0189 0.0416 0.0208 0.0538 0.0150 0.0000 0.0018 0.0166 0.0054 0.0376 0.7792
7.1 45000 -1.78 0.2151 1.6742 0.0165 0.0407 0.0206 0.0533 0.0148 0.0000 0.0027 0.0162 0.0044 0.0695 0.9343
7.1 45000 -1.53 0.1788 1.8341 0.0147 0.0391 0.0204 0.0528 0.0147 0.0000 0.0036 0.0156 0.0037 0.1125 1.0905
7.1 50000 -4.00 0.5479 0.0156 0.1492 0.0105 0.0233 0.0597 0.0169 0.0000 0.0000 0.0084 0.0265 0.0000 0.0191
7.1 50000 -3.75 0.6319 0.0549 0.1235 0.0153 0.0229 0.0586 0.0165 0.0000 0.0000 0.0097 0.0269 0.0000 0.0386
7.1 50000 -3.51 0.7045 0.1270 0.0932 0.0213 0.0223 0.0569 0.0161 0.0000 0.0000 0.0111 0.0248 0.0000 0.0713
7.1 50000 -3.27 0.6491 0.3362 0.0689 0.0275 0.0219 0.0561 0.0158 0.0000 0.0000 0.0126 0.0193 0.0000 0.1310
7.1 50000 -3.02 0.5073 0.6421 0.0495 0.0332 0.0216 0.0554 0.0155 0.0000 0.0000 0.0142 0.0136 0.0048 0.2281
7.1 50000 -2.78 0.3836 0.9453 0.0367 0.0370 0.0213 0.0547 0.0153 0.0000 0.0000 0.0153 0.0099 0.0200 0.3627
7.1 50000 -2.54 0.3013 1.1940 0.0291 0.0385 0.0211 0.0542 0.0152 0.0011 0.0012 0.0156 0.0076 0.0591 0.5021
7.1 50000 -2.28 0.2403 1.4082 0.0240 0.0383 0.0209 0.0537 0.0150 0.0015 0.0020 0.0154 0.0060 0.1343 0.6318
7.1 50000 -2.07 0.2017 1.5628 0.0210 0.0374 0.0206 0.0532 0.0148 0.0019 0.0028 0.0149 0.0051 0.2199 0.7268
7.1 50000 -1.82 0.1654 1.7305 0.0183 0.0355 0.0203 0.0526 0.0146 0.0027 0.0038 0.0142 0.0042 0.3365 0.8303
7.1 50000 -1.52 0.1341 1.9021 0.0161 0.0329 0.0200 0.0517 0.0144 0.0041 0.0051 0.0131 0.0035 0.4724 0.9319
7.1 55000 -4.00 0.5625 0.0122 0.1419 0.0117 0.0237 0.0608 0.0172 0.0000 0.0000 0.0090 0.0269 0.0000 0.0217
7.1 55000 -3.75 0.6580 0.0431 0.1158 0.0166 0.0231 0.0593 0.0168 0.0000 0.0000 0.0102 0.0270 0.0000 0.0429
7.1 55000 -3.51 0.7074 0.1393 0.0898 0.0222 0.0226 0.0579 0.0164 0.0000 0.0000 0.0115 0.0240 0.0000 0.0804
7.1 55000 -3.26 0.6369 0.3695 0.0656 0.0284 0.0221 0.0567 0.0160 0.0000 0.0000 0.0130 0.0179 0.0000 0.1469
7.1 55000 -3.02 0.4927 0.6806 0.0476 0.0338 0.0217 0.0558 0.0157 0.0000 0.0000 0.0146 0.0126 0.0033 0.2514
7.1 55000 -2.78 0.3742 0.9848 0.0359 0.0374 0.0214 0.0550 0.0154 0.0000 0.0000 0.0157 0.0092 0.0143 0.3991
7.1 55000 -2.54 0.2951 1.2415 0.0287 0.0386 0.0211 0.0545 0.0152 0.0000 0.0011 0.0161 0.0071 0.0445 0.5626
7.1 55000 -2.29 0.2372 1.4607 0.0240 0.0383 0.0209 0.0539 0.0151 0.0000 0.0019 0.0160 0.0056 0.1055 0.7202
7.1 55000 -2.09 0.2017 1.6133 0.0212 0.0375 0.0206 0.0535 0.0149 0.0000 0.0027 0.0157 0.0048 0.1758 0.8353
7.1 55000 -1.78 0.1594 1.8233 0.0182 0.0354 0.0203 0.0527 0.0147 0.0011 0.0039 0.0149 0.0038 0.3042 0.9990
7.1 55000 -1.53 0.1340 1.9724 0.0163 0.0332 0.0200 0.0521 0.0145 0.0016 0.0049 0.0140 0.0033 0.4065 1.1161
7.1 60000 -4.00 0.5594 0.0189 0.1562 0.0104 0.0239 0.0610 0.0173 0.0000 0.0000 0.0092 0.0270 0.0000 0.0229
7.1 60000 -3.75 0.6381 0.0648 0.1299 0.0151 0.0231 0.0590 0.0167 0.0000 0.0000 0.0103 0.0265 0.0000 0.0448
7.1 60000 -3.50 0.6473 0.1983 0.1019 0.0209 0.0224 0.0572 0.0161 0.0013 0.0000 0.0116 0.0227 0.0000 0.0850
7.1 60000 -3.27 0.5442 0.4469 0.0764 0.0269 0.0218 0.0557 0.0156 0.0014 0.0000 0.0130 0.0168 0.0010 0.1510
7.1 60000 -3.02 0.3993 0.7649 0.0551 0.0321 0.0213 0.0544 0.0152 0.0016 0.0000 0.0143 0.0116 0.0061 0.2632
7.1 60000 -2.78 0.3016 1.0462 0.0420 0.0346 0.0208 0.0534 0.0149 0.0017 0.0000 0.0147 0.0086 0.0251 0.4098
7.1 60000 -2.53 0.2361 1.2925 0.0334 0.0349 0.0205 0.0526 0.0147 0.0021 0.0020 0.0144 0.0067 0.0785 0.5734
7.1 60000 -2.28 0.1903 1.4967 0.0278 0.0338 0.0202 0.0518 0.0144 0.0026 0.0031 0.0137 0.0054 0.1772 0.7203
7.1 60000 -2.10 0.1638 1.6293 0.0248 0.0326 0.0199 0.0512 0.0142 0.0032 0.0039 0.0131 0.0047 0.2746 0.8170
7.1 60000 -1.78 0.1298 1.8252 0.0208 0.0300 0.0194 0.0501 0.0139 0.0047 0.0054 0.0120 0.0038 0.4594 0.9591
7.1 60000 -1.53 0.1097 1.9594 0.0185 0.0277 0.0191 0.0492 0.0136 0.0064 0.0065 0.0110 0.0032 0.6194 1.0523
7.1 80000 -4.00 0.5493 0.0285 0.1675 0.0111 0.0257 0.0656 0.0185 0.0016 0.0000 0.0097 0.0280 0.0000 0.0286
7.1 80000 -3.76 0.6056 0.0933 0.1369 0.0156 0.0242 0.0617 0.0174 0.0021 0.0000 0.0106 0.0272 0.0000 0.0529
7.1 80000 -3.51 0.5753 0.2572 0.1068 0.0209 0.0229 0.0585 0.0165 0.0026 0.0000 0.0117 0.0230 0.0000 0.0950
7.1 80000 -3.27 0.4562 0.5147 0.0802 0.0260 0.0219 0.0560 0.0157 0.0029 0.0000 0.0128 0.0171 0.0054 0.1616
7.1 80000 -3.03 0.3275 0.8150 0.0583 0.0292 0.0211 0.0541 0.0151 0.0031 0.0000 0.0134 0.0119 0.0314 0.2660
7.1 80000 -2.80 0.2472 1.0771 0.0446 0.0292 0.0205 0.0526 0.0147 0.0034 0.0017 0.0129 0.0089 0.1210 0.3798
7.1 80000 -2.56 0.1943 1.3068 0.0357 0.0277 0.0200 0.0515 0.0143 0.0040 0.0030 0.0120 0.0070 0.3117 0.4795
7.1 80000 -2.31 0.1575 1.4951 0.0295 0.0257 0.0196 0.0505 0.0140 0.0050 0.0043 0.0111 0.0057 0.5510 0.5474
7.1 80000 -2.07 0.1304 1.6536 0.0250 0.0235 0.0192 0.0495 0.0137 0.0064 0.0055 0.0101 0.0047 0.7826 0.5907
7.1 80000 -1.82 0.1095 1.7931 0.0215 0.0212 0.0188 0.0485 0.0133 0.0084 0.0066 0.0092 0.0040 1.0048 0.6160
7.1 80000 -1.58 0.0939 1.9119 0.0187 0.0191 0.0184 0.0474 0.0130 0.0110 0.0077 0.0083 0.0034 1.2175 0.6249
7.1 100000 -4.00 0.5363 0.0342 0.1811 0.0111 0.0251 0.0640 0.0181 0.0392 0.0000 0.0099 0.0286 0.0000 0.0305
7.1 100000 -3.76 0.5792 0.1107 0.1463 0.0153 0.0224 0.0571 0.0161 0.0510 0.0000 0.0107 0.0275 0.0000 0.0556
7.1 100000 -3.52 0.5274 0.2919 0.1127 0.0203 0.0201 0.0512 0.0144 0.0632 0.0000 0.0116 0.0229 0.0020 0.0996
7.1 100000 -3.28 0.4073 0.5356 0.0836 0.0248 0.0184 0.0470 0.0132 0.0715 0.0000 0.0124 0.0168 0.0119 0.1688
7.1 100000 -3.04 0.2968 0.7550 0.0602 0.0266 0.0172 0.0440 0.0123 0.0763 0.0012 0.0121 0.0119 0.0666 0.2676
7.1 100000 -2.81 0.2283 0.8750 0.0460 0.0257 0.0163 0.0416 0.0116 0.0814 0.0024 0.0111 0.0090 0.2165 0.3516
7.1 100000 -2.57 0.1811 0.9451 0.0365 0.0239 0.0153 0.0392 0.0109 0.0896 0.0033 0.0102 0.0071 0.4188 0.3989
7.1 100000 -2.33 0.1473 0.9813 0.0299 0.0219 0.0143 0.0366 0.0102 0.1004 0.0040 0.0093 0.0057 0.5813 0.4172
7.1 100000 -2.09 0.1221 0.9848 0.0250 0.0198 0.0132 0.0339 0.0094 0.1136 0.0045 0.0084 0.0048 0.7081 0.4168
7.1 100000 -1.85 0.1025 0.9570 0.0212 0.0178 0.0121 0.0310 0.0086 0.1289 0.0048 0.0075 0.0040 0.8019 0.4002
7.1 100000 -1.60 0.0876 0.9035 0.0182 0.0158 0.0109 0.0280 0.0078 0.1454 0.0050 0.0067 0.0034 0.8545 0.3715
7.1 120000 -4.00 0.5281 0.0348 0.1889 0.0109 0.0249 0.0635 0.0179 0.0542 0.0000 0.0099 0.0289 0.0000 0.0306
7.1 120000 -3.76 0.5688 0.1125 0.1521 0.0150 0.0217 0.0555 0.0156 0.0697 0.0000 0.0106 0.0277 0.0000 0.0555
7.1 120000 -3.52 0.5147 0.2947 0.1169 0.0199 0.0190 0.0485 0.0136 0.0863 0.0000 0.0115 0.0230 0.0024 0.0994
7.1 120000 -3.28 0.3948 0.5310 0.0861 0.0242 0.0170 0.0433 0.0122 0.0988 0.0000 0.0122 0.0169 0.0153 0.1682
7.1 120000 -3.04 0.2872 0.7174 0.0614 0.0255 0.0155 0.0397 0.0111 0.1065 0.0013 0.0117 0.0119 0.0842 0.2606
7.1 120000 -2.82 0.2217 0.7936 0.0466 0.0242 0.0145 0.0370 0.0103 0.1133 0.0025 0.0105 0.0091 0.2487 0.3260
7.1 120000 -2.58 0.1761 0.8281 0.0367 0.0222 0.0134 0.0342 0.0095 0.1229 0.0033 0.0095 0.0071 0.4299 0.3530
7.1 120000 -2.34 0.1431 0.8346 0.0299 0.0202 0.0123 0.0314 0.0087 0.1353 0.0038 0.0085 0.0058 0.5603 0.3571
7.1 120000 -2.10 0.1184 0.8133 0.0248 0.0182 0.0111 0.0284 0.0079 0.1499 0.0041 0.0076 0.0048 0.6536 0.3461
7.1 120000 -1.86 0.0991 0.7662 0.0208 0.0161 0.0099 0.0253 0.0070 0.1663 0.0043 0.0068 0.0040 0.7117 0.3228
7.1 120000 -1.62 0.0844 0.7009 0.0177 0.0143 0.0087 0.0222 0.0062 0.1833 0.0043 0.0060 0.0034 0.7329 0.2921
7.4 30000 -3.99 0.4743 0.0000 0.1951 0.0013 0.0000 0.0025 0.0000 0.0000 0.0000 0.0000 0.0267 0.0000 0.0000
7.4 30000 -3.74 0.5693 0.0000 0.2009 0.0023 0.0011 0.0028 0.0000 0.0000 0.0000 0.0000 0.0295 0.0000 0.0000
7.4 30000 -3.51 0.6381 0.0000 0.1863 0.0050 0.0012 0.0030 0.0000 0.0000 0.0000 0.0000 0.0309 0.0000 0.0000
7.4 30000 -3.27 0.7271 0.0000 0.1738 0.0086 0.0012 0.0031 0.0000 0.0000 0.0000 0.0000 0.0331 0.0000 0.0000
7.4 30000 -3.04 0.7823 0.0000 0.1472 0.0134 0.0013 0.0033 0.0000 0.0000 0.0000 0.0000 0.0343 0.0000 0.0025
7.4 30000 -2.79 0.7978 0.0000 0.1131 0.0183 0.0015 0.0038 0.0011 0.0000 0.0000 0.0000 0.0342 0.0000 0.0049
7.4 30000 -2.54 0.7859 0.0028 0.0840 0.0218 0.0018 0.0046 0.0013 0.0000 0.0000 0.0000 0.0329 0.0000 0.0084
7.4 30000 -2.29 0.7644 0.0082 0.0616 0.0239 0.0022 0.0057 0.0017 0.0000 0.0000 0.0013 0.0309 0.0000 0.0132
7.4 30000 -2.03 0.7410 0.0193 0.0452 0.0251 0.0028 0.0072 0.0021 0.0000 0.0000 0.0017 0.0286 0.0000 0.0198
7.4 30000 -1.78 0.7170 0.0352 0.0335 0.0257 0.0034 0.0090 0.0025 0.0000 0.0000 0.0022 0.0263 0.0000 0.0274
7.4 30000 -1.53 0.6906 0.0562 0.0247 0.0260 0.0042 0.0109 0.0031 0.0000 0.0000 0.0028 0.0237 0.0000 0.0361
7.4 32500 -3.99 0.6449 0.0000 0.2490 0.0029 0.0027 0.0068 0.0020 0.0000 0.0000 0.0000 0.0350 0.0000 0.0000
7.4 32500 -3.74 0.7767 0.0000 0.2512 0.0052 0.0029 0.0075 0.0022 0.0000 0.0000 0.0012 0.0389 0.0000 0.0000
7.4 32500 -3.51 0.9562 0.0000 0.2435 0.0107 0.0040 0.0104 0.0030 0.0000 0.0000 0.0019 0.0441 0.0000 0.0031
7.4 32500 -3.28 1.1380 0.0012 0.2211 0.0177 0.0042 0.0108 0.0031 0.0000 0.0000 0.0023 0.0485 0.0000 0.0073
7.4 32500 -3.05 1.3108 0.0041 0.1853 0.0264 0.0045 0.0115 0.0033 0.0000 0.0000 0.0028 0.0519 0.0000 0.0167
7.4 32500 -2.79 1.4408 0.0162 0.1390 0.0355 0.0050 0.0128 0.0036 0.0000 0.0000 0.0036 0.0527 0.0000 0.0356
7.4 32500 -2.55 1.4854 0.0453 0.1039 0.0416 0.0058 0.0149 0.0042 0.0000 0.0000 0.0045 0.0507 0.0000 0.0562
7.4 32500 -2.29 1.4846 0.0967 0.0776 0.0459 0.0069 0.0177 0.0050 0.0000 0.0000 0.0056 0.0475 0.0000 0.0800
7.4 32500 -2.04 1.4561 0.1683 0.0582 0.0491 0.0082 0.0212 0.0060 0.0000 0.0000 0.0070 0.0435 0.0000 0.1089
7.4 32500 -1.79 1.4086 0.2552 0.0442 0.0513 0.0097 0.0250 0.0071 0.0000 0.0000 0.0086 0.0388 0.0000 0.1421
7.4 32500 -1.54 1.3373 0.3657 0.0336 0.0530 0.0112 0.0291 0.0081 0.0000 0.0000 0.0104 0.0332 0.0027 0.1836
7.4 35000 -3.99 0.7859 0.0000 0.2764 0.0059 0.0062 0.0159 0.0045 0.0000 0.0000 0.0023 0.0412 0.0000 0.0010
7.4 35000 -3.74 0.9481 0.0000 0.2682 0.0101 0.0070 0.0179 0.0051 0.0000 0.0000 0.0030 0.0456 0.0000 0.0037
7.4 35000 -3.51 1.1904 0.0040 0.2486 0.0187 0.0110 0.0282 0.0080 0.0000 0.0000 0.0058 0.0518 0.0000 0.0145
7.4 35000 -3.27 1.4330 0.0151 0.2122 0.0290 0.0115 0.0296 0.0083 0.0000 0.0000 0.0073 0.0556 0.0000 0.0348
7.4 35000 -3.03 1.6031 0.0318 0.1735 0.0373 0.0082 0.0211 0.0060 0.0000 0.0000 0.0061 0.0579 0.0000 0.0484
7.4 35000 -2.79 1.8222 0.1705 0.1261 0.0518 0.0131 0.0337 0.0095 0.0000 0.0000 0.0115 0.0520 0.0000 0.1493
7.4 35000 -2.55 1.8157 0.3584 0.0940 0.0601 0.0146 0.0375 0.0105 0.0000 0.0000 0.0140 0.0459 0.0000 0.2266
7.4 35000 -2.29 1.7246 0.5832 0.0701 0.0663 0.0164 0.0421 0.0118 0.0000 0.0000 0.0167 0.0389 0.0000 0.3087
7.4 35000 -2.04 1.5863 0.8299 0.0527 0.0711 0.0181 0.0466 0.0130 0.0000 0.0000 0.0194 0.0315 0.0000 0.3977
7.4 35000 -1.79 1.4221 1.0884 0.0404 0.0747 0.0194 0.0501 0.0140 0.0000 0.0000 0.0217 0.0248 0.0025 0.4915
7.4 35000 -1.54 1.2436 1.3603 0.0314 0.0775 0.0200 0.0518 0.0144 0.0000 0.0000 0.0233 0.0192 0.0069 0.5931
7.4 37500 -3.99 0.8687 0.0020 0.2751 0.0099 0.0141 0.0362 0.0103 0.0000 0.0000 0.0061 0.0442 0.0000 0.0067
7.4 37500 -3.74 1.0496 0.0070 0.2528 0.0161 0.0157 0.0403 0.0114 0.0000 0.0000 0.0079 0.0484 0.0000 0.0155
7.4 37500 -3.51 1.2777 0.0207 0.2217 0.0258 0.0179 0.0459 0.0129 0.0000 0.0000 0.0107 0.0523 0.0000 0.0382
7.4 37500 -3.27 1.4966 0.0768 0.1770 0.0375 0.0189 0.0485 0.0136 0.0000 0.0000 0.0134 0.0515 0.0000 0.0839
7.4 37500 -3.03 1.6225 0.2460 0.1323 0.0497 0.0197 0.0504 0.0141 0.0000 0.0000 0.0163 0.0448 0.0000 0.1652
7.4 37500 -2.79 1.5571 0.5628 0.0959 0.0604 0.0203 0.0519 0.0145 0.0000 0.0000 0.0190 0.0360 0.0000 0.2761
7.4 37500 -2.54 1.3846 0.9207 0.0701 0.0683 0.0206 0.0529 0.0148 0.0000 0.0000 0.0213 0.0281 0.0000 0.3910
7.4 37500 -2.29 1.1960 1.2575 0.0525 0.0737 0.0208 0.0535 0.0149 0.0000 0.0000 0.0230 0.0218 0.0013 0.5032
7.4 37500 -2.04 1.0141 1.5737 0.0407 0.0775 0.0209 0.0537 0.0150 0.0000 0.0000 0.0243 0.0168 0.0040 0.6184
7.4 37500 -1.79 0.8454 1.8780 0.0325 0.0798 0.0208 0.0538 0.0150 0.0000 0.0000 0.0253 0.0131 0.0094 0.7452
7.4 37500 -1.54 0.7033 2.1635 0.0268 0.0811 0.0207 0.0537 0.0150 0.0000 0.0000 0.0261 0.0104 0.0181 0.8865
7.4 40000 -4.00 0.9814 0.0127 0.2776 0.0165 0.0211 0.0541 0.0153 0.0000 0.0000 0.0109 0.0485 0.0000 0.0224
7.4 40000 -3.75 1.1642 0.0455 0.2372 0.0250 0.0214 0.0549 0.0155 0.0000 0.0000 0.0130 0.0509 0.0000 0.0475
7.4 40000 -3.51 1.3505 0.0926 0.1907 0.0352 0.0213 0.0545 0.0154 0.0000 0.0000 0.0148 0.0502 0.0000 0.0844
7.4 40000 -3.27 1.4294 0.2957 0.1433 0.0472 0.0214 0.0548 0.0154 0.0000 0.0000 0.0174 0.0427 0.0000 0.1601
7.4 40000 -3.02 1.2872 0.7226 0.1019 0.0591 0.0214 0.0548 0.0154 0.0000 0.0000 0.0201 0.0316 0.0000 0.2812
7.4 40000 -2.78 1.0516 1.2123 0.0740 0.0684 0.0214 0.0548 0.0153 0.0000 0.0000 0.0224 0.0231 0.0000 0.4339
7.4 40000 -2.53 0.8429 1.6552 0.0554 0.0745 0.0213 0.0546 0.0153 0.0000 0.0000 0.0242 0.0173 0.0024 0.6035
7.4 40000 -2.28 0.6826 2.0268 0.0437 0.0775 0.0212 0.0545 0.0152 0.0000 0.0000 0.0254 0.0134 0.0066 0.7754
7.4 40000 -2.03 0.5595 2.3508 0.0361 0.0785 0.0210 0.0542 0.0151 0.0000 0.0000 0.0262 0.0107 0.0138 0.9550
7.4 40000 -1.77 0.4573 2.6703 0.0305 0.0781 0.0209 0.0539 0.0150 0.0000 0.0015 0.0267 0.0086 0.0268 1.1666
7.4 40000 -1.52 0.3803 2.9629 0.0266 0.0764 0.0207 0.0535 0.0149 0.0000 0.0022 0.0267 0.0072 0.0466 1.3946
7.4 45000 -4.00 1.0320 0.0195 0.2807 0.0194 0.0225 0.0575 0.0163 0.0000 0.0000 0.0121 0.0507 0.0000 0.0292
7.4 45000 -3.75 1.2112 0.0693 0.2344 0.0286 0.0224 0.0573 0.0162 0.0000 0.0000 0.0142 0.0525 0.0000 0.0602
7.4 45000 -3.50 1.3915 0.1422 0.1789 0.0398 0.0220 0.0563 0.0159 0.0000 0.0000 0.0163 0.0502 0.0000 0.1092
7.4 45000 -3.26 1.3956 0.4333 0.1315 0.0519 0.0219 0.0560 0.0158 0.0000 0.0000 0.0188 0.0406 0.0000 0.2020
7.4 45000 -3.02 1.1806 0.9354 0.0939 0.0631 0.0218 0.0557 0.0156 0.0000 0.0000 0.0212 0.0294 0.0000 0.3430
7.4 45000 -2.77 0.9274 1.4769 0.0686 0.0717 0.0216 0.0554 0.0155 0.0000 0.0000 0.0233 0.0213 0.0034 0.5328
7.4 45000 -2.53 0.7386 1.9311 0.0532 0.0764 0.0215 0.0551 0.0154 0.0000 0.0000 0.0244 0.0162 0.0102 0.7380
7.4 45000 -2.28 0.5956 2.3198 0.0431 0.0781 0.0213 0.0548 0.0153 0.0000 0.0016 0.0248 0.0127 0.0241 0.9478
7.4 45000 -2.02 0.4840 2.6713 0.0362 0.0777 0.0212 0.0545 0.0152 0.0000 0.0025 0.0247 0.0102 0.0496 1.1692
7.4 45000 -1.77 0.3980 2.9937 0.0314 0.0758 0.0210 0.0541 0.0151 0.0000 0.0037 0.0242 0.0084 0.0874 1.4022
7.4 45000 -1.52 0.3318 3.2906 0.0280 0.0729 0.0207 0.0537 0.0150 0.0000 0.0050 0.0233 0.0071 0.1297 1.6435
7.4 50000 -4.00 1.0450 0.0299 0.2922 0.0204 0.0235 0.0600 0.0170 0.0000 0.0000 0.0130 0.0517 0.0000 0.0345
7.4 50000 -3.75 1.2024 0.1043 0.2419 0.0297 0.0230 0.0589 0.0166 0.0000 0.0000 0.0150 0.0524 0.0000 0.0695
7.4 50000 -3.51 1.3304 0.2392 0.1821 0.0412 0.0224 0.0573 0.0162 0.0000 0.0000 0.0170 0.0482 0.0000 0.1259
7.4 50000 -3.26 1.2214 0.6279 0.1344 0.0530 0.0221 0.0565 0.0159 0.0000 0.0000 0.0194 0.0375 0.0014 0.2265
7.4 50000 -3.02 0.9514 1.1878 0.0962 0.0637 0.0218 0.0559 0.0157 0.0000 0.0000 0.0216 0.0264 0.0074 0.3818
7.4 50000 -2.77 0.7178 1.7315 0.0710 0.0706 0.0216 0.0553 0.0155 0.0000 0.0000 0.0231 0.0190 0.0296 0.5861
7.4 50000 -2.53 0.5634 2.1705 0.0561 0.0729 0.0214 0.0549 0.0154 0.0011 0.0016 0.0235 0.0146 0.0845 0.7884
7.4 50000 -2.28 0.4497 2.5490 0.0462 0.0723 0.0212 0.0545 0.0152 0.0015 0.0028 0.0231 0.0115 0.1787 0.9743
7.4 50000 -2.06 0.3779 2.8268 0.0404 0.0703 0.0210 0.0540 0.0151 0.0019 0.0039 0.0224 0.0097 0.2672 1.1136
7.4 50000 -1.81 0.3105 3.1329 0.0352 0.0667 0.0207 0.0535 0.0149 0.0027 0.0054 0.0213 0.0080 0.3636 1.2690
7.4 50000 -1.52 0.2522 3.4525 0.0309 0.0616 0.0204 0.0527 0.0147 0.0041 0.0072 0.0198 0.0066 0.4553 1.4267
7.4 55000 -4.00 1.0769 0.0233 0.2785 0.0228 0.0238 0.0611 0.0173 0.0000 0.0000 0.0139 0.0525 0.0000 0.0397
7.4 55000 -3.75 1.2574 0.0823 0.2272 0.0323 0.0233 0.0596 0.0169 0.0000 0.0000 0.0158 0.0527 0.0000 0.0780
7.4 55000 -3.51 1.3483 0.2647 0.1764 0.0433 0.0228 0.0583 0.0165 0.0000 0.0000 0.0178 0.0469 0.0000 0.1448
7.4 55000 -3.26 1.2108 0.6970 0.1286 0.0552 0.0223 0.0572 0.0161 0.0000 0.0000 0.0201 0.0351 0.0000 0.2591
7.4 55000 -3.02 0.9352 1.2741 0.0931 0.0654 0.0219 0.0563 0.0158 0.0000 0.0000 0.0224 0.0246 0.0054 0.4312
7.4 55000 -2.77 0.7092 1.8279 0.0698 0.0718 0.0217 0.0557 0.0156 0.0000 0.0000 0.0240 0.0179 0.0221 0.6634
7.4 55000 -2.53 0.5587 2.2895 0.0558 0.0738 0.0214 0.0552 0.0155 0.0000 0.0016 0.0245 0.0137 0.0667 0.9104
7.4 55000 -2.28 0.4489 2.6838 0.0465 0.0729 0.0212 0.0547 0.0153 0.0000 0.0027 0.0243 0.0109 0.1499 1.1447
7.4 55000 -2.08 0.3819 2.9606 0.0412 0.0711 0.0210 0.0544 0.0152 0.0000 0.0038 0.0238 0.0093 0.2326 1.3173
7.4 55000 -1.77 0.3022 3.3489 0.0352 0.0669 0.0207 0.0537 0.0150 0.0012 0.0055 0.0225 0.0074 0.3491 1.5700
7.4 55000 -1.53 0.2541 3.6287 0.0315 0.0628 0.0205 0.0531 0.0148 0.0017 0.0071 0.0213 0.0063 0.4188 1.7545
7.4 60000 -4.00 1.0751 0.0364 0.3069 0.0202 0.0240 0.0614 0.0174 0.0000 0.0000 0.0143 0.0528 0.0000 0.0422
7.4 60000 -3.75 1.2247 0.1242 0.2554 0.0294 0.0232 0.0593 0.0168 0.0000 0.0000 0.0161 0.0520 0.0000 0.0823
7.4 60000 -3.50 1.2405 0.3784 0.2005 0.0407 0.0225 0.0575 0.0162 0.0013 0.0000 0.0180 0.0446 0.0000 0.1542
7.4 60000 -3.26 1.0424 0.8486 0.1500 0.0523 0.0220 0.0561 0.0158 0.0014 0.0000 0.0201 0.0330 0.0018 0.2695
7.4 60000 -3.01 0.7645 1.4427 0.1080 0.0623 0.0215 0.0549 0.0154 0.0016 0.0000 0.0220 0.0228 0.0099 0.4574
7.4 60000 -2.78 0.5770 1.9588 0.0819 0.0668 0.0211 0.0541 0.0151 0.0018 0.0014 0.0225 0.0169 0.0399 0.6920
7.4 60000 -2.53 0.4515 2.4059 0.0653 0.0669 0.0208 0.0533 0.0149 0.0021 0.0029 0.0220 0.0130 0.1197 0.9428
7.4 60000 -2.28 0.3636 2.7756 0.0543 0.0647 0.0205 0.0527 0.0147 0.0027 0.0044 0.0210 0.0105 0.2498 1.1623
7.4 60000 -2.09 0.3132 3.0184 0.0483 0.0621 0.0203 0.0521 0.0145 0.0033 0.0056 0.0201 0.0091 0.3578 1.3083
7.4 60000 -1.77 0.2482 3.3834 0.0406 0.0570 0.0199 0.0512 0.0142 0.0048 0.0077 0.0183 0.0073 0.5274 1.5279
7.4 60000 -1.52 0.2100 3.6396 0.0360 0.0526 0.0195 0.0503 0.0140 0.0066 0.0094 0.0169 0.0063 0.6627 1.6776
7.4 80000 -4.00 1.0694 0.0556 0.3311 0.0218 0.0259 0.0660 0.0187 0.0016 0.0000 0.0152 0.0552 0.0000 0.0541
7.4 80000 -3.75 1.1791 0.1814 0.2710 0.0307 0.0243 0.0621 0.0175 0.0021 0.0000 0.0166 0.0536 0.0000 0.0997
7.4 80000 -3.51 1.1206 0.4991 0.2114 0.0411 0.0231 0.0589 0.0166 0.0026 0.0000 0.0183 0.0455 0.0016 0.1780
7.4 80000 -3.27 0.8893 0.9963 0.1588 0.0511 0.0221 0.0565 0.0159 0.0029 0.0000 0.0200 0.0337 0.0095 0.2995
7.4 80000 -3.02 0.6393 1.5706 0.1154 0.0574 0.0214 0.0547 0.0153 0.0031 0.0000 0.0209 0.0236 0.0541 0.4835
7.4 80000 -2.79 0.4826 2.0641 0.0883 0.0573 0.0208 0.0534 0.0149 0.0034 0.0025 0.0202 0.0177 0.1997 0.6743
7.4 80000 -2.55 0.3789 2.4910 0.0706 0.0540 0.0204 0.0523 0.0145 0.0041 0.0045 0.0187 0.0138 0.4641 0.8294
7.4 80000 -2.31 0.3069 2.8395 0.0584 0.0499 0.0200 0.0514 0.0143 0.0051 0.0063 0.0172 0.0112 0.7216 0.9301
7.4 80000 -2.07 0.2539 3.1341 0.0493 0.0455 0.0196 0.0505 0.0140 0.0066 0.0081 0.0157 0.0093 0.9231 0.9936
7.4 80000 -1.82 0.2134 3.3961 0.0423 0.0410 0.0193 0.0496 0.0137 0.0086 0.0098 0.0142 0.0078 1.1030 1.0296
7.4 80000 -1.57 0.1829 3.6228 0.0368 0.0368 0.0189 0.0487 0.0134 0.0113 0.0114 0.0129 0.0067 1.2776 1.0409
7.4 100000 -4.00 1.0514 0.0671 0.3591 0.0219 0.0252 0.0644 0.0182 0.0393 0.0000 0.0155 0.0567 0.0000 0.0585
7.4 100000 -3.76 1.1362 0.2168 0.2903 0.0302 0.0225 0.0574 0.0162 0.0512 0.0000 0.0168 0.0544 0.0000 0.1064
7.4 100000 -3.52 1.0357 0.5711 0.2238 0.0402 0.0202 0.0516 0.0145 0.0635 0.0000 0.0183 0.0454 0.0036 0.1897
7.4 100000 -3.28 0.8007 1.0463 0.1661 0.0491 0.0186 0.0474 0.0133 0.0721 0.0000 0.0195 0.0334 0.0217 0.3185
7.4 100000 -3.04 0.5840 1.4727 0.1198 0.0527 0.0174 0.0444 0.0124 0.0772 0.0018 0.0190 0.0237 0.1188 0.4980
7.4 100000 -2.81 0.4494 1.7075 0.0914 0.0507 0.0165 0.0422 0.0118 0.0827 0.0036 0.0175 0.0179 0.3694 0.6450
7.4 100000 -2.57 0.3567 1.8471 0.0727 0.0471 0.0156 0.0398 0.0111 0.0913 0.0050 0.0160 0.0141 0.6687 0.7242
7.4 100000 -2.33 0.2904 1.9236 0.0596 0.0431 0.0146 0.0373 0.0104 0.1027 0.0060 0.0146 0.0114 0.8878 0.7566
7.4 100000 -2.09 0.2410 1.9369 0.0499 0.0391 0.0135 0.0346 0.0096 0.1165 0.0068 0.0132 0.0095 1.0502 0.7584
7.4 100000 -1.84 0.2027 1.8889 0.0423 0.0350 0.0124 0.0317 0.0088 0.1325 0.0074 0.0119 0.0080 1.1643 0.7322
7.4 100000 -1.60 0.1734 1.7890 0.0364 0.0312 0.0112 0.0287 0.0079 0.1497 0.0077 0.0106 0.0068 1.2239 0.6844
7.4 120000 -4.00 1.0378 0.0684 0.3749 0.0217 0.0251 0.0639 0.0180 0.0544 0.0000 0.0156 0.0573 0.0000 0.0589
7.4 120000 -3.76 1.1182 0.2209 0.3023 0.0297 0.0219 0.0558 0.0157 0.0700 0.0000 0.0168 0.0549 0.0000 0.1067
7.4 120000 -3.52 1.0132 0.5779 0.2322 0.0395 0.0191 0.0489 0.0137 0.0868 0.0000 0.0182 0.0458 0.0045 0.1904
7.4 120000 -3.28 0.7782 1.0405 0.1713 0.0479 0.0171 0.0437 0.0123 0.0995 0.0000 0.0192 0.0335 0.0280 0.3195
7.4 120000 -3.04 0.5668 1.4057 0.1222 0.0505 0.0157 0.0401 0.0112 0.1076 0.0020 0.0184 0.0238 0.1518 0.4894
7.4 120000 -2.81 0.4377 1.5574 0.0927 0.0478 0.0147 0.0375 0.0105 0.1149 0.0038 0.0165 0.0180 0.4280 0.6057
7.4 120000 -2.57 0.3480 1.6285 0.0732 0.0439 0.0136 0.0348 0.0097 0.1252 0.0050 0.0149 0.0142 0.7007 0.6521
7.4 120000 -2.34 0.2833 1.6466 0.0596 0.0399 0.0125 0.0320 0.0089 0.1382 0.0058 0.0135 0.0115 0.8819 0.6605
7.4 120000 -2.10 0.2346 1.6097 0.0495 0.0359 0.0113 0.0290 0.0081 0.1534 0.0063 0.0121 0.0095 1.0049 0.6430
7.4 120000 -1.86 0.1966 1.5206 0.0416 0.0320 0.0101 0.0258 0.0072 0.1706 0.0066 0.0107 0.0079 1.0750 0.6028
7.4 120000 -1.62 0.1674 1.3945 0.0355 0.0283 0.0089 0.0227 0.0063 0.1883 0.0066 0.0095 0.0068 1.0925 0.5486
7.7 30000 -3.99 0.6933 0.0000 0.3301 0.0021 0.0000 0.0026 0.0000 0.0000 0.0000 0.0000 0.0444 0.0000 0.0000
7.7 30000 -3.74 0.8354 0.0000 0.3402 0.0038 0.0011 0.0028 0.0000 0.0000 0.0000 0.0000 0.0493 0.0000 0.0000
7.7 30000 -3.51 0.9390 0.0000 0.3169 0.0084 0.0012 0.0031 0.0000 0.0000 0.0000 0.0000 0.0516 0.0000 0.0000
7.7 30000 -3.26 1.0605 0.0000 0.2951 0.0144 0.0012 0.0032 0.0000 0.0000 0.0000 0.0011 0.0551 0.0000 0.0000
7.7 30000 -3.02 1.1302 0.0000 0.2495 0.0225 0.0013 0.0034 0.0000 0.0000 0.0000 0.0013 0.0567 0.0000 0.0015
7.7 30000 -2.77 1.1451 0.0012 0.1914 0.0309 0.0015 0.0038 0.0011 0.0000 0.0000 0.0016 0.0563 0.0000 0.0048
7.7 30000 -2.52 1.1254 0.0040 0.1419 0.0368 0.0018 0.0046 0.0014 0.0000 0.0000 0.0020 0.0542 0.0000 0.0082
7.7 30000 -2.27 1.0963 0.0117 0.1045 0.0405 0.0022 0.0059 0.0017 0.0000 0.0000 0.0027 0.0510 0.0000 0.0130
7.7 30000 -2.02 1.0650 0.0277 0.0769 0.0427 0.0028 0.0074 0.0021 0.0000 0.0000 0.0036 0.0473 0.0000 0.0196
7.7 30000 -1.77 1.0330 0.0504 0.0574 0.0438 0.0035 0.0092 0.0026 0.0000 0.0000 0.0046 0.0436 0.0000 0.0269
7.7 30000 -1.52 0.9974 0.0801 0.0425 0.0442 0.0043 0.0112 0.0031 0.0000 0.0000 0.0057 0.0395 0.0000 0.0354
7.7 32500 -3.99 0.9717 0.0000 0.4275 0.0050 0.0027 0.0069 0.0020 0.0000 0.0000 0.0019 0.0592 0.0000 0.0000
7.7 32500 -3.74 1.1675 0.0000 0.4309 0.0087 0.0030 0.0076 0.0022 0.0000 0.0000 0.0024 0.0657 0.0000 0.0000
7.7 32500 -3.51 1.4387 0.0000 0.4193 0.0181 0.0041 0.0105 0.0030 0.0000 0.0000 0.0039 0.0745 0.0000 0.0034
7.7 32500 -3.27 1.6908 0.0018 0.3796 0.0299 0.0043 0.0110 0.0031 0.0000 0.0000 0.0047 0.0813 0.0000 0.0077
7.7 32500 -3.04 1.9194 0.0060 0.3168 0.0444 0.0045 0.0116 0.0033 0.0000 0.0000 0.0058 0.0864 0.0000 0.0169
7.7 32500 -2.78 2.0801 0.0231 0.2363 0.0597 0.0050 0.0129 0.0037 0.0000 0.0000 0.0073 0.0871 0.0000 0.0348
7.7 32500 -2.53 2.1309 0.0638 0.1761 0.0699 0.0058 0.0150 0.0043 0.0000 0.0000 0.0090 0.0836 0.0000 0.0543
7.7 32500 -2.28 2.1272 0.1357 0.1317 0.0771 0.0069 0.0179 0.0051 0.0000 0.0000 0.0112 0.0784 0.0000 0.0765
7.7 32500 -2.02 2.0902 0.2355 0.0988 0.0823 0.0083 0.0214 0.0061 0.0000 0.0000 0.0140 0.0721 0.0000 0.1034
7.7 32500 -1.78 2.0334 0.3554 0.0755 0.0859 0.0097 0.0253 0.0071 0.0000 0.0000 0.0171 0.0649 0.0013 0.1345
7.7 32500 -1.52 1.9478 0.5076 0.0576 0.0887 0.0113 0.0294 0.0083 0.0000 0.0000 0.0207 0.0562 0.0047 0.1741
7.7 35000 -3.99 1.2333 0.0000 0.4853 0.0103 0.0062 0.0160 0.0046 0.0000 0.0000 0.0050 0.0713 0.0000 0.0012
7.7 35000 -3.74 1.4793 0.0013 0.4705 0.0174 0.0070 0.0180 0.0051 0.0000 0.0000 0.0065 0.0787 0.0000 0.0043
7.7 35000 -3.51 1.8622 0.0064 0.4387 0.0324 0.0111 0.0284 0.0080 0.0000 0.0000 0.0125 0.0895 0.0000 0.0171
7.7 35000 -3.26 2.2025 0.0235 0.3729 0.0499 0.0116 0.0299 0.0084 0.0000 0.0000 0.0155 0.0954 0.0000 0.0393
7.7 35000 -3.02 2.3822 0.0473 0.2997 0.0634 0.0083 0.0213 0.0061 0.0000 0.0000 0.0125 0.0974 0.0000 0.0507
7.7 35000 -2.78 2.7039 0.2486 0.2182 0.0879 0.0132 0.0340 0.0096 0.0000 0.0000 0.0238 0.0881 0.0000 0.1533
7.7 35000 -2.53 2.6787 0.5149 0.1618 0.1013 0.0147 0.0378 0.0106 0.0000 0.0000 0.0286 0.0778 0.0000 0.2255
7.7 35000 -2.28 2.5521 0.8327 0.1207 0.1113 0.0165 0.0423 0.0119 0.0000 0.0000 0.0341 0.0663 0.0000 0.3042
7.7 35000 -2.02 2.3678 1.1846 0.0910 0.1189 0.0182 0.0469 0.0131 0.0000 0.0000 0.0397 0.0542 0.0012 0.3944
7.7 35000 -1.78 2.1470 1.5610 0.0699 0.1247 0.0196 0.0505 0.0141 0.0000 0.0000 0.0447 0.0428 0.0037 0.4943
7.7 35000 -1.53 1.9022 1.9675 0.0543 0.1293 0.0203 0.0525 0.0147 0.0000 0.0000 0.0484 0.0331 0.0085 0.6058
7.7 37500 -3.99 1.4243 0.0033 0.4962 0.0176 0.0142 0.0364 0.0103 0.0000 0.0000 0.0135 0.0786 0.0000 0.0088
7.7 37500 -3.74 1.7062 0.0116 0.4554 0.0286 0.0158 0.0405 0.0115 0.0000 0.0000 0.0176 0.0857 0.0000 0.0201
7.7 37500 -3.51 2.0615 0.0336 0.3999 0.0456 0.0180 0.0462 0.0131 0.0000 0.0000 0.0237 0.0924 0.0000 0.0485
7.7 37500 -3.26 2.3748 0.1221 0.3179 0.0658 0.0191 0.0489 0.0138 0.0000 0.0000 0.0294 0.0905 0.0000 0.1026
7.7 37500 -3.02 2.5252 0.3805 0.2354 0.0865 0.0199 0.0509 0.0143 0.0000 0.0000 0.0354 0.0783 0.0000 0.1919
7.7 37500 -2.78 2.3933 0.8503 0.1690 0.1037 0.0205 0.0525 0.0147 0.0000 0.0000 0.0408 0.0624 0.0000 0.3048
7.7 37500 -2.53 2.1239 1.3748 0.1227 0.1162 0.0209 0.0536 0.0150 0.0000 0.0000 0.0452 0.0487 0.0000 0.4188
7.7 37500 -2.28 1.8459 1.8724 0.0919 0.1248 0.0211 0.0541 0.0152 0.0000 0.0000 0.0486 0.0377 0.0020 0.5342
7.7 37500 -2.03 1.5835 2.3507 0.0713 0.1308 0.0211 0.0544 0.0152 0.0000 0.0000 0.0513 0.0292 0.0051 0.6578
7.7 37500 -1.77 1.3378 2.8243 0.0569 0.1349 0.0211 0.0545 0.0152 0.0000 0.0000 0.0535 0.0228 0.0103 0.7986
7.7 37500 -1.53 1.1274 3.2823 0.0471 0.1374 0.0211 0.0544 0.0152 0.0000 0.0000 0.0553 0.0181 0.0184 0.9602
7.7 40000 -3.99 1.7109 0.0223 0.5198 0.0305 0.0213 0.0546 0.0154 0.0000 0.0000 0.0255 0.0896 0.0000 0.0337
7.7 40000 -3.75 2.0164 0.0790 0.4443 0.0462 0.0216 0.0554 0.0157 0.0000 0.0000 0.0303 0.0940 0.0000 0.0703
7.7 40000 -3.51 2.2900 0.1569 0.3546 0.0641 0.0215 0.0550 0.0155 0.0000 0.0000 0.0341 0.0918 0.0000 0.1194
7.7 40000 -3.26 2.3910 0.4907 0.2651 0.0852 0.0216 0.0553 0.0156 0.0000 0.0000 0.0396 0.0779 0.0000 0.2176
7.7 40000 -3.01 2.1236 1.1694 0.1866 0.1053 0.0217 0.0554 0.0156 0.0000 0.0000 0.0449 0.0573 0.0000 0.3592
7.7 40000 -2.77 1.7255 1.9272 0.1340 0.1202 0.0216 0.0554 0.0156 0.0000 0.0000 0.0494 0.0416 0.0000 0.5245
7.7 40000 -2.52 1.3874 2.6095 0.0999 0.1298 0.0216 0.0554 0.0155 0.0000 0.0000 0.0529 0.0310 0.0031 0.7066
7.7 40000 -2.27 1.1333 3.1972 0.0788 0.1347 0.0215 0.0552 0.0155 0.0000 0.0000 0.0554 0.0239 0.0074 0.9011
7.7 40000 -2.02 0.9382 3.7273 0.0652 0.1366 0.0214 0.0551 0.0154 0.0000 0.0017 0.0572 0.0192 0.0145 1.1148
7.7 40000 -1.76 0.7752 4.2677 0.0552 0.1363 0.0213 0.0548 0.0153 0.0000 0.0028 0.0583 0.0155 0.0269 1.3790
7.7 40000 -1.51 0.6506 4.7791 0.0485 0.1338 0.0211 0.0545 0.0152 0.0000 0.0042 0.0589 0.0130 0.0439 1.6758
7.7 45000 -4.00 1.8374 0.0349 0.5317 0.0364 0.0226 0.0580 0.0164 0.0000 0.0000 0.0287 0.0950 0.0000 0.0459
7.7 45000 -3.75 2.1464 0.1230 0.4445 0.0535 0.0226 0.0579 0.0164 0.0000 0.0000 0.0336 0.0982 0.0000 0.0935
7.7 45000 -3.50 2.4202 0.2465 0.3374 0.0736 0.0222 0.0569 0.0161 0.0000 0.0000 0.0380 0.0932 0.0000 0.1625
7.7 45000 -3.25 2.3986 0.7363 0.2466 0.0952 0.0221 0.0566 0.0160 0.0000 0.0000 0.0433 0.0753 0.0000 0.2881
7.7 45000 -3.01 2.0097 1.5553 0.1747 0.1142 0.0220 0.0564 0.0159 0.0000 0.0000 0.0483 0.0542 0.0010 0.4610
7.7 45000 -2.76 1.5727 2.4161 0.1264 0.1281 0.0219 0.0562 0.0158 0.0000 0.0000 0.0523 0.0390 0.0041 0.6776
7.7 45000 -2.52 1.2558 3.1373 0.0975 0.1355 0.0218 0.0560 0.0157 0.0000 0.0016 0.0545 0.0295 0.0110 0.9107
7.7 45000 -2.27 1.0190 3.7701 0.0790 0.1381 0.0217 0.0557 0.0156 0.0000 0.0031 0.0552 0.0231 0.0254 1.1606
7.7 45000 -2.01 0.8348 4.3617 0.0665 0.1376 0.0216 0.0555 0.0155 0.0000 0.0050 0.0550 0.0186 0.0503 1.4388
7.7 45000 -1.76 0.6917 4.9226 0.0578 0.1345 0.0214 0.0551 0.0154 0.0000 0.0073 0.0540 0.0153 0.0804 1.7454
7.7 45000 -1.51 0.5806 5.4544 0.0516 0.1295 0.0212 0.0548 0.0153 0.0000 0.0099 0.0523 0.0129 0.1038 2.0759
7.7 50000 -4.00 1.8879 0.0542 0.5580 0.0387 0.0237 0.0606 0.0172 0.0000 0.0000 0.0312 0.0977 0.0000 0.0560
7.7 50000 -3.75 2.1630 0.1873 0.4624 0.0560 0.0232 0.0595 0.0168 0.0000 0.0000 0.0357 0.0991 0.0000 0.1111
7.7 50000 -3.50 2.3584 0.4215 0.3466 0.0770 0.0226 0.0579 0.0164 0.0000 0.0000 0.0402 0.0907 0.0000 0.1938
7.7 50000 -3.26 2.1489 1.0882 0.2546 0.0982 0.0224 0.0572 0.0161 0.0000 0.0000 0.0453 0.0704 0.0020 0.3349
7.7 50000 -3.01 1.6664 2.0219 0.1811 0.1165 0.0221 0.0566 0.0159 0.0000 0.0000 0.0499 0.0494 0.0090 0.5338
7.7 50000 -2.76 1.2554 2.9046 0.1328 0.1278 0.0219 0.0562 0.0158 0.0000 0.0015 0.0527 0.0354 0.0336 0.7776
7.7 50000 -2.52 0.9877 3.6176 0.1045 0.1312 0.0218 0.0558 0.0157 0.0011 0.0033 0.0532 0.0270 0.0900 1.0171
7.7 50000 -2.26 0.7927 4.2478 0.0859 0.1297 0.0216 0.0554 0.0155 0.0015 0.0057 0.0523 0.0213 0.1679 1.2472
7.7 50000 -2.05 0.6695 4.7246 0.0752 0.1262 0.0214 0.0551 0.0154 0.0019 0.0079 0.0508 0.0179 0.2204 1.4299
7.7 50000 -1.80 0.5534 5.2667 0.0658 0.1199 0.0212 0.0546 0.0153 0.0027 0.0109 0.0485 0.0149 0.2647 1.6460
7.7 50000 -1.51 0.4521 5.8482 0.0579 0.1109 0.0209 0.0540 0.0151 0.0041 0.0148 0.0452 0.0124 0.3112 1.8755
7.7 55000 -4.00 1.9610 0.0426 0.5339 0.0434 0.0241 0.0617 0.0175 0.0000 0.0000 0.0334 0.0997 0.0000 0.0653
7.7 55000 -3.75 2.2830 0.1491 0.4365 0.0613 0.0235 0.0603 0.0171 0.0000 0.0000 0.0378 0.1002 0.0000 0.1272
7.7 55000 -3.51 2.4388 0.4755 0.3388 0.0819 0.0230 0.0590 0.0167 0.0000 0.0000 0.0425 0.0893 0.0000 0.2321
7.7 55000 -3.26 2.1785 1.2339 0.2463 0.1035 0.0226 0.0579 0.0163 0.0000 0.0000 0.0476 0.0668 0.0014 0.4001
7.7 55000 -3.01 1.6775 2.2212 0.1772 0.1214 0.0223 0.0571 0.0161 0.0000 0.0000 0.0523 0.0467 0.0070 0.6330
7.7 55000 -2.76 1.2702 3.1449 0.1321 0.1321 0.0220 0.0566 0.0159 0.0000 0.0014 0.0555 0.0337 0.0269 0.9263
7.7 55000 -2.52 1.0012 3.9115 0.1052 0.1349 0.0219 0.0562 0.0158 0.0000 0.0033 0.0563 0.0258 0.0776 1.2337
7.7 55000 -2.27 0.8065 4.5809 0.0875 0.1329 0.0217 0.0558 0.0157 0.0000 0.0056 0.0558 0.0205 0.1581 1.5344
7.7 55000 -2.07 0.6881 5.0638 0.0776 0.1294 0.0215 0.0555 0.0156 0.0000 0.0078 0.0547 0.0174 0.2177 1.7665
7.7 55000 -1.76 0.5467 5.7550 0.0663 0.1217 0.0213 0.0550 0.0154 0.0012 0.0115 0.0521 0.0139 0.2742 2.1185
7.7 55000 -1.52 0.4611 6.2647 0.0595 0.1143 0.0211 0.0546 0.0153 0.0017 0.0148 0.0494 0.0119 0.3042 2.3840
7.7 60000 -4.00 1.9770 0.0670 0.5910 0.0387 0.0243 0.0620 0.0176 0.0000 0.0000 0.0345 0.1009 0.0000 0.0708
7.7 60000 -3.75 2.2466 0.2272 0.4927 0.0561 0.0235 0.0600 0.0170 0.0000 0.0000 0.0387 0.0994 0.0000 0.1366
7.7 60000 -3.50 2.2694 0.6866 0.3866 0.0773 0.0228 0.0582 0.0164 0.0013 0.0000 0.0433 0.0855 0.0000 0.2513
7.7 60000 -3.26 1.9050 1.5231 0.2887 0.0987 0.0223 0.0569 0.0160 0.0015 0.0000 0.0480 0.0634 0.0025 0.4258
7.7 60000 -3.01 1.3961 2.5544 0.2068 0.1166 0.0218 0.0558 0.0157 0.0016 0.0010 0.0518 0.0437 0.0132 0.6883
7.7 60000 -2.77 1.0529 3.4275 0.1562 0.1241 0.0215 0.0551 0.0154 0.0018 0.0030 0.0527 0.0321 0.0506 0.9952
7.7 60000 -2.52 0.8244 4.1805 0.1241 0.1235 0.0213 0.0545 0.0152 0.0022 0.0060 0.0512 0.0248 0.1414 1.3154
7.7 60000 -2.27 0.6653 4.8167 0.1031 0.1190 0.0210 0.0539 0.0150 0.0028 0.0093 0.0489 0.0199 0.2572 1.6023
7.7 60000 -2.08 0.5739 5.2452 0.0916 0.1142 0.0208 0.0534 0.0149 0.0034 0.0119 0.0468 0.0172 0.3269 1.8017
7.7 60000 -1.76 0.4563 5.9065 0.0772 0.1047 0.0205 0.0526 0.0146 0.0050 0.0164 0.0428 0.0138 0.4157 2.1156
7.7 60000 -1.51 0.3869 6.3816 0.0685 0.0967 0.0202 0.0519 0.0144 0.0068 0.0201 0.0395 0.0119 0.4955 2.3353
7.7 80000 -4.00 2.0230 0.1052 0.6464 0.0424 0.0262 0.0668 0.0189 0.0016 0.0000 0.0372 0.1074 0.0000 0.0961
7.7 80000 -3.75 2.2311 0.3424 0.5302 0.0595 0.0246 0.0629 0.0177 0.0022 0.0000 0.0407 0.1044 0.0000 0.1764
7.7 80000 -3.51 2.1223 0.9379 0.4141 0.0798 0.0234 0.0597 0.0168 0.0026 0.0000 0.0448 0.0888 0.0026 0.3107
7.7 80000 -3.27 1.6879 1.8622 0.3111 0.0988 0.0225 0.0574 0.0161 0.0029 0.0000 0.0488 0.0660 0.0148 0.5122
7.7 80000 -3.02 1.2152 2.9098 0.2256 0.1106 0.0218 0.0556 0.0156 0.0032 0.0021 0.0508 0.0462 0.0808 0.7982
7.7 80000 -2.78 0.9164 3.7849 0.1723 0.1097 0.0213 0.0545 0.0152 0.0035 0.0056 0.0487 0.0344 0.2701 1.0708
7.7 80000 -2.54 0.7187 4.5308 0.1372 0.1027 0.0209 0.0536 0.0149 0.0042 0.0099 0.0450 0.0268 0.5228 1.2751
7.7 80000 -2.30 0.5816 5.1433 0.1134 0.0945 0.0206 0.0528 0.0147 0.0052 0.0139 0.0413 0.0217 0.6827 1.4070
7.7 80000 -2.06 0.4811 5.6704 0.0958 0.0860 0.0202 0.0520 0.0144 0.0068 0.0179 0.0377 0.0179 0.7861 1.4938
7.7 80000 -1.81 0.4043 6.1477 0.0821 0.0774 0.0199 0.0513 0.0142 0.0089 0.0217 0.0342 0.0151 0.8879 1.5437
7.7 80000 -1.56 0.3466 6.5675 0.0714 0.0695 0.0196 0.0505 0.0139 0.0117 0.0253 0.0310 0.0130 1.0059 1.5583
7.7 100000 -4.00 2.0194 0.1289 0.7063 0.0430 0.0255 0.0652 0.0184 0.0396 0.0000 0.0384 0.1112 0.0000 0.1071
7.7 100000 -3.76 2.1848 0.4157 0.5719 0.0593 0.0228 0.0582 0.0164 0.0516 0.0000 0.0415 0.1068 0.0000 0.1941
7.7 100000 -3.51 1.9944 1.0913 0.4415 0.0788 0.0205 0.0523 0.0147 0.0641 0.0000 0.0452 0.0894 0.0062 0.3426
7.7 100000 -3.28 1.5461 1.9948 0.3279 0.0960 0.0189 0.0482 0.0135 0.0731 0.0011 0.0481 0.0659 0.0359 0.5658
7.7 100000 -3.03 1.1286 2.7993 0.2361 0.1029 0.0177 0.0453 0.0127 0.0787 0.0042 0.0469 0.0467 0.1891 0.8619
7.7 100000 -2.80 0.8686 3.2441 0.1803 0.0987 0.0169 0.0432 0.0121 0.0847 0.0083 0.0430 0.0353 0.5347 1.0891
7.7 100000 -2.56 0.6899 3.5189 0.1433 0.0914 0.0160 0.0409 0.0114 0.0940 0.0116 0.0394 0.0277 0.8651 1.2073
7.7 100000 -2.32 0.5624 3.6821 0.1176 0.0837 0.0150 0.0385 0.0107 0.1062 0.0141 0.0360 0.0225 1.0781 1.2608
7.7 100000 -2.08 0.4675 3.7305 0.0985 0.0758 0.0140 0.0358 0.0100 0.1209 0.0161 0.0326 0.0187 1.2338 1.2720
7.7 100000 -1.84 0.3940 3.6594 0.0836 0.0679 0.0128 0.0329 0.0091 0.1380 0.0175 0.0293 0.0157 1.3460 1.2390
7.7 100000 -1.59 0.3379 3.4876 0.0719 0.0607 0.0117 0.0298 0.0083 0.1564 0.0183 0.0263 0.0135 1.4064 1.1715
7.7 120000 -4.00 2.0039 0.1321 0.7380 0.0427 0.0254 0.0647 0.0183 0.0547 0.0000 0.0387 0.1127 0.0000 0.1091
7.7 120000 -3.76 2.1623 0.4258 0.5963 0.0585 0.0222 0.0566 0.0160 0.0705 0.0000 0.0416 0.1081 0.0012 0.1969
7.7 120000 -3.52 1.9623 1.1116 0.4588 0.0776 0.0194 0.0496 0.0139 0.0876 0.0000 0.0451 0.0903 0.0078 0.3481
7.7 120000 -3.28 1.5106 1.9978 0.3386 0.0941 0.0174 0.0445 0.0125 0.1009 0.0013 0.0476 0.0663 0.0473 0.5754
7.7 120000 -3.04 1.1019 2.6970 0.2416 0.0992 0.0160 0.0409 0.0115 0.1096 0.0048 0.0455 0.0470 0.2461 0.8629
7.7 120000 -2.81 0.8514 2.9932 0.1833 0.0937 0.0150 0.0384 0.0107 0.1176 0.0090 0.0409 0.0357 0.6312 1.0480
7.7 120000 -2.57 0.6777 3.1423 0.1449 0.0859 0.0140 0.0358 0.0100 0.1288 0.0118 0.0370 0.0281 0.9427 1.1205
7.7 120000 -2.33 0.5526 3.1935 0.1182 0.0781 0.0129 0.0330 0.0092 0.1428 0.0137 0.0335 0.0227 1.1307 1.1385
7.7 120000 -2.09 0.4585 3.1390 0.0983 0.0703 0.0117 0.0300 0.0083 0.1591 0.0151 0.0301 0.0188 1.2564 1.1162
7.7 120000 -1.85 0.3851 2.9817 0.0826 0.0626 0.0105 0.0268 0.0075 0.1774 0.0159 0.0268 0.0158 1.3243 1.0566
7.7 120000 -1.61 0.3287 2.7481 0.0705 0.0555 0.0092 0.0236 0.0066 0.1963 0.0161 0.0237 0.0135 1.3383 0.9715
8.0 30000 -3.99 0.6731 0.0000 0.4466 0.0028 0.0010 0.0026 0.0000 0.0000 0.0000 0.0000 0.1029 0.0000 0.0000
8.0 30000 -3.73 0.8762 0.0000 0.4794 0.0053 0.0011 0.0029 0.0000 0.0000 0.0000 0.0000 0.1200 0.0000 0.0000
8.0 30000 -3.50 1.0457 0.0000 0.4632 0.0121 0.0012 0.0032 0.0000 0.0000 0.0000 0.0011 0.1304 0.0000 0.0000
8.0 30000 -3.25 1.2169 0.0000 0.4394 0.0212 0.0013 0.0033 0.0000 0.0000 0.0000 0.0013 0.1415 0.0000 0.0000
8.0 30000 -3.00 1.3194 0.0000 0.3764 0.0339 0.0013 0.0035 0.0010 0.0000 0.0000 0.0015 0.1471 0.0000 0.0010
8.0 30000 -2.75 1.3508 0.0015 0.2906 0.0474 0.0015 0.0039 0.0011 0.0000 0.0000 0.0018 0.1470 0.0000 0.0033
8.0 30000 -2.50 1.3382 0.0050 0.2165 0.0571 0.0018 0.0047 0.0014 0.0000 0.0000 0.0024 0.1422 0.0000 0.0058
8.0 30000 -2.25 1.3146 0.0147 0.1608 0.0633 0.0023 0.0060 0.0017 0.0000 0.0000 0.0032 0.1346 0.0000 0.0094
8.0 30000 -2.00 1.2873 0.0346 0.1193 0.0670 0.0029 0.0076 0.0022 0.0000 0.0000 0.0042 0.1256 0.0000 0.0142
8.0 30000 -1.75 1.2579 0.0627 0.0898 0.0691 0.0036 0.0094 0.0027 0.0000 0.0000 0.0054 0.1164 0.0000 0.0195
8.0 30000 -1.50 1.2249 0.0985 0.0671 0.0700 0.0044 0.0115 0.0032 0.0000 0.0000 0.0068 0.1062 0.0014 0.0257
8.0 32500 -3.99 1.0052 0.0000 0.5963 0.0069 0.0027 0.0069 0.0020 0.0000 0.0000 0.0020 0.1421 0.0000 0.0000
8.0 32500 -3.74 1.2733 0.0000 0.6189 0.0124 0.0030 0.0078 0.0022 0.0000 0.0000 0.0027 0.1628 0.0000 0.0000
8.0 32500 -3.50 1.6463 0.0000 0.6213 0.0264 0.0042 0.0107 0.0031 0.0000 0.0000 0.0044 0.1901 0.0000 0.0013
8.0 32500 -3.25 1.9758 0.0023 0.5724 0.0444 0.0043 0.0112 0.0032 0.0000 0.0000 0.0054 0.2101 0.0000 0.0051
8.0 32500 -3.02 2.2637 0.0076 0.4795 0.0671 0.0046 0.0118 0.0034 0.0000 0.0000 0.0066 0.2242 0.0000 0.0116
8.0 32500 -2.75 2.4686 0.0283 0.3603 0.0912 0.0051 0.0131 0.0037 0.0000 0.0000 0.0084 0.2274 0.0000 0.0240
8.0 32500 -2.51 2.5458 0.0779 0.2697 0.1075 0.0058 0.0151 0.0043 0.0000 0.0000 0.0104 0.2195 0.0000 0.0379
8.0 32500 -2.26 2.5578 0.1651 0.2026 0.1190 0.0069 0.0180 0.0051 0.0000 0.0000 0.0129 0.2071 0.0000 0.0533
8.0 32500 -2.00 2.5333 0.2849 0.1532 0.1272 0.0083 0.0215 0.0061 0.0000 0.0000 0.0160 0.1919 0.0000 0.0717
8.0 32500 -1.76 2.4891 0.4266 0.1178 0.1330 0.0098 0.0255 0.0072 0.0000 0.0000 0.0195 0.1745 0.0020 0.0933
8.0 32500 -1.51 2.4192 0.6046 0.0906 0.1374 0.0115 0.0298 0.0084 0.0000 0.0000 0.0237 0.1535 0.0073 0.1209
8.0 35000 -3.99 1.3967 0.0000 0.7117 0.0149 0.0062 0.0159 0.0046 0.0000 0.0000 0.0056 0.1806 0.0000 0.0000
8.0 35000 -3.74 1.7268 0.0016 0.7034 0.0256 0.0070 0.0182 0.0052 0.0000 0.0000 0.0075 0.2031 0.0000 0.0030
8.0 35000 -3.50 2.2673 0.0083 0.6762 0.0488 0.0112 0.0287 0.0082 0.0000 0.0000 0.0146 0.2368 0.0000 0.0123
8.0 35000 -3.25 2.6862 0.0299 0.5792 0.0758 0.0118 0.0302 0.0086 0.0000 0.0000 0.0181 0.2532 0.0000 0.0280
8.0 35000 -3.01 3.0697 0.1033 0.4573 0.1064 0.0124 0.0318 0.0090 0.0000 0.0000 0.0224 0.2541 0.0000 0.0595
8.0 35000 -2.75 3.2909 0.3056 0.3394 0.1349 0.0133 0.0343 0.0097 0.0000 0.0000 0.0275 0.2357 0.0000 0.1078
8.0 35000 -2.51 3.2774 0.6294 0.2518 0.1554 0.0148 0.0379 0.0107 0.0000 0.0000 0.0329 0.2096 0.0000 0.1568
8.0 35000 -2.25 3.1566 1.0141 0.1884 0.1706 0.0165 0.0425 0.0120 0.0000 0.0000 0.0392 0.1810 0.0000 0.2113
8.0 35000 -2.00 2.9792 1.4408 0.1432 0.1820 0.0183 0.0472 0.0133 0.0000 0.0000 0.0459 0.1502 0.0018 0.2773
8.0 35000 -1.76 2.7554 1.9065 0.1107 0.1907 0.0198 0.0510 0.0143 0.0000 0.0000 0.0524 0.1202 0.0045 0.3560
8.0 35000 -1.51 2.4977 2.4276 0.0864 0.1979 0.0206 0.0532 0.0149 0.0000 0.0000 0.0575 0.0937 0.0089 0.4495
8.0 37500 -3.99 1.7841 0.0044 0.7734 0.0270 0.0142 0.0365 0.0104 0.0000 0.0000 0.0163 0.2119 0.0000 0.0068
8.0 37500 -3.74 2.1716 0.0155 0.7200 0.0441 0.0159 0.0408 0.0116 0.0000 0.0000 0.0215 0.2334 0.0000 0.0158
8.0 37500 -3.50 2.6534 0.0448 0.6411 0.0710 0.0182 0.0466 0.0132 0.0000 0.0000 0.0291 0.2538 0.0000 0.0389
8.0 37500 -3.25 3.0391 0.1593 0.5117 0.1027 0.0193 0.0494 0.0140 0.0000 0.0000 0.0360 0.2496 0.0000 0.0811
8.0 37500 -3.00 3.2072 0.4865 0.3781 0.1348 0.0201 0.0515 0.0146 0.0000 0.0000 0.0431 0.2166 0.0000 0.1481
8.0 37500 -2.75 3.0340 1.0737 0.2698 0.1607 0.0207 0.0532 0.0150 0.0000 0.0000 0.0493 0.1727 0.0000 0.2287
8.0 37500 -2.50 2.7168 1.7302 0.1953 0.1790 0.0212 0.0543 0.0153 0.0000 0.0000 0.0543 0.1353 0.0000 0.3124
8.0 37500 -2.25 2.4030 2.3630 0.1466 0.1918 0.0214 0.0550 0.0155 0.0000 0.0000 0.0584 0.1057 0.0025 0.4024
8.0 37500 -2.00 2.1057 2.9893 0.1142 0.2010 0.0215 0.0553 0.0155 0.0000 0.0000 0.0617 0.0827 0.0053 0.5038
8.0 37500 -1.75 1.8219 3.6338 0.0918 0.2075 0.0215 0.0553 0.0155 0.0000 0.0000 0.0646 0.0650 0.0098 0.6238
8.0 37500 -1.51 1.5706 4.2810 0.0766 0.2120 0.0214 0.0553 0.0155 0.0000 0.0000 0.0672 0.0521 0.0164 0.7659
8.0 40000 -3.99 2.4917 0.0330 0.8872 0.0510 0.0215 0.0552 0.0157 0.0000 0.0000 0.0341 0.2655 0.0000 0.0354
8.0 40000 -3.74 2.9394 0.1163 0.7643 0.0771 0.0218 0.0561 0.0159 0.0000 0.0000 0.0406 0.2792 0.0000 0.0733
8.0 40000 -3.50 3.2411 0.2229 0.6042 0.1056 0.0217 0.0557 0.0157 0.0000 0.0000 0.0447 0.2693 0.0000 0.1169
8.0 40000 -3.25 3.3505 0.6799 0.4511 0.1395 0.0219 0.0561 0.0158 0.0000 0.0000 0.0513 0.2294 0.0000 0.2054
8.0 40000 -3.00 2.9462 1.5854 0.3133 0.1698 0.0220 0.0562 0.0159 0.0000 0.0000 0.0571 0.1680 0.0000 0.3191
8.0 40000 -2.75 2.4083 2.5746 0.2233 0.1912 0.0220 0.0563 0.0159 0.0000 0.0000 0.0618 0.1220 0.0010 0.4456
8.0 40000 -2.49 1.9626 3.4983 0.1659 0.2051 0.0219 0.0562 0.0158 0.0000 0.0000 0.0658 0.0907 0.0033 0.5950
8.0 40000 -2.24 1.6382 4.3182 0.1316 0.2127 0.0219 0.0561 0.0158 0.0000 0.0000 0.0690 0.0707 0.0066 0.7649
8.0 40000 -2.00 1.3838 5.0983 0.1094 0.2162 0.0218 0.0560 0.0157 0.0000 0.0018 0.0715 0.0569 0.0120 0.9643
8.0 40000 -1.74 1.1666 5.9298 0.0934 0.2169 0.0217 0.0558 0.0157 0.0000 0.0030 0.0736 0.0465 0.0204 1.2219
8.0 40000 -1.49 0.9955 6.7480 0.0825 0.2148 0.0216 0.0556 0.0156 0.0000 0.0045 0.0749 0.0391 0.0292 1.5229
8.0 45000 -3.99 2.8169 0.0543 0.9330 0.0628 0.0229 0.0588 0.0167 0.0000 0.0000 0.0397 0.2903 0.0000 0.0534
8.0 45000 -3.74 3.2870 0.1892 0.7852 0.0921 0.0229 0.0587 0.0166 0.0000 0.0000 0.0462 0.3008 0.0000 0.1076
8.0 45000 -3.50 3.6005 0.3652 0.5911 0.1248 0.0225 0.0577 0.0163 0.0000 0.0000 0.0513 0.2823 0.0000 0.1756
8.0 45000 -3.24 3.5211 1.0593 0.4297 0.1595 0.0224 0.0575 0.0162 0.0000 0.0000 0.0576 0.2285 0.0000 0.2946
8.0 45000 -2.99 2.9361 2.1836 0.3011 0.1880 0.0224 0.0572 0.0162 0.0000 0.0000 0.0629 0.1640 0.0011 0.4410
8.0 45000 -2.74 2.3073 3.3539 0.2158 0.2079 0.0223 0.0570 0.0161 0.0000 0.0000 0.0670 0.1172 0.0035 0.6168
8.0 45000 -2.49 1.8613 4.3769 0.1657 0.2186 0.0222 0.0569 0.0160 0.0000 0.0017 0.0695 0.0883 0.0084 0.8220
8.0 45000 -2.25 1.5401 5.2929 0.1351 0.2227 0.0221 0.0567 0.0160 0.0000 0.0033 0.0706 0.0697 0.0180 1.0533
8.0 45000 -1.99 1.2820 6.2025 0.1142 0.2226 0.0220 0.0565 0.0159 0.0000 0.0054 0.0707 0.0563 0.0324 1.3295
8.0 45000 -1.74 1.0784 7.1019 0.1000 0.2192 0.0219 0.0563 0.0158 0.0000 0.0079 0.0700 0.0467 0.0444 1.6496
8.0 45000 -1.49 0.9170 7.9853 0.0897 0.2128 0.0218 0.0561 0.0157 0.0000 0.0110 0.0684 0.0396 0.0509 2.0107
8.0 50000 -3.99 2.9918 0.0866 0.9978 0.0679 0.0240 0.0615 0.0174 0.0000 0.0000 0.0439 0.3050 0.0000 0.0696
8.0 50000 -3.75 3.4225 0.2953 0.8322 0.0982 0.0236 0.0604 0.0171 0.0000 0.0000 0.0502 0.3099 0.0000 0.1361
8.0 50000 -3.50 3.6400 0.6424 0.6187 0.1330 0.0230 0.0588 0.0166 0.0000 0.0000 0.0554 0.2815 0.0000 0.2231
8.0 50000 -3.25 3.2969 1.6190 0.4523 0.1675 0.0227 0.0581 0.0164 0.0000 0.0000 0.0614 0.2191 0.0019 0.3648
8.0 50000 -2.99 2.5571 2.9425 0.3183 0.1952 0.0225 0.0576 0.0163 0.0000 0.0000 0.0662 0.1532 0.0071 0.5424
8.0 50000 -2.74 1.9395 4.1833 0.2317 0.2113 0.0223 0.0572 0.0161 0.0000 0.0016 0.0690 0.1091 0.0237 0.7547
8.0 50000 -2.49 1.5388 5.2399 0.1816 0.2158 0.0222 0.0568 0.0160 0.0011 0.0036 0.0695 0.0830 0.0581 0.9838
8.0 50000 -2.24 1.2577 6.1953 0.1503 0.2137 0.0220 0.0565 0.0159 0.0015 0.0062 0.0686 0.0661 0.0911 1.2185
8.0 50000 -1.99 1.0422 7.1176 0.1291 0.2075 0.0219 0.0562 0.0158 0.0020 0.0093 0.0668 0.0540 0.1111 1.4654
8.0 50000 -1.74 0.8762 8.0154 0.1141 0.1985 0.0217 0.0558 0.0157 0.0028 0.0129 0.0642 0.0453 0.1297 1.7220
8.0 50000 -1.49 0.7442 8.8883 0.1028 0.1870 0.0215 0.0554 0.0156 0.0040 0.0170 0.0608 0.0388 0.1549 1.9760
8.0 55000 -4.00 3.1775 0.0694 0.9647 0.0774 0.0244 0.0627 0.0178 0.0000 0.0000 0.0477 0.3152 0.0000 0.0849
8.0 55000 -3.75 3.6952 0.2409 0.7934 0.1092 0.0239 0.0612 0.0174 0.0000 0.0000 0.0538 0.3177 0.0000 0.1638
8.0 55000 -3.50 3.9264 0.7548 0.6170 0.1450 0.0234 0.0599 0.0170 0.0000 0.0000 0.0600 0.2844 0.0000 0.2909
8.0 55000 -3.25 3.4846 1.9109 0.4463 0.1808 0.0230 0.0589 0.0167 0.0000 0.0000 0.0661 0.2131 0.0015 0.4724
8.0 55000 -3.00 2.6849 3.3674 0.3181 0.2085 0.0227 0.0582 0.0164 0.0000 0.0000 0.0713 0.1483 0.0060 0.6974
8.0 55000 -2.75 2.0399 4.7092 0.2353 0.2237 0.0225 0.0577 0.0163 0.0000 0.0016 0.0745 0.1063 0.0211 0.9697
8.0 55000 -2.50 1.6200 5.8610 0.1869 0.2272 0.0223 0.0573 0.0162 0.0000 0.0037 0.0754 0.0812 0.0566 1.2713
8.0 55000 -2.25 1.3164 6.9151 0.1558 0.2241 0.0222 0.0571 0.0161 0.0000 0.0064 0.0748 0.0644 0.0995 1.5897
8.0 55000 -2.00 1.0874 7.9064 0.1345 0.2173 0.0220 0.0568 0.0160 0.0000 0.0096 0.0732 0.0527 0.1248 1.9207
8.0 55000 -1.75 0.9071 8.8713 0.1187 0.2075 0.0219 0.0565 0.0159 0.0012 0.0134 0.0707 0.0440 0.1409 2.2727
8.0 55000 -1.50 0.7703 9.7559 0.1069 0.1957 0.0217 0.0562 0.0158 0.0017 0.0175 0.0675 0.0377 0.1572 2.6091
8.0 60000 -4.00 3.2693 0.1112 1.0786 0.0696 0.0247 0.0631 0.0179 0.0000 0.0000 0.0499 0.3232 0.0000 0.0958
8.0 60000 -3.75 3.7149 0.3734 0.9040 0.1007 0.0239 0.0610 0.0173 0.0000 0.0000 0.0557 0.3198 0.0000 0.1829
8.0 60000 -3.50 3.7405 1.1111 0.7103 0.1382 0.0232 0.0593 0.0168 0.0013 0.0000 0.0619 0.2763 0.0000 0.3259
8.0 60000 -3.25 3.1387 2.4191 0.5284 0.1743 0.0227 0.0580 0.0164 0.0015 0.0000 0.0675 0.2054 0.0026 0.5231
8.0 60000 -2.99 2.3100 3.9778 0.3754 0.2028 0.0223 0.0570 0.0160 0.0016 0.0012 0.0717 0.1410 0.0117 0.7907
8.0 60000 -2.75 1.7483 5.2772 0.2816 0.2133 0.0220 0.0563 0.0158 0.0018 0.0035 0.0721 0.1030 0.0415 1.0906
8.0 60000 -2.50 1.3780 6.4366 0.2234 0.2114 0.0218 0.0557 0.0156 0.0022 0.0069 0.0700 0.0793 0.1038 1.4193
8.0 60000 -2.25 1.1196 7.4642 0.1859 0.2039 0.0216 0.0553 0.0155 0.0028 0.0108 0.0669 0.0636 0.1579 1.7377
8.0 60000 -2.00 0.9276 8.4175 0.1597 0.1938 0.0214 0.0548 0.0153 0.0037 0.0151 0.0634 0.0526 0.1873 2.0560
8.0 60000 -1.75 0.7782 9.3329 0.1398 0.1814 0.0211 0.0542 0.0152 0.0051 0.0197 0.0593 0.0444 0.2163 2.3766
8.0 60000 -1.50 0.6635 10.1829 0.1245 0.1681 0.0209 0.0536 0.0150 0.0069 0.0244 0.0551 0.0382 0.2600 2.6717
8.0 80000 -4.00 3.5791 0.1865 1.2187 0.0796 0.0267 0.0682 0.0193 0.0016 0.0000 0.0558 0.3582 0.0000 0.1487
8.0 80000 -3.75 3.9512 0.6031 1.0046 0.1115 0.0251 0.0642 0.0181 0.0022 0.0000 0.0610 0.3493 0.0000 0.2700
8.0 80000 -3.50 3.7650 1.6386 0.7868 0.1489 0.0239 0.0610 0.0172 0.0027 0.0000 0.0668 0.2986 0.0034 0.4652
8.0 80000 -3.26 3.0067 3.2141 0.5908 0.1832 0.0230 0.0587 0.0165 0.0030 0.0000 0.0721 0.2226 0.0178 0.7368
8.0 80000 -3.01 2.1708 4.9436 0.4268 0.2030 0.0223 0.0571 0.0160 0.0032 0.0027 0.0743 0.1552 0.0879 1.0871
8.0 80000 -2.77 1.6362 6.3466 0.3240 0.1994 0.0219 0.0560 0.0157 0.0036 0.0071 0.0707 0.1151 0.2449 1.3936
8.0 80000 -2.53 1.2827 7.5510 0.2575 0.1859 0.0216 0.0552 0.0154 0.0043 0.0124 0.0651 0.0893 0.3708 1.6236
8.0 80000 -2.29 1.0391 8.5681 0.2124 0.1709 0.0213 0.0546 0.0152 0.0054 0.0176 0.0597 0.0720 0.4243 1.7874
8.0 80000 -2.04 0.8607 9.4686 0.1793 0.1555 0.0210 0.0539 0.0150 0.0069 0.0227 0.0546 0.0596 0.4698 1.9059
8.0 80000 -1.80 0.7245 10.3026 0.1536 0.1402 0.0207 0.0533 0.0148 0.0091 0.0278 0.0496 0.0502 0.5379 1.9800
8.0 80000 -1.55 0.6219 11.0482 0.1337 0.1260 0.0205 0.0526 0.0146 0.0120 0.0327 0.0450 0.0432 0.6422 2.0064
8.0 100000 -4.00 3.6963 0.2360 1.3538 0.0822 0.0261 0.0667 0.0188 0.0399 0.0000 0.0587 0.3783 0.0000 0.1770
8.0 100000 -3.76 4.0116 0.7583 1.1019 0.1134 0.0233 0.0595 0.0168 0.0521 0.0000 0.0633 0.3648 0.0014 0.3190
8.0 100000 -3.51 3.6755 1.9811 0.8524 0.1504 0.0210 0.0536 0.0151 0.0650 0.0000 0.0688 0.3066 0.0088 0.5527
8.0 100000 -3.27 2.8578 3.5930 0.6331 0.1825 0.0194 0.0494 0.0139 0.0747 0.0015 0.0728 0.2263 0.0485 0.8816
8.0 100000 -3.02 2.0869 5.0107 0.4548 0.1945 0.0183 0.0467 0.0131 0.0808 0.0057 0.0707 0.1600 0.2340 1.2854
8.0 100000 -2.79 1.6037 5.8014 0.3461 0.1855 0.0175 0.0446 0.0125 0.0874 0.0113 0.0646 0.1205 0.5615 1.5711
8.0 100000 -2.55 1.2734 6.3191 0.2749 0.1713 0.0166 0.0425 0.0119 0.0974 0.0158 0.0591 0.0945 0.7833 1.7211
8.0 100000 -2.31 1.0398 6.6643 0.2257 0.1567 0.0157 0.0401 0.0112 0.1104 0.0193 0.0540 0.0766 0.9184 1.8055
8.0 100000 -2.07 0.8668 6.8169 0.1893 0.1421 0.0147 0.0375 0.0104 0.1263 0.0222 0.0492 0.0636 1.0393 1.8409
8.0 100000 -1.82 0.7333 6.7625 0.1608 0.1277 0.0135 0.0345 0.0096 0.1448 0.0245 0.0443 0.0537 1.1421 1.8220
8.0 100000 -1.58 0.6313 6.5113 0.1387 0.1144 0.0123 0.0315 0.0087 0.1648 0.0259 0.0399 0.0463 1.2170 1.7511
8.0 120000 -4.00 3.7104 0.2446 1.4216 0.0822 0.0260 0.0663 0.0187 0.0553 0.0000 0.0596 0.3861 0.0000 0.1843
8.0 120000 -3.76 4.0160 0.7863 1.1541 0.1127 0.0227 0.0579 0.0163 0.0713 0.0000 0.0639 0.3715 0.0018 0.3311
8.0 120000 -3.51 3.6580 2.0439 0.8903 0.1493 0.0199 0.0508 0.0143 0.0889 0.0000 0.0691 0.3117 0.0116 0.5758
8.0 120000 -3.28 2.8267 3.6550 0.6572 0.1805 0.0179 0.0457 0.0129 0.1030 0.0018 0.0727 0.2295 0.0667 0.9238
8.0 120000 -3.03 2.0634 4.9224 0.4681 0.1896 0.0166 0.0423 0.0119 0.1126 0.0066 0.0693 0.1623 0.3170 1.3346
8.0 120000 -2.80 1.5926 5.4765 0.3547 0.1784 0.0156 0.0398 0.0111 0.1214 0.0124 0.0622 0.1228 0.6915 1.5792
8.0 120000 -2.56 1.2682 5.7868 0.2804 0.1633 0.0146 0.0373 0.0104 0.1336 0.0164 0.0562 0.0965 0.9160 1.6797
8.0 120000 -2.32 1.0362 5.9325 0.2289 0.1485 0.0135 0.0345 0.0096 0.1488 0.0193 0.0510 0.0782 1.0524 1.7190
8.0 120000 -2.08 0.8624 5.8876 0.1906 0.1339 0.0123 0.0315 0.0088 0.1666 0.0215 0.0460 0.0648 1.1633 1.7076
8.0 120000 -1.84 0.7272 5.6487 0.1607 0.1195 0.0111 0.0283 0.0079 0.1865 0.0229 0.0411 0.0545 1.2416 1.6421
8.0 120000 -1.60 0.6229 5.2552 0.1375 0.1064 0.0098 0.0250 0.0070 0.2072 0.0234 0.0366 0.0467 1.2752 1.5350
8.3 30000 -3.98 0.2238 0.0000 0.3325 0.0022 0.0010 0.0027 0.0000 0.0000 0.0000 0.0000 0.1261 0.0000 0.0000
8.3 30000 -3.72 0.3718 0.0000 0.4063 0.0046 0.0012 0.0031 0.0000 0.0000 0.0000 0.0000 0.1701 0.0000 0.0000
8.3 30000 -3.48 0.5917 0.0000 0.4626 0.0124 0.0013 0.0034 0.0000 0.0000 0.0000 0.0015 0.2203 0.0000 0.0000
8.3 30000 -3.23 0.8530 0.0000 0.4950 0.0248 0.0013 0.0035 0.0010 0.0000 0.0000 0.0020 0.2714 0.0000 0.0000
8.3 30000 -2.98 1.0471 0.0000 0.4559 0.0430 0.0014 0.0037 0.0011 0.0000 0.0000 0.0024 0.3043 0.0000 0.0000
8.3 30000 -2.72 1.1449 0.0015 0.3647 0.0631 0.0016 0.0041 0.0012 0.0000 0.0000 0.0030 0.3163 0.0000 0.0000
8.3 30000 -2.47 1.1780 0.0051 0.2777 0.0779 0.0019 0.0049 0.0014 0.0000 0.0000 0.0039 0.3131 0.0000 0.0025
8.3 30000 -2.22 1.1883 0.0147 0.2101 0.0876 0.0023 0.0061 0.0018 0.0000 0.0000 0.0052 0.3012 0.0000 0.0042
8.3 30000 -1.97 1.1901 0.0348 0.1590 0.0938 0.0030 0.0078 0.0022 0.0000 0.0000 0.0070 0.2850 0.0000 0.0066
8.3 30000 -1.73 1.1854 0.0623 0.1215 0.0975 0.0037 0.0097 0.0028 0.0000 0.0000 0.0089 0.2673 0.0000 0.0093
8.3 30000 -1.48 1.1784 0.0956 0.0924 0.0996 0.0045 0.0119 0.0033 0.0000 0.0000 0.0112 0.2474 0.0021 0.0126
8.3 32500 -3.98 0.3923 0.0000 0.4807 0.0058 0.0026 0.0069 0.0020 0.0000 0.0000 0.0019 0.1905 0.0000 0.0000
8.3 32500 -3.73 0.6130 0.0000 0.5591 0.0115 0.0030 0.0079 0.0023 0.0000 0.0000 0.0030 0.2471 0.0000 0.0000
8.3 32500 -3.49 1.0262 0.0000 0.6516 0.0284 0.0042 0.0110 0.0032 0.0000 0.0000 0.0059 0.3366 0.0000 0.0000
8.3 32500 -3.23 1.4661 0.0023 0.6646 0.0529 0.0044 0.0115 0.0033 0.0000 0.0000 0.0080 0.4132 0.0000 0.0010
8.3 32500 -2.99 1.8641 0.0075 0.5935 0.0854 0.0046 0.0120 0.0034 0.0000 0.0000 0.0103 0.4697 0.0000 0.0044
8.3 32500 -2.72 2.1722 0.0283 0.4601 0.1219 0.0051 0.0132 0.0038 0.0000 0.0000 0.0134 0.4961 0.0000 0.0103
8.3 32500 -2.48 2.3132 0.0777 0.3505 0.1465 0.0059 0.0152 0.0044 0.0000 0.0000 0.0167 0.4886 0.0000 0.0168
8.3 32500 -2.23 2.3784 0.1630 0.2676 0.1638 0.0069 0.0180 0.0051 0.0000 0.0000 0.0207 0.4683 0.0000 0.0238
8.3 32500 -1.98 2.4053 0.2772 0.2054 0.1763 0.0083 0.0216 0.0061 0.0000 0.0000 0.0255 0.4410 0.0000 0.0320
8.3 32500 -1.73 2.4153 0.4084 0.1601 0.1853 0.0098 0.0256 0.0073 0.0000 0.0000 0.0312 0.4081 0.0029 0.0417
8.3 32500 -1.48 2.4092 0.5708 0.1247 0.1923 0.0115 0.0300 0.0085 0.0000 0.0000 0.0379 0.3666 0.0097 0.0549
8.3 35000 -3.98 0.6799 0.0000 0.6495 0.0139 0.0060 0.0157 0.0045 0.0000 0.0000 0.0061 0.2758 0.0000 0.0000
8.3 35000 -3.73 0.9985 0.0013 0.7066 0.0262 0.0070 0.0183 0.0052 0.0000 0.0000 0.0091 0.3432 0.0000 0.0000
8.3 35000 -3.49 1.6294 0.0074 0.7722 0.0565 0.0112 0.0291 0.0083 0.0000 0.0000 0.0204 0.4561 0.0000 0.0035
8.3 35000 -3.23 2.1755 0.0284 0.7103 0.0945 0.0119 0.0307 0.0087 0.0000 0.0000 0.0273 0.5246 0.0000 0.0101
8.3 35000 -2.97 2.4251 0.0574 0.5803 0.1249 0.0084 0.0218 0.0062 0.0000 0.0000 0.0224 0.5457 0.0000 0.0140
8.3 35000 -2.72 3.0021 0.3036 0.4434 0.1816 0.0134 0.0345 0.0098 0.0000 0.0000 0.0436 0.5275 0.0000 0.0467
8.3 35000 -2.47 3.0775 0.6244 0.3335 0.2115 0.0147 0.0380 0.0108 0.0000 0.0000 0.0524 0.4792 0.0000 0.0686
8.3 35000 -2.22 3.0465 0.9962 0.2532 0.2330 0.0165 0.0426 0.0120 0.0000 0.0000 0.0622 0.4235 0.0000 0.0926
8.3 35000 -1.97 2.9645 1.4079 0.1948 0.2492 0.0183 0.0473 0.0134 0.0000 0.0000 0.0733 0.3605 0.0021 0.1235
8.3 35000 -1.73 2.8363 1.8659 0.1526 0.2615 0.0198 0.0514 0.0145 0.0000 0.0000 0.0846 0.2952 0.0046 0.1637
8.3 35000 -1.49 2.6635 2.4005 0.1204 0.2718 0.0209 0.0541 0.0152 0.0000 0.0000 0.0945 0.2336 0.0084 0.2161
8.3 37500 -3.99 1.1052 0.0033 0.8165 0.0285 0.0140 0.0363 0.0103 0.0000 0.0000 0.0207 0.3746 0.0000 0.0000
8.3 37500 -3.73 1.5334 0.0129 0.8214 0.0500 0.0158 0.0410 0.0117 0.0000 0.0000 0.0295 0.4462 0.0000 0.0041
8.3 37500 -3.49 2.1328 0.0409 0.7918 0.0869 0.0183 0.0471 0.0134 0.0000 0.0000 0.0434 0.5256 0.0000 0.0130
8.3 37500 -3.23 2.6634 0.1544 0.6662 0.1330 0.0194 0.0501 0.0142 0.0000 0.0000 0.0567 0.5478 0.0000 0.0320
8.3 37500 -2.98 2.9543 0.4839 0.5050 0.1802 0.0203 0.0523 0.0148 0.0000 0.0000 0.0696 0.4924 0.0000 0.0635
8.3 37500 -2.72 2.8828 1.0742 0.3640 0.2173 0.0210 0.0541 0.0153 0.0000 0.0000 0.0804 0.4003 0.0000 0.1009
8.3 37500 -2.47 2.6647 1.7371 0.2662 0.2429 0.0215 0.0553 0.0156 0.0000 0.0000 0.0890 0.3195 0.0000 0.1414
8.3 37500 -2.22 2.4412 2.3881 0.2021 0.2607 0.0217 0.0560 0.0158 0.0000 0.0000 0.0961 0.2548 0.0026 0.1888
8.3 37500 -1.97 2.2220 3.0567 0.1596 0.2738 0.0218 0.0564 0.0159 0.0000 0.0000 0.1021 0.2035 0.0050 0.2457
8.3 37500 -1.73 1.9960 3.7791 0.1300 0.2837 0.0219 0.0565 0.0159 0.0000 0.0000 0.1077 0.1628 0.0085 0.3159
8.3 37500 -1.48 1.7806 4.5433 0.1098 0.2913 0.0218 0.0565 0.0159 0.0000 0.0013 0.1129 0.1324 0.0133 0.4017
8.3 40000 -3.99 2.2246 0.0314 1.1698 0.0652 0.0217 0.0561 0.0159 0.0000 0.0000 0.0553 0.5883 0.0000 0.0145
8.3 40000 -3.73 2.8228 0.1170 1.0585 0.1026 0.0221 0.0570 0.0162 0.0000 0.0000 0.0683 0.6481 0.0000 0.0340
8.3 40000 -3.49 3.1463 0.2266 0.8461 0.1423 0.0220 0.0566 0.0161 0.0000 0.0000 0.0753 0.6330 0.0000 0.0553
8.3 40000 -3.23 3.4107 0.7088 0.6494 0.1930 0.0222 0.0570 0.0162 0.0000 0.0000 0.0880 0.5611 0.0000 0.1049
8.3 40000 -2.97 3.0994 1.6511 0.4548 0.2360 0.0223 0.0572 0.0162 0.0000 0.0000 0.0976 0.4205 0.0000 0.1658
8.3 40000 -2.72 2.6055 2.7076 0.3234 0.2650 0.0223 0.0573 0.0162 0.0000 0.0000 0.1050 0.3078 0.0012 0.2332
8.3 40000 -2.46 2.2045 3.7314 0.2423 0.2844 0.0223 0.0573 0.0162 0.0000 0.0000 0.1119 0.2328 0.0029 0.3186
8.3 40000 -2.21 1.9060 4.7073 0.1940 0.2960 0.0222 0.0572 0.0161 0.0000 0.0013 0.1181 0.1839 0.0052 0.4242
8.3 40000 -1.97 1.6655 5.6802 0.1633 0.3027 0.0222 0.0571 0.0161 0.0000 0.0024 0.1236 0.1502 0.0084 0.5538
8.3 40000 -1.71 1.4470 6.7708 0.1411 0.3062 0.0221 0.0570 0.0160 0.0000 0.0040 0.1288 0.1242 0.0121 0.7285
8.3 40000 -1.47 1.2656 7.8878 0.1261 0.3060 0.0220 0.0568 0.0160 0.0000 0.0063 0.1329 0.1054 0.0140 0.9413
8.3 45000 -3.99 2.8342 0.0572 1.3143 0.0860 0.0232 0.0599 0.0170 0.0000 0.0000 0.0690 0.6920 0.0000 0.0276
8.3 45000 -3.74 3.4897 0.2063 1.1517 0.1295 0.0232 0.0597 0.0170 0.0000 0.0000 0.0825 0.7433 0.0000 0.0605
8.3 45000 -3.48 3.8302 0.3967 0.8733 0.1766 0.0228 0.0587 0.0167 0.0000 0.0000 0.0911 0.7040 0.0000 0.0989
8.3 45000 -3.23 3.8677 1.1595 0.6448 0.2283 0.0228 0.0585 0.0166 0.0000 0.0000 0.1026 0.5868 0.0000 0.1718
8.3 45000 -2.97 3.3103 2.3844 0.4518 0.2681 0.0227 0.0583 0.0165 0.0000 0.0000 0.1108 0.4271 0.0000 0.2553
8.3 45000 -2.71 2.6766 3.6889 0.3233 0.2947 0.0226 0.0581 0.0164 0.0000 0.0000 0.1170 0.3073 0.0024 0.3551
8.3 45000 -2.46 2.2301 4.8811 0.2501 0.3097 0.0226 0.0579 0.0164 0.0000 0.0023 0.1216 0.2347 0.0046 0.4791
8.3 45000 -2.22 1.8965 6.0474 0.2053 0.3167 0.0225 0.0578 0.0163 0.0000 0.0045 0.1246 0.1866 0.0082 0.6346
8.3 45000 -1.96 1.6232 7.2481 0.1755 0.3187 0.0224 0.0577 0.0163 0.0000 0.0075 0.1263 0.1523 0.0120 0.8286
8.3 45000 -1.72 1.3983 8.4880 0.1550 0.3165 0.0223 0.0575 0.0162 0.0000 0.0113 0.1266 0.1275 0.0152 1.0658
8.3 45000 -1.47 1.2128 9.7534 0.1403 0.3102 0.0223 0.0573 0.0162 0.0000 0.0160 0.1254 0.1091 0.0189 1.3478
8.3 50000 -3.99 3.2756 0.0974 1.4747 0.0972 0.0244 0.0628 0.0178 0.0000 0.0000 0.0804 0.7671 0.0000 0.0424
8.3 50000 -3.74 3.9104 0.3387 1.2723 0.1432 0.0240 0.0616 0.0175 0.0000 0.0000 0.0934 0.8031 0.0000 0.0880
8.3 50000 -3.49 4.1466 0.7301 0.9486 0.1940 0.0233 0.0599 0.0170 0.0000 0.0000 0.1020 0.7341 0.0000 0.1414
8.3 50000 -3.23 3.8679 1.8406 0.7003 0.2451 0.0231 0.0592 0.0168 0.0000 0.0000 0.1123 0.5858 0.0013 0.2329
8.3 50000 -2.97 3.0965 3.3444 0.4925 0.2837 0.0229 0.0587 0.0166 0.0000 0.0000 0.1195 0.4147 0.0035 0.3409
8.3 50000 -2.71 2.4212 4.8068 0.3583 0.3056 0.0227 0.0583 0.0165 0.0000 0.0022 0.1239 0.2974 0.0091 0.4736
8.3 50000 -2.47 1.9835 6.1201 0.2834 0.3126 0.0226 0.0580 0.0164 0.0011 0.0050 0.1254 0.2291 0.0182 0.6302
8.3 50000 -2.22 1.6602 7.4307 0.2361 0.3115 0.0225 0.0577 0.0163 0.0014 0.0088 0.1251 0.1833 0.0273 0.8155
8.3 50000 -2.01 1.4484 8.5286 0.2092 0.3069 0.0224 0.0575 0.0162 0.0018 0.0127 0.1239 0.1561 0.0359 0.9900
8.3 50000 -1.76 1.2390 9.8789 0.1856 0.2973 0.0222 0.0572 0.0161 0.0026 0.0183 0.1212 0.1313 0.0514 1.2248
8.3 50000 -1.47 1.0469 11.4569 0.1658 0.2817 0.0221 0.0568 0.0160 0.0038 0.0262 0.1162 0.1104 0.0753 1.5162
8.3 55000 -3.99 3.6835 0.0823 1.4665 0.1147 0.0249 0.0641 0.0182 0.0000 0.0000 0.0903 0.8204 0.0000 0.0578
8.3 55000 -3.74 4.4353 0.2915 1.2416 0.1647 0.0243 0.0625 0.0178 0.0000 0.0000 0.1031 0.8488 0.0000 0.1175
8.3 55000 -3.49 4.8414 0.9202 0.9846 0.2212 0.0238 0.0611 0.0174 0.0000 0.0000 0.1156 0.7803 0.0000 0.2149
8.3 55000 -3.23 4.3886 2.3060 0.7149 0.2747 0.0234 0.0600 0.0170 0.0000 0.0000 0.1257 0.5958 0.0011 0.3432
8.3 55000 -2.97 3.4663 4.0452 0.5074 0.3132 0.0231 0.0593 0.0168 0.0000 0.0000 0.1333 0.4172 0.0031 0.4909
8.3 55000 -2.72 2.6915 5.6966 0.3741 0.3336 0.0229 0.0588 0.0167 0.0000 0.0022 0.1384 0.2990 0.0089 0.6713
8.3 55000 -2.47 2.1771 7.1995 0.2978 0.3385 0.0228 0.0585 0.0166 0.0000 0.0053 0.1404 0.2289 0.0207 0.8887
8.3 55000 -2.22 1.8022 8.6591 0.2496 0.3353 0.0227 0.0583 0.0165 0.0000 0.0095 0.1404 0.1825 0.0323 1.1420
8.3 55000 -2.03 1.5680 9.7986 0.2227 0.3294 0.0226 0.0581 0.0164 0.0000 0.0134 0.1393 0.1560 0.0408 1.3643
8.3 55000 -1.72 1.2804 11.5577 0.1924 0.3154 0.0225 0.0579 0.0163 0.0011 0.0208 0.1358 0.1259 0.0588 1.7470
8.3 55000 -1.48 1.1003 12.9405 0.1742 0.3003 0.0223 0.0577 0.0163 0.0016 0.0277 0.1310 0.1083 0.0770 2.0732
8.3 60000 -3.99 4.0001 0.1379 1.6836 0.1057 0.0252 0.0646 0.0183 0.0000 0.0000 0.0973 0.8704 0.0000 0.0722
8.3 60000 -3.74 4.6788 0.4691 1.4465 0.1549 0.0244 0.0625 0.0177 0.0000 0.0000 0.1097 0.8812 0.0000 0.1429
8.3 60000 -3.49 4.8283 1.3977 1.1542 0.2138 0.0237 0.0606 0.0172 0.0013 0.0000 0.1216 0.7797 0.0000 0.2573
8.3 60000 -3.24 4.1545 3.0205 0.8616 0.2686 0.0232 0.0593 0.0168 0.0015 0.0000 0.1310 0.5895 0.0016 0.4029
8.3 60000 -2.97 3.1446 4.9576 0.6101 0.3097 0.0228 0.0582 0.0165 0.0017 0.0017 0.1372 0.4068 0.0056 0.5889
8.3 60000 -2.72 2.4289 6.6215 0.4567 0.3239 0.0225 0.0576 0.0163 0.0019 0.0050 0.1374 0.2971 0.0172 0.8020
8.3 60000 -2.47 1.9472 8.2013 0.3633 0.3211 0.0223 0.0571 0.0161 0.0022 0.0104 0.1338 0.2290 0.0372 1.0596
8.3 60000 -2.22 1.6076 9.6935 0.3041 0.3116 0.0221 0.0567 0.0160 0.0028 0.0166 0.1292 0.1846 0.0553 1.3389
8.3 60000 -2.04 1.4086 10.7836 0.2720 0.3021 0.0220 0.0564 0.0159 0.0034 0.0218 0.1253 0.1603 0.0689 1.5626
8.3 60000 -1.73 1.1466 12.5975 0.2314 0.2824 0.0218 0.0559 0.0157 0.0050 0.0317 0.1174 0.1299 0.1037 1.9657
8.3 60000 -1.48 0.9867 13.9887 0.2070 0.2643 0.0216 0.0554 0.0155 0.0068 0.0403 0.1102 0.1122 0.1380 2.2819
8.3 80000 -4.00 5.1821 0.2728 2.0682 0.1336 0.0274 0.0703 0.0199 0.0016 0.0000 0.1196 1.0671 0.0000 0.1547
8.3 80000 -3.75 5.8160 0.8805 1.7351 0.1880 0.0258 0.0661 0.0187 0.0022 0.0000 0.1311 1.0548 0.0000 0.2834
8.3 80000 -3.50 5.6327 2.3779 1.3726 0.2509 0.0245 0.0628 0.0177 0.0027 0.0000 0.1429 0.9154 0.0027 0.4818
8.3 80000 -3.25 4.5847 4.6286 1.0324 0.3068 0.0236 0.0604 0.0170 0.0030 0.0011 0.1525 0.6890 0.0122 0.7354
8.3 80000 -2.99 3.3604 7.0567 0.7425 0.3365 0.0230 0.0588 0.0165 0.0033 0.0045 0.1551 0.4801 0.0517 1.0394
8.3 80000 -2.75 2.5501 9.0318 0.5611 0.3281 0.0226 0.0577 0.0162 0.0037 0.0117 0.1468 0.3540 0.1144 1.3121
8.3 80000 -2.50 2.0112 10.8061 0.4454 0.3055 0.0223 0.0570 0.0160 0.0043 0.0209 0.1354 0.2740 0.1725 1.5477
8.3 80000 -2.26 1.6382 12.3823 0.3680 0.2818 0.0220 0.0564 0.0158 0.0054 0.0301 0.1250 0.2207 0.2330 1.7408
8.3 80000 -2.02 1.3648 13.8289 0.3114 0.2578 0.0218 0.0559 0.0156 0.0069 0.0396 0.1148 0.1827 0.2984 1.8961
8.3 80000 -1.78 1.1540 15.2017 0.2671 0.2337 0.0216 0.0553 0.0154 0.0090 0.0493 0.1048 0.1541 0.3799 2.0043
8.3 80000 -1.53 0.9940 16.4512 0.2326 0.2109 0.0213 0.0547 0.0153 0.0119 0.0588 0.0954 0.1326 0.4792 2.0571
8.3 100000 -4.00 5.8491 0.3744 2.3878 0.1454 0.0271 0.0692 0.0196 0.0401 0.0000 0.1321 1.1879 0.0000 0.2181
8.3 100000 -3.75 6.4424 1.2022 1.9753 0.2012 0.0242 0.0618 0.0175 0.0524 0.0000 0.1430 1.1589 0.0015 0.3950
8.3 100000 -3.50 5.9782 3.1269 1.5404 0.2665 0.0218 0.0556 0.0157 0.0659 0.0000 0.1544 0.9842 0.0083 0.6690
8.3 100000 -3.26 4.6962 5.6337 1.1448 0.3211 0.0201 0.0513 0.0144 0.0763 0.0027 0.1618 0.7293 0.0410 1.0195
8.3 100000 -3.01 3.4382 7.8113 0.8183 0.3389 0.0190 0.0484 0.0136 0.0829 0.0103 0.1557 0.5121 0.1694 1.4148
8.3 100000 -2.77 2.6394 9.0797 0.6195 0.3209 0.0182 0.0465 0.0130 0.0895 0.0205 0.1416 0.3831 0.3641 1.6958
8.3 100000 -2.53 2.0983 9.9934 0.4913 0.2954 0.0174 0.0444 0.0124 0.0997 0.0291 0.1294 0.2992 0.4937 1.8681
8.3 100000 -2.29 1.7198 10.6876 0.4038 0.2708 0.0165 0.0421 0.0118 0.1133 0.0362 0.1188 0.2424 0.5877 1.9920
8.3 100000 -2.05 1.4393 11.1090 0.3392 0.2465 0.0155 0.0395 0.0110 0.1300 0.0425 0.1085 0.2015 0.6983 2.0705
8.3 100000 -1.81 1.2234 11.2110 0.2889 0.2226 0.0143 0.0366 0.0102 0.1497 0.0480 0.0984 0.1705 0.8200 2.0936
8.3 100000 -1.57 1.0586 10.9805 0.2499 0.2004 0.0131 0.0336 0.0094 0.1712 0.0518 0.0889 0.1471 0.9227 2.0582
8.3 120000 -4.00 6.0559 0.4002 2.5375 0.1481 0.0270 0.0690 0.0195 0.0559 0.0000 0.1364 1.2350 0.0000 0.2410
8.3 120000 -3.76 6.6469 1.2858 2.0916 0.2037 0.0236 0.0603 0.0170 0.0722 0.0000 0.1467 1.2006 0.0020 0.4349
8.3 120000 -3.51 6.1213 3.3300 1.6262 0.2694 0.0207 0.0529 0.0149 0.0904 0.0000 0.1579 1.0167 0.0117 0.7388
8.3 120000 -3.26 4.7717 5.9216 1.2024 0.3238 0.0186 0.0476 0.0134 0.1054 0.0034 0.1648 0.7507 0.0614 1.1342
8.3 120000 -3.01 3.4870 7.9603 0.8535 0.3375 0.0173 0.0441 0.0124 0.1156 0.0124 0.1560 0.5274 0.2483 1.5670
8.3 120000 -2.78 2.6836 8.9239 0.6438 0.3155 0.0163 0.0417 0.0117 0.1246 0.0235 0.1394 0.3960 0.4931 1.8230
8.3 120000 -2.54 2.1381 9.5425 0.5086 0.2884 0.0154 0.0392 0.0110 0.1376 0.0315 0.1261 0.3101 0.6252 1.9502
8.3 120000 -2.30 1.7526 9.9264 0.4158 0.2629 0.0143 0.0365 0.0102 0.1539 0.0376 0.1148 0.2513 0.7322 2.0289
8.3 120000 -2.06 1.4652 10.0132 0.3471 0.2380 0.0131 0.0335 0.0094 0.1730 0.0427 0.1041 0.2085 0.8501 2.0583
8.3 120000 -1.82 1.2421 9.7694 0.2936 0.2135 0.0119 0.0303 0.0085 0.1946 0.0465 0.0936 0.1759 0.9563 2.0262
8.3 120000 -1.58 1.0709 9.2428 0.2522 0.1910 0.0106 0.0271 0.0075 0.2172 0.0485 0.0839 0.1513 1.0223 1.9399
8.6 30000 -3.96 0.0110 0.0000 0.0545 0.0000 0.0011 0.0029 0.0000 0.0000 0.0000 0.0000 0.0395 0.0000 0.0000
8.6 30000 -3.69 0.0194 0.0000 0.0800 0.0022 0.0020 0.0053 0.0015 0.0000 0.0000 0.0000 0.0618 0.0000 0.0000
8.6 30000 -3.46 0.0581 0.0000 0.1723 0.0052 0.0014 0.0037 0.0011 0.0000 0.0000 0.0000 0.1303 0.0000 0.0000
8.6 30000 -3.19 0.1433 0.0000 0.2447 0.0144 0.0014 0.0037 0.0011 0.0000 0.0000 0.0010 0.2190 0.0000 0.0000
8.6 30000 -2.94 0.3115 0.0000 0.3090 0.0350 0.0015 0.0039 0.0011 0.0000 0.0000 0.0017 0.3483 0.0000 0.0000
8.6 30000 -2.68 0.4681 0.0011 0.2964 0.0618 0.0016 0.0043 0.0012 0.0000 0.0000 0.0024 0.4438 0.0000 0.0000
8.6 30000 -2.43 0.5602 0.0036 0.2470 0.0825 0.0019 0.0050 0.0015 0.0000 0.0000 0.0032 0.4830 0.0000 0.0000
8.6 30000 -2.18 0.6187 0.0102 0.1986 0.0965 0.0024 0.0063 0.0018 0.0000 0.0000 0.0043 0.4904 0.0000 0.0000
8.6 30000 -1.93 0.6644 0.0240 0.1580 0.1063 0.0030 0.0080 0.0023 0.0000 0.0000 0.0058 0.4829 0.0000 0.0011
8.6 30000 -1.69 0.6997 0.0417 0.1256 0.1130 0.0038 0.0099 0.0028 0.0000 0.0000 0.0074 0.4680 0.0000 0.0030
8.6 30000 -1.45 0.7344 0.0610 0.0989 0.1179 0.0046 0.0122 0.0034 0.0000 0.0000 0.0094 0.4474 0.0028 0.0046
8.6 32500 -3.96 0.0311 0.0000 0.1303 0.0034 0.0044 0.0119 0.0034 0.0000 0.0000 0.0000 0.0975 0.0000 0.0000
8.6 32500 -3.71 0.0687 0.0000 0.2202 0.0063 0.0040 0.0105 0.0030 0.0000 0.0000 0.0011 0.1590 0.0000 0.0000
8.6 32500 -3.46 0.1309 0.0000 0.2786 0.0136 0.0044 0.0116 0.0033 0.0000 0.0000 0.0019 0.2294 0.0000 0.0000
8.6 32500 -3.20 0.3271 0.0011 0.3807 0.0353 0.0045 0.0119 0.0034 0.0000 0.0000 0.0044 0.3890 0.0000 0.0000
8.6 32500 -2.95 0.6767 0.0049 0.4462 0.0753 0.0047 0.0123 0.0035 0.0000 0.0000 0.0075 0.5979 0.0000 0.0000
8.6 32500 -2.68 1.0525 0.0199 0.4065 0.1259 0.0051 0.0133 0.0038 0.0000 0.0000 0.0107 0.7567 0.0000 0.0012
8.6 32500 -2.43 1.2677 0.0549 0.3329 0.1611 0.0058 0.0152 0.0043 0.0000 0.0000 0.0136 0.8049 0.0000 0.0036
8.6 32500 -2.19 1.4011 0.1121 0.2669 0.1858 0.0068 0.0179 0.0051 0.0000 0.0000 0.0168 0.8086 0.0000 0.0051
8.6 32500 -1.94 1.5020 0.1836 0.2128 0.2042 0.0082 0.0214 0.0061 0.0000 0.0000 0.0208 0.7917 0.0000 0.0070
8.6 32500 -1.70 1.5926 0.2616 0.1711 0.2184 0.0097 0.0254 0.0072 0.0000 0.0000 0.0255 0.7600 0.0036 0.0097
8.6 32500 -1.45 1.6855 0.3561 0.1370 0.2304 0.0114 0.0300 0.0084 0.0000 0.0000 0.0314 0.7099 0.0108 0.0137
8.6 35000 -3.98 0.1060 0.0000 0.3124 0.0089 0.0084 0.0223 0.0064 0.0000 0.0000 0.0031 0.2193 0.0000 0.0000
8.6 35000 -3.72 0.1760 0.0000 0.3622 0.0171 0.0100 0.0265 0.0076 0.0000 0.0000 0.0050 0.2901 0.0000 0.0000
8.6 35000 -3.47 0.3216 0.0024 0.4258 0.0345 0.0113 0.0296 0.0084 0.0000 0.0000 0.0085 0.4048 0.0000 0.0000
8.6 35000 -3.20 0.6906 0.0148 0.5004 0.0760 0.0120 0.0314 0.0090 0.0000 0.0000 0.0162 0.6143 0.0000 0.0000
8.6 35000 -2.93 1.2187 0.0681 0.4961 0.1377 0.0125 0.0325 0.0093 0.0000 0.0000 0.0259 0.8028 0.0000 0.0040
8.6 35000 -2.68 1.6402 0.2136 0.4184 0.1964 0.0132 0.0345 0.0098 0.0000 0.0000 0.0346 0.8602 0.0000 0.0095
8.6 35000 -2.43 1.8513 0.4380 0.3326 0.2383 0.0145 0.0378 0.0107 0.0000 0.0000 0.0423 0.8343 0.0000 0.0145
8.6 35000 -2.18 1.9775 0.6814 0.2630 0.2678 0.0162 0.0422 0.0120 0.0000 0.0000 0.0504 0.7785 0.0000 0.0199
8.6 35000 -1.94 2.0723 0.9482 0.2093 0.2904 0.0181 0.0471 0.0133 0.0000 0.0000 0.0601 0.6971 0.0022 0.0281
8.6 35000 -1.70 2.1349 1.2572 0.1682 0.3083 0.0197 0.0514 0.0145 0.0000 0.0000 0.0707 0.5965 0.0043 0.0401
8.6 35000 -1.46 2.1642 1.6436 0.1357 0.3236 0.0210 0.0548 0.0154 0.0000 0.0000 0.0813 0.4879 0.0073 0.0579
8.6 37500 -3.98 0.2022 0.0000 0.4377 0.0176 0.0146 0.0384 0.0110 0.0000 0.0000 0.0089 0.3249 0.0000 0.0000
8.6 37500 -3.72 0.3338 0.0033 0.4884 0.0329 0.0166 0.0437 0.0124 0.0000 0.0000 0.0138 0.4267 0.0000 0.0000
8.6 37500 -3.47 0.5843 0.0161 0.5371 0.0626 0.0182 0.0477 0.0136 0.0000 0.0000 0.0222 0.5731 0.0000 0.0000
8.6 37500 -3.20 1.0626 0.0858 0.5507 0.1195 0.0196 0.0509 0.0145 0.0000 0.0000 0.0367 0.7487 0.0000 0.0033
8.6 37500 -2.94 1.5063 0.3174 0.4736 0.1858 0.0205 0.0533 0.0151 0.0000 0.0000 0.0520 0.7807 0.0000 0.0100
8.6 37500 -2.68 1.6675 0.7349 0.3627 0.2370 0.0212 0.0551 0.0157 0.0000 0.0000 0.0636 0.6843 0.0000 0.0186
8.6 37500 -2.43 1.6926 1.1995 0.2757 0.2710 0.0218 0.0566 0.0160 0.0000 0.0000 0.0723 0.5763 0.0011 0.0287
8.6 37500 -2.18 1.6915 1.6758 0.2162 0.2952 0.0221 0.0574 0.0163 0.0000 0.0000 0.0797 0.4814 0.0025 0.0424
8.6 37500 -1.94 1.6621 2.2015 0.1754 0.3137 0.0222 0.0578 0.0163 0.0000 0.0000 0.0863 0.3990 0.0044 0.0608
8.6 37500 -1.69 1.5990 2.8206 0.1465 0.3291 0.0223 0.0580 0.0164 0.0000 0.0000 0.0926 0.3293 0.0071 0.0851
8.6 37500 -1.45 1.5089 3.5297 0.1266 0.3422 0.0223 0.0580 0.0163 0.0000 0.0000 0.0988 0.2747 0.0103 0.1161
8.6 40000 -3.98 0.5725 0.0061 0.7594 0.0437 0.0210 0.0550 0.0157 0.0000 0.0000 0.0263 0.6154 0.0000 0.0000
8.6 40000 -3.72 0.9098 0.0275 0.7904 0.0769 0.0218 0.0569 0.0162 0.0000 0.0000 0.0373 0.7790 0.0000 0.0011
8.6 40000 -3.47 1.4179 0.1236 0.7751 0.1311 0.0223 0.0579 0.0165 0.0000 0.0000 0.0522 0.9415 0.0000 0.0064
8.6 40000 -3.21 1.9110 0.4638 0.6672 0.2015 0.0225 0.0583 0.0166 0.0000 0.0000 0.0687 0.9599 0.0000 0.0180
8.6 40000 -2.94 1.9974 1.1600 0.4958 0.2613 0.0226 0.0586 0.0166 0.0000 0.0000 0.0806 0.7806 0.0000 0.0357
8.6 40000 -2.68 1.8419 1.9678 0.3620 0.2992 0.0227 0.0587 0.0167 0.0000 0.0000 0.0882 0.5966 0.0013 0.0570
8.6 40000 -2.42 1.6900 2.8309 0.2785 0.3264 0.0227 0.0587 0.0166 0.0000 0.0000 0.0958 0.4684 0.0026 0.0864
8.6 40000 -2.17 1.5617 3.7331 0.2288 0.3452 0.0226 0.0587 0.0166 0.0000 0.0000 0.1033 0.3822 0.0042 0.1252
8.6 40000 -1.93 1.4423 4.7036 0.1972 0.3588 0.0226 0.0586 0.0165 0.0000 0.0014 0.1105 0.3208 0.0060 0.1755
8.6 40000 -1.68 1.3127 5.8518 0.1741 0.3691 0.0225 0.0584 0.0165 0.0000 0.0026 0.1178 0.2713 0.0071 0.2460
8.6 40000 -1.44 1.1902 7.0877 0.1583 0.3748 0.0224 0.0582 0.0164 0.0000 0.0042 0.1244 0.2344 0.0095 0.3362
8.6 45000 -3.98 0.9607 0.0137 0.9835 0.0677 0.0229 0.0596 0.0170 0.0000 0.0000 0.0401 0.8524 0.0000 0.0011
8.6 45000 -3.73 1.4650 0.0597 0.9773 0.1132 0.0231 0.0601 0.0171 0.0000 0.0000 0.0539 1.0447 0.0000 0.0057
8.6 45000 -3.47 2.1208 0.2531 0.8976 0.1810 0.0232 0.0600 0.0171 0.0000 0.0000 0.0711 1.1880 0.0000 0.0169
8.6 45000 -3.20 2.5284 0.8350 0.7204 0.2551 0.0231 0.0597 0.0170 0.0000 0.0000 0.0867 1.1035 0.0000 0.0391
8.6 45000 -2.93 2.4013 1.7980 0.5229 0.3095 0.0230 0.0595 0.0169 0.0000 0.0000 0.0962 0.8497 0.0000 0.0674
8.6 45000 -2.67 2.1002 2.8905 0.3816 0.3450 0.0230 0.0594 0.0169 0.0000 0.0000 0.1030 0.6319 0.0018 0.1030
8.6 45000 -2.42 1.8604 3.9903 0.3010 0.3672 0.0229 0.0593 0.0168 0.0000 0.0014 0.1089 0.4956 0.0027 0.1492
8.6 45000 -2.18 1.6664 5.1565 0.2523 0.3808 0.0229 0.0591 0.0168 0.0000 0.0028 0.1138 0.4039 0.0035 0.2108
8.6 45000 -1.93 1.4914 6.4343 0.2198 0.3889 0.0228 0.0590 0.0167 0.0000 0.0049 0.1179 0.3368 0.0044 0.2927
8.6 45000 -1.68 1.3323 7.8209 0.1975 0.3919 0.0228 0.0588 0.0166 0.0000 0.0077 0.1209 0.2868 0.0061 0.3987
8.6 45000 -1.44 1.1901 9.3014 0.1815 0.3897 0.0227 0.0586 0.0166 0.0000 0.0114 0.1224 0.2489 0.0097 0.5332
8.6 50000 -3.99 1.3720 0.0327 1.2244 0.0856 0.0242 0.0628 0.0179 0.0000 0.0000 0.0533 1.0704 0.0000 0.0043
8.6 50000 -3.73 2.0047 0.1356 1.1876 0.1391 0.0240 0.0622 0.0177 0.0000 0.0000 0.0688 1.2701 0.0000 0.0122
8.6 50000 -3.47 2.6281 0.5052 1.0508 0.2105 0.0237 0.0613 0.0175 0.0000 0.0000 0.0855 1.3480 0.0000 0.0309
8.6 50000 -3.21 2.8010 1.3903 0.8252 0.2823 0.0234 0.0605 0.0172 0.0000 0.0000 0.0990 1.1716 0.0000 0.0623
8.6 50000 -2.94 2.4844 2.6531 0.5984 0.3354 0.0232 0.0600 0.0170 0.0000 0.0000 0.1074 0.8731 0.0017 0.1038
8.6 50000 -2.67 2.0897 3.9974 0.4437 0.3668 0.0231 0.0596 0.0169 0.0000 0.0013 0.1130 0.6447 0.0026 0.1567
8.6 50000 -2.43 1.8088 5.3263 0.3577 0.3805 0.0230 0.0593 0.0168 0.0011 0.0032 0.1167 0.5086 0.0036 0.2243
8.6 50000 -2.18 1.5838 6.7559 0.3037 0.3851 0.0229 0.0590 0.0167 0.0014 0.0059 0.1191 0.4156 0.0059 0.3121
8.6 50000 -1.97 1.4271 8.0152 0.2732 0.3846 0.0228 0.0588 0.0167 0.0017 0.0088 0.1204 0.3591 0.0097 0.4017
8.6 50000 -1.72 1.2625 9.6515 0.2462 0.3793 0.0227 0.0585 0.0166 0.0024 0.0133 0.1207 0.3070 0.0163 0.5339
8.6 50000 -1.44 1.0998 11.6564 0.2233 0.3663 0.0225 0.0581 0.0164 0.0035 0.0199 0.1188 0.2617 0.0273 0.7154
8.6 55000 -3.99 2.0099 0.0506 1.4673 0.1151 0.0253 0.0657 0.0187 0.0000 0.0000 0.0710 1.3579 0.0000 0.0102
8.6 55000 -3.73 2.8153 0.2017 1.3697 0.1785 0.0247 0.0640 0.0182 0.0000 0.0000 0.0877 1.5491 0.0000 0.0265
8.6 55000 -3.48 3.5279 0.7153 1.1729 0.2581 0.0242 0.0625 0.0178 0.0000 0.0000 0.1048 1.5636 0.0000 0.0607
8.6 55000 -3.21 3.5782 1.9168 0.8931 0.3352 0.0237 0.0613 0.0174 0.0000 0.0000 0.1181 1.2824 0.0000 0.1140
8.6 55000 -2.94 3.0596 3.4943 0.6462 0.3881 0.0235 0.0605 0.0172 0.0000 0.0000 0.1263 0.9303 0.0014 0.1776
8.6 55000 -2.68 2.5081 5.1111 0.4820 0.4171 0.0233 0.0601 0.0171 0.0000 0.0014 0.1322 0.6782 0.0025 0.2560
8.6 55000 -2.43 2.1081 6.7000 0.3882 0.4269 0.0232 0.0598 0.0170 0.0000 0.0036 0.1361 0.5261 0.0039 0.3547
8.6 55000 -2.19 1.8028 8.3442 0.3297 0.4276 0.0231 0.0595 0.0169 0.0000 0.0067 0.1385 0.4250 0.0066 0.4802
8.6 55000 -1.99 1.6004 9.6851 0.2969 0.4240 0.0230 0.0594 0.0168 0.0000 0.0098 0.1395 0.3662 0.0103 0.5975
8.6 55000 -1.69 1.3432 11.8581 0.2598 0.4121 0.0229 0.0591 0.0167 0.0011 0.0159 0.1390 0.2989 0.0190 0.8169
8.6 55000 -1.45 1.1755 13.6509 0.2373 0.3970 0.0228 0.0589 0.0167 0.0015 0.0220 0.1365 0.2591 0.0283 1.0234
8.6 60000 -3.99 2.4402 0.0922 1.7861 0.1110 0.0257 0.0665 0.0189 0.0000 0.0000 0.0817 1.5439 0.0000 0.0157
8.6 60000 -3.73 3.2769 0.3485 1.6754 0.1742 0.0249 0.0642 0.0183 0.0000 0.0000 0.0984 1.7099 0.0000 0.0384
8.6 60000 -3.47 3.8304 1.1444 1.4313 0.2561 0.0242 0.0622 0.0177 0.0012 0.0000 0.1148 1.6462 0.0000 0.0832
8.6 60000 -3.21 3.6473 2.6166 1.1120 0.3333 0.0236 0.0607 0.0172 0.0015 0.0000 0.1267 1.3228 0.0000 0.1474
8.6 60000 -2.94 2.9901 4.4872 0.8032 0.3911 0.0232 0.0596 0.0169 0.0016 0.0011 0.1339 0.9437 0.0017 0.2326
8.6 60000 -2.68 2.4244 6.2158 0.6082 0.4131 0.0229 0.0590 0.0167 0.0018 0.0034 0.1355 0.6991 0.0034 0.3326
8.6 60000 -2.43 2.0142 7.9817 0.4900 0.4137 0.0228 0.0585 0.0166 0.0022 0.0074 0.1341 0.5455 0.0065 0.4627
8.6 60000 -2.19 1.7105 9.7551 0.4155 0.4062 0.0226 0.0581 0.0164 0.0027 0.0123 0.1318 0.4446 0.0126 0.6183
8.6 60000 -2.00 1.5253 11.1162 0.3747 0.3977 0.0225 0.0578 0.0163 0.0033 0.0167 0.1296 0.3886 0.0203 0.7530
8.6 60000 -1.70 1.2716 13.4872 0.3229 0.3780 0.0223 0.0573 0.0162 0.0047 0.0255 0.1242 0.3180 0.0377 1.0164
8.6 60000 -1.45 1.1116 15.3998 0.2912 0.3583 0.0221 0.0569 0.0160 0.0064 0.0336 0.1184 0.2766 0.0543 1.2478
8.6 80000 -3.99 4.3952 0.2459 2.6091 0.1680 0.0282 0.0727 0.0206 0.0015 0.0000 0.1209 2.3086 0.0000 0.0601
8.6 80000 -3.74 5.4064 0.8388 2.3309 0.2459 0.0265 0.0682 0.0194 0.0021 0.0000 0.1377 2.4242 0.0000 0.1255
8.6 80000 -3.48 5.6840 2.3871 1.9249 0.3392 0.0252 0.0647 0.0183 0.0026 0.0000 0.1535 2.2217 0.0000 0.2354
8.6 80000 -3.23 4.9654 4.8238 1.4835 0.4228 0.0242 0.0621 0.0176 0.0030 0.0000 0.1653 1.7384 0.0036 0.3816
8.6 80000 -2.96 3.8351 7.5842 1.0791 0.4691 0.0235 0.0604 0.0171 0.0033 0.0034 0.1692 1.2320 0.0126 0.5633
8.6 80000 -2.71 2.9867 9.9364 0.8193 0.4597 0.0231 0.0593 0.0167 0.0036 0.0093 0.1614 0.9108 0.0255 0.7418
8.6 80000 -2.47 2.3992 12.1843 0.6544 0.4307 0.0228 0.0586 0.0165 0.0043 0.0173 0.1506 0.7068 0.0500 0.9217
8.6 80000 -2.23 1.9842 14.3131 0.5443 0.4009 0.0226 0.0581 0.0163 0.0052 0.0259 0.1407 0.5714 0.0873 1.0919
8.6 80000 -1.99 1.6741 16.3594 0.4639 0.3705 0.0224 0.0576 0.0162 0.0066 0.0353 0.1309 0.4750 0.1324 1.2478
8.6 80000 -1.75 1.4316 18.3689 0.4004 0.3390 0.0222 0.0570 0.0160 0.0086 0.0453 0.1207 0.4019 0.1869 1.3768
8.6 80000 -1.50 1.2433 20.2537 0.3503 0.3084 0.0220 0.0565 0.0158 0.0114 0.0553 0.1107 0.3467 0.2572 1.4635
8.6 100000 -3.99 5.9975 0.3947 3.3130 0.2025 0.0282 0.0723 0.0205 0.0389 0.0000 0.1483 2.8847 0.0000 0.1191
8.6 100000 -3.75 7.1138 1.3247 2.8859 0.2890 0.0252 0.0645 0.0183 0.0512 0.0000 0.1651 2.9530 0.0000 0.2372
8.6 100000 -3.49 7.0129 3.5697 2.3211 0.3899 0.0226 0.0580 0.0164 0.0650 0.0000 0.1802 2.6074 0.0032 0.4214
8.6 100000 -3.24 5.7568 6.5929 1.7474 0.4739 0.0208 0.0533 0.0151 0.0762 0.0022 0.1889 1.9723 0.0142 0.6485
8.6 100000 -2.98 4.3088 9.3387 1.2494 0.5013 0.0196 0.0503 0.0142 0.0829 0.0086 0.1819 1.3842 0.0517 0.9033
8.6 100000 -2.74 3.3363 11.1066 0.9449 0.4738 0.0189 0.0484 0.0136 0.0887 0.0178 0.1657 1.0291 0.1259 1.1134
8.6 100000 -2.49 2.6760 12.5223 0.7512 0.4373 0.0181 0.0464 0.0131 0.0983 0.0263 0.1522 0.8022 0.2060 1.2790
8.6 100000 -2.26 2.2106 13.7215 0.6199 0.4028 0.0173 0.0441 0.0124 0.1117 0.0338 0.1406 0.6500 0.2705 1.4185
8.6 100000 -2.02 1.8653 14.6269 0.5229 0.3690 0.0163 0.0417 0.0117 0.1282 0.0411 0.1294 0.5409 0.3554 1.5298
8.6 100000 -1.78 1.5972 15.1461 0.4472 0.3355 0.0152 0.0389 0.0109 0.1479 0.0478 0.1182 0.4585 0.4622 1.6009
8.6 100000 -1.54 1.3923 15.2098 0.3883 0.3041 0.0141 0.0359 0.0101 0.1696 0.0532 0.1077 0.3967 0.5674 1.6237
8.6 120000 -4.00 6.6945 0.4520 3.6427 0.2152 0.0282 0.0724 0.0205 0.0547 0.0000 0.1596 3.1378 0.0000 0.1512
8.6 120000 -3.75 7.8540 1.5104 3.1497 0.3042 0.0247 0.0633 0.0179 0.0710 0.0000 0.1759 3.1853 0.0000 0.2960
8.6 120000 -3.50 7.6248 4.0275 2.5178 0.4081 0.0217 0.0554 0.0157 0.0897 0.0000 0.1909 2.7892 0.0050 0.5198
8.6 120000 -3.25 6.1602 7.3089 1.8818 0.4934 0.0194 0.0498 0.0141 0.1054 0.0029 0.1989 2.0913 0.0239 0.7954
8.6 120000 -2.99 4.5511 10.0153 1.3325 0.5139 0.0180 0.0461 0.0130 0.1155 0.0109 0.1880 1.4591 0.0878 1.0889
8.6 120000 -2.75 3.5095 11.4837 1.0018 0.4787 0.0171 0.0438 0.0123 0.1238 0.0214 0.1680 1.0852 0.1974 1.2939
8.6 120000 -2.51 2.8089 12.5699 0.7921 0.4378 0.0162 0.0414 0.0116 0.1364 0.0296 0.1524 0.8463 0.2854 1.4326
8.6 120000 -2.27 2.3183 13.4049 0.6497 0.4009 0.0152 0.0387 0.0109 0.1528 0.0365 0.1398 0.6856 0.3648 1.5459
8.6 120000 -2.04 1.9519 13.8682 0.5444 0.3650 0.0140 0.0359 0.0101 0.1722 0.0429 0.1276 0.5696 0.4723 1.6227
8.6 120000 -1.80 1.6667 13.8909 0.4624 0.3298 0.0128 0.0327 0.0092 0.1944 0.0482 0.1157 0.4816 0.5884 1.6526
8.6 120000 -1.56 1.4490 13.4898 0.3990 0.2973 0.0116 0.0295 0.0083 0.2179 0.0518 0.1046 0.4156 0.6900 1.6349
8.9 30000 -3.95 0.0000 0.0000 0.0000 0.0000 0.0000 0.0010 0.0000 0.0000 0.0000 0.0000 0.0000 0.0000 0.0000
8.9 30000 -3.67 0.0000 0.0000 0.0010 0.0000 0.0000 0.0019 0.0000 0.0000 0.0000 0.0000 0.0013 0.0000 0.0000
8.9 30000 -3.39 0.0000 0.0000 0.0038 0.0000 0.0010 0.0033 0.0000 0.0000 0.0000 0.0000 0.0029 0.0000 0.0000
8.9 30000 -3.06 0.0012 0.0000 0.0122 0.0016 0.0019 0.0060 0.0018 0.0000 0.0000 0.0000 0.0117 0.0000 0.0000
8.9 30000 -2.73 0.0386 0.0000 0.0826 0.0206 0.0053 0.0141 0.0041 0.0000 0.0000 0.0032 0.1090 0.0000 0.0000
8.9 30000 -2.22 0.0000 0.0000 0.0050 0.0039 0.0030 0.0096 0.0039 0.0000 0.0000 0.0000 0.0104 0.0000 0.0000
8.9 30000 -2.12 0.1076 0.0035 0.0952 0.0685 0.0024 0.0064 0.0018 0.0000 0.0000 0.0036 0.2343 0.0000 0.0000
8.9 30000 -1.88 0.1350 0.0078 0.0867 0.0809 0.0030 0.0081 0.0023 0.0000 0.0000 0.0049 0.2556 0.0000 0.0000
8.9 30000 -1.73 0.0035 0.0000 0.0078 0.0077 0.0039 0.0124 0.0048 0.0000 0.0000 0.0013 0.0179 0.0000 0.0000
8.9 30000 -1.65 0.1660 0.0125 0.0777 0.0914 0.0038 0.0101 0.0028 0.0000 0.0000 0.0064 0.2722 0.0000 0.0021
8.9 30000 -1.41 0.2112 0.0152 0.0685 0.1024 0.0046 0.0123 0.0035 0.0000 0.0000 0.0086 0.2876 0.0030 0.0041
8.9 32500 -3.95 0.0000 0.0000 0.0070 0.0000 0.0018 0.0054 0.0016 0.0000 0.0000 0.0000 0.0050 0.0000 0.0000
8.9 32500 -3.67 0.0000 0.0000 0.0099 0.0000 0.0029 0.0087 0.0025 0.0000 0.0000 0.0000 0.0077 0.0000 0.0000
8.9 32500 -3.39 0.0000 0.0000 0.0174 0.0021 0.0045 0.0133 0.0039 0.0000 0.0000 0.0000 0.0154 0.0000 0.0000
8.9 32500 -3.07 0.0213 0.0000 0.0676 0.0143 0.0078 0.0214 0.0063 0.0000 0.0000 0.0034 0.0788 0.0000 0.0000
8.9 32500 -2.78 0.1251 0.0035 0.1644 0.0611 0.0134 0.0356 0.0102 0.0000 0.0000 0.0123 0.2675 0.0000 0.0000
8.9 32500 -2.57 0.1989 0.0096 0.1561 0.0921 0.0063 0.0166 0.0048 0.0000 0.0000 0.0112 0.3424 0.0000 0.0000
8.9 32500 -2.38 0.2690 0.0209 0.1663 0.1196 0.0057 0.0149 0.0043 0.0000 0.0000 0.0120 0.4135 0.0000 0.0000
8.9 32500 -2.13 0.3526 0.0369 0.1548 0.1497 0.0066 0.0175 0.0050 0.0000 0.0000 0.0146 0.4758 0.0000 0.0000
8.9 32500 -1.89 0.4468 0.0527 0.1391 0.1748 0.0079 0.0209 0.0060 0.0000 0.0000 0.0180 0.5217 0.0010 0.0000
8.9 32500 -1.66 0.5690 0.0662 0.1234 0.1995 0.0094 0.0248 0.0070 0.0000 0.0000 0.0235 0.5549 0.0036 0.0015
8.9 32500 -1.42 0.7167 0.0825 0.1074 0.2234 0.0110 0.0293 0.0083 0.0000 0.0000 0.0310 0.5692 0.0099 0.0028
8.9 35000 -3.95 0.0030 0.0000 0.0398 0.0025 0.0075 0.0213 0.0061 0.0000 0.0000 0.0000 0.0305 0.0000 0.0000
8.9 35000 -3.67 0.0057 0.0000 0.0504 0.0055 0.0101 0.0286 0.0082 0.0000 0.0000 0.0017 0.0439 0.0000 0.0000
8.9 35000 -3.39 0.0168 0.0000 0.0767 0.0142 0.0127 0.0357 0.0102 0.0000 0.0000 0.0041 0.0808 0.0000 0.0000
8.9 35000 -3.08 0.0834 0.0063 0.1521 0.0527 0.0189 0.0505 0.0145 0.0000 0.0000 0.0140 0.2167 0.0000 0.0000
8.9 35000 -2.82 0.2008 0.0291 0.1685 0.0971 0.0188 0.0498 0.0142 0.0000 0.0000 0.0236 0.3177 0.0000 0.0000
8.9 35000 -2.63 0.3187 0.0762 0.1981 0.1365 0.0130 0.0343 0.0098 0.0000 0.0000 0.0272 0.4033 0.0000 0.0000
8.9 35000 -2.38 0.4713 0.1479 0.1909 0.1873 0.0141 0.0371 0.0106 0.0000 0.0000 0.0354 0.4828 0.0000 0.0000
8.9 35000 -2.13 0.6425 0.2068 0.1737 0.2260 0.0157 0.0413 0.0117 0.0000 0.0000 0.0436 0.5316 0.0000 0.0000
8.9 35000 -1.89 0.8491 0.2704 0.1539 0.2603 0.0175 0.0461 0.0131 0.0000 0.0000 0.0549 0.5454 0.0019 0.0025
8.9 35000 -1.66 1.0826 0.3515 0.1345 0.2916 0.0193 0.0508 0.0143 0.0000 0.0000 0.0691 0.5217 0.0035 0.0049
8.9 35000 -1.42 1.2984 0.4773 0.1152 0.3163 0.0208 0.0550 0.0155 0.0000 0.0000 0.0842 0.4600 0.0058 0.0091
8.9 37500 -3.95 0.0069 0.0000 0.0621 0.0053 0.0106 0.0292 0.0083 0.0000 0.0000 0.0023 0.0509 0.0000 0.0000
8.9 37500 -3.67 0.0133 0.0000 0.0752 0.0112 0.0126 0.0345 0.0098 0.0000 0.0000 0.0042 0.0724 0.0000 0.0000
8.9 37500 -3.40 0.0366 0.0040 0.1205 0.0312 0.0193 0.0517 0.0149 0.0000 0.0000 0.0100 0.1413 0.0000 0.0000
8.9 37500 -3.09 0.1065 0.0275 0.1464 0.0715 0.0213 0.0564 0.0161 0.0000 0.0000 0.0206 0.2224 0.0000 0.0000
8.9 37500 -2.89 0.1858 0.0735 0.1952 0.1031 0.0207 0.0546 0.0156 0.0000 0.0000 0.0285 0.2945 0.0000 0.0000
8.9 37500 -2.62 0.3064 0.1942 0.1874 0.1583 0.0215 0.0566 0.0161 0.0000 0.0000 0.0429 0.3346 0.0000 0.0000
8.9 37500 -2.37 0.4815 0.3183 0.1711 0.2043 0.0221 0.0581 0.0165 0.0000 0.0000 0.0565 0.3560 0.0010 0.0000
8.9 37500 -2.13 0.6778 0.4660 0.1525 0.2405 0.0225 0.0592 0.0168 0.0000 0.0000 0.0689 0.3507 0.0021 0.0031
8.9 37500 -1.89 0.8321 0.6753 0.1337 0.2669 0.0227 0.0599 0.0169 0.0000 0.0000 0.0790 0.3203 0.0036 0.0064
8.9 37500 -1.65 0.9127 0.9841 0.1168 0.2873 0.0228 0.0601 0.0170 0.0000 0.0000 0.0876 0.2782 0.0054 0.0109
8.9 37500 -1.41 0.9344 1.4099 0.1044 0.3069 0.0228 0.0602 0.0169 0.0000 0.0000 0.0967 0.2395 0.0073 0.0168
8.9 40000 -3.95 0.0262 0.0013 0.1202 0.0149 0.0134 0.0356 0.0101 0.0000 0.0000 0.0072 0.1118 0.0000 0.0000
8.9 40000 -3.68 0.0524 0.0072 0.1671 0.0366 0.0215 0.0572 0.0164 0.0000 0.0000 0.0141 0.1858 0.0000 0.0000
8.9 40000 -3.40 0.0849 0.0302 0.1567 0.0614 0.0218 0.0578 0.0165 0.0000 0.0000 0.0200 0.2113 0.0000 0.0000
8.9 40000 -3.17 0.2595 0.0883 0.3177 0.1076 0.0228 0.0601 0.0171 0.0000 0.0000 0.0384 0.4030 0.0000 0.0000
8.9 40000 -2.89 0.4294 0.2834 0.2908 0.1700 0.0230 0.0605 0.0172 0.0000 0.0000 0.0554 0.4292 0.0000 0.0000
8.9 40000 -2.62 0.5753 0.5514 0.2397 0.2130 0.0231 0.0607 0.0173 0.0000 0.0000 0.0673 0.3905 0.0012 0.0031
8.9 40000 -2.36 0.6764 0.9480 0.2015 0.2497 0.0231 0.0608 0.0172 0.0000 0.0000 0.0793 0.3428 0.0022 0.0072
8.9 40000 -2.12 0.7186 1.4860 0.1779 0.2812 0.0231 0.0607 0.0172 0.0000 0.0000 0.0920 0.3007 0.0033 0.0133
8.9 40000 -1.88 0.7470 2.1456 0.1621 0.3117 0.0231 0.0606 0.0171 0.0000 0.0000 0.1059 0.2675 0.0043 0.0222
8.9 40000 -1.63 0.7453 3.0228 0.1501 0.3409 0.0230 0.0604 0.0170 0.0000 0.0013 0.1215 0.2371 0.0055 0.0356
8.9 40000 -1.39 0.7179 4.0525 0.1416 0.3642 0.0229 0.0601 0.0169 0.0000 0.0023 0.1367 0.2118 0.0085 0.0538
8.9 45000 -3.96 0.0578 0.0037 0.2029 0.0306 0.0206 0.0545 0.0157 0.0000 0.0000 0.0143 0.2034 0.0000 0.0000
8.9 45000 -3.71 0.1503 0.0080 0.3842 0.0499 0.0231 0.0611 0.0175 0.0000 0.0000 0.0256 0.3556 0.0000 0.0000
8.9 45000 -3.45 0.2907 0.0452 0.4282 0.0936 0.0234 0.0616 0.0176 0.0000 0.0000 0.0398 0.4909 0.0000 0.0000
8.9 45000 -3.17 0.5241 0.2214 0.4287 0.1661 0.0234 0.0615 0.0175 0.0000 0.0000 0.0611 0.5967 0.0000 0.0000
8.9 45000 -2.89 0.7148 0.5617 0.3567 0.2265 0.0234 0.0613 0.0175 0.0000 0.0000 0.0769 0.5573 0.0000 0.0037
8.9 45000 -2.61 0.8086 1.0527 0.2829 0.2697 0.0234 0.0613 0.0174 0.0000 0.0000 0.0886 0.4654 0.0015 0.0087
8.9 45000 -2.36 0.8430 1.6906 0.2376 0.3066 0.0234 0.0611 0.0174 0.0000 0.0000 0.1009 0.3931 0.0020 0.0161
8.9 45000 -2.12 0.8485 2.4969 0.2100 0.3384 0.0233 0.0610 0.0173 0.0000 0.0014 0.1136 0.3392 0.0022 0.0269
8.9 45000 -1.88 0.8289 3.4950 0.1916 0.3657 0.0233 0.0608 0.0172 0.0000 0.0028 0.1262 0.2959 0.0032 0.0428
8.9 45000 -1.64 0.7901 4.6768 0.1785 0.3869 0.0232 0.0606 0.0171 0.0000 0.0049 0.1377 0.2607 0.0053 0.0654
8.9 45000 -1.40 0.7409 6.0244 0.1690 0.4004 0.0231 0.0604 0.0171 0.0000 0.0081 0.1469 0.2323 0.0091 0.0967
8.9 50000 -3.98 0.1474 0.0051 0.4790 0.0399 0.0239 0.0631 0.0180 0.0000 0.0000 0.0266 0.3773 0.0000 0.0000
8.9 50000 -3.72 0.2772 0.0230 0.5522 0.0702 0.0241 0.0635 0.0181 0.0000 0.0000 0.0388 0.5171 0.0000 0.0000
8.9 50000 -3.45 0.4921 0.1143 0.5901 0.1248 0.0240 0.0630 0.0180 0.0000 0.0000 0.0568 0.6711 0.0000 0.0000
8.9 50000 -3.17 0.7494 0.4221 0.5520 0.1989 0.0238 0.0623 0.0178 0.0000 0.0000 0.0778 0.7287 0.0000 0.0030
8.9 50000 -2.89 0.9060 0.9577 0.4472 0.2592 0.0236 0.0618 0.0176 0.0000 0.0000 0.0928 0.6364 0.0013 0.0082
8.9 50000 -2.61 0.9280 1.7058 0.3556 0.3047 0.0235 0.0614 0.0175 0.0000 0.0000 0.1052 0.5142 0.0014 0.0170
8.9 50000 -2.37 0.9057 2.6172 0.3026 0.3378 0.0234 0.0611 0.0174 0.0000 0.0015 0.1172 0.4296 0.0017 0.0294
8.9 50000 -2.12 0.8689 3.7472 0.2694 0.3633 0.0233 0.0608 0.0172 0.0012 0.0034 0.1289 0.3678 0.0027 0.0481
8.9 50000 -1.88 0.8206 5.0725 0.2469 0.3816 0.0232 0.0605 0.0171 0.0016 0.0062 0.1393 0.3203 0.0044 0.0744
8.9 50000 -1.68 0.7749 6.3496 0.2329 0.3911 0.0231 0.0602 0.0170 0.0021 0.0097 0.1463 0.2882 0.0065 0.1043
8.9 50000 -1.40 0.7085 8.3428 0.2179 0.3939 0.0230 0.0598 0.0169 0.0031 0.0163 0.1522 0.2522 0.0105 0.1594
8.9 55000 -3.98 0.2975 0.0105 0.6959 0.0629 0.0253 0.0666 0.0190 0.0000 0.0000 0.0430 0.5823 0.0000 0.0000
8.9 55000 -3.72 0.5326 0.0470 0.7639 0.1069 0.0250 0.0656 0.0187 0.0000 0.0000 0.0599 0.7697 0.0000 0.0000
8.9 55000 -3.46 0.9081 0.2258 0.7812 0.1822 0.0245 0.0642 0.0183 0.0000 0.0000 0.0842 0.9506 0.0000 0.0030
8.9 55000 -3.18 1.2712 0.7722 0.6876 0.2740 0.0241 0.0629 0.0179 0.0000 0.0000 0.1096 0.9452 0.0000 0.0088
8.9 55000 -2.89 1.3675 1.6033 0.5366 0.3390 0.0238 0.0621 0.0177 0.0000 0.0000 0.1251 0.7645 0.0000 0.0202
8.9 55000 -2.63 1.2860 2.6610 0.4197 0.3842 0.0236 0.0616 0.0175 0.0000 0.0000 0.1384 0.5894 0.0011 0.0362
8.9 55000 -2.38 1.1785 3.8751 0.3514 0.4127 0.0235 0.0613 0.0174 0.0000 0.0021 0.1508 0.4746 0.0014 0.0576
8.9 55000 -2.14 1.0733 5.2722 0.3086 0.4313 0.0234 0.0611 0.0173 0.0000 0.0046 0.1621 0.3950 0.0021 0.0872
8.9 55000 -1.89 0.9715 6.8446 0.2790 0.4426 0.0233 0.0608 0.0173 0.0000 0.0082 0.1716 0.3362 0.0037 0.1274
8.9 55000 -1.65 0.8728 8.6175 0.2561 0.4452 0.0233 0.0606 0.0172 0.0000 0.0132 0.1784 0.2901 0.0061 0.1815
8.9 55000 -1.41 0.7864 10.4697 0.2385 0.4392 0.0232 0.0603 0.0171 0.0014 0.0198 0.1812 0.2552 0.0093 0.2491
8.9 60000 -3.98 0.4377 0.0223 0.9364 0.0654 0.0258 0.0678 0.0193 0.0000 0.0000 0.0551 0.7422 0.0000 0.0000
8.9 60000 -3.72 0.7552 0.0961 1.0306 0.1126 0.0252 0.0660 0.0188 0.0000 0.0000 0.0750 0.9571 0.0000 0.0000
8.9 60000 -3.45 1.1834 0.4141 1.0371 0.1925 0.0245 0.0640 0.0182 0.0011 0.0000 0.1011 1.1121 0.0000 0.0052
8.9 60000 -3.18 1.4773 1.1548 0.9091 0.2821 0.0240 0.0624 0.0178 0.0014 0.0000 0.1244 1.0455 0.0000 0.0139
8.9 60000 -2.89 1.4851 2.2789 0.7076 0.3550 0.0236 0.0613 0.0175 0.0016 0.0000 0.1402 0.8215 0.0000 0.0307
8.9 60000 -2.63 1.3479 3.5424 0.5612 0.3959 0.0234 0.0607 0.0172 0.0017 0.0020 0.1503 0.6381 0.0000 0.0532
8.9 60000 -2.38 1.2051 4.9980 0.4693 0.4148 0.0232 0.0602 0.0171 0.0020 0.0049 0.1571 0.5142 0.0012 0.0847
8.9 60000 -2.14 1.0786 6.6095 0.4104 0.4234 0.0230 0.0598 0.0169 0.0025 0.0092 0.1622 0.4298 0.0023 0.1269
8.9 60000 -1.96 0.9937 7.9313 0.3778 0.4252 0.0229 0.0595 0.0168 0.0030 0.0135 0.1648 0.3819 0.0038 0.1672
8.9 60000 -1.65 0.8628 10.3581 0.3345 0.4179 0.0227 0.0589 0.0166 0.0043 0.0229 0.1651 0.3191 0.0079 0.2546
8.9 60000 -1.41 0.7732 12.4285 0.3070 0.4043 0.0226 0.0584 0.0165 0.0059 0.0324 0.1617 0.2812 0.0118 0.3421
8.9 80000 -3.98 1.3405 0.0984 1.8192 0.1289 0.0286 0.0746 0.0213 0.0013 0.0000 0.1098 1.5214 0.0000 0.0038
8.9 80000 -3.73 2.0665 0.3863 1.8689 0.2073 0.0270 0.0702 0.0200 0.0018 0.0000 0.1398 1.8324 0.0000 0.0115
8.9 80000 -3.46 2.7081 1.3284 1.7372 0.3193 0.0256 0.0664 0.0189 0.0024 0.0000 0.1729 1.9248 0.0000 0.0305
8.9 80000 -3.20 2.8063 3.0409 1.4462 0.4291 0.0246 0.0637 0.0181 0.0029 0.0000 0.1990 1.6581 0.0000 0.0647
8.9 80000 -2.92 2.4428 5.2638 1.1050 0.5020 0.0239 0.0619 0.0176 0.0032 0.0025 0.2136 1.2400 0.0013 0.1177
8.9 80000 -2.67 2.0230 7.3788 0.8619 0.5082 0.0235 0.0608 0.0172 0.0035 0.0076 0.2119 0.9363 0.0023 0.1777
8.9 80000 -2.42 1.6886 9.5851 0.7031 0.4876 0.0232 0.0601 0.0170 0.0040 0.0156 0.2043 0.7362 0.0061 0.2474
8.9 80000 -2.18 1.4393 11.8507 0.5965 0.4631 0.0230 0.0595 0.0168 0.0049 0.0253 0.1962 0.6026 0.0148 0.3238
8.9 80000 -1.95 1.2448 14.1780 0.5171 0.4358 0.0229 0.0590 0.0166 0.0061 0.0367 0.1869 0.5063 0.0280 0.4051
8.9 80000 -1.71 1.0864 16.5779 0.4531 0.4048 0.0227 0.0585 0.0165 0.0079 0.0498 0.1756 0.4325 0.0449 0.4856
8.9 80000 -1.47 0.9604 18.9555 0.4017 0.3730 0.0225 0.0580 0.0163 0.0103 0.0635 0.1636 0.3763 0.0676 0.5568
8.9 100000 -3.99 2.4226 0.1986 2.6768 0.1775 0.0289 0.0752 0.0214 0.0350 0.0000 0.1574 2.2425 0.0000 0.0124
8.9 100000 -3.73 3.5257 0.7629 2.6443 0.2772 0.0260 0.0672 0.0191 0.0468 0.0000 0.1933 2.6000 0.0000 0.0341
8.9 100000 -3.47 4.1515 2.3940 2.3392 0.4083 0.0233 0.0603 0.0171 0.0608 0.0000 0.2285 2.5619 0.0000 0.0794
8.9 100000 -3.21 3.8409 4.8666 1.8602 0.5246 0.0214 0.0553 0.0157 0.0725 0.0017 0.2510 2.0686 0.0016 0.1461
8.9 100000 -2.94 3.0750 7.3215 1.3668 0.5718 0.0202 0.0521 0.0148 0.0791 0.0070 0.2490 1.4857 0.0043 0.2277
8.9 100000 -2.69 2.4567 9.1118 1.0468 0.5457 0.0195 0.0503 0.0142 0.0840 0.0150 0.2309 1.1076 0.0098 0.3061
8.9 100000 -2.45 2.0122 10.7730 0.8416 0.5081 0.0188 0.0484 0.0137 0.0925 0.0238 0.2156 0.8648 0.0219 0.3870
8.9 100000 -2.21 1.6932 12.3275 0.7029 0.4728 0.0180 0.0463 0.0131 0.1049 0.0330 0.2021 0.7040 0.0358 0.4660
8.9 100000 -1.98 1.4529 13.7000 0.5996 0.4376 0.0171 0.0439 0.0124 0.1203 0.0428 0.1885 0.5890 0.0566 0.5399
8.9 100000 -1.74 1.2625 14.7741 0.5178 0.4016 0.0161 0.0413 0.0117 0.1386 0.0529 0.1742 0.5019 0.0914 0.6027
8.9 100000 -1.50 1.1160 15.4212 0.4536 0.3675 0.0150 0.0385 0.0109 0.1588 0.0619 0.1605 0.4367 0.1386 0.6478
8.9 120000 -3.99 3.0420 0.2508 3.1210 0.1997 0.0291 0.0754 0.0214 0.0498 0.0000 0.1804 2.6117 0.0000 0.0195
8.9 120000 -3.74 4.3311 0.9518 3.0440 0.3075 0.0256 0.0662 0.0188 0.0655 0.0000 0.2183 2.9846 0.0000 0.0516
8.9 120000 -3.48 4.9488 2.9183 2.6569 0.4467 0.0225 0.0580 0.0165 0.0841 0.0000 0.2544 2.8893 0.0000 0.1154
8.9 120000 -3.22 4.4219 5.7656 2.0827 0.5665 0.0202 0.0520 0.0147 0.1002 0.0024 0.2755 2.2870 0.0027 0.2040
8.9 120000 -2.95 3.4261 8.3074 1.5017 0.6030 0.0187 0.0482 0.0137 0.1099 0.0094 0.2662 1.6133 0.0081 0.3024
8.9 120000 -2.70 2.6862 9.8992 1.1351 0.5626 0.0179 0.0459 0.0130 0.1170 0.0187 0.2405 1.1927 0.0180 0.3842
8.9 120000 -2.46 2.1807 11.3069 0.9043 0.5165 0.0170 0.0436 0.0123 0.1287 0.0275 0.2208 0.9277 0.0336 0.4625
8.9 120000 -2.22 1.8263 12.5613 0.7489 0.4764 0.0160 0.0411 0.0116 0.1443 0.0363 0.2048 0.7531 0.0510 0.5364
8.9 120000 -1.99 1.5609 13.5379 0.6336 0.4377 0.0150 0.0384 0.0108 0.1626 0.0454 0.1893 0.6284 0.0800 0.6013
8.9 120000 -1.76 1.3528 14.1342 0.5431 0.3995 0.0138 0.0354 0.0100 0.1834 0.0543 0.1738 0.5343 0.1257 0.6512
8.9 120000 -1.52 1.1926 14.2660 0.4727 0.3637 0.0126 0.0324 0.0091 0.2056 0.0614 0.1590 0.4638 0.1795 0.6795
