#Constrained by relation between 12+log(O/H), log(U) and log(C/O)
12+log(O/H)     	 log(C/O)        	 log(U)          	 Lya_1216        	 NV_1239         	 CIV_1549        	 HeII_1640       	 OIII_1665       	 CIII_1909       	 OIII_5007      
6.9000000 	 -1.1500000 	 -2.2500000 	 1.6144000 	 0.0000000 	 0.0201000 	 0.0098000 	 0.0794000 	 0.0461000 	 0.9086000
6.9000000 	 -1.1500000 	 -2.0000000 	 1.2096000 	 0.0000000 	 0.0440000 	 0.0132000 	 0.1163000 	 0.0597000 	 1.0765000
6.9000000 	 -1.1500000 	 -1.7500000 	 0.9436000 	 0.0000000 	 0.0875000 	 0.0186000 	 0.1646000 	 0.0735000 	 1.2459000
6.9000000 	 -1.0250000 	 -2.2500000 	 1.6152000 	 0.0000000 	 0.0260000 	 0.0098000 	 0.0793000 	 0.0614000 	 0.9082000
6.9000000 	 -1.0250000 	 -2.0000000 	 1.2094000 	 0.0000000 	 0.0569000 	 0.0132000 	 0.1160000 	 0.0795000 	 1.0758000
6.9000000 	 -1.0250000 	 -1.7500000 	 0.9432000 	 0.0000000 	 0.1137000 	 0.0186000 	 0.1642000 	 0.0977000 	 1.2448000
6.9000000 	 -0.9000000 	 -2.2500000 	 1.6155000 	 0.0000000 	 0.0337000 	 0.0098000 	 0.0792000 	 0.0817000 	 0.9076000
6.9000000 	 -0.9000000 	 -2.0000000 	 1.2111000 	 0.0000000 	 0.0739000 	 0.0132000 	 0.1158000 	 0.1057000 	 1.0749000
6.9000000 	 -0.9000000 	 -1.7500000 	 0.9427000 	 0.0000000 	 0.1477000 	 0.0186000 	 0.1635000 	 0.1298000 	 1.2433000
7.0000000 	 -1.1500000 	 -2.2500000 	 1.5934000 	 0.0000000 	 0.0228000 	 0.0090000 	 0.0971000 	 0.0571000 	 1.1331000
7.0000000 	 -1.1500000 	 -2.0000000 	 1.1955000 	 0.0000000 	 0.0499000 	 0.0122000 	 0.1417000 	 0.0739000 	 1.3419000
7.0000000 	 -1.1500000 	 -1.7500000 	 0.9348000 	 0.0000000 	 0.0999000 	 0.0172000 	 0.1999000 	 0.0910000 	 1.5519000
7.0000000 	 -0.9000000 	 -2.2500000 	 1.6038000 	 0.0000000 	 0.0382000 	 0.0090000 	 0.0967000 	 0.1011000 	 1.1317000
7.0000000 	 -0.9000000 	 -2.0000000 	 1.2013000 	 0.0000000 	 0.0840000 	 0.0122000 	 0.1407000 	 0.1306000 	 1.3393000
7.0000000 	 -0.9000000 	 -1.7500000 	 0.9343000 	 0.0000000 	 0.1685000 	 0.0171000 	 0.1981000 	 0.1607000 	 1.5478000
7.2000000 	 -1.1500000 	 -2.2500000 	 1.5586000 	 0.0000000 	 0.0287000 	 0.0078000 	 0.1402000 	 0.0847000 	 1.7414000
7.2000000 	 -1.1500000 	 -2.0000000 	 1.1739000 	 0.0000000 	 0.0627000 	 0.0105000 	 0.2024000 	 0.1094000 	 2.0581000
7.2000000 	 -1.1500000 	 -1.7500000 	 0.9167000 	 0.0000000 	 0.1256000 	 0.0147000 	 0.2826000 	 0.1345000 	 2.3742000
7.2000000 	 -1.0250000 	 -2.2500000 	 1.5579000 	 0.0000000 	 0.0369000 	 0.0078000 	 0.1399000 	 0.1127000 	 1.7399000
7.2000000 	 -1.0250000 	 -2.0000000 	 1.1739000 	 0.0000000 	 0.0812000 	 0.0105000 	 0.2018000 	 0.1455000 	 2.0559000
7.2000000 	 -1.0250000 	 -1.7500000 	 0.9156000 	 0.0000000 	 0.1628000 	 0.0147000 	 0.2812000 	 0.1785000 	 2.3703000
7.2000000 	 -0.9000000 	 -2.2500000 	 1.5590000 	 0.0000000 	 0.0478000 	 0.0078000 	 0.1394000 	 0.1499000 	 1.7380000
7.2000000 	 -0.9000000 	 -2.0000000 	 1.1688000 	 0.0000000 	 0.1054000 	 0.0105000 	 0.2007000 	 0.1931000 	 2.0524000
7.2000000 	 -0.9000000 	 -1.7500000 	 0.9147000 	 0.0000000 	 0.2108000 	 0.0147000 	 0.2793000 	 0.2366000 	 2.3650000
7.3000000 	 -1.1500000 	 -2.2500000 	 1.5318000 	 0.0000000 	 0.0315000 	 0.0073000 	 0.1651000 	 0.1013000 	 2.1428000
7.3000000 	 -1.1500000 	 -2.0000000 	 1.1546000 	 0.0000000 	 0.0688000 	 0.0098000 	 0.2368000 	 0.1305000 	 2.5286000
7.3000000 	 -1.1500000 	 -1.7500000 	 0.9040000 	 0.0000000 	 0.1378000 	 0.0136000 	 0.3284000 	 0.1598000 	 2.9120000
7.3000000 	 -1.0250000 	 -2.2500000 	 1.5319000 	 0.0000000 	 0.0406000 	 0.0073000 	 0.1646000 	 0.1347000 	 2.1405000
7.3000000 	 -1.0250000 	 -2.0000000 	 1.1560000 	 0.0000000 	 0.0892000 	 0.0098000 	 0.2358000 	 0.1732000 	 2.5249000
7.3000000 	 -1.0250000 	 -1.7500000 	 0.9040000 	 0.0000000 	 0.1783000 	 0.0136000 	 0.3264000 	 0.2119000 	 2.9061000
7.3000000 	 -0.9000000 	 -2.2500000 	 1.5301000 	 0.0000000 	 0.0524000 	 0.0073000 	 0.1639000 	 0.1790000 	 2.1375000
7.3000000 	 -0.9000000 	 -2.0000000 	 1.1547000 	 0.0000000 	 0.1155000 	 0.0098000 	 0.2344000 	 0.2298000 	 2.5199000
7.3000000 	 -0.9000000 	 -1.7500000 	 0.9027000 	 0.0000000 	 0.2304000 	 0.0136000 	 0.3237000 	 0.2805000 	 2.8982000
7.5000000 	 -1.1500000 	 -2.2500000 	 1.4744000 	 0.0000000 	 0.0360000 	 0.0065000 	 0.2160000 	 0.1374000 	 3.1735000
7.5000000 	 -1.1500000 	 -2.0000000 	 1.1149000 	 0.0000000 	 0.0782000 	 0.0086000 	 0.3046000 	 0.1753000 	 3.7285000
7.5000000 	 -1.1500000 	 -1.7500000 	 0.8699000 	 0.0000000 	 0.1558000 	 0.0118000 	 0.4161000 	 0.2128000 	 4.2774000
7.5000000 	 -1.0250000 	 -2.2500000 	 1.4731000 	 0.0000000 	 0.0462000 	 0.0065000 	 0.2149000 	 0.1825000 	 3.1684000
7.5000000 	 -1.0250000 	 -2.0000000 	 1.1142000 	 0.0000000 	 0.1009000 	 0.0086000 	 0.3028000 	 0.2325000 	 3.7205000
7.5000000 	 -1.0250000 	 -1.7500000 	 0.8686000 	 0.0000000 	 0.2005000 	 0.0118000 	 0.4126000 	 0.2817000 	 4.2649000
7.5000000 	 -0.9000000 	 -2.2500000 	 1.4732000 	 0.0000000 	 0.0596000 	 0.0065000 	 0.2137000 	 0.2422000 	 3.1616000
7.5000000 	 -0.9000000 	 -2.0000000 	 1.1127000 	 0.0000000 	 0.1302000 	 0.0085000 	 0.3003000 	 0.3078000 	 3.7099000
7.5000000 	 -0.9000000 	 -1.7500000 	 0.8692000 	 0.0000000 	 0.2570000 	 0.0118000 	 0.4081000 	 0.3720000 	 4.2487000
7.6000000 	 -1.1500000 	 -2.5000000 	 1.9549000 	 0.0000000 	 0.0155000 	 0.0050000 	 0.1615000 	 0.1162000 	 3.1200000
7.6000000 	 -1.1500000 	 -2.2500000 	 1.4331000 	 0.0000000 	 0.0368000 	 0.0063000 	 0.2369000 	 0.1543000 	 3.8000000
7.6000000 	 -1.1500000 	 -2.0000000 	 1.0902000 	 0.0000000 	 0.0796000 	 0.0082000 	 0.3312000 	 0.1956000 	 4.4537000
7.6000000 	 -1.0250000 	 -2.5000000 	 1.9571000 	 0.0000000 	 0.0199000 	 0.0050000 	 0.1608000 	 0.1544000 	 3.1153000
7.6000000 	 -1.0250000 	 -2.2500000 	 1.4318000 	 0.0000000 	 0.0472000 	 0.0063000 	 0.2356000 	 0.2049000 	 3.7927000
7.6000000 	 -1.0250000 	 -2.0000000 	 1.0880000 	 0.0000000 	 0.1025000 	 0.0082000 	 0.3289000 	 0.2594000 	 4.4427000
7.6000000 	 -0.9000000 	 -2.5000000 	 1.9541000 	 0.0000000 	 0.0254000 	 0.0050000 	 0.1599000 	 0.2049000 	 3.1091000
7.6000000 	 -0.9000000 	 -2.2500000 	 1.4317000 	 0.0000000 	 0.0606000 	 0.0063000 	 0.2339000 	 0.2715000 	 3.7830000
7.6000000 	 -0.9000000 	 -2.0000000 	 1.0872000 	 0.0000000 	 0.1317000 	 0.0082000 	 0.3258000 	 0.3429000 	 4.4278000
7.7000000 	 -1.1500000 	 -2.5000000 	 1.8780000 	 0.0000000 	 0.0155000 	 0.0050000 	 0.1710000 	 0.1272000 	 3.6843000
7.7000000 	 -1.1500000 	 -2.2500000 	 1.3946000 	 0.0000000 	 0.0359000 	 0.0062000 	 0.2491000 	 0.1671000 	 4.4748000
7.7000000 	 -1.1500000 	 -2.0000000 	 1.0534000 	 0.0000000 	 0.0772000 	 0.0081000 	 0.3451000 	 0.2103000 	 5.2302000
7.7000000 	 -1.0250000 	 -2.5000000 	 1.8767000 	 0.0000000 	 0.0196000 	 0.0050000 	 0.1702000 	 0.1689000 	 3.6777000
7.7000000 	 -1.0250000 	 -2.2500000 	 1.3926000 	 0.0000000 	 0.0458000 	 0.0062000 	 0.2476000 	 0.2217000 	 4.4644000
7.7000000 	 -1.0250000 	 -2.0000000 	 1.0519000 	 0.0000000 	 0.0989000 	 0.0081000 	 0.3425000 	 0.2785000 	 5.2154000
7.7000000 	 -0.9000000 	 -2.5000000 	 1.8755000 	 0.0000000 	 0.0249000 	 0.0050000 	 0.1692000 	 0.2240000 	 3.6690000
7.7000000 	 -0.9000000 	 -2.2500000 	 1.3915000 	 0.0000000 	 0.0587000 	 0.0062000 	 0.2456000 	 0.2936000 	 4.4516000
7.7000000 	 -0.9000000 	 -2.0000000 	 1.0520000 	 0.0000000 	 0.1266000 	 0.0081000 	 0.3390000 	 0.3682000 	 5.1959000
7.8000000 	 -1.1500000 	 -2.5000000 	 1.8032000 	 0.0000000 	 0.0148000 	 0.0051000 	 0.1736000 	 0.1344000 	 4.2752000
7.8000000 	 -1.1500000 	 -2.2500000 	 1.3346000 	 0.0000000 	 0.0336000 	 0.0062000 	 0.2504000 	 0.1747000 	 5.1798000
7.8000000 	 -1.1500000 	 -2.0000000 	 1.0133000 	 0.0000000 	 0.0712000 	 0.0080000 	 0.3450000 	 0.2180000 	 6.0357000
7.8000000 	 -1.0250000 	 -2.5000000 	 1.8020000 	 0.0000000 	 0.0185000 	 0.0051000 	 0.1725000 	 0.1784000 	 4.2663000
7.8000000 	 -1.0250000 	 -2.2500000 	 1.3329000 	 0.0000000 	 0.0426000 	 0.0062000 	 0.2487000 	 0.2316000 	 5.1667000
7.8000000 	 -1.0250000 	 -2.0000000 	 1.0121000 	 0.0000000 	 0.0909000 	 0.0080000 	 0.3422000 	 0.2886000 	 6.0175000
7.8000000 	 -0.9000000 	 -2.5000000 	 1.8003000 	 0.0000000 	 0.0235000 	 0.0051000 	 0.1713000 	 0.2364000 	 4.2549000
7.8000000 	 -0.9000000 	 -2.2500000 	 1.3309000 	 0.0000000 	 0.0542000 	 0.0062000 	 0.2463000 	 0.3062000 	 5.1481000
7.8000000 	 -0.9000000 	 -2.0000000 	 1.0105000 	 0.0000000 	 0.1156000 	 0.0080000 	 0.3384000 	 0.3811000 	 5.9924000
7.9000000 	 -1.1500000 	 -2.7500000 	 2.3447000 	 0.0000000 	 0.0054000 	 0.0045000 	 0.1079000 	 0.1011000 	 3.7336000
7.9000000 	 -1.1500000 	 -2.5000000 	 1.7125000 	 0.0000000 	 0.0134000 	 0.0052000 	 0.1651000 	 0.1347000 	 4.8315000
7.9000000 	 -1.1500000 	 -2.2500000 	 1.2741000 	 0.0000000 	 0.0295000 	 0.0064000 	 0.2357000 	 0.1730000 	 5.8412000
7.9000000 	 -1.0250000 	 -2.7500000 	 2.3425000 	 0.0000000 	 0.0068000 	 0.0045000 	 0.1073000 	 0.1341000 	 3.7248000
7.9000000 	 -1.0250000 	 -2.5000000 	 1.7119000 	 0.0000000 	 0.0167000 	 0.0052000 	 0.1642000 	 0.1787000 	 4.8218000
7.9000000 	 -1.0250000 	 -2.2500000 	 1.2731000 	 0.0000000 	 0.0370000 	 0.0064000 	 0.2341000 	 0.2293000 	 5.8260000
7.9000000 	 -0.9000000 	 -2.7500000 	 2.3404000 	 0.0000000 	 0.0086000 	 0.0045000 	 0.1065000 	 0.1778000 	 3.7149000
7.9000000 	 -0.9000000 	 -2.5000000 	 1.7087000 	 0.0000000 	 0.0207000 	 0.0052000 	 0.1627000 	 0.2365000 	 4.8054000
7.9000000 	 -0.9000000 	 -2.2500000 	 1.2719000 	 0.0000000 	 0.0468000 	 0.0063000 	 0.2318000 	 0.3032000 	 5.8041000
8.0000000 	 -1.1500000 	 -2.7500000 	 2.1955000 	 0.0000000 	 0.0049000 	 0.0049000 	 0.0970000 	 0.0973000 	 4.1092000
8.0000000 	 -1.1500000 	 -2.5000000 	 1.6113000 	 0.0000000 	 0.0114000 	 0.0057000 	 0.1470000 	 0.1278000 	 5.3111000
8.0000000 	 -1.1500000 	 -2.2500000 	 1.1965000 	 0.0000000 	 0.0244000 	 0.0068000 	 0.2084000 	 0.1625000 	 6.4092000
8.0000000 	 -1.0250000 	 -2.7500000 	 2.1917000 	 0.0000000 	 0.0061000 	 0.0049000 	 0.0964000 	 0.1292000 	 4.0994000
8.0000000 	 -1.0250000 	 -2.5000000 	 1.6086000 	 0.0000000 	 0.0141000 	 0.0057000 	 0.1461000 	 0.1694000 	 5.2980000
8.0000000 	 -1.0250000 	 -2.2500000 	 1.1939000 	 0.0000000 	 0.0304000 	 0.0068000 	 0.2068000 	 0.2152000 	 6.3909000
8.0000000 	 -0.9000000 	 -2.7500000 	 2.1885000 	 0.0000000 	 0.0076000 	 0.0049000 	 0.0956000 	 0.1710000 	 4.0862000
8.0000000 	 -0.9000000 	 -2.5000000 	 1.6049000 	 0.0000000 	 0.0174000 	 0.0057000 	 0.1449000 	 0.2242000 	 5.2799000
8.0000000 	 -0.9000000 	 -2.2500000 	 1.1917000 	 0.0000000 	 0.0379000 	 0.0068000 	 0.2048000 	 0.2846000 	 6.3668000
8.0000000 	 -0.7750000 	 -2.7500000 	 2.1877000 	 0.0000000 	 0.0094000 	 0.0049000 	 0.0946000 	 0.2259000 	 4.0691000
8.0000000 	 -0.7750000 	 -2.5000000 	 1.6026000 	 0.0000000 	 0.0216000 	 0.0057000 	 0.1431000 	 0.2960000 	 5.2564000
8.0000000 	 -0.7750000 	 -2.2500000 	 1.1885000 	 0.0000000 	 0.0475000 	 0.0068000 	 0.2022000 	 0.3754000 	 6.3352000
8.0000000 	 -0.6500000 	 -2.7500000 	 2.1815000 	 0.0000000 	 0.0115000 	 0.0049000 	 0.0932000 	 0.2977000 	 4.0465000
8.0000000 	 -0.6500000 	 -2.5000000 	 1.5991000 	 0.0000000 	 0.0268000 	 0.0057000 	 0.1409000 	 0.3895000 	 5.2241000
8.0000000 	 -0.6500000 	 -2.2500000 	 1.1858000 	 0.0000000 	 0.0593000 	 0.0068000 	 0.1988000 	 0.4933000 	 6.2932000
8.1000000 	 -1.1500000 	 -3.0000000 	 2.7979000 	 0.0000000 	 0.0000000 	 0.0042000 	 0.0476000 	 0.0656000 	 2.9884000
8.1000000 	 -1.1500000 	 -2.7500000 	 2.0366000 	 0.0000000 	 0.0042000 	 0.0047000 	 0.0807000 	 0.0883000 	 4.3719000
8.1000000 	 -1.1500000 	 -2.5000000 	 1.4842000 	 0.0000000 	 0.0093000 	 0.0054000 	 0.1219000 	 0.1145000 	 5.6567000
8.1000000 	 -1.0250000 	 -3.0000000 	 2.7956000 	 0.0000000 	 0.0011000 	 0.0042000 	 0.0472000 	 0.0870000 	 2.9800000
8.1000000 	 -1.0250000 	 -2.7500000 	 2.0333000 	 0.0000000 	 0.0052000 	 0.0047000 	 0.0802000 	 0.1171000 	 4.3601000
8.1000000 	 -1.0250000 	 -2.5000000 	 1.4878000 	 0.0000000 	 0.0112000 	 0.0054000 	 0.1211000 	 0.1518000 	 5.6428000
8.1000000 	 -0.9000000 	 -3.0000000 	 2.7897000 	 0.0000000 	 0.0015000 	 0.0042000 	 0.0468000 	 0.1152000 	 2.9695000
8.1000000 	 -0.9000000 	 -2.7500000 	 2.0296000 	 0.0000000 	 0.0063000 	 0.0047000 	 0.0794000 	 0.1550000 	 4.3441000
8.1000000 	 -0.9000000 	 -2.5000000 	 1.4840000 	 0.0000000 	 0.0135000 	 0.0054000 	 0.1199000 	 0.2008000 	 5.6217000
8.1000000 	 -0.7750000 	 -3.0000000 	 2.7850000 	 0.0000000 	 0.0029000 	 0.0042000 	 0.0462000 	 0.1519000 	 2.9543000
8.1000000 	 -0.7750000 	 -2.7500000 	 2.0107000 	 0.0000000 	 0.0077000 	 0.0047000 	 0.0785000 	 0.2045000 	 4.3232000
8.1000000 	 -0.7750000 	 -2.5000000 	 1.4810000 	 0.0000000 	 0.0164000 	 0.0053000 	 0.1184000 	 0.2649000 	 5.5940000
8.1000000 	 -0.6500000 	 -3.0000000 	 2.7781000 	 0.0000000 	 0.0037000 	 0.0042000 	 0.0454000 	 0.1997000 	 2.9341000
8.1000000 	 -0.6500000 	 -2.7500000 	 2.0081000 	 0.0000000 	 0.0092000 	 0.0047000 	 0.0771000 	 0.2688000 	 4.2951000
8.1000000 	 -0.6500000 	 -2.5000000 	 1.4784000 	 0.0000000 	 0.0200000 	 0.0053000 	 0.1166000 	 0.3485000 	 5.5597000
8.2000000 	 -0.9000000 	 -3.0000000 	 2.5961000 	 0.0000000 	 0.0012000 	 0.0038000 	 0.0356000 	 0.0991000 	 3.0146000
8.2000000 	 -0.9000000 	 -2.7500000 	 1.8579000 	 0.0000000 	 0.0051000 	 0.0042000 	 0.0604000 	 0.1315000 	 4.4337000
8.2000000 	 -0.9000000 	 -2.5000000 	 1.3549000 	 0.0000000 	 0.0100000 	 0.0048000 	 0.0916000 	 0.1690000 	 5.7674000
8.2000000 	 -0.7750000 	 -3.0000000 	 2.5885000 	 0.0000000 	 0.0015000 	 0.0038000 	 0.0350000 	 0.1304000 	 2.9969000
8.2000000 	 -0.7750000 	 -2.7500000 	 1.8530000 	 0.0000000 	 0.0060000 	 0.0042000 	 0.0596000 	 0.1734000 	 4.4104000
8.2000000 	 -0.7750000 	 -2.5000000 	 1.3579000 	 0.0000000 	 0.0118000 	 0.0048000 	 0.0905000 	 0.2229000 	 5.7397000
8.2000000 	 -0.6500000 	 -3.0000000 	 2.5809000 	 0.0000000 	 0.0030000 	 0.0038000 	 0.0343000 	 0.1711000 	 2.9736000
8.2000000 	 -0.6500000 	 -2.7500000 	 1.8550000 	 0.0000000 	 0.0071000 	 0.0042000 	 0.0585000 	 0.2278000 	 4.3805000
8.2000000 	 -0.6500000 	 -2.5000000 	 1.3589000 	 0.0000000 	 0.0141000 	 0.0048000 	 0.0889000 	 0.2930000 	 5.7020000
8.2000000 	 -0.5250000 	 -3.0000000 	 2.5918000 	 0.0000000 	 0.0037000 	 0.0038000 	 0.0334000 	 0.2231000 	 2.9427000
8.2000000 	 -0.5250000 	 -2.7500000 	 1.8498000 	 0.0000000 	 0.0084000 	 0.0042000 	 0.0571000 	 0.2978000 	 4.3409000
8.2000000 	 -0.5250000 	 -2.5000000 	 1.3503000 	 0.0000000 	 0.0169000 	 0.0048000 	 0.0871000 	 0.3835000 	 5.6544000
8.2000000 	 -0.4000000 	 -3.0000000 	 2.5821000 	 0.0000000 	 0.0045000 	 0.0038000 	 0.0322000 	 0.2888000 	 2.9022000
8.2000000 	 -0.4000000 	 -2.7500000 	 1.8557000 	 0.0000000 	 0.0097000 	 0.0042000 	 0.0554000 	 0.3867000 	 4.2889000
8.2000000 	 -0.4000000 	 -2.5000000 	 1.3555000 	 0.0000000 	 0.0200000 	 0.0047000 	 0.0845000 	 0.4984000 	 5.5892000
8.3000000 	 -0.9000000 	 -3.0000000 	 2.3714000 	 0.0000000 	 0.0000000 	 0.0034000 	 0.0229000 	 0.0753000 	 2.8413000
8.3000000 	 -0.9000000 	 -2.7500000 	 1.6984000 	 0.0000000 	 0.0040000 	 0.0038000 	 0.0396000 	 0.0996000 	 4.2379000
8.3000000 	 -0.9000000 	 -2.5000000 	 1.2338000 	 0.0000000 	 0.0074000 	 0.0043000 	 0.0610000 	 0.1274000 	 5.5734000
8.3000000 	 -0.7750000 	 -3.0000000 	 2.3861000 	 0.0000000 	 0.0011000 	 0.0034000 	 0.0225000 	 0.0989000 	 2.8214000
8.3000000 	 -0.7750000 	 -2.7500000 	 1.6925000 	 0.0000000 	 0.0047000 	 0.0038000 	 0.0390000 	 0.1310000 	 4.2130000
8.3000000 	 -0.7750000 	 -2.5000000 	 1.2387000 	 0.0000000 	 0.0085000 	 0.0043000 	 0.0602000 	 0.1679000 	 5.5443000
8.3000000 	 -0.6500000 	 -3.0000000 	 2.3782000 	 0.0000000 	 0.0025000 	 0.0034000 	 0.0220000 	 0.1292000 	 2.7956000
8.3000000 	 -0.6500000 	 -2.7500000 	 1.6850000 	 0.0000000 	 0.0054000 	 0.0038000 	 0.0382000 	 0.1717000 	 4.1806000
8.3000000 	 -0.6500000 	 -2.5000000 	 1.2320000 	 0.0000000 	 0.0097000 	 0.0043000 	 0.0590000 	 0.2202000 	 5.5047000
8.3000000 	 -0.5250000 	 -3.0000000 	 2.3668000 	 0.0000000 	 0.0029000 	 0.0034000 	 0.0213000 	 0.1678000 	 2.7613000
8.3000000 	 -0.5250000 	 -2.7500000 	 1.6784000 	 0.0000000 	 0.0061000 	 0.0038000 	 0.0372000 	 0.2237000 	 4.1375000
8.3000000 	 -0.5250000 	 -2.5000000 	 1.2280000 	 0.0000000 	 0.0110000 	 0.0043000 	 0.0577000 	 0.2875000 	 5.4545000
8.3000000 	 -0.4000000 	 -3.0000000 	 2.3770000 	 0.0000000 	 0.0035000 	 0.0034000 	 0.0204000 	 0.2157000 	 2.7168000
8.3000000 	 -0.4000000 	 -2.7500000 	 1.6807000 	 0.0000000 	 0.0070000 	 0.0038000 	 0.0358000 	 0.2890000 	 4.0812000
8.3000000 	 -0.4000000 	 -2.5000000 	 1.2308000 	 0.0000000 	 0.0127000 	 0.0043000 	 0.0558000 	 0.3728000 	 5.3888000
8.4000000 	 -0.9000000 	 -3.0000000 	 2.2163000 	 0.0000000 	 0.0000000 	 0.0028000 	 0.0134000 	 0.0534000 	 2.5475000
8.4000000 	 -0.9000000 	 -2.7500000 	 1.5506000 	 0.0000000 	 0.0035000 	 0.0031000 	 0.0236000 	 0.0707000 	 3.8700000
8.4000000 	 -0.9000000 	 -2.5000000 	 1.1170000 	 0.0000000 	 0.0060000 	 0.0035000 	 0.0372000 	 0.0901000 	 5.1666000
8.4000000 	 -0.7750000 	 -3.0000000 	 2.2332000 	 0.0000000 	 0.0000000 	 0.0028000 	 0.0131000 	 0.0699000 	 2.5273000
8.4000000 	 -0.7750000 	 -2.7500000 	 1.5464000 	 0.0000000 	 0.0039000 	 0.0031000 	 0.0232000 	 0.0927000 	 3.8438000
8.4000000 	 -0.7750000 	 -2.5000000 	 1.1218000 	 0.0000000 	 0.0066000 	 0.0035000 	 0.0366000 	 0.1184000 	 5.1362000
8.4000000 	 -0.6500000 	 -3.0000000 	 2.2252000 	 0.0000000 	 0.0011000 	 0.0028000 	 0.0127000 	 0.0910000 	 2.4994000
8.4000000 	 -0.6500000 	 -2.7500000 	 1.5394000 	 0.0000000 	 0.0044000 	 0.0031000 	 0.0227000 	 0.1209000 	 3.8095000
8.4000000 	 -0.6500000 	 -2.5000000 	 1.1161000 	 0.0000000 	 0.0072000 	 0.0035000 	 0.0358000 	 0.1551000 	 5.0972000
8.4000000 	 -0.5250000 	 -3.0000000 	 2.2259000 	 0.0000000 	 0.0025000 	 0.0028000 	 0.0122000 	 0.1173000 	 2.4628000
8.4000000 	 -0.5250000 	 -2.7500000 	 1.5353000 	 0.0000000 	 0.0049000 	 0.0031000 	 0.0219000 	 0.1569000 	 3.7644000
8.4000000 	 -0.5250000 	 -2.5000000 	 1.1170000 	 0.0000000 	 0.0079000 	 0.0035000 	 0.0349000 	 0.2017000 	 5.0447000
8.4000000 	 -0.4000000 	 -3.0000000 	 2.2158000 	 0.0000000 	 0.0029000 	 0.0028000 	 0.0117000 	 0.1498000 	 2.4161000
8.4000000 	 -0.4000000 	 -2.7500000 	 1.5379000 	 0.0000000 	 0.0055000 	 0.0031000 	 0.0209000 	 0.2013000 	 3.7048000
8.4000000 	 -0.4000000 	 -2.5000000 	 1.1093000 	 0.0000000 	 0.0088000 	 0.0035000 	 0.0335000 	 0.2604000 	 4.9763000
8.5000000 	 -0.9000000 	 -3.0000000 	 2.1567000 	 0.0000000 	 0.0000000 	 0.0018000 	 0.0061000 	 0.0318000 	 2.0246000
8.5000000 	 -0.9000000 	 -2.7500000 	 1.4396000 	 0.0000000 	 0.0029000 	 0.0020000 	 0.0113000 	 0.0429000 	 3.1887000
8.5000000 	 -0.9000000 	 -2.5000000 	 1.0108000 	 0.0000000 	 0.0051000 	 0.0023000 	 0.0185000 	 0.0552000 	 4.3714000
8.5000000 	 -0.7750000 	 -3.0000000 	 2.1574000 	 0.0000000 	 0.0000000 	 0.0018000 	 0.0059000 	 0.0413000 	 2.0041000
8.5000000 	 -0.7750000 	 -2.7500000 	 1.4403000 	 0.0000000 	 0.0034000 	 0.0020000 	 0.0110000 	 0.0561000 	 3.1625000
8.5000000 	 -0.7750000 	 -2.5000000 	 1.0060000 	 0.0000000 	 0.0054000 	 0.0023000 	 0.0181000 	 0.0723000 	 4.3411000
8.5000000 	 -0.6500000 	 -3.0000000 	 2.1537000 	 0.0000000 	 0.0000000 	 0.0018000 	 0.0058000 	 0.0533000 	 1.9772000
8.5000000 	 -0.6500000 	 -2.7500000 	 1.4331000 	 0.0000000 	 0.0038000 	 0.0020000 	 0.0107000 	 0.0728000 	 3.1278000
8.5000000 	 -0.6500000 	 -2.5000000 	 1.0041000 	 0.0000000 	 0.0059000 	 0.0023000 	 0.0177000 	 0.0942000 	 4.3010000
8.5000000 	 -0.5250000 	 -3.0000000 	 2.1485000 	 0.0000000 	 0.0010000 	 0.0018000 	 0.0055000 	 0.0683000 	 1.9422000
8.5000000 	 -0.5250000 	 -2.7500000 	 1.4436000 	 0.0000000 	 0.0042000 	 0.0020000 	 0.0103000 	 0.0937000 	 3.0832000
8.5000000 	 -0.5250000 	 -2.5000000 	 1.0012000 	 0.0000000 	 0.0063000 	 0.0023000 	 0.0170000 	 0.1218000 	 4.2487000
8.5000000 	 -0.4000000 	 -3.0000000 	 2.1699000 	 0.0000000 	 0.0024000 	 0.0018000 	 0.0051000 	 0.0860000 	 1.8967000
8.5000000 	 -0.4000000 	 -2.7500000 	 1.4398000 	 0.0000000 	 0.0046000 	 0.0020000 	 0.0098000 	 0.1191000 	 3.0231000
8.5000000 	 -0.4000000 	 -2.5000000 	 1.0024000 	 0.0000000 	 0.0068000 	 0.0023000 	 0.0164000 	 0.1560000 	 4.1799000
8.6000000 	 -0.6500000 	 -3.0000000 	 2.3106000 	 0.0000000 	 0.0000000 	 0.0000000 	 0.0015000 	 0.0265000 	 1.3791000
8.6000000 	 -0.6500000 	 -2.7500000 	 1.4429000 	 0.0000000 	 0.0031000 	 0.0011000 	 0.0041000 	 0.0380000 	 2.3039000
8.6000000 	 -0.6500000 	 -2.5000000 	 0.9640000 	 0.0000000 	 0.0052000 	 0.0012000 	 0.0071000 	 0.0502000 	 3.2962000
8.6000000 	 -0.5250000 	 -3.0000000 	 2.3170000 	 0.0000000 	 0.0000000 	 0.0000000 	 0.0014000 	 0.0335000 	 1.3478000
8.6000000 	 -0.5250000 	 -2.7500000 	 1.4634000 	 0.0000000 	 0.0036000 	 0.0011000 	 0.0029000 	 0.0485000 	 2.2615000
8.6000000 	 -0.5250000 	 -2.5000000 	 0.9724000 	 0.0000000 	 0.0056000 	 0.0012000 	 0.0068000 	 0.0643000 	 3.2437000
8.6000000 	 -0.4000000 	 -3.0000000 	 2.3558000 	 0.0000000 	 0.0000000 	 0.0000000 	 0.0013000 	 0.0415000 	 1.3069000
8.6000000 	 -0.4000000 	 -2.7500000 	 1.4726000 	 0.0000000 	 0.0040000 	 0.0011000 	 0.0027000 	 0.0607000 	 2.2049000
8.6000000 	 -0.4000000 	 -2.5000000 	 0.9670000 	 0.0000000 	 0.0059000 	 0.0012000 	 0.0064000 	 0.0812000 	 3.1752000
8.6000000 	 -0.2750000 	 -3.0000000 	 2.3667000 	 0.0000000 	 0.0012000 	 0.0000000 	 0.0012000 	 0.0502000 	 1.2544000
8.6000000 	 -0.2750000 	 -2.7500000 	 1.4813000 	 0.0000000 	 0.0043000 	 0.0011000 	 0.0025000 	 0.0743000 	 2.1317000
8.6000000 	 -0.2750000 	 -2.5000000 	 0.9761000 	 0.0000000 	 0.0062000 	 0.0012000 	 0.0059000 	 0.1008000 	 3.0868000
8.6000000 	 -0.1500000 	 -3.0000000 	 2.4117000 	 0.0000000 	 0.0025000 	 0.0000000 	 0.0010000 	 0.0589000 	 1.1881000
8.6000000 	 -0.1500000 	 -2.7500000 	 1.4974000 	 0.0000000 	 0.0047000 	 0.0011000 	 0.0022000 	 0.0887000 	 2.0376000
8.6000000 	 -0.1500000 	 -2.5000000 	 0.9829000 	 0.0000000 	 0.0064000 	 0.0012000 	 0.0054000 	 0.1221000 	 2.9717000
8.7000000 	 -0.6500000 	 -3.0000000 	 2.7915000 	 0.0000000 	 0.0000000 	 0.0000000 	 0.0000000 	 0.0102000 	 0.8624000
8.7000000 	 -0.6500000 	 -2.7500000 	 1.6697000 	 0.0000000 	 0.0015000 	 0.0000000 	 0.0000000 	 0.0165000 	 1.5477000
8.7000000 	 -0.6500000 	 -2.5000000 	 1.0562000 	 0.0000000 	 0.0047000 	 0.0000000 	 0.0018000 	 0.0233000 	 2.3205000
8.7000000 	 -0.5250000 	 -3.0000000 	 2.8427000 	 0.0000000 	 0.0000000 	 0.0000000 	 0.0000000 	 0.0127000 	 0.8357000
8.7000000 	 -0.5250000 	 -2.7500000 	 1.6859000 	 0.0000000 	 0.0029000 	 0.0000000 	 0.0000000 	 0.0207000 	 1.5089000
8.7000000 	 -0.5250000 	 -2.5000000 	 1.0647000 	 0.0000000 	 0.0051000 	 0.0000000 	 0.0017000 	 0.0294000 	 2.2702000
8.7000000 	 -0.4000000 	 -3.0000000 	 2.8590000 	 0.0000000 	 0.0000000 	 0.0000000 	 0.0000000 	 0.0153000 	 0.8020000
8.7000000 	 -0.4000000 	 -2.7500000 	 1.6906000 	 0.0000000 	 0.0033000 	 0.0000000 	 0.0000000 	 0.0254000 	 1.4583000
8.7000000 	 -0.4000000 	 -2.5000000 	 1.0722000 	 0.0000000 	 0.0053000 	 0.0000000 	 0.0016000 	 0.0364000 	 2.2051000
8.7000000 	 -0.2750000 	 -3.0000000 	 2.9433000 	 0.0000000 	 0.0000000 	 0.0000000 	 0.0000000 	 0.0180000 	 0.7594000
8.7000000 	 -0.2750000 	 -2.7500000 	 1.7270000 	 0.0000000 	 0.0037000 	 0.0000000 	 0.0000000 	 0.0302000 	 1.3931000
8.7000000 	 -0.2750000 	 -2.5000000 	 1.0761000 	 0.0000000 	 0.0056000 	 0.0000000 	 0.0014000 	 0.0440000 	 2.1206000
8.7000000 	 -0.1500000 	 -3.0000000 	 2.9863000 	 0.0000000 	 0.0011000 	 0.0000000 	 0.0000000 	 0.0202000 	 0.7066000
8.7000000 	 -0.1500000 	 -2.7500000 	 1.7620000 	 0.0000000 	 0.0041000 	 0.0000000 	 0.0000000 	 0.0347000 	 1.3097000
8.7000000 	 -0.1500000 	 -2.5000000 	 1.0955000 	 0.0000000 	 0.0059000 	 0.0000000 	 0.0012000 	 0.0516000 	 2.0119000
8.8000000 	 -0.4000000 	 -3.2500000 	 7.4181000 	 0.0000000 	 0.0000000 	 0.0000000 	 0.0000000 	 0.0000000 	 0.1266000
8.8000000 	 -0.4000000 	 -3.0000000 	 3.9072000 	 0.0000000 	 0.0000000 	 0.0000000 	 0.0000000 	 0.0035000 	 0.3875000
8.8000000 	 -0.4000000 	 -2.7500000 	 2.2072000 	 0.0000000 	 0.0014000 	 0.0000000 	 0.0000000 	 0.0075000 	 0.7977000
8.8000000 	 -0.2750000 	 -3.2500000 	 7.5745000 	 0.0000000 	 0.0000000 	 0.0000000 	 0.0000000 	 0.0000000 	 0.1168000
8.8000000 	 -0.2750000 	 -3.0000000 	 4.0036000 	 0.0000000 	 0.0000000 	 0.0000000 	 0.0000000 	 0.0040000 	 0.3597000
8.8000000 	 -0.2750000 	 -2.7500000 	 2.2579000 	 0.0000000 	 0.0017000 	 0.0000000 	 0.0000000 	 0.0087000 	 0.7468000
8.8000000 	 -0.1500000 	 -3.2500000 	 7.8536000 	 0.0000000 	 0.0000000 	 0.0000000 	 0.0000000 	 0.0000000 	 0.1055000
8.8000000 	 -0.1500000 	 -3.0000000 	 4.1158000 	 0.0000000 	 0.0000000 	 0.0000000 	 0.0000000 	 0.0042000 	 0.3259000
8.8000000 	 -0.1500000 	 -2.7500000 	 2.3114000 	 0.0000000 	 0.0031000 	 0.0000000 	 0.0000000 	 0.0093000 	 0.6833000
8.8000000 	 -0.0250000 	 -3.2500000 	 8.1527000 	 0.0000000 	 0.0000000 	 0.0000000 	 0.0000000 	 0.0000000 	 0.0924000
8.8000000 	 -0.0250000 	 -3.0000000 	 4.3066000 	 0.0000000 	 0.0000000 	 0.0000000 	 0.0000000 	 0.0042000 	 0.2866000
8.8000000 	 -0.0250000 	 -2.7500000 	 2.3803000 	 0.0000000 	 0.0035000 	 0.0000000 	 0.0000000 	 0.0094000 	 0.6068000
8.8000000 	 0.1000000 	 -3.2500000 	 8.5104000 	 0.0000000 	 0.0000000 	 0.0000000 	 0.0000000 	 0.0000000 	 0.0783000
8.8000000 	 0.1000000 	 -3.0000000 	 4.5365000 	 0.0000000 	 0.0000000 	 0.0000000 	 0.0000000 	 0.0038000 	 0.2425000
8.8000000 	 0.1000000 	 -2.7500000 	 2.4999000 	 0.0000000 	 0.0037000 	 0.0000000 	 0.0000000 	 0.0086000 	 0.5173000
8.9000000 	 -0.4000000 	 -3.2500000 	 10.9553000 	 0.0000000 	 0.0000000 	 0.0000000 	 0.0000000 	 0.0000000 	 0.0274000
8.9000000 	 -0.4000000 	 -3.0000000 	 5.9518000 	 0.0000000 	 0.0000000 	 0.0000000 	 0.0000000 	 0.0000000 	 0.1150000
8.9000000 	 -0.4000000 	 -2.7500000 	 3.2064000 	 0.0000000 	 0.0000000 	 0.0000000 	 0.0000000 	 0.0000000 	 0.3024000
8.9000000 	 -0.2750000 	 -3.2500000 	 11.1964000 	 0.0000000 	 0.0000000 	 0.0000000 	 0.0000000 	 0.0000000 	 0.0251000
8.9000000 	 -0.2750000 	 -3.0000000 	 6.1067000 	 0.0000000 	 0.0000000 	 0.0000000 	 0.0000000 	 0.0000000 	 0.1042000
8.9000000 	 -0.2750000 	 -2.7500000 	 3.2809000 	 0.0000000 	 0.0000000 	 0.0000000 	 0.0000000 	 0.0000000 	 0.2744000
8.9000000 	 -0.1500000 	 -3.2500000 	 11.4217000 	 0.0000000 	 0.0000000 	 0.0000000 	 0.0000000 	 0.0000000 	 0.0224000
8.9000000 	 -0.1500000 	 -3.0000000 	 6.3260000 	 0.0000000 	 0.0000000 	 0.0000000 	 0.0000000 	 0.0000000 	 0.0916000
8.9000000 	 -0.1500000 	 -2.7500000 	 3.3954000 	 0.0000000 	 0.0011000 	 0.0000000 	 0.0000000 	 0.0000000 	 0.2388000
8.9000000 	 -0.0250000 	 -3.2500000 	 11.7180000 	 0.0000000 	 0.0000000 	 0.0000000 	 0.0000000 	 0.0000000 	 0.0193000
8.9000000 	 -0.0250000 	 -3.0000000 	 6.6242000 	 0.0000000 	 0.0000000 	 0.0000000 	 0.0000000 	 0.0000000 	 0.0776000
8.9000000 	 -0.0250000 	 -2.7500000 	 3.5715000 	 0.0000000 	 0.0014000 	 0.0000000 	 0.0000000 	 0.0000000 	 0.1991000
8.9000000 	 0.1000000 	 -3.2500000 	 12.1803000 	 0.0000000 	 0.0000000 	 0.0000000 	 0.0000000 	 0.0000000 	 0.0160000
8.9000000 	 0.1000000 	 -3.0000000 	 6.9340000 	 0.0000000 	 0.0000000 	 0.0000000 	 0.0000000 	 0.0000000 	 0.0625000
8.9000000 	 0.1000000 	 -2.7500000 	 3.8260000 	 0.0000000 	 0.0016000 	 0.0000000 	 0.0000000 	 0.0000000 	 0.1574000
9.0000000 	 -0.1500000 	 -3.2500000 	 23.2117000 	 0.0000000 	 0.0000000 	 0.0000000 	 0.0000000 	 0.0000000 	 0.0125000
9.0000000 	 -0.1500000 	 -3.0000000 	 22.0784000 	 0.0000000 	 0.0000000 	 0.0000000 	 0.0000000 	 0.0000000 	 0.0487000
9.0000000 	 -0.1500000 	 -2.7500000 	 5.2999000 	 0.0000000 	 0.0000000 	 0.0000000 	 0.0000000 	 0.0000000 	 0.0485000
9.0000000 	 -0.0250000 	 -3.2500000 	 61.9893000 	 0.0000000 	 0.0000000 	 0.0035000 	 0.0000000 	 0.0000000 	 0.0115000
9.0000000 	 -0.0250000 	 -3.0000000 	 22.3947000 	 0.0000000 	 0.0000000 	 0.0000000 	 0.0000000 	 0.0000000 	 0.0423000
9.0000000 	 -0.0250000 	 -2.7500000 	 19.4201000 	 0.0000000 	 0.0013000 	 0.0000000 	 0.0000000 	 0.0000000 	 0.0813000
9.0000000 	 0.1000000 	 -3.2500000 	 61.5070000 	 0.0000000 	 0.0000000 	 0.0035000 	 0.0000000 	 0.0000000 	 0.0093000
9.0000000 	 0.1000000 	 -3.0000000 	 22.5179000 	 0.0000000 	 0.0000000 	 0.0000000 	 0.0000000 	 0.0000000 	 0.0346000
9.0000000 	 0.1000000 	 -2.7500000 	 21.4488000 	 0.0000000 	 0.0028000 	 0.0000000 	 0.0000000 	 0.0000000 	 0.0736000
9.0000000 	 0.2250000 	 -3.2500000 	 60.8893000 	 0.0000000 	 0.0000000 	 0.0034000 	 0.0000000 	 0.0000000 	 0.0071000
9.0000000 	 0.2250000 	 -3.0000000 	 24.7020000 	 0.0000000 	 0.0000000 	 0.0000000 	 0.0000000 	 0.0000000 	 0.0296000
9.0000000 	 0.2250000 	 -2.7500000 	 22.0281000 	 0.0000000 	 0.0038000 	 0.0000000 	 0.0000000 	 0.0000000 	 0.0663000
9.0000000 	 0.3500000 	 -3.2500000 	 60.2795000 	 0.0000000 	 0.0000000 	 0.0033000 	 0.0000000 	 0.0000000 	 0.0050000
9.0000000 	 0.3500000 	 -3.0000000 	 80.8438000 	 0.0000000 	 0.0000000 	 0.0065000 	 0.0000000 	 0.0000000 	 0.0228000
9.0000000 	 0.3500000 	 -2.7500000 	 109.7116000 	 0.0000000 	 0.0053000 	 0.0123000 	 0.0000000 	 0.0011000 	 0.0542000
9.1000000 	 -0.1500000 	 -3.2500000 	 64.1920000 	 0.0000000 	 0.0000000 	 0.0016000 	 0.0000000 	 0.0000000 	 0.0000000
9.1000000 	 -0.1500000 	 -3.0000000 	 87.0344000 	 0.0000000 	 0.0000000 	 0.0033000 	 0.0000000 	 0.0000000 	 0.0077000
9.1000000 	 -0.1500000 	 -2.7500000 	 125.5108000 	 0.0000000 	 0.0000000 	 0.0066000 	 0.0000000 	 0.0000000 	 0.0376000
9.1000000 	 -0.0250000 	 -3.2500000 	 63.8112000 	 0.0000000 	 0.0000000 	 0.0015000 	 0.0000000 	 0.0000000 	 0.0000000
9.1000000 	 -0.0250000 	 -3.0000000 	 85.7265000 	 0.0000000 	 0.0000000 	 0.0032000 	 0.0000000 	 0.0000000 	 0.0060000
9.1000000 	 -0.0250000 	 -2.7500000 	 122.9147000 	 0.0000000 	 0.0000000 	 0.0064000 	 0.0000000 	 0.0000000 	 0.0276000
9.1000000 	 0.1000000 	 -3.2500000 	 63.3232000 	 0.0000000 	 0.0000000 	 0.0015000 	 0.0000000 	 0.0000000 	 0.0000000
9.1000000 	 0.1000000 	 -3.0000000 	 84.0884000 	 0.0000000 	 0.0000000 	 0.0031000 	 0.0000000 	 0.0000000 	 0.0042000
9.1000000 	 0.1000000 	 -2.7500000 	 119.6291000 	 0.0000000 	 0.0010000 	 0.0062000 	 0.0000000 	 0.0000000 	 0.0181000
9.1000000 	 0.2250000 	 -3.2500000 	 64.5035000 	 0.0000000 	 0.0000000 	 0.0015000 	 0.0000000 	 0.0000000 	 0.0000000
9.1000000 	 0.2250000 	 -3.0000000 	 84.6656000 	 0.0000000 	 0.0000000 	 0.0030000 	 0.0000000 	 0.0000000 	 0.0027000
9.1000000 	 0.2250000 	 -2.7500000 	 115.5223000 	 0.0000000 	 0.0012000 	 0.0059000 	 0.0000000 	 0.0000000 	 0.0102000
9.1000000 	 0.3500000 	 -3.2500000 	 63.6152000 	 0.0000000 	 0.0000000 	 0.0014000 	 0.0000000 	 0.0000000 	 0.0000000
9.1000000 	 0.3500000 	 -3.0000000 	 79.5559000 	 0.0000000 	 0.0000000 	 0.0028000 	 0.0000000 	 0.0000000 	 0.0015000
9.1000000 	 0.3500000 	 -2.7500000 	 110.4338000 	 0.0000000 	 0.0014000 	 0.0055000 	 0.0000000 	 0.0000000 	 0.0046000
