6.9000 -1.4000 -2.5000 2.1191 0.0500 0.7321 0.0038 0.0186
6.9000 -1.4000 -2.2500 1.5753 0.0765 0.9026 0.0098 0.0256
6.9000 -1.4000 -2.0000 1.2034 0.1115 1.0708 0.0219 0.0335
6.9000 -1.2750 -2.5000 2.1195 0.0500 0.7320 0.0050 0.0248
6.9000 -1.2750 -2.2500 1.5753 0.0764 0.9024 0.0127 0.0342
6.9000 -1.2750 -2.0000 1.2034 0.1114 1.0703 0.0281 0.0447
6.9000 -1.1500 -2.5000 2.1197 0.0499 0.7318 0.0065 0.0331
6.9000 -1.1500 -2.2500 1.5749 0.0763 0.9022 0.0165 0.0455
6.9000 -1.1500 -2.0000 1.2031 0.1112 1.0697 0.0362 0.0595
6.9000 -1.0250 -2.5000 2.1190 0.0499 0.7316 0.0085 0.0441
6.9000 -1.0250 -2.2500 1.5754 0.0762 0.9016 0.0212 0.0606
6.9000 -1.0250 -2.0000 1.2024 0.1110 1.0691 0.0466 0.0792
6.9000 -0.9000 -2.5000 2.1194 0.0498 0.7312 0.0111 0.0588
6.9000 -0.9000 -2.2500 1.5748 0.0760 0.9011 0.0274 0.0807
6.9000 -0.9000 -2.0000 1.2024 0.1107 1.0683 0.0602 0.1054
6.9000 -0.7750 -2.5000 2.1185 0.0497 0.7308 0.0143 0.0782
6.9000 -0.7750 -2.2500 1.5746 0.0759 0.9004 0.0353 0.1075
6.9000 -0.7750 -2.0000 1.2021 0.1103 1.0669 0.0778 0.1400
6.9000 -0.6500 -2.5000 2.1188 0.0496 0.7302 0.0185 0.1041
6.9000 -0.6500 -2.2500 1.5748 0.0756 0.8993 0.0456 0.1429
6.9000 -0.6500 -2.0000 1.2016 0.1097 1.0652 0.1008 0.1859
6.9000 -0.5250 -2.5000 2.1188 0.0495 0.7294 0.0239 0.1384
6.9000 -0.5250 -2.2500 1.5732 0.0753 0.8980 0.0589 0.1898
6.9000 -0.5250 -2.0000 1.2010 0.1090 1.0629 0.1307 0.2465
6.9000 -0.4000 -2.5000 2.1170 0.0492 0.7283 0.0309 0.1840
6.9000 -0.4000 -2.2500 1.5732 0.0748 0.8962 0.0763 0.2518
6.9000 -0.4000 -2.0000 1.2006 0.1081 1.0601 0.1693 0.3263
6.9000 -0.2750 -2.5000 2.1183 0.0490 0.7269 0.0399 0.2441
6.9000 -0.2750 -2.2500 1.5719 0.0742 0.8938 0.0988 0.3334
6.9000 -0.2750 -2.0000 1.2037 0.1068 1.0558 0.2187 0.4305
6.9000 -0.1500 -2.5000 2.1147 0.0486 0.7251 0.0515 0.3235
6.9000 -0.1500 -2.2500 1.5726 0.0734 0.8906 0.1278 0.4406
6.9000 -0.1500 -2.0000 1.2005 0.1052 1.0508 0.2815 0.5668
6.9000 -0.0250 -2.5000 2.1132 0.0481 0.7227 0.0664 0.4277
6.9000 -0.0250 -2.2500 1.5719 0.0724 0.8865 0.1650 0.5807
6.9000 -0.0250 -2.0000 1.1974 0.1032 1.0442 0.3598 0.7433
6.9000 0.1000 -2.5000 2.1139 0.0475 0.7195 0.0857 0.5641
6.9000 0.1000 -2.2500 1.5700 0.0711 0.8811 0.2120 0.7624
6.9000 0.1000 -2.0000 1.1958 0.1006 1.0352 0.4550 0.9690
6.9000 0.2250 -2.5000 2.1096 0.0467 0.7153 0.1102 0.7413
6.9000 0.2250 -2.2500 1.5614 0.0695 0.8741 0.2704 0.9963
6.9000 0.2250 -2.0000 1.1923 0.0974 1.0240 0.5677 1.2561
6.9000 0.3500 -2.5000 2.1058 0.0457 0.7098 0.1410 0.9698
6.9000 0.3500 -2.2500 1.5671 0.0674 0.8651 0.3415 1.2943
6.9000 0.3500 -2.0000 1.1956 0.0935 1.0099 0.6960 1.6162
6.9000 0.4750 -2.5000 2.1013 0.0444 0.7027 0.1791 1.2615
6.9000 0.4750 -2.2500 1.5614 0.0648 0.8536 0.4253 1.6689
6.9000 0.4750 -2.0000 1.1901 0.0887 0.9919 0.8336 2.0594
6.9000 0.6000 -2.5000 2.0941 0.0428 0.6935 0.2250 1.6291
6.9000 0.6000 -2.2500 1.5554 0.0617 0.8391 0.5200 2.1325
6.9000 0.6000 -2.0000 1.1781 0.0832 0.9699 0.9707 2.5969
7.0000 -1.4000 -2.5000 2.1122 0.0612 0.9127 0.0046 0.0229
7.0000 -1.4000 -2.2500 1.5713 0.0934 1.1244 0.0118 0.0315
7.0000 -1.4000 -2.0000 1.1990 0.1356 1.3326 0.0260 0.0410
7.0000 -1.2750 -2.5000 2.1118 0.0612 0.9125 0.0060 0.0306
7.0000 -1.2750 -2.2500 1.5721 0.0933 1.1241 0.0152 0.0419
7.0000 -1.2750 -2.0000 1.1991 0.1355 1.3320 0.0334 0.0546
7.0000 -1.1500 -2.5000 2.1111 0.0611 0.9122 0.0079 0.0407
7.0000 -1.1500 -2.2500 1.5709 0.0931 1.1235 0.0196 0.0558
7.0000 -1.1500 -2.0000 1.1991 0.1352 1.3311 0.0429 0.0727
7.0000 -0.0600 -2.5000 2.1109 0.0589 0.9005 0.0738 0.4850
7.0000 -0.0600 -2.2500 1.5639 0.0882 1.1033 0.1826 0.6559
7.0000 -0.0600 -2.0000 1.1965 0.1251 1.2973 0.3950 0.8353
7.0000 -0.9000 -2.5000 2.1106 0.0610 0.9113 0.0133 0.0722
7.0000 -0.9000 -2.2500 1.5651 0.0927 1.1220 0.0325 0.0990
7.0000 -0.9000 -2.0000 1.2003 0.1344 1.3285 0.0714 0.1286
7.0000 -0.7750 -2.5000 2.1104 0.0608 0.9106 0.0171 0.0961
7.0000 -0.7750 -2.2500 1.5647 0.0925 1.1208 0.0419 0.1316
7.0000 -0.7750 -2.0000 1.2005 0.1337 1.3265 0.0924 0.1708
7.0000 -0.6500 -2.5000 2.1103 0.0606 0.9097 0.0221 0.1278
7.0000 -0.6500 -2.2500 1.5648 0.0921 1.1192 0.0542 0.1749
7.0000 -0.6500 -2.0000 1.2000 0.1329 1.3237 0.1197 0.2264
7.0000 -0.5250 -2.5000 2.1087 0.0604 0.9084 0.0285 0.1699
7.0000 -0.5250 -2.2500 1.5630 0.0915 1.1171 0.0700 0.2321
7.0000 -0.5250 -2.0000 1.1990 0.1318 1.3201 0.1550 0.2998
7.0000 -0.4000 -2.5000 2.1086 0.0601 0.9068 0.0367 0.2255
7.0000 -0.4000 -2.2500 1.5684 0.0909 1.1143 0.0907 0.3075
7.0000 -0.4000 -2.0000 1.1986 0.1304 1.3155 0.2004 0.3961
7.0000 -0.2750 -2.5000 2.1099 0.0597 0.9046 0.0474 0.2990
7.0000 -0.2750 -2.2500 1.5676 0.0900 1.1106 0.1173 0.4066
7.0000 -0.2750 -2.0000 1.1965 0.1286 1.3095 0.2580 0.5219
7.0000 -0.1500 -2.5000 2.1055 0.0591 0.9018 0.0611 0.3955
7.0000 -0.1500 -2.2500 1.5612 0.0888 1.1058 0.1514 0.5362
7.0000 -0.1500 -2.0000 1.1941 0.1263 1.3016 0.3302 0.6850
7.0000 -0.0250 -2.5000 2.1030 0.0584 0.8980 0.0788 0.5219
7.0000 -0.0250 -2.2500 1.5596 0.0873 1.0994 0.1947 0.7047
7.0000 -0.0250 -2.0000 1.1920 0.1234 1.2914 0.4187 0.8948
7.0000 0.1000 -2.5000 2.1013 0.0575 0.8930 0.1014 0.6865
7.0000 0.1000 -2.2500 1.5671 0.0854 1.0912 0.2488 0.9220
7.0000 0.1000 -2.0000 1.1890 0.1197 1.2783 0.5241 1.1621
7.0000 0.2250 -2.5000 2.0979 0.0563 0.8866 0.1298 0.8992
7.0000 0.2250 -2.2500 1.5627 0.0830 1.0806 0.3149 1.1996
7.0000 0.2250 -2.0000 1.1929 0.1151 1.2616 0.6452 1.4985
7.0000 0.3500 -2.5000 2.0924 0.0548 0.8782 0.1651 1.1713
7.0000 0.3500 -2.2500 1.5579 0.0800 1.0671 0.3933 1.5500
7.0000 0.3500 -2.0000 1.1829 0.1096 1.2404 0.7772 1.9149
7.0000 0.4750 -2.5000 2.0838 0.0529 0.8673 0.2080 1.5154
7.0000 0.4750 -2.2500 1.5457 0.0764 1.0499 0.4831 1.9853
7.0000 0.4750 -2.0000 1.1841 0.1032 1.2144 0.9110 2.4223
7.0000 0.6000 -2.5000 2.0771 0.0505 0.8536 0.2585 1.9439
7.0000 0.6000 -2.2500 1.5383 0.0720 1.0285 0.5801 2.5161
7.0000 0.6000 -2.0000 1.1722 0.0957 1.1828 1.0341 3.0277
7.1000 -0.2600 -2.5000 2.1008 0.0721 1.1221 0.0577 0.3760
7.1000 -0.2600 -2.2500 1.5658 0.1080 1.3750 0.1424 0.5086
7.1000 -0.2600 -2.0000 1.1915 0.1532 1.6176 0.3102 0.6483
7.1000 -0.2600 -2.5000 2.1008 0.0721 1.1220 0.0577 0.3760
7.1000 -0.2600 -2.2500 1.5657 0.1079 1.3749 0.1424 0.5085
7.1000 -0.2600 -2.0000 1.1912 0.1532 1.6175 0.3102 0.6482
7.1000 -0.2600 -2.5000 2.1006 0.0720 1.1220 0.0576 0.3760
7.1000 -0.2600 -2.2500 1.5658 0.1079 1.3749 0.1423 0.5085
7.1000 -0.2600 -2.0000 1.1919 0.1531 1.6174 0.3101 0.6481
7.1000 -0.2600 -2.5000 2.1001 0.0720 1.1219 0.0576 0.3759
7.1000 -0.2600 -2.2500 1.5655 0.1079 1.3748 0.1423 0.5084
7.1000 -0.2600 -2.0000 1.1915 0.1531 1.6173 0.3100 0.6480
7.1000 -0.2600 -2.5000 2.0998 0.0720 1.1218 0.0576 0.3758
7.1000 -0.2600 -2.2500 1.5653 0.1079 1.3746 0.1423 0.5083
7.1000 -0.2600 -2.0000 1.1913 0.1531 1.6171 0.3099 0.6478
7.1000 -0.2600 -2.5000 2.0996 0.0720 1.1217 0.0576 0.3757
7.1000 -0.2600 -2.2500 1.5661 0.1078 1.3745 0.1422 0.5081
7.1000 -0.2600 -2.0000 1.1907 0.1530 1.6168 0.3098 0.6476
7.1000 -0.2600 -2.5000 2.0991 0.0720 1.1215 0.0576 0.3756
7.1000 -0.2600 -2.2500 1.5650 0.1078 1.3743 0.1421 0.5079
7.1000 -0.2600 -2.0000 1.1907 0.1529 1.6166 0.3096 0.6473
7.1000 -0.2600 -2.5000 2.0986 0.0719 1.1213 0.0575 0.3754
7.1000 -0.2600 -2.2500 1.5653 0.1077 1.3740 0.1420 0.5076
7.1000 -0.2600 -2.0000 1.1901 0.1528 1.6162 0.3093 0.6469
7.1000 -0.2600 -2.5000 2.0979 0.0719 1.1210 0.0575 0.3752
7.1000 -0.2600 -2.2500 1.5648 0.1076 1.3736 0.1419 0.5073
7.1000 -0.2600 -2.0000 1.1897 0.1526 1.6156 0.3090 0.6463
7.1000 -0.2600 -2.5000 2.0969 0.0718 1.1207 0.0574 0.3749
7.1000 -0.2600 -2.2500 1.5638 0.1075 1.3731 0.1417 0.5068
7.1000 -0.2600 -2.0000 1.1896 0.1524 1.6149 0.3085 0.6455
7.1000 -0.2600 -2.5000 2.0960 0.0717 1.1202 0.0574 0.3744
7.1000 -0.2600 -2.2500 1.5638 0.1074 1.3724 0.1415 0.5061
7.1000 -0.2600 -2.0000 1.1886 0.1522 1.6139 0.3079 0.6446
7.1000 -0.2600 -2.5000 2.0953 0.0716 1.1195 0.0573 0.3739
7.1000 -0.2600 -2.2500 1.5628 0.1072 1.3715 0.1412 0.5053
7.1000 -0.2600 -2.0000 1.1870 0.1518 1.6126 0.3071 0.6433
7.1000 -0.2600 -2.5000 2.0918 0.0714 1.1186 0.0571 0.3731
7.1000 -0.2600 -2.2500 1.5596 0.1069 1.3703 0.1408 0.5042
7.1000 -0.2600 -2.0000 1.1858 0.1513 1.6109 0.3060 0.6415
7.1000 -0.2600 -2.5000 2.0894 0.0712 1.1174 0.0569 0.3721
7.1000 -0.2600 -2.2500 1.5580 0.1065 1.3686 0.1402 0.5027
7.1000 -0.2600 -2.0000 1.1917 0.1507 1.6087 0.3046 0.6393
7.1000 -0.2600 -2.5000 2.0856 0.0709 1.1158 0.0567 0.3708
7.1000 -0.2600 -2.2500 1.5544 0.1060 1.3665 0.1395 0.5007
7.1000 -0.2600 -2.0000 1.1893 0.1499 1.6057 0.3027 0.6362
7.1000 -0.2600 -2.5000 2.0796 0.0705 1.1138 0.0564 0.3691
7.1000 -0.2600 -2.2500 1.5494 0.1054 1.3637 0.1386 0.4981
7.1000 -0.2600 -2.0000 1.1849 0.1487 1.6016 0.3002 0.6321
7.1000 0.2000 -2.5000 2.0646 0.0662 1.0892 0.1409 1.0077
7.1000 0.2000 -2.2500 1.5337 0.0967 1.3237 0.3369 1.3333
7.1000 0.2000 -2.0000 1.1763 0.1324 1.5390 0.6729 1.6482
7.2000 -1.4000 -2.5000 2.0840 0.0889 1.4020 0.0065 0.0337
7.2000 -1.4000 -2.2500 1.5588 0.1342 1.7227 0.0163 0.0459
7.2000 -1.4000 -2.0000 1.1960 0.1929 2.0354 0.0353 0.0592
7.2000 -1.2750 -2.5000 2.0835 0.0888 1.4015 0.0085 0.0449
7.2000 -1.2750 -2.2500 1.5586 0.1340 1.7218 0.0209 0.0612
7.2000 -1.2750 -2.0000 1.1958 0.1924 2.0339 0.0452 0.0788
7.2000 -1.1500 -2.5000 2.0834 0.0887 1.4008 0.0110 0.0598
7.2000 -1.1500 -2.2500 1.5587 0.1337 1.7206 0.0268 0.0814
7.2000 -1.1500 -2.0000 1.1949 0.1919 2.0319 0.0582 0.1048
7.2000 -1.0250 -2.5000 2.0837 0.0885 1.3999 0.0142 0.0797
7.2000 -1.0250 -2.2500 1.5583 0.1334 1.7191 0.0344 0.1083
7.2000 -1.0250 -2.0000 1.1953 0.1911 2.0293 0.0750 0.1393
7.2000 -0.9000 -2.5000 2.0827 0.0883 1.3986 0.0183 0.1060
7.2000 -0.9000 -2.2500 1.5583 0.1329 1.7169 0.0443 0.1440
7.2000 -0.9000 -2.0000 1.1943 0.1901 2.0256 0.0968 0.1849
7.2000 -0.7750 -2.5000 2.0833 0.0880 1.3969 0.0235 0.1409
7.2000 -0.7750 -2.2500 1.5567 0.1323 1.7141 0.0571 0.1912
7.2000 -0.7750 -2.0000 1.1924 0.1889 2.0211 0.1251 0.2452
7.2000 -0.6500 -2.5000 2.0821 0.0876 1.3947 0.0302 0.1872
7.2000 -0.6500 -2.2500 1.5569 0.1314 1.7104 0.0737 0.2536
7.2000 -0.6500 -2.0000 1.1919 0.1872 2.0150 0.1617 0.3244
7.2000 -0.5250 -2.5000 2.0810 0.0871 1.3917 0.0389 0.2483
7.2000 -0.5250 -2.2500 1.5508 0.1303 1.7054 0.0952 0.3357
7.2000 -0.5250 -2.0000 1.1905 0.1850 2.0070 0.2083 0.4282
7.2000 -0.4000 -2.5000 2.0794 0.0864 1.3878 0.0501 0.3289
7.2000 -0.4000 -2.2500 1.5485 0.1289 1.6990 0.1228 0.4434
7.2000 -0.4000 -2.0000 1.1853 0.1822 1.9965 0.2671 0.5634
7.2000 -0.2750 -2.5000 2.0775 0.0855 1.3827 0.0644 0.4346
7.2000 -0.2750 -2.2500 1.5468 0.1270 1.6905 0.1580 0.5838
7.2000 -0.2750 -2.0000 1.1828 0.1785 1.9827 0.3399 0.7381
7.2000 -0.1500 -2.5000 2.0747 0.0843 1.3759 0.0828 0.5726
7.2000 -0.1500 -2.2500 1.5536 0.1246 1.6794 0.2023 0.7659
7.2000 -0.1500 -2.0000 1.1882 0.1739 1.9651 0.4280 0.9623
7.2000 -0.0250 -2.5000 2.0701 0.0827 1.3671 0.1061 0.7517
7.2000 -0.0250 -2.2500 1.5516 0.1216 1.6650 0.2570 0.9996
7.2000 -0.0250 -2.0000 1.1840 0.1682 1.9426 0.5310 1.2467
7.2000 0.1000 -2.5000 2.0670 0.0808 1.3555 0.1352 0.9819
7.2000 0.1000 -2.2500 1.5468 0.1178 1.6465 0.3229 1.2966
7.2000 0.1000 -2.0000 1.1792 0.1612 1.9140 0.6463 1.6024
7.2000 0.2250 -2.5000 2.0694 0.0783 1.3407 0.1709 1.2750
7.2000 0.2250 -2.2500 1.5408 0.1130 1.6230 0.3997 1.6688
7.2000 0.2250 -2.0000 1.1717 0.1529 1.8784 0.7675 2.0403
7.2000 0.3500 -2.5000 2.0642 0.0752 1.3217 0.2137 1.6429
7.2000 0.3500 -2.2500 1.5337 0.1073 1.5934 0.4852 2.1276
7.2000 0.3500 -2.0000 1.1683 0.1431 1.8350 0.8851 2.5701
7.2000 0.4750 -2.5000 2.0457 0.0715 1.2977 0.2630 2.0971
7.2000 0.4750 -2.2500 1.5272 0.1006 1.5569 0.5747 2.6826
7.2000 0.4750 -2.0000 1.1591 0.1321 1.7829 0.9863 3.1967
7.2000 0.6000 -2.5000 2.0412 0.0670 1.2678 0.3173 2.6465
7.2000 0.6000 -2.2500 1.5072 0.0930 1.5128 0.6603 3.3397
7.2000 0.6000 -2.0000 1.1464 0.1200 1.7216 1.0580 3.9211
7.3000 -1.4000 -2.5000 2.0718 0.1046 1.7224 0.0076 0.0401
7.3000 -1.4000 -2.2500 1.5470 0.1568 2.1125 0.0186 0.0543
7.3000 -1.4000 -2.0000 1.1852 0.2236 2.4902 0.0398 0.0695
7.3000 -1.2750 -2.5000 2.0720 0.1045 1.7215 0.0098 0.0534
7.3000 -1.2750 -2.2500 1.5461 0.1565 2.1112 0.0238 0.0723
7.3000 -1.2750 -2.0000 1.1858 0.2230 2.4879 0.0510 0.0925
7.3000 -1.1500 -2.5000 2.0711 0.1043 1.7205 0.0126 0.0711
7.3000 -1.1500 -2.2500 1.5461 0.1561 2.1094 0.0304 0.0961
7.3000 -1.1500 -2.0000 1.1852 0.2222 2.4850 0.0655 0.1230
7.3000 -1.0250 -2.5000 2.0708 0.1040 1.7190 0.0163 0.0946
7.3000 -1.0250 -2.2500 1.5455 0.1556 2.1069 0.0389 0.1278
7.3000 -1.0250 -2.0000 1.1845 0.2212 2.4810 0.0844 0.1634
7.3000 -0.9000 -2.5000 2.0703 0.1037 1.7171 0.0208 0.1258
7.3000 -0.9000 -2.2500 1.5444 0.1549 2.1037 0.0500 0.1698
7.3000 -0.9000 -2.0000 1.1848 0.2198 2.4757 0.1088 0.2167
7.3000 -0.7750 -2.5000 2.0703 0.1033 1.7145 0.0267 0.1672
7.3000 -0.7750 -2.2500 1.5440 0.1540 2.0994 0.0644 0.2253
7.3000 -0.7750 -2.0000 1.1831 0.2181 2.4688 0.1404 0.2869
7.3000 -0.6500 -2.5000 2.0680 0.1027 1.7111 0.0343 0.2218
7.3000 -0.6500 -2.2500 1.5432 0.1528 2.0938 0.0830 0.2985
7.3000 -0.6500 -2.0000 1.1822 0.2158 2.4598 0.1808 0.3791
7.3000 -0.5250 -2.5000 2.0584 0.1019 1.7065 0.0440 0.2939
7.3000 -0.5250 -2.2500 1.5416 0.1513 2.0863 0.1069 0.3945
7.3000 -0.5250 -2.0000 1.1813 0.2127 2.4478 0.2319 0.4993
7.3000 -0.4000 -2.5000 2.0553 0.1009 1.7006 0.0565 0.3886
7.3000 -0.4000 -2.2500 1.5401 0.1493 2.0766 0.1375 0.5199
7.3000 -0.4000 -2.0000 1.1789 0.2089 2.4324 0.2955 0.6553
7.3000 -0.2750 -2.5000 2.0532 0.0996 1.6927 0.0725 0.5124
7.3000 -0.2750 -2.2500 1.5380 0.1467 2.0638 0.1761 0.6828
7.3000 -0.2750 -2.0000 1.1751 0.2040 2.4123 0.3730 0.8561
7.3000 -0.1500 -2.5000 2.0495 0.0979 1.6825 0.0928 0.6734
7.3000 -0.1500 -2.2500 1.5343 0.1434 2.0473 0.2241 0.8927
7.3000 -0.1500 -2.0000 1.1724 0.1978 2.3864 0.4643 1.1114
7.3000 -0.0250 -2.5000 2.0456 0.0957 1.6691 0.1183 0.8808
7.3000 -0.0250 -2.2500 1.5296 0.1392 2.0260 0.2822 1.1602
7.3000 -0.0250 -2.0000 1.1733 0.1902 2.3539 0.5679 1.4329
7.3000 0.1000 -2.5000 2.0530 0.0930 1.6518 0.1497 1.1457
7.3000 0.1000 -2.2500 1.5252 0.1340 1.9988 0.3506 1.4969
7.3000 0.1000 -2.0000 1.1672 0.1811 2.3131 0.6790 1.8308
7.3000 0.2250 -2.5000 2.0446 0.0896 1.6297 0.1875 1.4795
7.3000 0.2250 -2.2500 1.5172 0.1277 1.9646 0.4277 1.9143
7.3000 0.2250 -2.0000 1.1628 0.1704 2.2630 0.7895 2.3153
7.3000 0.3500 -2.5000 2.0303 0.0853 1.6017 0.2316 1.8934
7.3000 0.3500 -2.2500 1.5163 0.1202 1.9220 0.5098 2.4222
7.3000 0.3500 -2.0000 1.1512 0.1581 2.2025 0.8878 2.8927
7.3000 0.4750 -2.5000 2.0180 0.0803 1.5667 0.2807 2.3971
7.3000 0.4750 -2.2500 1.5028 0.1116 1.8705 0.5907 3.0286
7.3000 0.4750 -2.0000 1.1412 0.1445 2.1309 0.9624 3.5667
7.3000 0.6000 -2.5000 2.0043 0.0743 1.5238 0.3323 2.9958
7.3000 0.6000 -2.2500 1.4819 0.1019 1.8091 0.6615 3.7343
7.3000 0.6000 -2.0000 1.1236 0.1299 2.0482 1.0021 4.3370
7.4000 -0.2600 -2.5000 2.0383 0.1146 2.0616 0.0829 0.6185
7.4000 -0.2600 -2.2500 1.5294 0.1669 2.5049 0.1991 0.8159
7.4000 -0.2600 -2.0000 1.1723 0.2295 2.9167 0.4126 1.0135
7.4000 -0.2600 -2.5000 2.0382 0.1145 2.0615 0.0829 0.6184
7.4000 -0.2600 -2.2500 1.5293 0.1668 2.5047 0.1990 0.8158
7.4000 -0.2600 -2.0000 1.1721 0.2294 2.9165 0.4125 1.0133
7.4000 -0.2600 -2.5000 2.0379 0.1145 2.0613 0.0828 0.6183
7.4000 -0.2600 -2.2500 1.5291 0.1668 2.5045 0.1990 0.8156
7.4000 -0.2600 -2.0000 1.1724 0.2294 2.9162 0.4123 1.0130
7.4000 -0.2600 -2.5000 2.0375 0.1145 2.0610 0.0828 0.6181
7.4000 -0.2600 -2.2500 1.5288 0.1667 2.5042 0.1989 0.8153
7.4000 -0.2600 -2.0000 1.1712 0.2293 2.9158 0.4121 1.0127
7.4000 -0.2600 -2.5000 2.0371 0.1144 2.0607 0.0828 0.6178
7.4000 -0.2600 -2.2500 1.5284 0.1666 2.5037 0.1988 0.8149
7.4000 -0.2600 -2.0000 1.1709 0.2291 2.9152 0.4118 1.0122
7.4000 -0.2600 -2.5000 2.0365 0.1143 2.0602 0.0827 0.6175
7.4000 -0.2600 -2.2500 1.5278 0.1665 2.5031 0.1986 0.8144
7.4000 -0.2600 -2.0000 1.1701 0.2290 2.9145 0.4115 1.0115
7.4000 -0.2600 -2.5000 2.0357 0.1142 2.0596 0.0826 0.6170
7.4000 -0.2600 -2.2500 1.5274 0.1664 2.5023 0.1984 0.8138
7.4000 -0.2600 -2.0000 1.1697 0.2287 2.9134 0.4110 1.0107
7.4000 -0.2600 -2.5000 2.0345 0.1141 2.0588 0.0825 0.6164
7.4000 -0.2600 -2.2500 1.5264 0.1662 2.5013 0.1982 0.8130
7.4000 -0.2600 -2.0000 1.1686 0.2284 2.9121 0.4104 1.0096
7.4000 -0.2600 -2.5000 2.0331 0.1139 2.0577 0.0824 0.6157
7.4000 -0.2600 -2.2500 1.5245 0.1659 2.4999 0.1978 0.8119
7.4000 -0.2600 -2.0000 1.1692 0.2280 2.9102 0.4095 1.0080
7.4000 -0.2600 -2.5000 2.0307 0.1137 2.0563 0.0822 0.6146
7.4000 -0.2600 -2.2500 1.5234 0.1656 2.4982 0.1973 0.8105
7.4000 -0.2600 -2.0000 1.1665 0.2275 2.9079 0.4084 1.0060
7.4000 -0.2600 -2.5000 2.0281 0.1134 2.0543 0.0820 0.6132
7.4000 -0.2600 -2.2500 1.5219 0.1652 2.4957 0.1967 0.8086
7.4000 -0.2600 -2.0000 1.1657 0.2268 2.9048 0.4069 1.0035
7.4000 -0.2600 -2.5000 2.0263 0.1130 2.0517 0.0817 0.6113
7.4000 -0.2600 -2.2500 1.5185 0.1645 2.4924 0.1959 0.8060
7.4000 -0.2600 -2.0000 1.1624 0.2259 2.9006 0.4050 1.0000
7.4000 -0.2600 -2.5000 2.0214 0.1125 2.0483 0.0812 0.6089
7.4000 -0.2600 -2.2500 1.5153 0.1637 2.4881 0.1948 0.8026
7.4000 -0.2600 -2.0000 1.1599 0.2247 2.8951 0.4024 0.9954
7.4000 0.2300 -2.5000 2.0098 0.1000 1.9636 0.2020 1.7032
7.4000 0.2300 -2.2500 1.4971 0.1409 2.3558 0.4466 2.1763
7.4000 0.2300 -2.0000 1.1419 0.1855 2.7004 0.7867 2.6016
7.4000 0.3500 -2.5000 1.9948 0.0946 1.9245 0.2439 2.1420
7.4000 0.3500 -2.2500 1.4893 0.1317 2.2985 0.5180 2.7073
7.4000 0.3500 -2.0000 1.1320 0.1711 2.6211 0.8577 3.1977
7.4000 0.4750 -2.5000 1.9746 0.0879 1.8747 0.2905 2.6878
7.4000 0.4750 -2.2500 1.4668 0.1210 2.2275 0.5857 3.3556
7.4000 0.4750 -2.0000 1.1157 0.1549 2.5250 0.9049 3.9108
7.4000 0.6000 -2.5000 1.9497 0.0803 1.8145 0.3367 3.3240
7.4000 0.6000 -2.2500 1.4516 0.1091 2.1443 0.6385 4.0983
7.4000 0.6000 -2.0000 1.0991 0.1379 2.4166 0.9150 4.7178
7.5000 -1.4000 -2.5000 2.0125 0.1365 2.5421 0.0096 0.0539
7.5000 -1.4000 -2.2500 1.5090 0.2010 3.1015 0.0226 0.0717
7.5000 -1.4000 -2.0000 1.1587 0.2816 3.6356 0.0476 0.0906
7.5000 -1.2750 -2.5000 2.0116 0.1362 2.5400 0.0123 0.0717
7.5000 -1.2750 -2.2500 1.5089 0.2004 3.0982 0.0287 0.0954
7.5000 -1.2750 -2.0000 1.1618 0.2804 3.6304 0.0607 0.1204
7.5000 -1.1500 -2.5000 2.0113 0.1358 2.5377 0.0156 0.0954
7.5000 -1.1500 -2.2500 1.5080 0.1998 3.0945 0.0365 0.1268
7.5000 -1.1500 -2.0000 1.1609 0.2792 3.6247 0.0777 0.1599
7.5000 -1.0250 -2.5000 2.0106 0.1353 2.5345 0.0199 0.1268
7.5000 -1.0250 -2.2500 1.5074 0.1988 3.0893 0.0466 0.1684
7.5000 -1.0250 -2.0000 1.1610 0.2774 3.6164 0.0997 0.2120
7.5000 -0.9000 -2.5000 2.0105 0.1347 2.5301 0.0253 0.1684
7.5000 -0.9000 -2.2500 1.5065 0.1976 3.0823 0.0597 0.2234
7.5000 -0.9000 -2.0000 1.1564 0.2751 3.6056 0.1279 0.2806
7.5000 -0.7750 -2.5000 2.0089 0.1338 2.5244 0.0323 0.2234
7.5000 -0.7750 -2.2500 1.5053 0.1960 3.0730 0.0765 0.2957
7.5000 -0.7750 -2.0000 1.1591 0.2721 3.5913 0.1638 0.3706
7.5000 -0.6500 -2.5000 2.0072 0.1327 2.5168 0.0412 0.2957
7.5000 -0.6500 -2.2500 1.5083 0.1938 3.0609 0.0980 0.3906
7.5000 -0.6500 -2.0000 1.1578 0.2681 3.5725 0.2089 0.4879
7.5000 -0.5250 -2.5000 2.0044 0.1313 2.5067 0.0525 0.3907
7.5000 -0.5250 -2.2500 1.5058 0.1910 3.0449 0.1254 0.5143
7.5000 -0.5250 -2.0000 1.1542 0.2631 3.5483 0.2646 0.6400
7.5000 -0.4000 -2.5000 2.0011 0.1293 2.4935 0.0670 0.5145
7.5000 -0.4000 -2.2500 1.5034 0.1875 3.0243 0.1597 0.6747
7.5000 -0.4000 -2.0000 1.1518 0.2567 3.5170 0.3315 0.8353
7.5000 -0.2750 -2.5000 1.9968 0.1269 2.4763 0.0853 0.6749
7.5000 -0.2750 -2.2500 1.5009 0.1830 2.9975 0.2019 0.8808
7.5000 -0.2750 -2.0000 1.1468 0.2487 3.4767 0.4091 1.0833
7.5000 -0.1500 -2.5000 1.9911 0.1237 2.4541 0.1081 0.8812
7.5000 -0.1500 -2.2500 1.4942 0.1773 2.9632 0.2524 1.1429
7.5000 -0.1500 -2.0000 1.1419 0.2390 3.4265 0.4951 1.3952
7.5000 -0.0250 -2.5000 1.9831 0.1197 2.4255 0.1358 1.1434
7.5000 -0.0250 -2.2500 1.4878 0.1703 2.9198 0.3108 1.4718
7.5000 -0.0250 -2.0000 1.1342 0.2272 3.3635 0.5850 1.7804
7.5000 0.1000 -2.5000 1.9722 0.1148 2.3891 0.1687 1.4719
7.5000 0.1000 -2.2500 1.4821 0.1619 2.8656 0.3752 1.8782
7.5000 0.1000 -2.0000 1.1278 0.2135 3.2865 0.6712 2.2486
7.5000 0.2250 -2.5000 1.9658 0.1088 2.3433 0.2064 1.8766
7.5000 0.2250 -2.2500 1.4713 0.1519 2.7990 0.4419 2.3710
7.5000 0.2250 -2.0000 1.1204 0.1979 3.1945 0.7434 2.8071
7.5000 0.3500 -2.5000 1.9407 0.1017 2.2866 0.2474 2.3652
7.5000 0.3500 -2.2500 1.4500 0.1403 2.7186 0.5046 2.9555
7.5000 0.3500 -2.0000 1.1035 0.1806 3.0865 0.7936 3.4592
7.5000 0.4750 -2.5000 1.9279 0.0935 2.2171 0.2889 2.9402
7.5000 0.4750 -2.2500 1.4396 0.1273 2.6237 0.5564 3.6328
7.5000 0.4750 -2.0000 1.0925 0.1621 2.9626 0.8137 4.2030
7.5000 0.6000 -2.5000 1.8951 0.0843 2.1344 0.3273 3.5988
7.5000 0.6000 -2.2500 1.4120 0.1135 2.5151 0.5900 4.3997
7.5000 0.6000 -2.0000 1.0681 0.1428 2.8252 0.8030 5.0379
7.6000 -1.4000 -2.5000 1.9685 0.1495 3.0410 0.0104 0.0603
7.6000 -1.4000 -2.2500 1.4879 0.2183 3.6967 0.0239 0.0795
7.6000 -0.2600 -2.2500 1.4787 0.1974 3.5624 0.2132 1.0050
7.6000 -1.4000 -2.0000 1.1390 0.3027 4.3194 0.0497 0.0995
7.6000 -1.2750 -2.5000 1.9682 0.1492 3.0384 0.0132 0.0803
7.6000 -1.2750 -2.2500 1.4877 0.2176 3.6925 0.0302 0.1057
7.6000 -1.2750 -2.0000 1.1380 0.3015 4.3131 0.0633 0.1322
7.6000 -1.1500 -2.5000 1.9676 0.1487 3.0349 0.0167 0.1068
7.6000 -1.1500 -2.2500 1.4878 0.2167 3.6869 0.0383 0.1404
7.6000 -1.1500 -2.0000 1.1369 0.2998 4.3042 0.0808 0.1754
7.6000 -1.0250 -2.5000 1.9667 0.1480 3.0301 0.0211 0.1419
7.6000 -1.0250 -2.2500 1.4857 0.2155 3.6794 0.0488 0.1863
7.6000 -1.0250 -2.0000 1.1432 0.2976 4.2930 0.1033 0.2324
7.6000 -0.9000 -2.5000 1.9636 0.1472 3.0239 0.0268 0.1883
7.6000 -0.9000 -2.2500 1.4848 0.2139 3.6697 0.0622 0.2469
7.6000 -0.9000 -2.0000 1.1378 0.2948 4.2780 0.1320 0.3073
7.6000 -0.7750 -2.5000 1.9615 0.1461 3.0157 0.0340 0.2495
7.6000 -0.7750 -2.2500 1.4830 0.2119 3.6567 0.0795 0.3265
7.6000 -0.7750 -2.0000 1.1356 0.2911 4.2581 0.1681 0.4053
7.6000 -0.6500 -2.5000 1.9713 0.1446 3.0047 0.0432 0.3299
7.6000 -0.6500 -2.2500 1.4801 0.2092 3.6399 0.1015 0.4307
7.6000 -0.6500 -2.0000 1.1340 0.2864 4.2329 0.2131 0.5328
7.6000 -0.5250 -2.5000 1.9680 0.1427 2.9904 0.0549 0.4350
7.6000 -0.5250 -2.2500 1.4779 0.2058 3.6177 0.1291 0.5661
7.6000 -0.5250 -2.0000 1.1344 0.2804 4.2000 0.2675 0.6974
7.6000 -0.4000 -2.5000 1.9542 0.1402 2.9716 0.0697 0.5717
7.6000 -0.4000 -2.2500 1.4740 0.2014 3.5891 0.1634 0.7409
7.6000 -0.4000 -2.0000 1.1311 0.2728 4.1575 0.3314 0.9080
7.6000 -0.2750 -2.5000 1.9597 0.1370 2.9472 0.0882 0.7479
7.6000 -0.2750 -2.2500 1.4693 0.1958 3.5522 0.2048 0.9644
7.6000 -0.2750 -2.0000 1.1258 0.2634 4.1035 0.4036 1.1741
7.6000 -0.1500 -2.5000 1.9481 0.1330 2.9157 0.1109 0.9728
7.6000 -0.1500 -2.2500 1.4667 0.1889 3.5054 0.2533 1.2468
7.6000 -0.1500 -2.0000 1.1196 0.2520 4.0364 0.4802 1.5066
7.6000 -0.0250 -2.5000 1.9429 0.1280 2.8755 0.1382 1.2565
7.6000 -0.0250 -2.2500 1.4593 0.1804 3.4463 0.3076 1.5984
7.6000 -0.0250 -2.0000 1.1107 0.2384 3.9536 0.5561 1.9151
7.6000 0.1000 -2.5000 1.9291 0.1219 2.8245 0.1697 1.6084
7.6000 0.1000 -2.2500 1.4481 0.1702 3.3740 0.3653 2.0297
7.6000 0.1000 -2.0000 1.1059 0.2228 3.8538 0.6241 2.4084
7.6000 0.2250 -2.5000 1.9135 0.1146 2.7608 0.2046 2.0371
7.6000 0.2250 -2.2500 1.4330 0.1583 3.2853 0.4216 2.5464
7.6000 0.2250 -2.0000 1.0927 0.2051 3.7350 0.6748 2.9910
7.6000 0.3500 -2.5000 1.8890 0.1061 2.6836 0.2411 2.5484
7.6000 0.3500 -2.2500 1.4134 0.1449 3.1800 0.4705 3.1529
7.6000 0.3500 -2.0000 1.0741 0.1857 3.5978 0.7029 3.6662
7.6000 0.4750 -2.5000 1.8621 0.0964 2.5897 0.2758 3.1380
7.6000 0.4750 -2.2500 1.3893 0.1302 3.0567 0.5062 3.8467
7.6000 0.4750 -2.0000 1.0558 0.1649 3.4419 0.7025 4.4289
7.6000 0.6000 -2.5000 1.8293 0.0860 2.4809 0.3053 3.8028
7.6000 0.6000 -2.2500 1.3669 0.1149 2.9159 0.5218 4.6195
7.6000 0.6000 -2.0000 1.0305 0.1438 3.2699 0.6758 5.2747
7.7000 -1.4000 -2.5000 1.9267 0.1571 3.5818 0.0109 0.0654
7.7000 -1.4000 -2.2500 1.4528 0.2274 4.3367 0.0243 0.0851
7.7000 -1.4000 -2.0000 1.1192 0.3125 5.0486 0.0498 0.1054
7.7000 -1.2750 -2.5000 1.9263 0.1566 3.5781 0.0137 0.0870
7.7000 -1.2750 -2.2500 1.4513 0.2266 4.3310 0.0305 0.1131
7.7000 -1.2750 -2.0000 1.1191 0.3111 5.0401 0.0632 0.1400
7.7000 -1.1500 -2.5000 1.9280 0.1560 3.5731 0.0172 0.1156
7.7000 -1.1500 -2.2500 1.4506 0.2254 4.3231 0.0385 0.1501
7.7000 -1.1500 -2.0000 1.1176 0.3093 5.0290 0.0803 0.1857
7.7000 -1.0250 -2.5000 1.9217 0.1553 3.5665 0.0216 0.1535
7.7000 -1.0250 -2.2500 1.4497 0.2240 4.3132 0.0488 0.1991
7.7000 -1.0250 -2.0000 1.1173 0.3068 5.0140 0.1021 0.2460
7.7000 -0.9000 -2.5000 1.9198 0.1542 3.5578 0.0272 0.2035
7.7000 -0.9000 -2.2500 1.4492 0.2222 4.3001 0.0620 0.2637
7.7000 -0.9000 -2.0000 1.1158 0.3036 4.9944 0.1298 0.3250
7.7000 -0.7750 -2.5000 1.9230 0.1529 3.5462 0.0343 0.2694
7.7000 -0.7750 -2.2500 1.4474 0.2198 4.2829 0.0789 0.3484
7.7000 -0.7750 -2.0000 1.1138 0.2995 4.9688 0.1644 0.4282
7.7000 -0.6500 -2.5000 1.9192 0.1511 3.5311 0.0434 0.3557
7.7000 -0.6500 -2.2500 1.4448 0.2166 4.2605 0.1002 0.4589
7.7000 -0.6500 -2.0000 1.1107 0.2942 4.9358 0.2066 0.5622
7.7000 -0.5250 -2.5000 1.9112 0.1488 3.5111 0.0548 0.4683
7.7000 -0.5250 -2.2500 1.4410 0.2126 4.2310 0.1267 0.6022
7.7000 -0.5250 -2.0000 1.1068 0.2875 4.8934 0.2568 0.7349
7.7000 -0.4000 -2.5000 1.9061 0.1458 3.4852 0.0693 0.6141
7.7000 -0.4000 -2.2500 1.4367 0.2074 4.1932 0.1591 0.7866
7.7000 -0.4000 -2.0000 1.1023 0.2791 4.8386 0.3143 0.9549
7.7000 -0.2750 -2.5000 1.9018 0.1420 3.4518 0.0871 0.8013
7.7000 -0.2750 -2.2500 1.4306 0.2009 4.1447 0.1975 1.0213
7.7000 -0.2750 -2.0000 1.0964 0.2687 4.7697 0.3770 1.2323
7.7000 -0.1500 -2.5000 1.8890 0.1373 3.4087 0.1086 1.0387
7.7000 -0.1500 -2.2500 1.4220 0.1929 4.0831 0.2413 1.3161
7.7000 -0.1500 -2.0000 1.0893 0.2562 4.6844 0.4408 1.5772
7.7000 -0.0250 -2.5000 1.8844 0.1314 3.3540 0.1339 1.3357
7.7000 -0.0250 -2.2500 1.4121 0.1833 4.0072 0.2890 1.6815
7.7000 -0.0250 -2.0000 1.0794 0.2414 4.5810 0.5004 1.9997
7.7000 0.1000 -2.5000 1.8692 0.1243 3.2852 0.1623 1.7005
7.7000 0.1000 -2.2500 1.4036 0.1718 3.9125 0.3369 2.1244
7.7000 0.1000 -2.0000 1.0688 0.2241 4.4556 0.5498 2.5054
7.7000 0.2250 -2.5000 1.8469 0.1160 3.2011 0.1928 2.1403
7.7000 0.2250 -2.2500 1.3862 0.1589 3.7998 0.3815 2.6538
7.7000 0.2250 -2.0000 1.0548 0.2049 4.3090 0.5809 3.1010
7.7000 0.3500 -2.5000 1.8308 0.1064 3.0995 0.2231 2.6564
7.7000 0.3500 -2.2500 1.3673 0.1444 3.6649 0.4160 3.2663
7.7000 0.3500 -2.0000 1.0404 0.1842 4.1401 0.5906 3.7858
7.7000 0.4750 -2.5000 1.7939 0.0958 2.9791 0.2501 3.2443
7.7000 0.4750 -2.2500 1.3376 0.1288 3.5098 0.4364 3.9591
7.7000 0.4750 -2.0000 1.0167 0.1627 3.9496 0.5806 4.5560
7.7000 0.6000 -2.5000 1.7504 0.0844 2.8390 0.2698 3.8883
7.7000 0.6000 -2.2500 1.3100 0.1126 3.3350 0.4394 4.7179
7.7000 0.6000 -2.0000 0.9917 0.1410 3.7396 0.5501 5.3994
7.8000 -1.4000 -2.5000 1.8679 0.1583 4.1471 0.0109 0.0684
7.8000 -1.4000 -2.2500 1.4122 0.2263 5.0028 0.0237 0.0879
7.8000 -1.4000 -2.0000 1.0855 0.3095 5.8017 0.0478 0.1079
7.8000 -1.2750 -2.5000 1.8660 0.1578 4.1426 0.0136 0.0910
7.8000 -1.2750 -2.2500 1.4115 0.2254 4.9959 0.0296 0.1169
7.8000 -1.2750 -2.0000 1.0844 0.3082 5.7925 0.0602 0.1434
7.8000 -1.1500 -2.5000 1.8649 0.1570 4.1348 0.0169 0.1209
7.8000 -1.1500 -2.2500 1.4102 0.2242 4.9856 0.0371 0.1551
7.8000 -1.1500 -2.0000 1.0850 0.3060 5.7773 0.0761 0.1900
7.8000 -1.0250 -2.5000 1.8635 0.1562 4.1270 0.0211 0.1605
7.8000 -1.0250 -2.2500 1.4090 0.2228 4.9740 0.0467 0.2057
7.8000 -1.0250 -2.0000 1.0820 0.3035 5.7591 0.0962 0.2515
7.8000 -0.9000 -2.5000 1.8610 0.1551 4.1153 0.0264 0.2127
7.8000 -0.9000 -2.2500 1.4073 0.2206 4.9558 0.0590 0.2720
7.8000 -0.9000 -2.0000 1.0817 0.3003 5.7367 0.1215 0.3324
7.8000 -0.7750 -2.5000 1.8601 0.1534 4.0990 0.0331 0.2811
7.8000 -0.7750 -2.2500 1.4044 0.2179 4.9337 0.0746 0.3591
7.8000 -0.7750 -2.0000 1.0800 0.2959 5.7053 0.1526 0.4378
7.8000 -0.6500 -2.5000 1.8566 0.1514 4.0790 0.0416 0.3708
7.8000 -0.6500 -2.2500 1.4000 0.2147 4.9060 0.0942 0.4728
7.8000 -0.6500 -2.0000 1.0819 0.2902 5.6641 0.1900 0.5743
7.8000 -0.5250 -2.5000 1.8521 0.1489 4.0531 0.0523 0.4874
7.8000 -0.5250 -2.2500 1.3971 0.2102 4.8678 0.1182 0.6195
7.8000 -0.5250 -2.0000 1.0732 0.2831 5.6119 0.2334 0.7500
7.8000 -0.4000 -2.5000 1.8450 0.1455 4.0189 0.0656 0.6378
7.8000 -0.4000 -2.2500 1.3924 0.2048 4.8205 0.1471 0.8081
7.8000 -0.4000 -2.0000 1.0726 0.2742 5.5460 0.2819 0.9738
7.8000 -0.2750 -2.5000 1.8476 0.1414 3.9760 0.0819 0.8304
7.8000 -0.2750 -2.2500 1.3927 0.1979 4.7590 0.1807 1.0473
7.8000 -0.2750 -2.0000 1.0659 0.2632 5.4616 0.3329 1.2549
7.8000 -0.1500 -2.5000 1.8368 0.1362 3.9204 0.1012 1.0733
7.8000 -0.1500 -2.2500 1.3803 0.1895 4.6820 0.2181 1.3468
7.8000 -0.1500 -2.0000 1.0574 0.2502 5.3589 0.3828 1.6041
7.8000 -0.0250 -2.5000 1.8213 0.1297 3.8490 0.1234 1.3741
7.8000 -0.0250 -2.2500 1.3686 0.1794 4.5865 0.2574 1.7158
7.8000 -0.0250 -2.0000 1.0460 0.2348 5.2328 0.4256 2.0294
7.8000 0.1000 -2.5000 1.8015 0.1220 3.7611 0.1477 1.7410
7.8000 0.1000 -2.2500 1.3515 0.1675 4.4681 0.2947 2.1597
7.8000 0.1000 -2.0000 1.0328 0.2174 5.0821 0.4585 2.5388
7.8000 0.2250 -2.5000 1.7780 0.1131 3.6542 0.1727 2.1785
7.8000 0.2250 -2.2500 1.3392 0.1540 4.3284 0.3269 2.6857
7.8000 0.2250 -2.0000 1.0215 0.1982 4.9064 0.4746 3.1363
7.8000 0.3500 -2.5000 1.7470 0.1029 3.5261 0.1962 2.6846
7.8000 0.3500 -2.2500 1.3104 0.1392 4.1651 0.3492 3.2912
7.8000 0.3500 -2.0000 0.9980 0.1774 4.7029 0.4733 3.8172
7.8000 0.4750 -2.5000 1.7082 0.0917 3.3751 0.2151 3.2501
7.8000 0.4750 -2.2500 1.2811 0.1234 3.9775 0.3579 3.9667
7.8000 0.4750 -2.0000 0.9754 0.1561 4.4774 0.4589 4.5800
7.8000 0.6000 -2.5000 1.6589 0.0798 3.2019 0.2267 3.8565
7.8000 0.6000 -2.2500 1.2437 0.1070 3.7671 0.3516 4.6949
7.8000 0.6000 -2.0000 0.9417 0.1345 4.2290 0.4414 5.4037
7.9000 -1.4000 -2.7500 2.4010 0.0993 3.6470 0.0043 0.0515
7.9000 -1.4000 -2.5000 1.7979 0.1504 4.6890 0.0105 0.0683
7.9000 -1.4000 -2.2500 1.3651 0.2129 5.6380 0.0220 0.0868
7.9000 -1.2750 -2.7500 2.4146 0.0990 3.6421 0.0054 0.0685
7.9000 -1.2750 -2.5000 1.7981 0.1499 4.6829 0.0129 0.0908
7.9000 -1.2750 -2.2500 1.3611 0.2119 5.6278 0.0272 0.1152
7.9000 -1.1500 -2.7500 2.4031 0.0985 3.6360 0.0068 0.0909
7.9000 -1.1500 -2.5000 1.7951 0.1493 4.6758 0.0159 0.1206
7.9000 -1.1500 -2.2500 1.3602 0.2109 5.6181 0.0338 0.1531
7.9000 -1.0250 -2.7500 2.4092 0.0980 3.6283 0.0085 0.1207
7.9000 -1.0250 -2.5000 1.7946 0.1483 4.6638 0.0196 0.1599
7.9000 -1.0250 -2.2500 1.3581 0.2093 5.6012 0.0422 0.2028
7.9000 -0.9000 -2.7500 2.4057 0.0973 3.6183 0.0105 0.1600
7.9000 -0.9000 -2.5000 1.8006 0.1471 4.6499 0.0243 0.2118
7.9000 -0.9000 -2.2500 1.3561 0.2073 5.5813 0.0528 0.2683
7.9000 -0.7750 -2.7500 2.3902 0.0963 3.6047 0.0130 0.2116
7.9000 -0.7750 -2.5000 1.7973 0.1455 4.6307 0.0302 0.2799
7.9000 -0.7750 -2.2500 1.3540 0.2047 5.5545 0.0663 0.3539
7.9000 -0.6500 -2.7500 2.3976 0.0951 3.5877 0.0160 0.2793
7.9000 -0.6500 -2.5000 1.7924 0.1435 4.6062 0.0377 0.3689
7.9000 -0.6500 -2.2500 1.3539 0.2015 5.5214 0.0830 0.4657
7.9000 -0.5250 -2.7500 2.3850 0.0935 3.5645 0.0197 0.3672
7.9000 -0.5250 -2.5000 1.7833 0.1409 4.5737 0.0469 0.4843
7.9000 -0.5250 -2.2500 1.3475 0.1972 5.4757 0.1032 0.6098
7.9000 -0.4000 -2.7500 2.3779 0.0915 3.5348 0.0243 0.4808
7.9000 -0.4000 -2.5000 1.7734 0.1375 4.5316 0.0584 0.6328
7.9000 -0.4000 -2.2500 1.3398 0.1919 5.4193 0.1272 0.7948
7.9000 -0.2750 -2.7500 2.3681 0.0887 3.4938 0.0299 0.6249
7.9000 -0.2750 -2.5000 1.7713 0.1332 4.4773 0.0722 0.8217
7.9000 -0.2750 -2.2500 1.3320 0.1852 5.3469 0.1546 1.0290
7.9000 -0.1500 -2.7500 2.3506 0.0854 3.4444 0.0365 0.8077
7.9000 -0.1500 -2.5000 1.7599 0.1279 4.4093 0.0883 1.0593
7.9000 -0.1500 -2.2500 1.3211 0.1770 5.2547 0.1840 1.3208
7.9000 -0.0250 -2.7500 2.3289 0.0813 3.3795 0.0443 1.0332
7.9000 -0.0250 -2.5000 1.7395 0.1214 4.3220 0.1064 1.3519
7.9000 -0.0250 -2.2500 1.3097 0.1672 5.1419 0.2138 1.6795
7.9000 0.1000 -2.7500 2.3025 0.0762 3.2983 0.0530 1.3064
7.9000 0.1000 -2.5000 1.7146 0.1137 4.2156 0.1258 1.7065
7.9000 0.1000 -2.2500 1.2925 0.1558 5.0054 0.2411 2.1116
7.9000 0.2250 -2.7500 2.2619 0.0703 3.1986 0.0623 1.6287
7.9000 0.2250 -2.5000 1.6881 0.1047 4.0861 0.1449 2.1243
7.9000 0.2250 -2.2500 1.2707 0.1427 4.8406 0.2624 2.6170
7.9000 0.3500 -2.7500 2.2134 0.0635 3.0768 0.0715 1.9952
7.9000 0.3500 -2.5000 1.6532 0.0946 3.9308 0.1615 2.6008
7.9000 0.3500 -2.2500 1.2420 0.1285 4.6497 0.2750 3.1956
7.9000 0.4750 -2.7500 2.1605 0.0560 2.9313 0.0797 2.3925
7.9000 0.4750 -2.5000 1.6108 0.0836 3.7508 0.1738 3.1259
7.9000 0.4750 -2.2500 1.2078 0.1132 4.4302 0.2761 3.8325
7.9000 0.6000 -2.7500 2.0846 0.0480 2.7616 0.0858 2.7983
7.9000 0.6000 -2.5000 1.5475 0.0720 3.5420 0.1790 3.6728
7.9000 0.6000 -2.2500 1.1616 0.0975 4.1840 0.2660 4.5066
8.0000 -1.4000 -2.7500 2.2881 0.0906 4.0497 0.0042 0.0499
8.0000 -1.4000 -2.5000 1.7239 0.1358 5.1891 0.0098 0.0653
8.0000 -1.4000 -2.2500 1.3071 0.1905 6.2180 0.0196 0.0822
8.0000 -1.2750 -2.7500 2.2874 0.0903 4.0442 0.0053 0.0664
8.0000 -1.2750 -2.5000 1.7226 0.1353 5.1819 0.0119 0.0868
8.0000 -1.2750 -2.2500 1.3052 0.1897 6.2087 0.0239 0.1092
8.0000 -1.1500 -2.7500 2.2944 0.0899 4.0370 0.0065 0.0882
8.0000 -1.1500 -2.5000 1.7210 0.1347 5.1727 0.0144 0.1153
8.0000 -1.1500 -2.2500 1.3042 0.1887 6.1962 0.0293 0.1449
8.0000 -1.0250 -2.7500 2.2931 0.0893 4.0274 0.0080 0.1169
8.0000 -1.0250 -2.5000 1.7143 0.1338 5.1598 0.0175 0.1529
8.0000 -1.0250 -2.2500 1.3020 0.1874 6.1793 0.0362 0.1921
8.0000 -0.9000 -2.7500 2.2891 0.0886 4.0145 0.0098 0.1549
8.0000 -0.9000 -2.5000 1.7150 0.1327 5.1425 0.0214 0.2023
8.0000 -0.9000 -2.2500 1.2995 0.1855 6.1556 0.0448 0.2540
8.0000 -0.7750 -2.7500 2.2781 0.0877 3.9985 0.0119 0.2047
8.0000 -0.7750 -2.5000 1.7119 0.1311 5.1195 0.0263 0.2671
8.0000 -0.7750 -2.2500 1.2973 0.1833 6.1267 0.0557 0.3352
8.0000 -0.6500 -2.7500 2.2690 0.0864 3.9759 0.0145 0.2696
8.0000 -0.6500 -2.5000 1.7060 0.1292 5.0914 0.0324 0.3519
8.0000 -0.6500 -2.2500 1.2935 0.1805 6.0909 0.0690 0.4412
8.0000 -0.5250 -2.7500 2.2699 0.0848 3.9479 0.0176 0.3540
8.0000 -0.5250 -2.5000 1.7004 0.1267 5.0529 0.0399 0.4615
8.0000 -0.5250 -2.2500 1.2874 0.1765 6.0385 0.0849 0.5774
8.0000 -0.4000 -2.7500 2.2537 0.0826 3.9092 0.0214 0.4621
8.0000 -0.4000 -2.5000 1.6930 0.1235 5.0043 0.0491 0.6024
8.0000 -0.4000 -2.2500 1.2759 0.1717 5.9756 0.1036 0.7525
8.0000 -0.2750 -2.7500 2.2388 0.0800 3.8601 0.0259 0.5996
8.0000 -0.2750 -2.5000 1.6813 0.1195 4.9410 0.0601 0.7812
8.0000 -0.2750 -2.2500 1.2669 0.1656 5.8923 0.1241 0.9731
8.0000 -0.1500 -2.7500 2.2224 0.0767 3.7979 0.0313 0.7717
8.0000 -0.1500 -2.5000 1.6660 0.1145 4.8608 0.0728 1.0048
8.0000 -0.1500 -2.2500 1.2566 0.1582 5.7905 0.1459 1.2492
8.0000 -0.0250 -2.7500 2.1972 0.0726 3.7191 0.0375 0.9833
8.0000 -0.0250 -2.5000 1.6475 0.1083 4.7595 0.0867 1.2793
8.0000 -0.0250 -2.2500 1.2406 0.1493 5.6630 0.1670 1.5869
8.0000 0.1000 -2.7500 2.1588 0.0677 3.6202 0.0442 1.2364
8.0000 0.1000 -2.5000 1.6246 0.1010 4.6342 0.1010 1.6092
8.0000 0.1000 -2.2500 1.2219 0.1389 5.5081 0.1852 1.9916
8.0000 0.2250 -2.7500 2.1241 0.0619 3.4975 0.0512 1.5292
8.0000 0.2250 -2.5000 1.5877 0.0927 4.4827 0.1146 1.9946
8.0000 0.2250 -2.2500 1.1963 0.1270 5.3231 0.1983 2.4644
8.0000 0.3500 -2.7500 2.0732 0.0553 3.3496 0.0578 1.8547
8.0000 0.3500 -2.5000 1.5480 0.0832 4.3006 0.1257 2.4273
8.0000 0.3500 -2.2500 1.1644 0.1139 5.1055 0.2043 2.9994
8.0000 0.4750 -2.7500 1.9966 0.0481 3.1740 0.0631 2.1958
8.0000 0.4750 -2.5000 1.4968 0.0729 4.0887 0.1325 2.8941
8.0000 0.4750 -2.2500 1.1254 0.0999 4.8543 0.2014 3.5809
8.0000 0.6000 -2.7500 1.9335 0.0404 2.9703 0.0663 2.5251
8.0000 0.6000 -2.5000 1.4407 0.0621 3.8459 0.1336 3.3662
8.0000 0.6000 -2.2500 1.0875 0.0855 4.5737 0.1954 4.1871
8.1000 -1.4000 -3.0000 2.8851 0.0462 3.0273 0.0013 0.0338
8.1000 -1.4000 -2.7500 2.1563 0.0768 4.3568 0.0041 0.0456
8.1000 -1.4000 -2.5000 1.6212 0.1144 5.5757 0.0089 0.0590
8.1000 -1.4000 -2.2500 1.2282 0.1599 6.6745 0.0167 0.0738
8.1000 -1.2750 -3.0000 2.8832 0.0460 3.0221 0.0017 0.0450
8.1000 -1.2750 -2.7500 2.1440 0.0765 4.3504 0.0050 0.0606
8.1000 -1.2750 -2.5000 1.6122 0.1139 5.5662 0.0105 0.0783
8.1000 -1.2750 -2.2500 1.2271 0.1593 6.6646 0.0200 0.0980
8.1000 -1.1500 -3.0000 2.8806 0.0457 3.0150 0.0022 0.0597
8.1000 -1.1500 -2.7500 2.1418 0.0762 4.3433 0.0061 0.0805
8.1000 -1.1500 -2.5000 1.6123 0.1133 5.5556 0.0125 0.1040
8.1000 -1.1500 -2.2500 1.2254 0.1584 6.6514 0.0242 0.1301
8.1000 -1.0250 -3.0000 2.8780 0.0454 3.0065 0.0028 0.0791
8.1000 -1.0250 -2.7500 2.1392 0.0756 4.3307 0.0073 0.1067
8.1000 -1.0250 -2.5000 1.6099 0.1126 5.5419 0.0149 0.1379
8.1000 -1.0250 -2.2500 1.2238 0.1573 6.6332 0.0293 0.1725
8.1000 -0.9000 -3.0000 2.8713 0.0449 2.9952 0.0035 0.1046
8.1000 -0.9000 -2.7500 2.1335 0.0749 4.3150 0.0087 0.1411
8.1000 -0.9000 -2.5000 1.6066 0.1117 5.5243 0.0179 0.1826
8.1000 -0.9000 -2.2500 1.2204 0.1559 6.6096 0.0358 0.2281
8.1000 -0.7750 -3.0000 2.8651 0.0443 2.9801 0.0044 0.1380
8.1000 -0.7750 -2.7500 2.1276 0.0741 4.2969 0.0104 0.1865
8.1000 -0.7750 -2.5000 1.6014 0.1104 5.4990 0.0216 0.2411
8.1000 -0.7750 -2.2500 1.2168 0.1540 6.5790 0.0438 0.3011
8.1000 -0.6500 -3.0000 2.8579 0.0436 2.9609 0.0054 0.1814
8.1000 -0.6500 -2.7500 2.1218 0.0729 4.2700 0.0125 0.2453
8.1000 -0.6500 -2.5000 1.5970 0.1087 5.4662 0.0262 0.3173
8.1000 -0.6500 -2.2500 1.2146 0.1515 6.5382 0.0535 0.3961
8.1000 -0.5250 -3.0000 2.8465 0.0426 2.9343 0.0065 0.2373
8.1000 -0.5250 -2.7500 2.1133 0.0714 4.2361 0.0149 0.3215
8.1000 -0.5250 -2.5000 1.5891 0.1065 5.4253 0.0319 0.4161
8.1000 -0.5250 -2.2500 1.2067 0.1483 6.4841 0.0649 0.5187
8.1000 -0.4000 -3.0000 2.8305 0.0413 2.9004 0.0078 0.3087
8.1000 -0.4000 -2.7500 2.1024 0.0695 4.1920 0.0178 0.4190
8.1000 -0.4000 -2.5000 1.5815 0.1038 5.3717 0.0388 0.5429
8.1000 -0.4000 -2.2500 1.2026 0.1443 6.4166 0.0781 0.6760
8.1000 -0.2750 -3.0000 2.7984 0.0397 2.8565 0.0093 0.3983
8.1000 -0.2750 -2.7500 2.0870 0.0671 4.1356 0.0212 0.5424
8.1000 -0.2750 -2.5000 1.5681 0.1003 5.3002 0.0468 0.7029
8.1000 -0.2750 -2.2500 1.1916 0.1393 6.3296 0.0924 0.8750
8.1000 -0.1500 -3.0000 2.7736 0.0378 2.8002 0.0109 0.5088
8.1000 -0.1500 -2.7500 2.0670 0.0640 4.0626 0.0252 0.6955
8.1000 -0.1500 -2.5000 1.5540 0.0959 5.2097 0.0558 0.9026
8.1000 -0.1500 -2.2500 1.1787 0.1331 6.2200 0.1070 1.1231
8.1000 -0.0250 -3.0000 2.7382 0.0353 2.7294 0.0127 0.6419
8.1000 -0.0250 -2.7500 2.0408 0.0603 3.9708 0.0298 0.8821
8.1000 -0.0250 -2.5000 1.5323 0.0906 5.0987 0.0657 1.1476
8.1000 -0.0250 -2.2500 1.1615 0.1256 6.0832 0.1207 1.4267
8.1000 0.1000 -3.0000 2.6894 0.0324 2.6383 0.0145 0.7951
8.1000 0.1000 -2.7500 1.9954 0.0559 3.8549 0.0346 1.1018
8.1000 0.1000 -2.5000 1.5060 0.0843 4.9587 0.0755 1.4388
8.1000 0.1000 -2.2500 1.1407 0.1168 5.9161 0.1318 1.7900
8.1000 0.2250 -3.0000 2.6533 0.0289 2.5270 0.0162 0.9651
8.1000 0.2250 -2.7500 1.9612 0.0507 3.7137 0.0394 1.3524
8.1000 0.2250 -2.5000 1.4760 0.0769 4.7879 0.0842 1.7748
8.1000 0.2250 -2.2500 1.1187 0.1067 5.7141 0.1391 2.2115
8.1000 0.3500 -3.0000 2.5929 0.0251 2.3923 0.0178 1.1405
8.1000 0.3500 -2.7500 1.9181 0.0448 3.5428 0.0436 1.6225
8.1000 0.3500 -2.5000 1.4393 0.0686 4.5846 0.0908 2.1478
8.1000 0.3500 -2.2500 1.0892 0.0955 5.4768 0.1410 2.6851
8.1000 0.4750 -3.0000 2.5281 0.0210 2.2314 0.0189 1.3022
8.1000 0.4750 -2.7500 1.8695 0.0384 3.3396 0.0467 1.8933
8.1000 0.4750 -2.5000 1.3992 0.0596 4.3461 0.0939 2.5385
8.1000 0.4750 -2.2500 1.0561 0.0833 5.1995 0.1388 3.1901
8.1000 0.6000 -3.0000 2.4451 0.0167 2.0450 0.0192 1.4273
8.1000 0.6000 -2.7500 1.7986 0.0317 3.1055 0.0479 2.1378
8.1000 0.6000 -2.5000 1.3391 0.0502 4.0710 0.0926 2.9156
8.1000 0.6000 -2.2500 1.0119 0.0707 4.8873 0.1351 3.7017
8.2000 -1.4000 -3.0000 2.6641 0.0362 3.1422 0.0012 0.0293
8.2000 -1.4000 -2.7500 1.9873 0.0599 4.5217 0.0037 0.0391
8.2000 -1.4000 -2.5000 1.5069 0.0893 5.7923 0.0077 0.0502
8.2000 -1.4000 -2.2500 1.1494 0.1250 6.9404 0.0136 0.0627
8.2000 -1.2750 -3.0000 2.6617 0.0360 3.1363 0.0016 0.0389
8.2000 -1.2750 -2.7500 1.9849 0.0597 4.5147 0.0045 0.0519
8.2000 -1.2750 -2.5000 1.5050 0.0890 5.7835 0.0089 0.0667
8.2000 -1.2750 -2.2500 1.1469 0.1245 6.9296 0.0158 0.0832
8.2000 -1.1500 -3.0000 2.6583 0.0358 3.1288 0.0020 0.0516
8.2000 -1.1500 -2.7500 1.9819 0.0594 4.5056 0.0054 0.0689
8.2000 -1.1500 -2.5000 1.5029 0.0885 5.7729 0.0103 0.0885
8.2000 -1.1500 -2.2500 1.1460 0.1239 6.9160 0.0186 0.1105
8.2000 -1.0250 -3.0000 2.6517 0.0355 3.1190 0.0025 0.0684
8.2000 -1.0250 -2.7500 1.9782 0.0589 4.4929 0.0064 0.0913
8.2000 -1.0250 -2.5000 1.5001 0.0879 5.7575 0.0120 0.1173
8.2000 -1.0250 -2.2500 1.1441 0.1230 6.8980 0.0220 0.1464
8.2000 -0.9000 -3.0000 2.6650 0.0351 3.1057 0.0032 0.0903
8.2000 -0.9000 -2.7500 1.9744 0.0584 4.4766 0.0074 0.1207
8.2000 -0.9000 -2.5000 1.4958 0.0871 5.7377 0.0141 0.1552
8.2000 -0.9000 -2.2500 1.1416 0.1220 6.8749 0.0262 0.1938
8.2000 -0.7750 -3.0000 2.6598 0.0346 3.0880 0.0039 0.1189
8.2000 -0.7750 -2.7500 1.9805 0.0576 4.4544 0.0087 0.1592
8.2000 -0.7750 -2.5000 1.4934 0.0861 5.7119 0.0166 0.2048
8.2000 -0.7750 -2.2500 1.1434 0.1205 6.8431 0.0314 0.2557
8.2000 -0.6500 -3.0000 2.6470 0.0339 3.0647 0.0048 0.1560
8.2000 -0.6500 -2.7500 1.9712 0.0567 4.4262 0.0101 0.2093
8.2000 -0.6500 -2.5000 1.4865 0.0847 5.6770 0.0196 0.2694
8.2000 -0.6500 -2.2500 1.1393 0.1186 6.8017 0.0375 0.3364
8.2000 -0.5250 -3.0000 2.6357 0.0331 3.0338 0.0057 0.2035
8.2000 -0.5250 -2.7500 1.9631 0.0554 4.3877 0.0118 0.2736
8.2000 -0.5250 -2.5000 1.4897 0.0831 5.6344 0.0233 0.3531
8.2000 -0.5250 -2.2500 1.1318 0.1162 6.7489 0.0447 0.4408
8.2000 -0.4000 -3.0000 2.6219 0.0319 2.9934 0.0067 0.2634
8.2000 -0.4000 -2.7500 1.9488 0.0538 4.3396 0.0138 0.3559
8.2000 -0.4000 -2.5000 1.4742 0.0808 5.5753 0.0277 0.4599
8.2000 -0.4000 -2.2500 1.1291 0.1131 6.6798 0.0528 0.5745
8.2000 -0.2750 -3.0000 2.6167 0.0306 2.9432 0.0077 0.3385
8.2000 -0.2750 -2.7500 1.9421 0.0518 4.2774 0.0161 0.4594
8.2000 -0.2750 -2.5000 1.4692 0.0780 5.5014 0.0328 0.5951
8.2000 -0.2750 -2.2500 1.1201 0.1092 6.5914 0.0614 0.7437
8.2000 -0.1500 -3.0000 2.5861 0.0288 2.8780 0.0089 0.4297
8.2000 -0.1500 -2.7500 1.9310 0.0492 4.1957 0.0187 0.5866
8.2000 -0.1500 -2.5000 1.4556 0.0744 5.4050 0.0384 0.7625
8.2000 -0.1500 -2.2500 1.1066 0.1044 6.4796 0.0700 0.9545
8.2000 -0.0250 -3.0000 2.5676 0.0267 2.7944 0.0101 0.5367
8.2000 -0.0250 -2.7500 1.9051 0.0461 4.0921 0.0215 0.7393
8.2000 -0.0250 -2.5000 1.4390 0.0702 5.2852 0.0444 0.9665
8.2000 -0.0250 -2.2500 1.0916 0.0985 6.3379 0.0778 1.2117
8.2000 0.1000 -3.0000 2.5377 0.0242 2.6902 0.0112 0.6573
8.2000 0.1000 -2.7500 1.8732 0.0424 3.9637 0.0245 0.9168
8.2000 0.1000 -2.5000 1.4085 0.0650 5.1353 0.0502 1.2072
8.2000 0.1000 -2.2500 1.0734 0.0915 6.1636 0.0838 1.5178
8.2000 0.2250 -3.0000 2.4916 0.0213 2.5616 0.0123 0.7854
8.2000 0.2250 -2.7500 1.8380 0.0381 3.8060 0.0273 1.1138
8.2000 0.2250 -2.5000 1.3787 0.0590 4.9505 0.0551 1.4800
8.2000 0.2250 -2.2500 1.0544 0.0834 5.9530 0.0872 1.8713
8.2000 0.3500 -3.0000 2.4316 0.0181 2.4063 0.0132 0.9090
8.2000 0.3500 -2.7500 1.7871 0.0332 3.6137 0.0296 1.3173
8.2000 0.3500 -2.5000 1.3436 0.0522 4.7283 0.0583 1.7749
8.2000 0.3500 -2.2500 1.0182 0.0742 5.6990 0.0875 2.2607
8.2000 0.4750 -3.0000 2.3618 0.0147 2.2219 0.0137 1.0111
8.2000 0.4750 -2.7500 1.7213 0.0279 3.3856 0.0309 1.5084
8.2000 0.4750 -2.5000 1.2904 0.0448 4.4677 0.0592 2.0730
8.2000 0.4750 -2.2500 0.9797 0.0644 5.4033 0.0865 2.6681
8.2000 0.6000 -3.0000 2.2821 0.0113 2.0103 0.0136 1.0705
8.2000 0.6000 -2.7500 1.6521 0.0225 3.1217 0.0309 1.6601
8.2000 0.6000 -2.5000 1.2339 0.0371 4.1645 0.0572 2.3417
8.2000 0.6000 -2.2500 0.9356 0.0541 5.0640 0.0841 3.0615
8.3000 -1.4000 -3.0000 2.4844 0.0246 3.0632 0.0010 0.0225
8.3000 -1.4000 -2.7500 1.8497 0.0410 4.4354 0.0033 0.0300
8.3000 -1.4000 -2.5000 1.4056 0.0616 5.7106 0.0065 0.0386
8.3000 -1.2750 -3.0000 2.4823 0.0244 3.0568 0.0014 0.0299
8.3000 -1.2750 -2.7500 1.8434 0.0408 4.4281 0.0039 0.0399
8.3000 -1.2750 -2.5000 1.4035 0.0614 5.7013 0.0073 0.0513
8.3000 -1.1500 -3.0000 2.4786 0.0243 3.0484 0.0017 0.0397
8.3000 -1.1500 -2.7500 1.8418 0.0405 4.4180 0.0046 0.0529
8.3000 -1.1500 -2.5000 1.4015 0.0610 5.6902 0.0082 0.0680
8.3000 -1.0250 -3.0000 2.4755 0.0240 3.0373 0.0022 0.0525
8.3000 -1.0250 -2.7500 1.8405 0.0402 4.4052 0.0053 0.0701
8.3000 -1.0250 -2.5000 1.3981 0.0606 5.6747 0.0093 0.0901
8.3000 -0.9000 -3.0000 2.4728 0.0237 3.0223 0.0027 0.0692
8.3000 -0.9000 -2.7500 1.8339 0.0398 4.3877 0.0061 0.0925
8.3000 -0.9000 -2.5000 1.3938 0.0600 5.6553 0.0105 0.1192
8.3000 -0.7750 -3.0000 2.4617 0.0233 3.0033 0.0033 0.0909
8.3000 -0.7750 -2.7500 1.8274 0.0392 4.3650 0.0069 0.1219
8.3000 -0.7750 -2.5000 1.3883 0.0593 5.6305 0.0119 0.1572
8.3000 -0.6500 -3.0000 2.4666 0.0228 2.9776 0.0040 0.1189
8.3000 -0.6500 -2.7500 1.8349 0.0385 4.3347 0.0079 0.1599
8.3000 -0.6500 -2.5000 1.3880 0.0583 5.5964 0.0136 0.2067
8.3000 -0.5250 -3.0000 2.4584 0.0221 2.9441 0.0047 0.1546
8.3000 -0.5250 -2.7500 1.8177 0.0376 4.2956 0.0089 0.2087
8.3000 -0.5250 -2.5000 1.3781 0.0571 5.5516 0.0156 0.2703
8.3000 -0.4000 -3.0000 2.4403 0.0213 2.9012 0.0054 0.1993
8.3000 -0.4000 -2.7500 1.8026 0.0364 4.2432 0.0100 0.2704
8.3000 -0.4000 -2.5000 1.3694 0.0554 5.4926 0.0179 0.3515
8.3000 -0.2750 -3.0000 2.4132 0.0202 2.8429 0.0061 0.2538
8.3000 -0.2750 -2.7500 1.7975 0.0348 4.1763 0.0113 0.3473
8.3000 -0.2750 -2.5000 1.3602 0.0534 5.4160 0.0205 0.4534
8.3000 -0.1500 -3.0000 2.4027 0.0189 2.7704 0.0068 0.3191
8.3000 -0.1500 -2.7500 1.7706 0.0330 4.0905 0.0127 0.4410
8.3000 -0.1500 -2.5000 1.3417 0.0508 5.3198 0.0234 0.5794
8.3000 -0.0250 -3.0000 2.3650 0.0173 2.6802 0.0076 0.3944
8.3000 -0.0250 -2.7500 1.7420 0.0306 3.9799 0.0142 0.5514
8.3000 -0.0250 -2.5000 1.3215 0.0477 5.1957 0.0263 0.7305
8.3000 0.1000 -3.0000 2.3284 0.0154 2.5655 0.0083 0.4760
8.3000 0.1000 -2.7500 1.7200 0.0279 3.8425 0.0156 0.6763
8.3000 0.1000 -2.5000 1.2926 0.0439 5.0416 0.0290 0.9064
8.3000 0.2250 -3.0000 2.2857 0.0133 2.4249 0.0088 0.5568
8.3000 0.2250 -2.7500 1.6732 0.0246 3.6722 0.0169 0.8093
8.3000 0.2250 -2.5000 1.2656 0.0395 4.8492 0.0311 1.1011
8.3000 0.3500 -3.0000 2.2360 0.0110 2.2554 0.0093 0.6272
8.3000 0.3500 -2.7500 1.6259 0.0211 3.4655 0.0179 0.9389
8.3000 0.3500 -2.5000 1.2198 0.0345 4.6172 0.0323 1.3040
8.3000 0.4750 -3.0000 2.1877 0.0086 2.0577 0.0094 0.6740
8.3000 0.4750 -2.7500 1.5746 0.0173 3.2192 0.0183 1.0470
8.3000 0.4750 -2.5000 1.1721 0.0291 4.3393 0.0322 1.4949
8.3000 0.6000 -3.0000 2.1368 0.0063 1.8321 0.0093 0.6831
8.3000 0.6000 -2.7500 1.5052 0.0135 2.9333 0.0179 1.1127
8.3000 0.6000 -2.5000 1.1191 0.0235 4.0151 0.0306 1.6471
8.4000 -1.4000 -3.0000 2.3196 0.0156 2.9034 0.0000 0.0165
8.4000 -1.4000 -2.7500 1.7165 0.0263 4.2378 0.0029 0.0220
8.4000 -1.4000 -2.5000 1.3006 0.0401 5.4941 0.0058 0.0283
8.4000 -1.2750 -3.0000 2.3189 0.0155 2.8966 0.0012 0.0218
8.4000 -1.2750 -2.7500 1.7156 0.0262 4.2318 0.0035 0.0292
8.4000 -1.2750 -2.5000 1.2975 0.0399 5.4839 0.0064 0.0376
8.4000 -1.1500 -3.0000 2.3151 0.0154 2.8872 0.0015 0.0289
8.4000 -1.1500 -2.7500 1.7095 0.0260 4.2213 0.0041 0.0387
8.4000 -1.1500 -2.5000 1.2950 0.0397 5.4727 0.0071 0.0499
8.4000 -1.0250 -3.0000 2.3113 0.0152 2.8751 0.0019 0.0381
8.4000 -1.0250 -2.7500 1.7055 0.0258 4.2072 0.0047 0.0512
8.4000 -1.0250 -2.5000 1.2924 0.0394 5.4593 0.0078 0.0661
8.4000 -0.9000 -3.0000 2.3249 0.0150 2.8596 0.0024 0.0502
8.4000 -0.9000 -2.7500 1.7026 0.0255 4.1892 0.0053 0.0675
8.4000 -0.9000 -2.5000 1.2956 0.0390 5.4391 0.0085 0.0872
8.4000 -0.7750 -3.0000 2.3006 0.0147 2.8385 0.0029 0.0657
8.4000 -0.7750 -2.7500 1.6973 0.0251 4.1648 0.0059 0.0887
8.4000 -0.7750 -2.5000 1.2909 0.0384 5.4117 0.0094 0.1149
8.4000 -0.6500 -3.0000 2.3097 0.0143 2.8106 0.0035 0.0857
8.4000 -0.6500 -2.7500 1.6866 0.0245 4.1336 0.0066 0.1161
8.4000 -0.6500 -2.5000 1.2842 0.0377 5.3764 0.0103 0.1506
8.4000 -0.5250 -3.0000 2.2960 0.0138 2.7743 0.0041 0.1108
8.4000 -0.5250 -2.7500 1.6743 0.0239 4.0916 0.0072 0.1509
8.4000 -0.5250 -2.5000 1.2751 0.0368 5.3313 0.0114 0.1967
8.4000 -0.4000 -3.0000 2.2811 0.0132 2.7284 0.0046 0.1420
8.4000 -0.4000 -2.7500 1.6722 0.0230 4.0353 0.0079 0.1945
8.4000 -0.4000 -2.5000 1.2657 0.0357 5.2721 0.0126 0.2550
8.4000 -0.2750 -3.0000 2.2569 0.0124 2.6675 0.0052 0.1796
8.4000 -0.2750 -2.7500 1.6509 0.0219 3.9643 0.0087 0.2482
8.4000 -0.2750 -2.5000 1.2546 0.0342 5.1960 0.0138 0.3277
8.4000 -0.1500 -3.0000 2.2474 0.0115 2.5904 0.0057 0.2233
8.4000 -0.1500 -2.7500 1.6388 0.0205 3.8744 0.0095 0.3125
8.4000 -0.1500 -2.5000 1.2330 0.0324 5.0949 0.0152 0.4161
8.4000 -0.0250 -3.0000 2.2213 0.0104 2.4919 0.0062 0.2715
8.4000 -0.0250 -2.7500 1.6065 0.0189 3.7569 0.0102 0.3862
8.4000 -0.0250 -2.5000 1.2135 0.0302 4.9674 0.0165 0.5204
8.4000 0.1000 -3.0000 2.2019 0.0091 2.3698 0.0067 0.3212
8.4000 0.1000 -2.7500 1.5759 0.0169 3.6107 0.0109 0.4667
8.4000 0.1000 -2.5000 1.1886 0.0275 4.8077 0.0176 0.6390
8.4000 0.2250 -3.0000 2.1613 0.0076 2.2209 0.0070 0.3669
8.4000 0.2250 -2.7500 1.5386 0.0147 3.4311 0.0115 0.5476
8.4000 0.2250 -2.5000 1.1532 0.0244 4.6079 0.0184 0.7652
8.4000 0.3500 -3.0000 2.1353 0.0061 2.0428 0.0073 0.4002
8.4000 0.3500 -2.7500 1.4990 0.0122 3.2124 0.0118 0.6190
8.4000 0.3500 -2.5000 1.1161 0.0209 4.3643 0.0186 0.8887
8.4000 0.4750 -3.0000 2.1120 0.0046 1.8365 0.0074 0.4129
8.4000 0.4750 -2.7500 1.4660 0.0097 2.9505 0.0118 0.6673
8.4000 0.4750 -2.5000 1.0712 0.0172 4.0704 0.0181 0.9925
8.4000 0.6000 -3.0000 2.1077 0.0032 1.6052 0.0073 0.3981
8.4000 0.6000 -2.7500 1.4340 0.0072 2.6478 0.0114 0.6791
8.4000 0.6000 -2.5000 1.0291 0.0134 3.7237 0.0169 1.0560
8.5000 -1.4000 -3.2500 3.2644 0.0038 1.3359 0.0000 0.0071
8.5000 -1.4000 -3.0000 2.1787 0.0080 2.4594 0.0000 0.0105
8.5000 -1.4000 -2.7500 1.5402 0.0141 3.7028 0.0023 0.0143
8.5000 -1.2750 -3.2500 3.2637 0.0038 1.3313 0.0000 0.0093
8.5000 -1.2750 -3.0000 2.1768 0.0080 2.4526 0.0000 0.0139
8.5000 -1.2750 -2.7500 1.5493 0.0140 3.6949 0.0028 0.0189
8.5000 -1.1500 -3.2500 3.2644 0.0037 1.3246 0.0000 0.0123
8.5000 -1.1500 -3.0000 2.1773 0.0079 2.4432 0.0011 0.0184
8.5000 -1.1500 -2.7500 1.5463 0.0139 3.6845 0.0034 0.0251
8.5000 -1.0250 -3.2500 3.2585 0.0037 1.3163 0.0000 0.0162
8.5000 -1.0250 -3.0000 2.1695 0.0078 2.4314 0.0015 0.0242
8.5000 -1.0250 -2.7500 1.5446 0.0137 3.6712 0.0039 0.0331
8.5000 -0.9000 -3.2500 3.2583 0.0036 1.3050 0.0000 0.0212
8.5000 -0.9000 -3.0000 2.1662 0.0077 2.4156 0.0018 0.0318
8.5000 -0.9000 -2.7500 1.5415 0.0135 3.6527 0.0044 0.0436
8.5000 -0.7750 -3.2500 3.2550 0.0035 1.2909 0.0000 0.0275
8.5000 -0.7750 -3.0000 2.1601 0.0075 2.3949 0.0023 0.0415
8.5000 -0.7750 -2.7500 1.5396 0.0133 3.6286 0.0050 0.0570
8.5000 -0.6500 -3.2500 3.2804 0.0033 1.2714 0.0000 0.0354
8.5000 -0.6500 -3.0000 2.1756 0.0073 2.3676 0.0027 0.0538
8.5000 -0.6500 -2.7500 1.5320 0.0130 3.5965 0.0055 0.0743
8.5000 -0.5250 -3.2500 3.2760 0.0032 1.2471 0.0000 0.0452
8.5000 -0.5250 -3.0000 2.1578 0.0070 2.3328 0.0032 0.0691
8.5000 -0.5250 -2.7500 1.5222 0.0125 3.5555 0.0060 0.0961
8.5000 -0.4000 -3.2500 3.2720 0.0030 1.2160 0.0012 0.0569
8.5000 -0.4000 -3.0000 2.1498 0.0066 2.2864 0.0038 0.0877
8.5000 -0.4000 -2.7500 1.5131 0.0120 3.5003 0.0064 0.1230
8.5000 -0.2750 -3.2500 3.2721 0.0027 1.1749 0.0015 0.0702
8.5000 -0.2750 -3.0000 2.1539 0.0061 2.2275 0.0042 0.1097
8.5000 -0.2750 -2.7500 1.5016 0.0113 3.4291 0.0069 0.1555
8.5000 -0.1500 -3.2500 3.2974 0.0024 1.1242 0.0019 0.0845
8.5000 -0.1500 -3.0000 2.1399 0.0056 2.1519 0.0047 0.1344
8.5000 -0.1500 -2.7500 1.4911 0.0105 3.3379 0.0073 0.1933
8.5000 -0.0250 -3.2500 3.2994 0.0021 1.0614 0.0023 0.0988
8.5000 -0.0250 -3.0000 2.1366 0.0050 2.0561 0.0051 0.1604
8.5000 -0.0250 -2.7500 1.4710 0.0095 3.2211 0.0077 0.2350
8.5000 0.1000 -3.2500 3.3330 0.0017 0.9851 0.0027 0.1109
8.5000 0.1000 -3.0000 2.1292 0.0042 1.9374 0.0055 0.1847
8.5000 0.1000 -2.7500 1.4555 0.0083 3.0740 0.0080 0.2775
8.5000 0.2250 -3.2500 3.3757 0.0013 0.8954 0.0030 0.1186
8.5000 0.2250 -3.0000 2.1329 0.0034 1.7935 0.0057 0.2035
8.5000 0.2250 -2.7500 1.4445 0.0070 2.8938 0.0083 0.3163
8.5000 0.3500 -3.2500 3.4644 0.0000 0.7931 0.0034 0.1192
8.5000 0.3500 -3.0000 2.1612 0.0026 1.6259 0.0060 0.2132
8.5000 0.3500 -2.7500 1.4291 0.0057 2.6749 0.0084 0.3443
8.5000 0.4750 -3.2500 3.5675 0.0000 0.6811 0.0037 0.1115
8.5000 0.4750 -3.0000 2.1778 0.0019 1.4326 0.0061 0.2085
8.5000 0.4750 -2.7500 1.4275 0.0043 2.4166 0.0084 0.3542
8.5000 0.6000 -3.2500 3.6998 0.0000 0.5642 0.0039 0.0956
8.5000 0.6000 -3.0000 2.2443 0.0012 1.2210 0.0061 0.1882
8.5000 0.6000 -2.7500 1.4440 0.0030 2.1205 0.0082 0.3393
8.6000 -1.4000 -3.2500 3.6353 0.0015 0.9203 0.0000 0.0041
8.6000 -1.4000 -3.0000 2.2504 0.0036 1.8475 0.0000 0.0065
8.6000 -1.4000 -2.7500 1.4837 0.0067 2.9585 0.0013 0.0090
8.6000 -1.2750 -3.2500 3.6339 0.0015 0.9162 0.0000 0.0055
8.6000 -1.2750 -3.0000 2.2488 0.0036 1.8416 0.0000 0.0086
8.6000 -1.2750 -2.7500 1.4815 0.0066 2.9509 0.0017 0.0119
8.6000 -1.1500 -3.2500 3.6718 0.0015 0.9110 0.0000 0.0072
8.6000 -1.1500 -3.0000 2.2481 0.0035 1.8336 0.0000 0.0113
8.6000 -1.1500 -2.7500 1.4802 0.0065 2.9409 0.0021 0.0157
8.6000 -1.0250 -3.2500 3.6730 0.0015 0.9042 0.0000 0.0094
8.6000 -1.0250 -3.0000 2.2468 0.0035 1.8235 0.0000 0.0149
8.6000 -1.0250 -2.7500 1.4934 0.0065 2.9275 0.0026 0.0207
8.6000 -0.9000 -3.2500 3.6762 0.0014 0.8952 0.0000 0.0122
8.6000 -0.9000 -3.0000 2.2456 0.0034 1.8092 0.0010 0.0194
8.6000 -0.9000 -2.7500 1.4817 0.0064 2.9099 0.0031 0.0271
8.6000 -0.7750 -3.2500 3.6778 0.0014 0.8835 0.0000 0.0158
8.6000 -0.7750 -3.0000 2.2440 0.0033 1.7913 0.0013 0.0252
8.6000 -0.7750 -2.7500 1.4766 0.0062 2.8868 0.0036 0.0353
8.6000 -0.6500 -3.2500 3.6846 0.0013 0.8679 0.0000 0.0203
8.6000 -0.6500 -3.0000 2.2697 0.0032 1.7656 0.0016 0.0324
8.6000 -0.6500 -2.7500 1.4887 0.0060 2.8567 0.0042 0.0457
8.6000 -0.5250 -3.2500 3.6928 0.0012 0.8478 0.0000 0.0256
8.6000 -0.5250 -3.0000 2.2641 0.0030 1.7335 0.0020 0.0413
8.6000 -0.5250 -2.7500 1.4842 0.0058 2.8173 0.0047 0.0587
8.6000 -0.4000 -3.2500 3.7368 0.0011 0.8218 0.0000 0.0317
8.6000 -0.4000 -3.0000 2.2690 0.0028 1.6927 0.0025 0.0519
8.6000 -0.4000 -2.7500 1.4792 0.0055 2.7649 0.0051 0.0744
8.6000 -0.2750 -3.2500 3.7612 0.0010 0.7895 0.0000 0.0385
8.6000 -0.2750 -3.0000 2.2680 0.0026 1.6397 0.0029 0.0638
8.6000 -0.2750 -2.7500 1.4809 0.0051 2.6975 0.0056 0.0928
8.6000 -0.1500 -3.2500 3.8075 0.0000 0.7490 0.0010 0.0453
8.6000 -0.1500 -3.0000 2.2902 0.0023 1.5728 0.0034 0.0767
8.6000 -0.1500 -2.7500 1.4855 0.0047 2.6109 0.0060 0.1134
8.6000 -0.0250 -3.2500 3.8722 0.0000 0.6996 0.0013 0.0514
8.6000 -0.0250 -3.0000 2.3225 0.0020 1.4885 0.0038 0.0891
8.6000 -0.0250 -2.7500 1.4813 0.0041 2.5017 0.0063 0.1348
8.6000 0.1000 -3.2500 3.9219 0.0000 0.6403 0.0016 0.0556
8.6000 0.1000 -3.0000 2.3356 0.0017 1.3867 0.0043 0.0994
8.6000 0.1000 -2.7500 1.4900 0.0035 2.3633 0.0066 0.1545
8.6000 0.2250 -3.2500 4.0621 0.0000 0.5717 0.0019 0.0568
8.6000 0.2250 -3.0000 2.3798 0.0013 1.2635 0.0046 0.1052
8.6000 0.2250 -2.7500 1.5044 0.0029 2.1928 0.0068 0.1693
8.6000 0.3500 -3.2500 4.1940 0.0000 0.4955 0.0022 0.0542
8.6000 0.3500 -3.0000 2.4602 0.0000 1.1206 0.0049 0.1041
8.6000 0.3500 -2.7500 1.5381 0.0022 1.9902 0.0070 0.1754
8.6000 0.4750 -3.2500 4.4018 0.0000 0.4148 0.0025 0.0477
8.6000 0.4750 -3.0000 2.5385 0.0000 0.9623 0.0051 0.0956
8.6000 0.4750 -2.7500 1.5674 0.0016 1.7549 0.0071 0.1695
8.6000 0.6000 -3.2500 4.6516 0.0000 0.3336 0.0028 0.0379
8.6000 0.6000 -3.0000 2.6624 0.0000 0.7927 0.0052 0.0797
8.6000 0.6000 -2.7500 1.6226 0.0010 1.4895 0.0071 0.1500
8.7000 -1.4000 -3.5000 8.3468 0.0000 0.1936 0.0000 0.0000
8.7000 -1.4000 -3.2500 4.5712 0.0000 0.5839 0.0000 0.0020
8.7000 -1.4000 -3.0000 2.6501 0.0014 1.3097 0.0000 0.0036
8.7000 -1.2750 -3.5000 8.3520 0.0000 0.1924 0.0000 0.0011
8.7000 -1.2750 -3.2500 4.5752 0.0000 0.5810 0.0000 0.0026
8.7000 -1.2750 -3.0000 2.6509 0.0014 1.3046 0.0000 0.0048
8.7000 -1.1500 -3.5000 8.3316 0.0000 0.1909 0.0000 0.0014
8.7000 -1.1500 -3.2500 4.5797 0.0000 0.5771 0.0000 0.0035
8.7000 -1.1500 -3.0000 2.6798 0.0014 1.2971 0.0000 0.0063
8.7000 -1.0250 -3.5000 8.4184 0.0000 0.1889 0.0000 0.0019
8.7000 -1.0250 -3.2500 4.5857 0.0000 0.5719 0.0000 0.0045
8.7000 -1.0250 -3.0000 2.6805 0.0014 1.2882 0.0000 0.0083
8.7000 -0.9000 -3.5000 8.4378 0.0000 0.1862 0.0000 0.0024
8.7000 -0.9000 -3.2500 4.5933 0.0000 0.5653 0.0000 0.0059
8.7000 -0.9000 -3.0000 2.6837 0.0013 1.2765 0.0000 0.0107
8.7000 -0.7750 -3.5000 8.4638 0.0000 0.1829 0.0000 0.0031
8.7000 -0.7750 -3.2500 4.6005 0.0000 0.5565 0.0000 0.0075
8.7000 -0.7750 -3.0000 2.6832 0.0013 1.2611 0.0000 0.0138
8.7000 -0.6500 -3.5000 8.5155 0.0000 0.1786 0.0000 0.0039
8.7000 -0.6500 -3.2500 4.6199 0.0000 0.5452 0.0000 0.0096
8.7000 -0.6500 -3.0000 2.6841 0.0012 1.2412 0.0000 0.0177
8.7000 -0.5250 -3.5000 8.5472 0.0000 0.1728 0.0000 0.0049
8.7000 -0.5250 -3.2500 4.6771 0.0000 0.5310 0.0000 0.0120
8.7000 -0.5250 -3.0000 2.6870 0.0012 1.2143 0.0011 0.0222
8.7000 -0.4000 -3.5000 8.6816 0.0000 0.1657 0.0000 0.0059
8.7000 -0.4000 -3.2500 4.7197 0.0000 0.5116 0.0000 0.0146
8.7000 -0.4000 -3.0000 2.7045 0.0011 1.1796 0.0014 0.0275
8.7000 -0.2750 -3.5000 8.7720 0.0000 0.1569 0.0000 0.0070
8.7000 -0.2750 -3.2500 4.7527 0.0000 0.4881 0.0000 0.0174
8.7000 -0.2750 -3.0000 2.7423 0.0000 1.1358 0.0018 0.0333
8.7000 -0.1500 -3.5000 8.9402 0.0000 0.1463 0.0000 0.0079
8.7000 -0.1500 -3.2500 4.8448 0.0000 0.4586 0.0000 0.0200
8.7000 -0.1500 -3.0000 2.7859 0.0000 1.0809 0.0022 0.0392
8.7000 -0.0250 -3.5000 9.0766 0.0000 0.1336 0.0000 0.0086
8.7000 -0.0250 -3.2500 4.9376 0.0000 0.4232 0.0000 0.0221
8.7000 -0.0250 -3.0000 2.8357 0.0000 1.0125 0.0026 0.0444
8.7000 0.1000 -3.5000 9.3114 0.0000 0.1195 0.0000 0.0089
8.7000 0.1000 -3.2500 5.0813 0.0000 0.3816 0.0000 0.0231
8.7000 0.1000 -3.0000 2.9039 0.0000 0.9293 0.0030 0.0478
8.7000 0.2250 -3.5000 9.6723 0.0000 0.1040 0.0000 0.0087
8.7000 0.2250 -3.2500 5.2468 0.0000 0.3347 0.0010 0.0227
8.7000 0.2250 -3.0000 2.9852 0.0000 0.8314 0.0034 0.0484
8.7000 0.3500 -3.5000 10.0380 0.0000 0.0878 0.0000 0.0078
8.7000 0.3500 -3.2500 5.5005 0.0000 0.2841 0.0012 0.0206
8.7000 0.3500 -3.0000 3.0711 0.0000 0.7218 0.0038 0.0453
8.7000 0.4750 -3.5000 10.5680 0.0000 0.0717 0.0000 0.0065
8.7000 0.4750 -3.2500 5.8057 0.0000 0.2326 0.0015 0.0171
8.7000 0.4750 -3.0000 3.2278 0.0000 0.6012 0.0041 0.0387
8.7000 0.6000 -3.5000 11.1432 0.0000 0.0566 0.0000 0.0050
8.7000 0.6000 -3.2500 6.2101 0.0000 0.1828 0.0017 0.0128
8.7000 0.6000 -3.0000 3.4474 0.0000 0.4783 0.0043 0.0299
8.8000 -1.4000 -3.5000 10.6464 0.0000 0.1004 0.0000 0.0000
8.8000 -1.4000 -3.2500 5.8414 0.0000 0.3570 0.0000 0.0000
8.8000 -1.4000 -3.0000 3.2826 0.0000 0.9021 0.0000 0.0019
8.8000 -1.2750 -3.5000 10.7323 0.0000 0.0997 0.0000 0.0000
8.8000 -1.2750 -3.2500 5.8460 0.0000 0.3551 0.0000 0.0012
8.8000 -1.2750 -3.0000 3.2993 0.0000 0.8978 0.0000 0.0026
8.8000 -1.1500 -3.5000 10.7533 0.0000 0.0989 0.0000 0.0000
8.8000 -1.1500 -3.2500 5.8537 0.0000 0.3522 0.0000 0.0015
8.8000 -1.1500 -3.0000 3.3027 0.0000 0.8921 0.0000 0.0034
8.8000 -1.0250 -3.5000 10.7599 0.0000 0.0977 0.0000 0.0000
8.8000 -1.0250 -3.2500 5.8652 0.0000 0.3484 0.0000 0.0020
8.8000 -1.0250 -3.0000 3.3089 0.0000 0.8849 0.0000 0.0044
8.8000 -0.9000 -3.5000 10.7538 0.0000 0.0962 0.0000 0.0000
8.8000 -0.9000 -3.2500 5.8777 0.0000 0.3435 0.0000 0.0026
8.8000 -0.9000 -3.0000 3.3121 0.0000 0.8758 0.0000 0.0057
8.8000 -0.7750 -3.5000 10.8426 0.0000 0.0942 0.0000 0.0011
8.8000 -0.7750 -3.2500 5.9489 0.0000 0.3373 0.0000 0.0033
8.8000 -0.7750 -3.0000 3.3175 0.0000 0.8631 0.0000 0.0072
8.8000 -0.6500 -3.5000 10.8732 0.0000 0.0918 0.0000 0.0013
8.8000 -0.6500 -3.2500 5.9704 0.0000 0.3291 0.0000 0.0041
8.8000 -0.6500 -3.0000 3.3220 0.0000 0.8463 0.0000 0.0091
8.8000 -0.5250 -3.5000 10.9166 0.0000 0.0885 0.0000 0.0016
8.8000 -0.5250 -3.2500 5.9981 0.0000 0.3187 0.0000 0.0051
8.8000 -0.5250 -3.0000 3.3666 0.0000 0.8251 0.0000 0.0114
8.8000 -0.4000 -3.5000 11.0590 0.0000 0.0846 0.0000 0.0020
8.8000 -0.4000 -3.2500 6.0589 0.0000 0.3055 0.0000 0.0061
8.8000 -0.4000 -3.0000 3.3799 0.0000 0.7967 0.0000 0.0139
8.8000 -0.2750 -3.5000 11.1329 0.0000 0.0798 0.0000 0.0023
8.8000 -0.2750 -3.2500 6.1640 0.0000 0.2890 0.0000 0.0072
8.8000 -0.2750 -3.0000 3.4192 0.0000 0.7616 0.0000 0.0165
8.8000 -0.1500 -3.5000 11.3645 0.0000 0.0740 0.0000 0.0026
8.8000 -0.1500 -3.2500 6.2507 0.0000 0.2690 0.0000 0.0081
8.8000 -0.1500 -3.0000 3.4808 0.0000 0.7178 0.0012 0.0190
8.8000 -0.0250 -3.5000 11.4946 0.0000 0.0673 0.0000 0.0027
8.8000 -0.0250 -3.2500 6.3929 0.0000 0.2452 0.0000 0.0087
8.8000 -0.0250 -3.0000 3.5687 0.0000 0.6633 0.0015 0.0207
8.8000 0.1000 -3.5000 11.8233 0.0000 0.0597 0.0000 0.0028
8.8000 0.1000 -3.2500 6.5795 0.0000 0.2181 0.0000 0.0088
8.8000 0.1000 -3.0000 3.6430 0.0000 0.5992 0.0019 0.0215
8.8000 0.2250 -3.5000 12.1367 0.0000 0.0517 0.0000 0.0027
8.8000 0.2250 -3.2500 6.8704 0.0000 0.1880 0.0000 0.0083
8.8000 0.2250 -3.0000 3.7885 0.0000 0.5260 0.0022 0.0207
8.8000 0.3500 -3.5000 12.5340 0.0000 0.0434 0.0000 0.0024
8.8000 0.3500 -3.2500 7.2129 0.0000 0.1567 0.0000 0.0072
8.8000 0.3500 -3.0000 3.9721 0.0000 0.4446 0.0025 0.0183
8.8000 0.4750 -3.5000 13.0255 0.0000 0.0353 0.0000 0.0020
8.8000 0.4750 -3.2500 7.5806 0.0000 0.1259 0.0000 0.0057
8.8000 0.4750 -3.0000 4.1923 0.0000 0.3591 0.0029 0.0146
8.8000 0.6000 -3.5000 13.5917 0.0000 0.0278 0.0000 0.0015
8.8000 0.6000 -3.2500 8.1054 0.0000 0.0965 0.0000 0.0041
8.8000 0.6000 -3.0000 4.5620 0.0000 0.2746 0.0031 0.0105
8.9000 -1.4000 -3.7500 19.1678 0.0000 0.0065 0.0000 0.0000
8.9000 -1.4000 -3.5000 13.8687 0.0000 0.0307 0.0000 0.0000
8.9000 -1.4000 -3.2500 8.0221 0.0000 0.1427 0.0000 0.0000
8.9000 -1.2750 -3.7500 19.1512 0.0000 0.0065 0.0000 0.0000
8.9000 -1.2750 -3.5000 13.8800 0.0000 0.0305 0.0000 0.0000
8.9000 -1.2750 -3.2500 8.0429 0.0000 0.1417 0.0000 0.0000
8.9000 -1.1500 -3.7500 19.2001 0.0000 0.0064 0.0000 0.0000
8.9000 -1.1500 -3.5000 13.8857 0.0000 0.0302 0.0000 0.0000
8.9000 -1.1500 -3.2500 8.0601 0.0000 0.1404 0.0000 0.0000
8.9000 -1.0250 -3.7500 19.2078 0.0000 0.0064 0.0000 0.0000
8.9000 -1.0250 -3.5000 13.9064 0.0000 0.0299 0.0000 0.0000
8.9000 -1.0250 -3.2500 8.0707 0.0000 0.1387 0.0000 0.0000
8.9000 -0.9000 -3.7500 19.2103 0.0000 0.0063 0.0000 0.0000
8.9000 -0.9000 -3.5000 13.9169 0.0000 0.0294 0.0000 0.0000
8.9000 -0.9000 -3.2500 8.0762 0.0000 0.1365 0.0000 0.0000
8.9000 -0.7750 -3.7500 19.2224 0.0000 0.0062 0.0000 0.0000
8.9000 -0.7750 -3.5000 13.9760 0.0000 0.0288 0.0000 0.0000
8.9000 -0.7750 -3.2500 8.0999 0.0000 0.1336 0.0000 0.0000
8.9000 -0.6500 -3.7500 19.2792 0.0000 0.0061 0.0000 0.0000
8.9000 -0.6500 -3.5000 13.9901 0.0000 0.0282 0.0000 0.0000
8.9000 -0.6500 -3.2500 8.1332 0.0000 0.1298 0.0000 0.0000
8.9000 -0.5250 -3.7500 19.2901 0.0000 0.0060 0.0000 0.0000
8.9000 -0.5250 -3.5000 14.1296 0.0000 0.0272 0.0000 0.0000
8.9000 -0.5250 -3.2500 8.2355 0.0000 0.1251 0.0000 0.0000
8.9000 -0.4000 -3.7500 19.3526 0.0000 0.0058 0.0000 0.0000
8.9000 -0.4000 -3.5000 14.1564 0.0000 0.0261 0.0000 0.0000
8.9000 -0.4000 -3.2500 8.3188 0.0000 0.1191 0.0000 0.0012
8.9000 -0.2750 -3.7500 19.3730 0.0000 0.0055 0.0000 0.0000
8.9000 -0.2750 -3.5000 14.3198 0.0000 0.0247 0.0000 0.0000
8.9000 -0.2750 -3.2500 8.4474 0.0000 0.1119 0.0000 0.0013
8.9000 -0.1500 -3.7500 19.4967 0.0000 0.0052 0.0000 0.0000
8.9000 -0.1500 -3.5000 14.4065 0.0000 0.0230 0.0000 0.0000
8.9000 -0.1500 -3.2500 8.5562 0.0000 0.1031 0.0000 0.0015
8.9000 -0.0250 -3.7500 19.5492 0.0000 0.0049 0.0000 0.0000
8.9000 -0.0250 -3.5000 14.6166 0.0000 0.0210 0.0000 0.0000
8.9000 -0.0250 -3.2500 8.8121 0.0000 0.0931 0.0000 0.0016
8.9000 0.1000 -3.7500 19.7143 0.0000 0.0045 0.0000 0.0000
8.9000 0.1000 -3.5000 14.8873 0.0000 0.0188 0.0000 0.0000
8.9000 0.1000 -3.2500 9.0549 0.0000 0.0818 0.0000 0.0015
8.9000 0.2250 -3.7500 19.8228 0.0000 0.0040 0.0000 0.0000
8.9000 0.2250 -3.5000 15.1774 0.0000 0.0165 0.0000 0.0000
8.9000 0.2250 -3.2500 9.3918 0.0000 0.0697 0.0000 0.0014
8.9000 0.3500 -3.7500 20.0397 0.0000 0.0035 0.0000 0.0000
8.9000 0.3500 -3.5000 15.5436 0.0000 0.0140 0.0000 0.0000
8.9000 0.3500 -3.2500 9.8323 0.0000 0.0573 0.0000 0.0012
8.9000 0.4750 -3.7500 20.2487 0.0000 0.0030 0.0000 0.0000
8.9000 0.4750 -3.5000 15.9823 0.0000 0.0115 0.0000 0.0000
8.9000 0.4750 -3.2500 10.3928 0.0000 0.0452 0.0000 0.0000
8.9000 0.6000 -3.7500 20.5279 0.0000 0.0025 0.0000 0.0000
8.9000 0.6000 -3.5000 16.4589 0.0000 0.0091 0.0000 0.0000
8.9000 0.6000 -3.2500 11.1229 0.0000 0.0340 0.0000 0.0000
9.0000 -1.4000 -3.7500 23.0498 0.0000 0.0027 0.0000 0.0000
9.0000 -1.4000 -3.5000 22.8504 0.0000 0.0098 0.0000 0.0000
9.0000 -1.4000 -3.2500 11.5884 0.0000 0.0291 0.0000 0.0000
9.0000 -1.2750 -3.7500 23.0507 0.0000 0.0027 0.0000 0.0000
9.0000 -1.2750 -3.5000 22.8497 0.0000 0.0098 0.0000 0.0000
9.0000 -1.2750 -3.2500 11.5865 0.0000 0.0289 0.0000 0.0000
9.0000 -1.1500 -3.7500 23.0519 0.0000 0.0027 0.0000 0.0000
9.0000 -1.1500 -3.5000 22.8493 0.0000 0.0097 0.0000 0.0000
9.0000 -1.1500 -3.2500 11.5971 0.0000 0.0287 0.0000 0.0000
9.0000 -1.0250 -3.7500 23.0534 0.0000 0.0027 0.0000 0.0000
9.0000 -1.0250 -3.5000 22.8500 0.0000 0.0097 0.0000 0.0000
9.0000 -1.0250 -3.2500 11.6032 0.0000 0.0283 0.0000 0.0000
9.0000 -0.9000 -3.7500 23.0556 0.0000 0.0026 0.0000 0.0000
9.0000 -0.9000 -3.5000 22.8476 0.0000 0.0096 0.0000 0.0000
9.0000 -0.9000 -3.2500 11.6471 0.0000 0.0278 0.0000 0.0000
9.0000 -0.7750 -3.7500 23.0587 0.0000 0.0026 0.0000 0.0000
9.0000 -0.7750 -3.5000 22.8555 0.0000 0.0094 0.0000 0.0000
9.0000 -0.7750 -3.2500 11.6622 0.0000 0.0272 0.0000 0.0000
9.0000 -0.6500 -3.7500 23.0629 0.0000 0.0026 0.0000 0.0000
9.0000 -0.6500 -3.5000 23.1144 0.0000 0.0092 0.0000 0.0000
9.0000 -0.6500 -3.2500 11.7653 0.0000 0.0265 0.0000 0.0000
9.0000 -0.5250 -3.7500 23.1401 0.0000 0.0025 0.0000 0.0000
9.0000 -0.5250 -3.5000 23.1592 0.0000 0.0097 0.0000 0.0000
9.0000 -0.5250 -3.2500 11.7805 0.0000 0.0255 0.0000 0.0000
9.0000 -0.4000 -3.7500 22.9278 0.0000 0.0026 0.0000 0.0000
9.0000 -0.4000 -3.5000 23.3370 0.0000 0.0095 0.0000 0.0000
9.0000 -0.4000 -3.2500 11.8957 0.0000 0.0243 0.0000 0.0000
9.0000 -0.2750 -3.7500 22.9690 0.0000 0.0025 0.0000 0.0000
9.0000 -0.2750 -3.5000 23.4986 0.0000 0.0091 0.0000 0.0000
9.0000 -0.2750 -3.2500 12.0535 0.0000 0.0228 0.0000 0.0000
9.0000 -0.1500 -3.7500 23.0358 0.0000 0.0024 0.0000 0.0000
9.0000 -0.1500 -3.5000 23.0993 0.0000 0.0090 0.0000 0.0000
9.0000 -0.1500 -3.2500 12.2773 0.0000 0.0210 0.0000 0.0000
9.0000 -0.0250 -3.7500 23.2185 0.0000 0.0023 0.0000 0.0000
9.0000 -0.0250 -3.5000 23.0380 0.0000 0.0089 0.0000 0.0000
9.0000 -0.0250 -3.2500 12.4672 0.0000 0.0189 0.0000 0.0000
9.0000 0.1000 -3.7500 24.5907 0.0000 0.0023 0.0000 0.0000
9.0000 0.1000 -3.5000 23.0705 0.0000 0.0087 0.0000 0.0000
9.0000 0.1000 -3.2500 12.8489 0.0000 0.0166 0.0000 0.0000
9.0000 0.2250 -3.7500 22.4468 0.0000 0.0021 0.0000 0.0000
9.0000 0.2250 -3.5000 22.9788 0.0000 0.0080 0.0000 0.0000
9.0000 0.2250 -3.2500 13.1446 0.0000 0.0142 0.0000 0.0000
9.0000 0.3500 -3.7500 47.2879 0.0000 0.0014 0.0000 0.0000
9.0000 0.3500 -3.5000 22.9608 0.0000 0.0071 0.0000 0.0000
9.0000 0.3500 -3.2500 21.2096 0.0000 0.0216 0.0000 0.0000
9.0000 0.4750 -3.7500 47.0216 0.0000 0.0012 0.0000 0.0000
9.0000 0.4750 -3.5000 22.7744 0.0000 0.0065 0.0000 0.0000
9.0000 0.4750 -3.2500 22.0569 0.0000 0.0211 0.0000 0.0000
9.0000 0.6000 -3.7500 46.7305 0.0000 0.0010 0.0000 0.0000
9.0000 0.6000 -3.5000 22.5976 0.0000 0.0053 0.0000 0.0000
9.0000 0.6000 -3.2500 22.8237 0.0000 0.0194 0.0000 0.0000
9.1000 -1.4000 -3.7500 45.7519 0.0000 0.0000 0.0000 0.0000
9.1000 -1.4000 -3.5000 47.0031 0.0000 0.0015 0.0000 0.0000
9.1000 -1.4000 -3.2500 22.1582 0.0000 0.0132 0.0000 0.0000
9.1000 -1.2750 -3.7500 45.7476 0.0000 0.0000 0.0000 0.0000
9.1000 -1.2750 -3.5000 46.9967 0.0000 0.0015 0.0000 0.0000
9.1000 -1.2750 -3.2500 22.1645 0.0000 0.0131 0.0000 0.0000
9.1000 -1.1500 -3.7500 45.7418 0.0000 0.0000 0.0000 0.0000
9.1000 -1.1500 -3.5000 46.9882 0.0000 0.0015 0.0000 0.0000
9.1000 -1.1500 -3.2500 22.1741 0.0000 0.0130 0.0000 0.0000
9.1000 -1.0250 -3.7500 45.7342 0.0000 0.0000 0.0000 0.0000
9.1000 -1.0250 -3.5000 46.9770 0.0000 0.0015 0.0000 0.0000
9.1000 -1.0250 -3.2500 22.1883 0.0000 0.0128 0.0000 0.0000
9.1000 -0.9000 -3.7500 45.7241 0.0000 0.0000 0.0000 0.0000
9.1000 -0.9000 -3.5000 46.9620 0.0000 0.0015 0.0000 0.0000
9.1000 -0.9000 -3.2500 22.5973 0.0000 0.0123 0.0000 0.0000
9.1000 -0.7750 -3.7500 45.7107 0.0000 0.0000 0.0000 0.0000
9.1000 -0.7750 -3.5000 46.9423 0.0000 0.0015 0.0000 0.0000
9.1000 -0.7750 -3.2500 22.2551 0.0000 0.0127 0.0000 0.0000
9.1000 -0.6500 -3.7500 45.6930 0.0000 0.0000 0.0000 0.0000
9.1000 -0.6500 -3.5000 46.9164 0.0000 0.0014 0.0000 0.0000
9.1000 -0.6500 -3.2500 22.3328 0.0000 0.0124 0.0000 0.0000
9.1000 -0.5250 -3.7500 45.6695 0.0000 0.0000 0.0000 0.0000
9.1000 -0.5250 -3.5000 46.8822 0.0000 0.0014 0.0000 0.0000
9.1000 -0.5250 -3.2500 22.5442 0.0000 0.0119 0.0000 0.0000
9.1000 -0.4000 -3.7500 45.6845 0.0000 0.0000 0.0000 0.0000
9.1000 -0.4000 -3.5000 46.8375 0.0000 0.0014 0.0000 0.0000
9.1000 -0.4000 -3.2500 22.2247 0.0000 0.0118 0.0000 0.0000
9.1000 -0.2750 -3.7500 45.5982 0.0000 0.0000 0.0000 0.0000
9.1000 -0.2750 -3.5000 46.7794 0.0000 0.0013 0.0000 0.0000
9.1000 -0.2750 -3.2500 22.2592 0.0000 0.0112 0.0000 0.0000
9.1000 -0.1500 -3.7500 45.5449 0.0000 0.0000 0.0000 0.0000
9.1000 -0.1500 -3.5000 46.7045 0.0000 0.0013 0.0000 0.0000
9.1000 -0.1500 -3.2500 22.3127 0.0000 0.0104 0.0000 0.0000
9.1000 -0.0250 -3.7500 45.4767 0.0000 0.0000 0.0000 0.0000
9.1000 -0.0250 -3.5000 46.6085 0.0000 0.0012 0.0000 0.0000
9.1000 -0.0250 -3.2500 21.7012 0.0000 0.0097 0.0000 0.0000
9.1000 0.1000 -3.7500 45.3885 0.0000 0.0000 0.0000 0.0000
9.1000 0.1000 -3.5000 46.4871 0.0000 0.0011 0.0000 0.0000
9.1000 0.1000 -3.2500 22.1229 0.0000 0.0092 0.0000 0.0000
9.1000 0.2250 -3.7500 45.2757 0.0000 0.0000 0.0000 0.0000
9.1000 0.2250 -3.5000 46.3348 0.0000 0.0000 0.0000 0.0000
9.1000 0.2250 -3.2500 48.4606 0.0000 0.0060 0.0000 0.0000
9.1000 0.3500 -3.7500 45.1332 0.0000 0.0000 0.0000 0.0000
9.1000 0.3500 -3.5000 46.1467 0.0000 0.0000 0.0000 0.0000
9.1000 0.3500 -3.2500 48.2276 0.0000 0.0050 0.0000 0.0000
9.1000 0.4750 -3.7500 44.9559 0.0000 0.0000 0.0000 0.0000
9.1000 0.4750 -3.5000 45.9174 0.0000 0.0000 0.0000 0.0000
9.1000 0.4750 -3.2500 48.0188 0.0000 0.0041 0.0000 0.0000
9.1000 0.6000 -3.7500 44.7371 0.0000 0.0000 0.0000 0.0000
9.1000 0.6000 -3.5000 45.6987 0.0000 0.0000 0.0000 0.0000
9.1000 0.6000 -3.2500 47.8548 0.0000 0.0031 0.0000 0.0000
