#Cloudy 17.00 models results grids
# O/H: 6.9 - 9.1, log C/O: -1.4 - 0.6, log U: -4.0 - -1.5 (O/H vs log U and vs N/O empirically constrained)
# SED: BPASS v.2.1, a = -1.35, M_up = 300 M_sun,, age = 1 Myr
# Plane-parallel geometry
#
#12+log(O/H) log(C/O) log(U) Lya_1216 CIV_1549 HeII_1640 OIII_1665 CIII_1909 OIII_5007
6.90 -1.400 -2.25 1.7479 0.0123 0.0098 0.0783 0.0252 0.9112
6.90 -1.400 -2.00 1.3052 0.0270 0.0132 0.1146 0.0324 1.0797
6.90 -1.400 -1.75 1.0104 0.0537 0.0186 0.1627 0.0397 1.2509
6.90 -1.275 -2.25 1.7483 0.0159 0.0098 0.0783 0.0336 0.9110
6.90 -1.275 -2.00 1.3054 0.0349 0.0132 0.1145 0.0432 1.0793
6.90 -1.275 -1.75 1.0099 0.0695 0.0186 0.1624 0.0528 1.2503
6.90 -1.150 -2.25 1.7480 0.0206 0.0098 0.0782 0.0447 0.9107
6.90 -1.150 -2.00 1.3049 0.0452 0.0132 0.1143 0.0575 1.0788
6.90 -1.150 -1.75 1.0099 0.0901 0.0186 0.1621 0.0703 1.2493
6.90 -1.025 -2.25 1.7488 0.0267 0.0098 0.0781 0.0596 0.9103
6.90 -1.025 -2.00 1.3044 0.0586 0.0132 0.1142 0.0766 1.0785
6.90 -1.025 -1.75 1.0104 0.1170 0.0186 0.1615 0.0935 1.2481
6.90 -0.900 -2.25 1.7483 0.0345 0.0098 0.0779 0.0793 0.9098
6.90 -0.900 -2.00 1.3041 0.0761 0.0132 0.1139 0.1019 1.0775
6.90 -0.900 -1.75 1.0094 0.1522 0.0186 0.1610 0.1242 1.2468
6.90 -0.775 -2.25 1.7472 0.0448 0.0098 0.0777 0.1055 0.9090
6.90 -0.775 -2.00 1.3037 0.0990 0.0132 0.1135 0.1354 1.0763
6.90 -0.775 -1.75 1.0091 0.1978 0.0185 0.1601 0.1649 1.2448
6.90 -0.650 -2.25 1.7469 0.0582 0.0098 0.0775 0.1404 0.9081
6.90 -0.650 -2.00 1.3036 0.1288 0.0131 0.1129 0.1798 1.0745
6.90 -0.650 -1.75 1.0087 0.2567 0.0185 0.1590 0.2185 1.2420
6.90 -0.525 -2.25 1.7470 0.0757 0.0098 0.0772 0.1865 0.9068
6.90 -0.525 -2.00 1.3028 0.1676 0.0131 0.1122 0.2384 1.0724
6.90 -0.525 -1.75 1.0082 0.3320 0.0185 0.1575 0.2890 1.2385
6.90 -0.400 -2.25 1.7458 0.0985 0.0097 0.0767 0.2475 0.9052
6.90 -0.400 -2.00 1.3013 0.2177 0.0131 0.1113 0.3157 1.0696
6.90 -0.400 -1.75 1.0086 0.4271 0.0185 0.1557 0.3812 1.2339
6.90 -0.275 -2.25 1.7446 0.1281 0.0097 0.0762 0.3280 0.9031
6.90 -0.275 -2.00 1.3004 0.2817 0.0131 0.1101 0.4171 1.0660
6.90 -0.275 -1.75 1.0064 0.5449 0.0184 0.1532 0.5012 1.2278
6.90 -0.150 -2.25 1.7439 0.1663 0.0097 0.0754 0.4337 0.9002
6.90 -0.150 -2.00 1.2991 0.3622 0.0131 0.1085 0.5490 1.0610
6.90 -0.150 -1.75 1.0045 0.6868 0.0183 0.1500 0.6558 1.2196
6.90 -0.025 -2.25 1.7423 0.2151 0.0097 0.0745 0.5720 0.8964
6.90 -0.025 -2.00 1.2968 0.4621 0.0130 0.1065 0.7206 1.0548
6.90 -0.025 -1.75 1.0011 0.8527 0.0183 0.1460 0.8536 1.2092
6.90 0.100 -2.25 1.7395 0.2767 0.0097 0.0733 0.7520 0.8915
6.90 0.100 -2.00 1.2945 0.5821 0.0130 0.1039 0.9405 1.0465
6.90 0.100 -1.75 1.0042 1.0386 0.0182 0.1411 1.1044 1.1961
6.90 0.225 -2.25 1.7371 0.3530 0.0097 0.0717 0.9842 0.8851
6.90 0.225 -2.00 1.2885 0.7223 0.0129 0.1007 1.2208 1.0360
6.90 0.225 -1.75 1.0034 1.2354 0.0180 0.1353 1.4180 1.1798
6.90 0.350 -2.25 1.7281 0.4452 0.0096 0.0697 1.2812 0.8768
6.90 0.350 -2.00 1.2927 0.8781 0.0129 0.0969 1.5733 1.0226
6.90 0.350 -1.75 0.9975 1.4292 0.0179 0.1282 1.8037 1.1593
6.90 0.475 -2.25 1.7233 0.5527 0.0096 0.0672 1.6564 0.8663
6.90 0.475 -2.00 1.2828 1.0416 0.0128 0.0922 2.0096 1.0058
6.90 0.475 -1.75 0.9874 1.5966 0.0177 0.1201 2.2698 1.1341
6.90 0.600 -2.25 1.7291 0.6727 0.0096 0.0642 2.1236 0.8529
6.90 0.600 -2.00 1.2766 1.1989 0.0127 0.0867 2.5415 0.9850
6.90 0.600 -1.75 0.9876 1.7267 0.0175 0.1109 2.8236 1.1039
7.00 -1.400 -2.25 1.7265 0.0140 0.0090 0.0958 0.0312 1.1366
7.00 -1.400 -2.00 1.2837 0.0308 0.0122 0.1398 0.0402 1.3465
7.00 -1.400 -1.75 1.0045 0.0613 0.0171 0.1976 0.0493 1.5583
7.00 -1.275 -2.25 1.7265 0.0181 0.0090 0.0957 0.0416 1.1363
7.00 -1.275 -2.00 1.2838 0.0398 0.0122 0.1396 0.0536 1.3458
7.00 -1.275 -1.75 1.0030 0.0793 0.0171 0.1972 0.0656 1.5573
7.00 -1.150 -2.25 1.7261 0.0234 0.0090 0.0956 0.0554 1.1358
7.00 -1.150 -2.00 1.2838 0.0514 0.0122 0.1394 0.0713 1.3450
7.00 -1.150 -1.75 1.0037 0.1028 0.0171 0.1966 0.0872 1.5558
7.00 -0.060 -2.25 1.7232 0.2263 0.0090 0.0909 0.6523 1.1170
7.00 -0.060 -2.00 1.2871 0.4843 0.0121 0.1293 0.8214 1.3128
7.00 -0.060 -1.75 0.9972 0.8876 0.0168 0.1764 0.9734 1.5030
7.00 -0.900 -2.25 1.7259 0.0392 0.0090 0.0952 0.0981 1.1343
7.00 -0.900 -2.00 1.2837 0.0866 0.0122 0.1385 0.1261 1.3424
7.00 -0.900 -1.75 1.0018 0.1735 0.0171 0.1950 0.1540 1.5518
7.00 -0.775 -2.25 1.7253 0.0508 0.0090 0.0949 0.1305 1.1332
7.00 -0.775 -2.00 1.2833 0.1126 0.0122 0.1379 0.1675 1.3405
7.00 -0.775 -1.75 1.0021 0.2252 0.0171 0.1938 0.2042 1.5488
7.00 -0.650 -2.25 1.7246 0.0660 0.0090 0.0946 0.1735 1.1318
7.00 -0.650 -2.00 1.2918 0.1464 0.0121 0.1371 0.2223 1.3380
7.00 -0.650 -1.75 1.0007 0.2915 0.0171 0.1922 0.2702 1.5447
7.00 -0.525 -2.25 1.7244 0.0858 0.0090 0.0941 0.2304 1.1298
7.00 -0.525 -2.00 1.2909 0.1901 0.0121 0.1360 0.2944 1.3346
7.00 -0.525 -1.75 0.9958 0.3753 0.0170 0.1898 0.3564 1.5387
7.00 -0.400 -2.25 1.7228 0.1116 0.0090 0.0934 0.3054 1.1273
7.00 -0.400 -2.00 1.2897 0.2463 0.0121 0.1347 0.3892 1.3304
7.00 -0.400 -1.75 1.0014 0.4799 0.0170 0.1870 0.4689 1.5315
7.00 -0.275 -2.25 1.7220 0.1449 0.0090 0.0926 0.4041 1.1239
7.00 -0.275 -2.00 1.2876 0.3172 0.0121 0.1329 0.5128 1.3246
7.00 -0.275 -1.75 1.0005 0.6076 0.0169 0.1835 0.6147 1.5222
7.00 -0.150 -2.25 1.7210 0.1875 0.0090 0.0915 0.5333 1.1195
7.00 -0.150 -2.00 1.2863 0.4057 0.0121 0.1306 0.6737 1.3172
7.00 -0.150 -1.75 0.9970 0.7591 0.0169 0.1791 0.8022 1.5104
7.00 -0.025 -2.25 1.7182 0.2416 0.0090 0.0901 0.7017 1.1137
7.00 -0.025 -2.00 1.2783 0.5134 0.0120 0.1277 0.8810 1.3076
7.00 -0.025 -1.75 0.9936 0.9306 0.0168 0.1735 1.0400 1.4950
7.00 0.100 -2.25 1.7150 0.3089 0.0090 0.0882 0.9194 1.1061
7.00 0.100 -2.00 1.2848 0.6402 0.0120 0.1240 1.1455 1.2952
7.00 0.100 -1.75 0.9884 1.1165 0.0167 0.1667 1.3388 1.4758
7.00 0.225 -2.25 1.7077 0.3909 0.0089 0.0859 1.1984 1.0963
7.00 0.225 -2.00 1.2793 0.7837 0.0119 0.1195 1.4792 1.2793
7.00 0.225 -1.75 0.9843 1.3021 0.0165 0.1586 1.7078 1.4515
7.00 0.350 -2.25 1.7070 0.4878 0.0089 0.0830 1.5522 1.0838
7.00 0.350 -2.00 1.2712 0.9375 0.0118 0.1141 1.8949 1.2595
7.00 0.350 -1.75 0.9843 1.4722 0.0164 0.1490 2.1564 1.4216
7.00 0.475 -2.25 1.7015 0.5975 0.0089 0.0795 1.9939 1.0679
7.00 0.475 -2.00 1.2635 1.0907 0.0117 0.1076 2.4025 1.2346
7.00 0.475 -1.75 0.9775 1.6076 0.0162 0.1382 2.6928 1.3856
7.00 0.600 -2.25 1.6933 0.7150 0.0088 0.0753 2.5371 1.0481
7.00 0.600 -2.00 1.2618 1.2269 0.0116 0.1002 3.0129 1.2045
7.00 0.600 -1.75 0.9653 1.6916 0.0159 0.1264 3.3227 1.3430
7.10 -0.260 -2.25 1.6970 0.1676 0.0084 0.1113 0.5103 1.3936
7.10 -0.260 -2.00 1.2677 0.3644 0.0112 0.1587 0.6460 1.6394
7.10 -0.260 -1.75 0.9902 0.6879 0.0156 0.2173 0.7718 1.8798
7.10 -0.260 -2.25 1.6965 0.1676 0.0084 0.1113 0.5103 1.3935
7.10 -0.260 -2.00 1.2768 0.3644 0.0112 0.1586 0.6459 1.6394
7.10 -0.260 -1.75 0.9900 0.6878 0.0156 0.2173 0.7717 1.8797
7.10 -0.260 -2.25 1.6967 0.1675 0.0084 0.1113 0.5102 1.3935
7.10 -0.260 -2.00 1.2776 0.3643 0.0112 0.1586 0.6458 1.6393
7.10 -0.260 -1.75 0.9899 0.6877 0.0156 0.2173 0.7716 1.8795
7.10 -0.260 -2.25 1.6974 0.1675 0.0084 0.1113 0.5102 1.3934
7.10 -0.260 -2.00 1.2677 0.3642 0.0112 0.1586 0.6457 1.6392
7.10 -0.260 -1.75 0.9898 0.6874 0.0156 0.2172 0.7714 1.8794
7.10 -0.260 -2.25 1.6967 0.1675 0.0084 0.1113 0.5101 1.3933
7.10 -0.260 -2.00 1.2674 0.3641 0.0112 0.1585 0.6456 1.6390
7.10 -0.260 -1.75 0.9900 0.6872 0.0156 0.2171 0.7712 1.8792
7.10 -0.260 -2.25 1.6963 0.1674 0.0084 0.1112 0.5100 1.3932
7.10 -0.260 -2.00 1.2682 0.3640 0.0112 0.1585 0.6453 1.6388
7.10 -0.260 -1.75 0.9895 0.6868 0.0156 0.2170 0.7709 1.8789
7.10 -0.260 -2.25 1.6957 0.1673 0.0084 0.1112 0.5098 1.3930
7.10 -0.260 -2.00 1.2671 0.3638 0.0112 0.1584 0.6451 1.6386
7.10 -0.260 -1.75 0.9892 0.6863 0.0156 0.2169 0.7705 1.8785
7.10 -0.260 -2.25 1.6956 0.1672 0.0084 0.1111 0.5096 1.3928
7.10 -0.260 -2.00 1.2752 0.3635 0.0112 0.1583 0.6447 1.6383
7.10 -0.260 -1.75 0.9886 0.6856 0.0156 0.2167 0.7699 1.8780
7.10 -0.260 -2.25 1.6946 0.1671 0.0084 0.1111 0.5093 1.3925
7.10 -0.260 -2.00 1.2657 0.3631 0.0112 0.1582 0.6443 1.6378
7.10 -0.260 -1.75 0.9883 0.6848 0.0156 0.2165 0.7691 1.8773
7.10 -0.260 -2.25 1.6943 0.1669 0.0084 0.1110 0.5089 1.3921
7.10 -0.260 -2.00 1.2737 0.3626 0.0112 0.1580 0.6436 1.6372
7.10 -0.260 -1.75 0.9879 0.6836 0.0156 0.2161 0.7681 1.8764
7.10 -0.260 -2.25 1.6927 0.1667 0.0084 0.1108 0.5084 1.3916
7.10 -0.260 -2.00 1.2641 0.3620 0.0112 0.1578 0.6428 1.6364
7.10 -0.260 -1.75 0.9865 0.6821 0.0156 0.2157 0.7668 1.8752
7.10 -0.260 -2.25 1.6914 0.1664 0.0084 0.1107 0.5077 1.3908
7.10 -0.260 -2.00 1.2720 0.3611 0.0112 0.1574 0.6417 1.6353
7.10 -0.260 -1.75 0.9855 0.6801 0.0156 0.2151 0.7651 1.8736
7.10 -0.260 -2.25 1.6879 0.1660 0.0084 0.1104 0.5068 1.3899
7.10 -0.260 -2.00 1.2619 0.3600 0.0112 0.1570 0.6403 1.6339
7.10 -0.260 -1.75 0.9856 0.6775 0.0156 0.2144 0.7628 1.8716
7.10 -0.260 -2.25 1.6850 0.1655 0.0084 0.1101 0.5056 1.3886
7.10 -0.260 -2.00 1.2685 0.3585 0.0112 0.1564 0.6383 1.6320
7.10 -0.260 -1.75 0.9838 0.6739 0.0156 0.2134 0.7599 1.8688
7.10 -0.260 -2.25 1.6820 0.1647 0.0084 0.1097 0.5040 1.3869
7.10 -0.260 -2.00 1.2654 0.3566 0.0112 0.1557 0.6358 1.6295
7.10 -0.260 -1.75 0.9815 0.6693 0.0155 0.2121 0.7558 1.8650
7.10 -0.260 -2.25 1.6761 0.1638 0.0084 0.1092 0.5020 1.3848
7.10 -0.260 -2.00 1.2613 0.3540 0.0111 0.1547 0.6324 1.6262
7.10 -0.260 -1.75 0.9777 0.6629 0.0155 0.2103 0.7504 1.8600
7.10 0.200 -2.25 1.6721 0.4000 0.0083 0.1008 1.3510 1.3476
7.10 0.200 -2.00 1.2430 0.7865 0.0110 0.1385 1.6565 1.5665
7.10 0.200 -1.75 0.9634 1.2720 0.0151 0.1812 1.8978 1.7695
7.20 -1.400 -2.25 1.6735 0.0177 0.0078 0.1388 0.0465 1.7485
7.20 -1.400 -2.00 1.2605 0.0387 0.0105 0.2004 0.0598 2.0664
7.20 -1.400 -1.75 0.9809 0.0771 0.0147 0.2801 0.0731 2.3850
7.20 -1.275 -2.25 1.6729 0.0228 0.0078 0.1386 0.0619 1.7477
7.20 -1.275 -2.00 1.2597 0.0499 0.0105 0.2000 0.0795 2.0650
7.20 -1.275 -1.75 0.9808 0.0998 0.0147 0.2793 0.0972 2.3827
7.20 -1.150 -2.25 1.6738 0.0294 0.0078 0.1383 0.0824 1.7465
7.20 -1.150 -2.00 1.2603 0.0645 0.0105 0.1994 0.1058 2.0631
7.20 -1.150 -1.75 0.9803 0.1293 0.0146 0.2782 0.1291 2.3797
7.20 -1.025 -2.25 1.6712 0.0380 0.0078 0.1380 0.1097 1.7451
7.20 -1.025 -2.00 1.2545 0.0836 0.0105 0.1987 0.1407 2.0606
7.20 -1.025 -1.75 0.9794 0.1675 0.0146 0.2767 0.1713 2.3755
7.20 -0.900 -2.25 1.6715 0.0491 0.0078 0.1375 0.1459 1.7431
7.20 -0.900 -2.00 1.2536 0.1085 0.0105 0.1977 0.1868 2.0573
7.20 -0.900 -1.75 0.9760 0.2169 0.0146 0.2748 0.2271 2.3702
7.20 -0.775 -2.25 1.6712 0.0636 0.0078 0.1369 0.1938 1.7405
7.20 -0.775 -2.00 1.2600 0.1408 0.0105 0.1965 0.2477 2.0530
7.20 -0.775 -1.75 0.9817 0.2800 0.0146 0.2723 0.3004 2.3634
7.20 -0.650 -2.25 1.6819 0.0825 0.0078 0.1361 0.2571 1.7370
7.20 -0.650 -2.00 1.2538 0.1824 0.0104 0.1948 0.3279 2.0473
7.20 -0.650 -1.75 0.9808 0.3595 0.0146 0.2690 0.3962 2.3538
7.20 -0.525 -2.25 1.6706 0.1069 0.0078 0.1351 0.3405 1.7324
7.20 -0.525 -2.00 1.2523 0.2355 0.0104 0.1926 0.4329 2.0396
7.20 -0.525 -1.75 0.9783 0.4581 0.0145 0.2647 0.5209 2.3417
7.20 -0.400 -2.25 1.6791 0.1385 0.0078 0.1337 0.4501 1.7264
7.20 -0.400 -2.00 1.2516 0.3024 0.0104 0.1898 0.5700 2.0297
7.20 -0.400 -1.75 0.9765 0.5771 0.0145 0.2593 0.6821 2.3259
7.20 -0.275 -2.25 1.6784 0.1787 0.0078 0.1319 0.5932 1.7185
7.20 -0.275 -2.00 1.2564 0.3851 0.0104 0.1862 0.7474 2.0166
7.20 -0.275 -1.75 0.9729 0.7161 0.0144 0.2525 0.8883 2.3054
7.20 -0.150 -2.25 1.6752 0.2293 0.0078 0.1295 0.7790 1.7082
7.20 -0.150 -2.00 1.2482 0.4848 0.0103 0.1817 0.9758 2.0001
7.20 -0.150 -1.75 0.9686 0.8717 0.0143 0.2441 1.1496 2.2795
7.20 -0.025 -2.25 1.6728 0.2918 0.0078 0.1266 1.0184 1.6947
7.20 -0.025 -2.00 1.2468 0.6007 0.0103 0.1760 1.2654 1.9783
7.20 -0.025 -1.75 0.9700 1.0358 0.0142 0.2338 1.4763 2.2468
7.20 0.100 -2.25 1.6679 0.3671 0.0077 0.1229 1.3235 1.6775
7.20 0.100 -2.00 1.2448 0.7295 0.0102 0.1690 1.6294 1.9510
7.20 0.100 -1.75 0.9657 1.1966 0.0141 0.2216 1.8783 2.2060
7.20 0.225 -2.25 1.6623 0.4548 0.0077 0.1182 1.7077 1.6555
7.20 0.225 -2.00 1.2369 0.8640 0.0102 0.1606 2.0793 1.9169
7.20 0.225 -1.75 0.9594 1.3375 0.0140 0.2075 2.3653 2.1563
7.20 0.350 -2.25 1.6491 0.5522 0.0077 0.1127 2.1840 1.6278
7.20 0.350 -2.00 1.2361 0.9938 0.0101 0.1508 2.6268 1.8753
7.20 0.350 -1.75 0.9487 1.4417 0.0138 0.1918 2.9453 2.0970
7.20 0.475 -2.25 1.6487 0.6541 0.0076 0.1061 2.7642 1.5935
7.20 0.475 -2.00 1.2199 1.1046 0.0100 0.1397 3.2794 1.8252
7.20 0.475 -1.75 0.9379 1.4998 0.0136 0.1746 3.6233 2.0278
7.20 0.600 -2.25 1.6337 0.7517 0.0075 0.0985 3.4568 1.5517
7.20 0.600 -2.00 1.2122 1.1823 0.0098 0.1275 4.0396 1.7663
7.20 0.600 -1.75 0.9292 1.4972 0.0133 0.1566 4.4027 1.9492
7.30 -1.400 -2.25 1.6588 0.0195 0.0073 0.1639 0.0558 2.1535
7.30 -1.400 -2.00 1.2448 0.0425 0.0098 0.2351 0.0715 2.5409
7.30 -1.400 -1.75 0.9640 0.0848 0.0136 0.3264 0.0871 2.9278
7.30 -1.275 -2.25 1.6482 0.0251 0.0073 0.1636 0.0743 2.1521
7.30 -1.275 -2.00 1.2434 0.0549 0.0098 0.2345 0.0951 2.5387
7.30 -1.275 -1.75 0.9633 0.1097 0.0136 0.3252 0.1158 2.9244
7.30 -1.150 -2.25 1.6582 0.0323 0.0073 0.1632 0.0988 2.1505
7.30 -1.150 -2.00 1.2436 0.0709 0.0098 0.2337 0.1264 2.5361
7.30 -1.150 -1.75 0.9643 0.1419 0.0136 0.3237 0.1538 2.9197
7.30 -1.025 -2.25 1.6566 0.0417 0.0073 0.1627 0.1314 2.1482
7.30 -1.025 -2.00 1.2433 0.0918 0.0098 0.2327 0.1680 2.5323
7.30 -1.025 -1.75 0.9634 0.1836 0.0136 0.3217 0.2039 2.9138
7.30 -0.900 -2.25 1.6562 0.0539 0.0073 0.1621 0.1746 2.1452
7.30 -0.900 -2.00 1.2425 0.1190 0.0098 0.2313 0.2228 2.5271
7.30 -0.900 -1.75 0.9691 0.2370 0.0136 0.3190 0.2699 2.9057
7.30 -0.775 -2.25 1.6553 0.0698 0.0073 0.1612 0.2318 2.1412
7.30 -0.775 -2.00 1.2409 0.1541 0.0097 0.2295 0.2951 2.5205
7.30 -0.775 -1.75 0.9686 0.3048 0.0135 0.3156 0.3566 2.8956
7.30 -0.650 -2.25 1.6550 0.0904 0.0073 0.1600 0.3072 2.1360
7.30 -0.650 -2.00 1.2401 0.1990 0.0097 0.2272 0.3901 2.5119
7.30 -0.650 -1.75 0.9656 0.3892 0.0135 0.3111 0.4695 2.8818
7.30 -0.525 -2.25 1.6536 0.1169 0.0073 0.1585 0.4063 2.1290
7.30 -0.525 -2.00 1.2390 0.2559 0.0097 0.2242 0.5141 2.5005
7.30 -0.525 -1.75 0.9649 0.4919 0.0135 0.3054 0.6158 2.8638
7.30 -0.400 -2.25 1.6515 0.1509 0.0073 0.1565 0.5360 2.1199
7.30 -0.400 -2.00 1.2362 0.3267 0.0097 0.2203 0.6753 2.4857
7.30 -0.400 -1.75 0.9617 0.6138 0.0134 0.2981 0.8039 2.8407
7.30 -0.275 -2.25 1.6502 0.1939 0.0073 0.1540 0.7047 2.1080
7.30 -0.275 -2.00 1.2303 0.4128 0.0097 0.2154 0.8831 2.4666
7.30 -0.275 -1.75 0.9617 0.7517 0.0133 0.2890 1.0432 2.8110
7.30 -0.150 -2.25 1.6470 0.2473 0.0073 0.1507 0.9224 2.0925
7.30 -0.150 -2.00 1.2355 0.5140 0.0096 0.2091 1.1481 2.4418
7.30 -0.150 -1.75 0.9562 0.9013 0.0133 0.2780 1.3444 2.7738
7.30 -0.025 -2.25 1.6426 0.3122 0.0073 0.1466 1.2010 2.0725
7.30 -0.025 -2.00 1.2297 0.6289 0.0096 0.2015 1.4827 2.4107
7.30 -0.025 -1.75 0.9506 1.0516 0.0131 0.2647 1.7177 2.7272
7.30 0.100 -2.25 1.6350 0.3886 0.0072 0.1415 1.5533 2.0471
7.30 0.100 -2.00 1.2191 0.7517 0.0095 0.1923 1.8989 2.3715
7.30 0.100 -1.75 0.9493 1.1895 0.0130 0.2492 2.1734 2.6701
7.30 0.225 -2.25 1.6268 0.4751 0.0072 0.1353 1.9921 2.0148
7.30 0.225 -2.00 1.2181 0.8732 0.0094 0.1814 2.4080 2.3233
7.30 0.225 -1.75 0.9389 1.2981 0.0129 0.2316 2.7201 2.6014
7.30 0.350 -2.25 1.6183 0.5673 0.0071 0.1279 2.5297 1.9747
7.30 0.350 -2.00 1.2067 0.9818 0.0093 0.1689 3.0184 2.2649
7.30 0.350 -1.75 0.9263 1.3660 0.0127 0.2122 3.3642 2.5206
7.30 0.475 -2.25 1.6111 0.6585 0.0071 0.1193 3.1762 1.9258
7.30 0.475 -2.00 1.1938 1.0638 0.0092 0.1550 3.7363 2.1957
7.30 0.475 -1.75 0.9195 1.3865 0.0125 0.1915 4.1096 2.4282
7.30 0.600 -2.25 1.5910 0.7394 0.0070 0.1096 3.9368 1.8674
7.30 0.600 -2.00 1.1840 1.1105 0.0091 0.1400 4.5634 2.1154
7.30 0.600 -1.75 0.9010 1.3542 0.0122 0.1702 4.9515 2.3248
7.40 -0.260 -2.25 1.6246 0.2139 0.0068 0.1774 0.8552 2.5716
7.40 -0.260 -2.00 1.2193 0.4477 0.0090 0.2455 1.0654 2.9994
7.40 -0.260 -1.75 0.9459 0.7937 0.0124 0.3261 1.2509 3.4072
7.40 -0.260 -2.25 1.6268 0.2139 0.0068 0.1773 0.8551 2.5714
7.40 -0.260 -2.00 1.2190 0.4476 0.0090 0.2454 1.0652 2.9992
7.40 -0.260 -1.75 0.9457 0.7935 0.0124 0.3260 1.2506 3.4070
7.40 -0.260 -2.25 1.6265 0.2138 0.0068 0.1773 0.8550 2.5713
7.40 -0.260 -2.00 1.2181 0.4475 0.0090 0.2454 1.0650 2.9991
7.40 -0.260 -1.75 0.9456 0.7932 0.0124 0.3259 1.2503 3.4066
7.40 -0.260 -2.25 1.6270 0.2138 0.0068 0.1772 0.8547 2.5710
7.40 -0.260 -2.00 1.2187 0.4473 0.0090 0.2453 1.0646 2.9985
7.40 -0.260 -1.75 0.9455 0.7927 0.0124 0.3258 1.2498 3.4061
7.40 -0.260 -2.25 1.6259 0.2137 0.0068 0.1772 0.8545 2.5707
7.40 -0.260 -2.00 1.2182 0.4470 0.0090 0.2452 1.0642 2.9981
7.40 -0.260 -1.75 0.9450 0.7921 0.0124 0.3256 1.2492 3.4054
7.40 -0.260 -2.25 1.6251 0.2135 0.0068 0.1771 0.8541 2.5702
7.40 -0.260 -2.00 1.2176 0.4467 0.0090 0.2450 1.0636 2.9974
7.40 -0.260 -1.75 0.9448 0.7914 0.0124 0.3253 1.2484 3.4045
7.40 -0.260 -2.25 1.6244 0.2133 0.0068 0.1770 0.8536 2.5696
7.40 -0.260 -2.00 1.2171 0.4462 0.0090 0.2448 1.0629 2.9967
7.40 -0.260 -1.75 0.9444 0.7904 0.0124 0.3250 1.2474 3.4033
7.40 -0.260 -2.25 1.6242 0.2131 0.0068 0.1768 0.8529 2.5688
7.40 -0.260 -2.00 1.2165 0.4456 0.0090 0.2445 1.0620 2.9955
7.40 -0.260 -1.75 0.9434 0.7891 0.0124 0.3246 1.2460 3.4018
7.40 -0.260 -2.25 1.6235 0.2128 0.0068 0.1766 0.8520 2.5677
7.40 -0.260 -2.00 1.2152 0.4448 0.0090 0.2442 1.0606 2.9940
7.40 -0.260 -1.75 0.9426 0.7874 0.0124 0.3240 1.2442 3.3997
7.40 -0.260 -2.25 1.6212 0.2124 0.0068 0.1763 0.8508 2.5663
7.40 -0.260 -2.00 1.2140 0.4437 0.0090 0.2437 1.0589 2.9920
7.40 -0.260 -1.75 0.9416 0.7852 0.0124 0.3232 1.2417 3.3970
7.40 -0.260 -2.25 1.6166 0.2118 0.0068 0.1759 0.8492 2.5644
7.40 -0.260 -2.00 1.2115 0.4422 0.0090 0.2431 1.0565 2.9892
7.40 -0.260 -1.75 0.9393 0.7821 0.0124 0.3222 1.2385 3.3933
7.40 -0.260 -2.25 1.6137 0.2110 0.0068 0.1754 0.8472 2.5618
7.40 -0.260 -2.00 1.2087 0.4404 0.0090 0.2422 1.0535 2.9857
7.40 -0.260 -1.75 0.9349 0.7782 0.0123 0.3209 1.2343 3.3886
7.40 -0.260 -2.25 1.6112 0.2101 0.0068 0.1748 0.8444 2.5585
7.40 -0.260 -2.00 1.2053 0.4380 0.0090 0.2412 1.0496 2.9813
7.40 -0.260 -1.75 0.9323 0.7730 0.0123 0.3192 1.2287 3.3821
7.40 0.230 -2.25 1.5958 0.4870 0.0067 0.1516 2.3062 2.4315
7.40 0.230 -2.00 1.1925 0.8604 0.0088 0.2005 2.7635 2.7915
7.40 0.230 -1.75 0.9169 1.2263 0.0119 0.2529 3.1046 3.1113
7.40 0.350 -2.25 1.5770 0.5668 0.0067 0.1424 2.8801 2.3770
7.40 0.350 -2.00 1.1799 0.9400 0.0087 0.1857 3.4074 2.7141
7.40 0.350 -1.75 0.9101 1.2563 0.0117 0.2307 3.7814 3.0081
7.40 0.475 -2.25 1.5691 0.6437 0.0066 0.1315 3.5861 2.3089
7.40 0.475 -2.00 1.1621 0.9932 0.0085 0.1689 4.1853 2.6205
7.40 0.475 -1.75 0.8936 1.2440 0.0115 0.2066 4.5858 2.8875
7.40 0.600 -2.25 1.5463 0.7055 0.0065 0.1195 4.4056 2.2292
7.40 0.600 -2.00 1.1451 1.0094 0.0084 0.1512 5.0743 2.5145
7.40 0.600 -1.75 0.8761 1.1924 0.0112 0.1820 5.4874 2.7525
7.50 -1.400 -2.25 1.5974 0.0226 0.0065 0.2163 0.0763 3.1993
7.50 -1.400 -2.00 1.2049 0.0487 0.0086 0.3050 0.0969 3.7575
7.50 -1.400 -1.75 0.9322 0.0967 0.0118 0.4167 0.1170 4.3109
7.50 -1.275 -2.25 1.5893 0.0289 0.0065 0.2157 0.1015 3.1962
7.50 -1.275 -2.00 1.2040 0.0627 0.0086 0.3038 0.1288 3.7524
7.50 -1.275 -1.75 0.9379 0.1246 0.0118 0.4146 0.1554 4.3032
7.50 -1.150 -2.25 1.5892 0.0371 0.0065 0.2150 0.1350 3.1927
7.50 -1.150 -2.00 1.2038 0.0808 0.0086 0.3025 0.1711 3.7467
7.50 -1.150 -1.75 0.9340 0.1606 0.0118 0.4122 0.2061 4.2944
7.50 -1.025 -2.25 1.5941 0.0477 0.0065 0.2140 0.1793 3.1877
7.50 -1.025 -2.00 1.2028 0.1043 0.0085 0.3006 0.2269 3.7387
7.50 -1.025 -1.75 0.9369 0.2066 0.0118 0.4087 0.2729 4.2820
7.50 -0.900 -2.25 1.5991 0.0615 0.0065 0.2128 0.2379 3.1810
7.50 -0.900 -2.00 1.1995 0.1346 0.0085 0.2983 0.3005 3.7285
7.50 -0.900 -1.75 0.9355 0.2645 0.0117 0.4043 0.3604 4.2656
7.50 -0.775 -2.25 1.5980 0.0793 0.0065 0.2111 0.3151 3.1723
7.50 -0.775 -2.00 1.1990 0.1732 0.0085 0.2952 0.3971 3.7147
7.50 -0.775 -1.75 0.9335 0.3362 0.0117 0.3985 0.4745 4.2443
7.50 -0.650 -2.25 1.5950 0.1022 0.0065 0.2090 0.4164 3.1607
7.50 -0.650 -2.00 1.1997 0.2218 0.0085 0.2911 0.5231 3.6965
7.50 -0.650 -1.75 0.9313 0.4228 0.0117 0.3912 0.6226 4.2167
7.50 -0.525 -2.25 1.5933 0.1314 0.0065 0.2062 0.5489 3.1458
7.50 -0.525 -2.00 1.1972 0.2819 0.0085 0.2859 0.6868 3.6732
7.50 -0.525 -1.75 0.9286 0.5244 0.0116 0.3819 0.8130 4.1811
7.50 -0.400 -2.25 1.5904 0.1681 0.0065 0.2026 0.7208 3.1260
7.50 -0.400 -2.00 1.1935 0.3544 0.0085 0.2793 0.8975 3.6430
7.50 -0.400 -1.75 0.9262 0.6380 0.0116 0.3703 1.0554 4.1356
7.50 -0.275 -2.25 1.5867 0.2134 0.0064 0.1980 0.9424 3.1006
7.50 -0.275 -2.00 1.1884 0.4387 0.0084 0.2710 1.1657 3.6039
7.50 -0.275 -1.75 0.9204 0.7587 0.0115 0.3561 1.3605 4.0783
7.50 -0.150 -2.25 1.5807 0.2679 0.0064 0.1923 1.2250 3.0680
7.50 -0.150 -2.00 1.1831 0.5327 0.0084 0.2608 1.5034 3.5547
7.50 -0.150 -1.75 0.9145 0.8773 0.0114 0.3391 1.7392 4.0072
7.50 -0.025 -2.25 1.5735 0.3313 0.0064 0.1852 1.5810 3.0264
7.50 -0.025 -2.00 1.1752 0.6316 0.0083 0.2486 1.9229 3.4937
7.50 -0.025 -1.75 0.9128 0.9821 0.0113 0.3193 2.2021 3.9207
7.50 0.100 -2.25 1.5632 0.4020 0.0064 0.1766 2.0233 2.9746
7.50 0.100 -2.00 1.1739 0.7273 0.0082 0.2342 2.4347 3.4185
7.50 0.100 -1.75 0.9034 1.0621 0.0112 0.2969 2.7579 3.8176
7.50 0.225 -2.25 1.5509 0.4759 0.0063 0.1664 2.5632 2.9106
7.50 0.225 -2.00 1.1573 0.8094 0.0082 0.2177 3.0476 3.3278
7.50 0.225 -1.75 0.8933 1.1063 0.0110 0.2720 3.4102 3.6966
7.50 0.350 -2.25 1.5337 0.5468 0.0063 0.1546 3.2088 2.8331
7.50 0.350 -2.00 1.1501 0.8685 0.0081 0.1995 3.7679 3.2211
7.50 0.350 -1.75 0.8772 1.1119 0.0108 0.2456 4.1647 3.5576
7.50 0.475 -2.25 1.5199 0.6072 0.0062 0.1413 3.9646 2.7414
7.50 0.475 -2.00 1.1296 0.8950 0.0079 0.1799 4.5974 3.0987
7.50 0.475 -1.75 0.8646 1.0771 0.0106 0.2185 5.0248 3.4028
7.50 0.600 -2.25 1.4970 0.6482 0.0061 0.1268 4.8272 2.6350
7.50 0.600 -2.00 1.1083 0.8868 0.0078 0.1596 5.5338 2.9617
7.50 0.600 -1.75 0.8446 1.0151 0.0104 0.1912 5.9869 3.2337
7.60 -1.400 -2.50 2.1323 0.0098 0.0050 0.1633 0.0652 3.1579
7.60 -1.400 -2.25 1.5544 0.0233 0.0063 0.2390 0.0863 3.8415
7.60 -0.260 -2.25 1.5571 0.2212 0.0062 0.2171 1.0950 3.7092
7.60 -1.400 -2.00 1.1769 0.0500 0.0082 0.3339 0.1089 4.5002
7.60 -1.275 -2.50 2.1300 0.0126 0.0050 0.1630 0.0868 3.1554
7.60 -1.275 -2.25 1.5530 0.0298 0.0063 0.2383 0.1147 3.8373
7.60 -1.275 -2.00 1.1767 0.0642 0.0082 0.3325 0.1447 4.4934
7.60 -1.150 -2.50 2.1307 0.0161 0.0050 0.1625 0.1155 3.1521
7.60 -1.150 -2.25 1.5632 0.0381 0.0063 0.2374 0.1525 3.8320
7.60 -1.150 -2.00 1.1767 0.0825 0.0082 0.3307 0.1920 4.4848
7.60 -1.025 -2.50 2.1268 0.0206 0.0050 0.1618 0.1535 3.1477
7.60 -1.025 -2.25 1.5630 0.0489 0.0063 0.2362 0.2024 3.8249
7.60 -1.025 -2.00 1.1730 0.1062 0.0082 0.3285 0.2546 4.4740
7.60 -0.900 -2.50 2.1257 0.0263 0.0050 0.1610 0.2038 3.1418
7.60 -0.900 -2.25 1.5617 0.0629 0.0063 0.2346 0.2683 3.8154
7.60 -0.900 -2.00 1.1712 0.1366 0.0082 0.3255 0.3367 4.4591
7.60 -0.775 -2.50 2.1259 0.0336 0.0050 0.1599 0.2702 3.1341
7.60 -0.775 -2.25 1.5594 0.0808 0.0063 0.2325 0.3550 3.8030
7.60 -0.775 -2.00 1.1699 0.1750 0.0082 0.3217 0.4444 4.4401
7.60 -0.650 -2.50 2.1234 0.0430 0.0050 0.1584 0.3576 3.1238
7.60 -0.650 -2.25 1.5574 0.1038 0.0062 0.2297 0.4686 3.7868
7.60 -0.650 -2.00 1.1672 0.2228 0.0081 0.3167 0.5845 4.4150
7.60 -0.525 -2.50 2.1202 0.0551 0.0050 0.1565 0.4719 3.1102
7.60 -0.525 -2.25 1.5546 0.1329 0.0062 0.2262 0.6165 3.7655
7.60 -0.525 -2.00 1.1639 0.2810 0.0081 0.3103 0.7656 4.3826
7.60 -0.400 -2.50 2.1157 0.0705 0.0050 0.1540 0.6210 3.0926
7.60 -0.400 -2.25 1.5504 0.1690 0.0062 0.2216 0.8077 3.7378
7.60 -0.400 -2.00 1.1587 0.3499 0.0081 0.3022 0.9979 4.3410
7.60 -0.275 -2.50 2.1068 0.0898 0.0050 0.1508 0.8137 3.0696
7.60 -0.275 -2.25 1.5461 0.2129 0.0062 0.2159 1.0530 3.7023
7.60 -0.275 -2.00 1.1625 0.4279 0.0080 0.2922 1.2920 4.2877
7.60 -0.150 -2.50 2.1073 0.1136 0.0050 0.1468 1.0606 3.0398
7.60 -0.150 -2.25 1.5324 0.2647 0.0062 0.2088 1.3639 3.6569
7.60 -0.150 -2.00 1.1548 0.5121 0.0080 0.2801 1.6605 4.2214
7.60 -0.025 -2.50 2.0903 0.1424 0.0050 0.1417 1.3737 3.0021
7.60 -0.025 -2.25 1.5275 0.3234 0.0061 0.2000 1.7528 3.5998
7.60 -0.025 -2.00 1.1460 0.5963 0.0079 0.2656 2.1146 4.1392
7.60 0.100 -2.50 2.0801 0.1761 0.0050 0.1354 1.7643 2.9540
7.60 0.100 -2.25 1.5226 0.3865 0.0061 0.1896 2.2319 3.5293
7.60 0.100 -2.00 1.1392 0.6731 0.0079 0.2489 2.6655 4.0401
7.60 0.225 -2.50 2.0624 0.2140 0.0049 0.1279 2.2440 2.8940
7.60 0.225 -2.25 1.5051 0.4497 0.0061 0.1772 2.8115 3.4437
7.60 0.225 -2.00 1.1240 0.7336 0.0078 0.2300 3.3200 3.9220
7.60 0.350 -2.50 2.0343 0.2544 0.0049 0.1192 2.8212 2.8202
7.60 0.350 -2.25 1.4885 0.5061 0.0060 0.1630 3.4958 3.3405
7.60 0.350 -2.00 1.1048 0.7688 0.0077 0.2093 4.0826 3.7848
7.60 0.475 -2.50 2.0117 0.2943 0.0049 0.1092 3.4982 2.7310
7.60 0.475 -2.25 1.4634 0.5497 0.0059 0.1475 4.2877 3.2205
7.60 0.475 -2.00 1.0888 0.7741 0.0075 0.1870 4.9512 3.6287
7.60 0.600 -2.50 1.9720 0.3296 0.0048 0.0982 4.2705 2.6258
7.60 0.600 -2.25 1.4313 0.5723 0.0058 0.1309 5.1774 3.0818
7.60 0.600 -2.00 1.0607 0.7506 0.0074 0.1641 5.9250 3.4568
7.70 -1.400 -2.50 2.0558 0.0100 0.0051 0.1751 0.0722 3.7459
7.70 -1.400 -2.25 1.5081 0.0231 0.0062 0.2541 0.0944 4.5423
7.70 -1.400 -2.00 1.1393 0.0490 0.0081 0.3513 0.1181 5.3039
7.70 -1.275 -2.50 2.0598 0.0127 0.0051 0.1746 0.0960 3.7424
7.70 -1.275 -2.25 1.5076 0.0294 0.0062 0.2533 0.1255 4.5369
7.70 -1.275 -2.00 1.1385 0.0627 0.0081 0.3498 0.1570 5.2955
7.70 -1.150 -2.50 2.0590 0.0161 0.0051 0.1740 0.1276 3.7376
7.70 -1.150 -2.25 1.5079 0.0375 0.0062 0.2522 0.1667 4.5295
7.70 -1.150 -2.00 1.1378 0.0804 0.0081 0.3478 0.2082 5.2841
7.70 -1.025 -2.50 2.0564 0.0204 0.0051 0.1732 0.1695 3.7314
7.70 -1.025 -2.25 1.5051 0.0479 0.0062 0.2507 0.2211 4.5197
7.70 -1.025 -2.00 1.1377 0.1031 0.0081 0.3451 0.2758 5.2693
7.70 -0.900 -2.50 2.0531 0.0260 0.0051 0.1721 0.2249 3.7231
7.70 -0.900 -2.25 1.5029 0.0613 0.0062 0.2488 0.2929 4.5069
7.70 -0.900 -2.00 1.1344 0.1319 0.0081 0.3417 0.3646 5.2499
7.70 -0.775 -2.50 2.0541 0.0331 0.0050 0.1707 0.2978 3.7119
7.70 -0.775 -2.25 1.5013 0.0785 0.0062 0.2462 0.3871 4.4897
7.70 -0.775 -2.00 1.1333 0.1681 0.0081 0.3372 0.4805 5.2243
7.70 -0.650 -2.50 2.0465 0.0422 0.0050 0.1688 0.3936 3.6975
7.70 -0.650 -2.25 1.4992 0.1004 0.0062 0.2429 0.5102 4.4676
7.70 -0.650 -2.00 1.1354 0.2125 0.0080 0.3315 0.6312 5.1910
7.70 -0.525 -2.50 2.0431 0.0538 0.0050 0.1664 0.5187 3.6786
7.70 -0.525 -2.25 1.4960 0.1278 0.0062 0.2387 0.6701 4.4388
7.70 -0.525 -2.00 1.1268 0.2658 0.0080 0.3242 0.8257 5.1487
7.70 -0.400 -2.50 2.0376 0.0685 0.0050 0.1634 0.6811 3.6541
7.70 -0.400 -2.25 1.4909 0.1614 0.0062 0.2333 0.8762 4.4017
7.70 -0.400 -2.00 1.1213 0.3274 0.0080 0.3150 1.0739 5.0939
7.70 -0.275 -2.50 2.0315 0.0867 0.0050 0.1594 0.8900 3.6220
7.70 -0.275 -2.25 1.4883 0.2017 0.0062 0.2264 1.1394 4.3542
7.70 -0.275 -2.00 1.1241 0.3955 0.0079 0.3038 1.3875 5.0251
7.70 -0.150 -2.50 2.0210 0.1089 0.0050 0.1545 1.1564 3.5812
7.70 -0.150 -2.25 1.4783 0.2482 0.0061 0.2180 1.4714 4.2942
7.70 -0.150 -2.00 1.1159 0.4661 0.0079 0.2902 1.7784 4.9395
7.70 -0.025 -2.50 2.0072 0.1353 0.0050 0.1484 1.4913 3.5287
7.70 -0.025 -2.25 1.4778 0.2996 0.0061 0.2077 1.8842 4.2194
7.70 -0.025 -2.00 1.1057 0.5334 0.0078 0.2740 2.2571 4.8340
7.70 0.100 -2.50 1.9970 0.1655 0.0050 0.1410 1.9058 3.4629
7.70 0.100 -2.25 1.4650 0.3525 0.0061 0.1954 2.3875 4.1263
7.70 0.100 -2.00 1.0917 0.5913 0.0077 0.2556 2.8355 4.7087
7.70 0.225 -2.50 1.9744 0.1983 0.0049 0.1322 2.4083 3.3811
7.70 0.225 -2.25 1.4433 0.4024 0.0060 0.1813 2.9901 4.0142
7.70 0.225 -2.00 1.0787 0.6303 0.0076 0.2345 3.5160 4.5593
7.70 0.350 -2.50 1.9495 0.2321 0.0049 0.1221 3.0066 3.2832
7.70 0.350 -2.25 1.4209 0.4442 0.0059 0.1656 3.6968 3.8815
7.70 0.350 -2.00 1.0610 0.6481 0.0075 0.2117 4.3066 4.3893
7.70 0.475 -2.50 1.9134 0.2633 0.0049 0.1107 3.6959 3.1657
7.70 0.475 -2.25 1.3906 0.4715 0.0059 0.1486 4.5044 3.7275
7.70 0.475 -2.00 1.0351 0.6412 0.0074 0.1877 5.1993 4.1967
7.70 0.600 -2.50 1.8648 0.2886 0.0048 0.0985 4.4683 3.0296
7.70 0.600 -2.25 1.3638 0.4807 0.0058 0.1310 5.4047 3.5542
7.70 0.600 -2.00 1.0093 0.6094 0.0073 0.1637 6.1914 3.9848
7.80 -1.400 -2.50 1.9759 0.0098 0.0051 0.1806 0.0774 4.3761
7.80 -1.400 -2.25 1.4557 0.0221 0.0062 0.2593 0.0999 5.2888
7.80 -1.400 -2.00 1.0999 0.0462 0.0080 0.3561 0.1240 6.1545
7.80 -1.275 -2.50 1.9754 0.0123 0.0051 0.1799 0.1029 4.3704
7.80 -1.275 -2.25 1.4544 0.0279 0.0062 0.2585 0.1329 5.2829
7.80 -1.275 -2.00 1.0993 0.0588 0.0080 0.3545 0.1647 6.1443
7.80 -1.150 -2.50 1.9745 0.0155 0.0051 0.1792 0.1367 4.3638
7.80 -1.150 -2.25 1.4532 0.0354 0.0062 0.2572 0.1764 5.2733
7.80 -1.150 -2.00 1.0966 0.0750 0.0080 0.3522 0.2184 6.1287
7.80 -1.025 -2.50 1.9731 0.0196 0.0051 0.1784 0.1816 4.3564
7.80 -1.025 -2.25 1.4526 0.0450 0.0062 0.2554 0.2338 5.2592
7.80 -1.025 -2.00 1.1002 0.0957 0.0080 0.3495 0.2893 6.1112
7.80 -0.900 -2.50 1.9703 0.0248 0.0051 0.1770 0.2406 4.3442
7.80 -0.900 -2.25 1.4496 0.0574 0.0062 0.2532 0.3096 5.2434
7.80 -0.900 -2.00 1.0978 0.1219 0.0080 0.3459 0.3822 6.0873
7.80 -0.775 -2.50 1.9676 0.0314 0.0051 0.1755 0.3185 4.3303
7.80 -0.775 -2.25 1.4472 0.0731 0.0062 0.2504 0.4089 5.2217
7.80 -0.775 -2.00 1.0954 0.1542 0.0080 0.3409 0.5033 6.0541
7.80 -0.650 -2.50 1.9639 0.0398 0.0051 0.1733 0.4204 4.3105
7.80 -0.650 -2.25 1.4501 0.0929 0.0062 0.2466 0.5382 5.1923
7.80 -0.650 -2.00 1.0913 0.1935 0.0080 0.3349 0.6608 6.0134
7.80 -0.525 -2.50 1.9589 0.0505 0.0051 0.1706 0.5532 4.2853
7.80 -0.525 -2.25 1.4466 0.1176 0.0062 0.2418 0.7061 5.1555
7.80 -0.525 -2.00 1.0878 0.2399 0.0079 0.3271 0.8635 5.9603
7.80 -0.400 -2.50 1.9524 0.0639 0.0051 0.1670 0.7248 4.2519
7.80 -0.400 -2.25 1.4437 0.1474 0.0062 0.2357 0.9216 5.1074
7.80 -0.400 -2.00 1.0830 0.2920 0.0079 0.3171 1.1215 5.8916
7.80 -0.275 -2.50 1.9429 0.0803 0.0050 0.1625 0.9445 4.2084
7.80 -0.275 -2.25 1.4372 0.1825 0.0061 0.2281 1.1958 5.0464
7.80 -0.275 -2.00 1.0758 0.3480 0.0078 0.3049 1.4466 5.8059
7.80 -0.150 -2.50 1.9427 0.1001 0.0050 0.1569 1.2237 4.1546
7.80 -0.150 -2.25 1.4264 0.2223 0.0061 0.2190 1.5408 4.9704
7.80 -0.150 -2.00 1.0672 0.4040 0.0078 0.2902 1.8507 5.7002
7.80 -0.025 -2.50 1.9285 0.1231 0.0050 0.1500 1.5719 4.0856
7.80 -0.025 -2.25 1.4147 0.2646 0.0061 0.2077 1.9661 4.8739
7.80 -0.025 -2.00 1.0592 0.4548 0.0077 0.2731 2.3456 5.5725
7.80 0.100 -2.50 1.9107 0.1489 0.0050 0.1418 1.9997 4.0002
7.80 0.100 -2.25 1.4011 0.3068 0.0060 0.1947 2.4833 4.7566
7.80 0.100 -2.00 1.0451 0.4950 0.0076 0.2533 2.9388 5.4189
7.80 0.225 -2.50 1.8851 0.1761 0.0050 0.1320 2.5125 3.8946
7.80 0.225 -2.25 1.3796 0.3447 0.0060 0.1798 3.0983 4.6162
7.80 0.225 -2.00 1.0339 0.5185 0.0075 0.2314 3.6356 5.2378
7.80 0.350 -2.50 1.8502 0.2026 0.0049 0.1209 3.1139 3.7683
7.80 0.350 -2.25 1.3522 0.3731 0.0059 0.1633 3.8119 4.4512
7.80 0.350 -2.00 1.0070 0.5224 0.0074 0.2079 4.4370 5.0298
7.80 0.475 -2.50 1.8050 0.2257 0.0049 0.1087 3.7980 3.6199
7.80 0.475 -2.25 1.3160 0.3884 0.0058 0.1456 4.6195 4.2625
7.80 0.475 -2.00 0.9846 0.5081 0.0073 0.1838 5.3428 4.7988
7.80 0.600 -2.50 1.7594 0.2425 0.0048 0.0957 4.5521 3.4505
7.80 0.600 -2.25 1.2830 0.3880 0.0057 0.1273 5.5026 4.0500
7.80 0.600 -2.00 0.9498 0.4845 0.0071 0.1593 6.3297 4.5434
7.90 -1.400 -2.75 2.5954 0.0035 0.0045 0.1159 0.0598 3.8734
7.90 -1.400 -2.50 1.8815 0.0091 0.0053 0.1760 0.0791 4.9948
7.90 -1.400 -2.25 1.3904 0.0200 0.0064 0.2497 0.1009 6.0201
7.90 -1.275 -2.75 2.5902 0.0045 0.0045 0.1155 0.0795 3.8691
7.90 -1.275 -2.50 1.8812 0.0114 0.0053 0.1754 0.1052 4.9889
7.90 -1.275 -2.25 1.3889 0.0251 0.0064 0.2487 0.1342 6.0116
7.90 -1.150 -2.75 2.5889 0.0058 0.0045 0.1151 0.1057 3.8636
7.90 -1.150 -2.50 1.8796 0.0143 0.0053 0.1747 0.1398 4.9808
7.90 -1.150 -2.25 1.3886 0.0316 0.0064 0.2475 0.1781 6.0005
7.90 -1.025 -2.75 2.5891 0.0073 0.0045 0.1145 0.1404 3.8564
7.90 -1.025 -2.50 1.8780 0.0178 0.0053 0.1736 0.1855 4.9688
7.90 -1.025 -2.25 1.3857 0.0399 0.0064 0.2458 0.2361 5.9844
7.90 -0.900 -2.75 2.5850 0.0092 0.0045 0.1138 0.1863 3.8469
7.90 -0.900 -2.50 1.8782 0.0224 0.0053 0.1723 0.2458 4.9547
7.90 -0.900 -2.25 1.3841 0.0505 0.0064 0.2434 0.3123 5.9630
7.90 -0.775 -2.75 2.5827 0.0116 0.0045 0.1128 0.2466 3.8344
7.90 -0.775 -2.50 1.8743 0.0281 0.0053 0.1706 0.3250 4.9365
7.90 -0.775 -2.25 1.3909 0.0640 0.0064 0.2405 0.4123 5.9361
7.90 -0.650 -2.75 2.5793 0.0145 0.0045 0.1114 0.3254 3.8161
7.90 -0.650 -2.50 1.8698 0.0354 0.0052 0.1683 0.4285 4.9112
7.90 -0.650 -2.25 1.3856 0.0808 0.0064 0.2368 0.5427 5.9019
7.90 -0.525 -2.75 2.5678 0.0181 0.0045 0.1096 0.4283 3.7936
7.90 -0.525 -2.50 1.8637 0.0447 0.0052 0.1654 0.5632 4.8794
7.90 -0.525 -2.25 1.3816 0.1015 0.0063 0.2320 0.7112 5.8557
7.90 -0.400 -2.75 2.5569 0.0226 0.0045 0.1074 0.5615 3.7641
7.90 -0.400 -2.50 1.8554 0.0561 0.0052 0.1617 0.7369 4.8379
7.90 -0.400 -2.25 1.3764 0.1263 0.0063 0.2260 0.9279 5.7986
7.90 -0.275 -2.75 2.5544 0.0281 0.0045 0.1046 0.7327 3.7273
7.90 -0.275 -2.50 1.8465 0.0699 0.0052 0.1569 0.9584 4.7835
7.90 -0.275 -2.25 1.3629 0.1550 0.0063 0.2184 1.2023 5.7237
7.90 -0.150 -2.75 2.5290 0.0347 0.0045 0.1009 0.9488 3.6776
7.90 -0.150 -2.50 1.8339 0.0864 0.0052 0.1510 1.2378 4.7149
7.90 -0.150 -2.25 1.3502 0.1866 0.0063 0.2091 1.5458 5.6302
7.90 -0.025 -2.75 2.5009 0.0426 0.0045 0.0965 1.2191 3.6160
7.90 -0.025 -2.50 1.8255 0.1053 0.0052 0.1439 1.5855 4.6300
7.90 -0.025 -2.25 1.3362 0.2195 0.0062 0.1980 1.9692 5.5145
7.90 0.100 -2.75 2.4746 0.0516 0.0044 0.0911 1.5503 3.5387
7.90 0.100 -2.50 1.7937 0.1259 0.0051 0.1353 2.0084 4.5236
7.90 0.100 -2.25 1.3199 0.2510 0.0062 0.1850 2.4815 5.3749
7.90 0.225 -2.75 2.4463 0.0615 0.0044 0.0847 1.9443 3.4415
7.90 0.225 -2.50 1.7699 0.1470 0.0051 0.1254 2.5123 4.3947
7.90 0.225 -2.25 1.3035 0.2772 0.0061 0.1702 3.0858 5.2070
7.90 0.350 -2.75 2.3925 0.0717 0.0044 0.0772 2.4021 3.3243
7.90 0.350 -2.50 1.7285 0.1666 0.0051 0.1141 3.0950 4.2404
7.90 0.350 -2.25 1.2726 0.2952 0.0060 0.1539 3.7827 5.0116
7.90 0.475 -2.75 2.3199 0.0815 0.0044 0.0690 2.9135 3.1852
7.90 0.475 -2.50 1.6800 0.1825 0.0050 0.1017 3.7485 4.0607
7.90 0.475 -2.25 1.2345 0.3019 0.0060 0.1366 4.5631 4.7890
7.90 0.600 -2.75 2.2386 0.0896 0.0043 0.0600 3.4543 3.0206
7.90 0.600 -2.50 1.6208 0.1923 0.0049 0.0887 4.4512 3.8553
7.90 0.600 -2.25 1.1850 0.2959 0.0058 0.1187 5.4057 4.5394
8.00 -1.400 -2.75 2.4481 0.0033 0.0049 0.1082 0.0594 4.3296
8.00 -1.400 -2.50 1.7848 0.0082 0.0057 0.1621 0.0772 5.5675
8.00 -1.400 -2.25 1.3225 0.0173 0.0069 0.2276 0.0974 6.6906
8.00 -1.275 -2.75 2.4464 0.0042 0.0049 0.1078 0.0790 4.3237
8.00 -1.275 -2.50 1.7842 0.0102 0.0057 0.1616 0.1027 5.5598
8.00 -1.275 -2.25 1.3216 0.0215 0.0069 0.2266 0.1294 6.6798
8.00 -1.150 -2.75 2.4450 0.0053 0.0049 0.1074 0.1050 4.3173
8.00 -1.150 -2.50 1.7801 0.0125 0.0057 0.1608 0.1364 5.5502
8.00 -1.150 -2.25 1.3198 0.0267 0.0069 0.2254 0.1717 6.6661
8.00 -1.025 -2.75 2.4424 0.0067 0.0049 0.1068 0.1393 4.3080
8.00 -1.025 -2.50 1.7764 0.0155 0.0057 0.1598 0.1810 5.5373
8.00 -1.025 -2.25 1.3180 0.0335 0.0069 0.2238 0.2276 6.6483
8.00 -0.900 -2.75 2.4373 0.0083 0.0049 0.1059 0.1845 4.2947
8.00 -0.900 -2.50 1.7736 0.0192 0.0057 0.1585 0.2396 5.5200
8.00 -0.900 -2.25 1.3163 0.0420 0.0069 0.2219 0.3013 6.6265
8.00 -0.775 -2.75 2.4313 0.0103 0.0049 0.1048 0.2440 4.2783
8.00 -0.775 -2.50 1.7701 0.0240 0.0057 0.1569 0.3168 5.4984
8.00 -0.775 -2.25 1.3134 0.0528 0.0069 0.2191 0.3975 6.5946
8.00 -0.650 -2.75 2.4255 0.0128 0.0049 0.1035 0.3219 4.2571
8.00 -0.650 -2.50 1.7644 0.0299 0.0057 0.1546 0.4173 5.4680
8.00 -0.650 -2.25 1.3098 0.0661 0.0068 0.2156 0.5230 6.5544
8.00 -0.525 -2.75 2.4180 0.0158 0.0049 0.1017 0.4230 4.2289
8.00 -0.525 -2.50 1.7581 0.0373 0.0057 0.1518 0.5479 5.4299
8.00 -0.525 -2.25 1.3039 0.0824 0.0068 0.2113 0.6855 6.5037
8.00 -0.400 -2.75 2.3975 0.0195 0.0049 0.0994 0.5535 4.1925
8.00 -0.400 -2.50 1.7528 0.0465 0.0057 0.1482 0.7161 5.3808
8.00 -0.400 -2.25 1.2982 0.1016 0.0068 0.2056 0.8933 6.4360
8.00 -0.275 -2.75 2.3874 0.0239 0.0049 0.0965 0.7199 4.1450
8.00 -0.275 -2.50 1.7446 0.0575 0.0057 0.1436 0.9300 5.3164
8.00 -0.275 -2.25 1.2863 0.1235 0.0068 0.1986 1.1572 6.3516
8.00 -0.150 -2.75 2.3625 0.0293 0.0049 0.0927 0.9292 4.0838
8.00 -0.150 -2.50 1.7277 0.0704 0.0056 0.1379 1.1990 5.2358
8.00 -0.150 -2.25 1.2748 0.1471 0.0067 0.1900 1.4869 6.2452
8.00 -0.025 -2.75 2.3399 0.0355 0.0049 0.0882 1.1883 4.0067
8.00 -0.025 -2.50 1.7054 0.0849 0.0056 0.1310 1.5312 5.1342
8.00 -0.025 -2.25 1.2582 0.1712 0.0067 0.1798 1.8930 6.1148
8.00 0.100 -2.75 2.3009 0.0426 0.0049 0.0827 1.5019 3.9100
8.00 0.100 -2.50 1.6801 0.1004 0.0056 0.1227 1.9330 5.0086
8.00 0.100 -2.25 1.2371 0.1930 0.0066 0.1677 2.3811 5.9544
8.00 0.225 -2.75 2.2605 0.0501 0.0048 0.0763 1.8709 3.7905
8.00 0.225 -2.50 1.6415 0.1158 0.0055 0.1132 2.4074 4.8568
8.00 0.225 -2.25 1.2117 0.2102 0.0066 0.1539 2.9550 5.7632
8.00 0.350 -2.75 2.2009 0.0576 0.0048 0.0689 2.2909 3.6470
8.00 0.350 -2.50 1.6057 0.1294 0.0055 0.1024 2.9501 4.6753
8.00 0.350 -2.25 1.1781 0.2206 0.0065 0.1388 3.6127 5.5410
8.00 0.475 -2.75 2.1245 0.0642 0.0047 0.0608 2.7454 3.4753
8.00 0.475 -2.50 1.5491 0.1396 0.0054 0.0907 3.5489 4.4641
8.00 0.475 -2.25 1.1387 0.2222 0.0064 0.1227 4.3393 5.2856
8.00 0.600 -2.75 2.0311 0.0692 0.0047 0.0521 3.2079 3.2761
8.00 0.600 -2.50 1.4759 0.1445 0.0053 0.0783 4.1764 4.2220
8.00 0.600 -2.25 1.0854 0.2154 0.0063 0.1060 5.1157 5.0005
8.10 -1.400 -3.00 3.1397 0.0000 0.0042 0.0567 0.0422 3.2402
8.10 -1.400 -2.75 2.2774 0.0030 0.0047 0.0946 0.0561 4.7042
8.10 -1.400 -2.50 1.6649 0.0071 0.0054 0.1406 0.0719 6.0467
8.10 -1.275 -3.00 3.1380 0.0012 0.0042 0.0565 0.0561 3.2357
8.10 -1.275 -2.75 2.2755 0.0037 0.0047 0.0943 0.0747 4.6986
8.10 -1.275 -2.50 1.6633 0.0086 0.0054 0.1401 0.0956 6.0383
8.10 -1.150 -3.00 3.1335 0.0016 0.0042 0.0562 0.0745 3.2294
8.10 -1.150 -2.75 2.2719 0.0047 0.0047 0.0938 0.0992 4.6903
8.10 -1.150 -2.50 1.6610 0.0104 0.0054 0.1394 0.1270 6.0277
8.10 -1.025 -3.00 3.1291 0.0020 0.0042 0.0559 0.0989 3.2215
8.10 -1.025 -2.75 2.2635 0.0058 0.0047 0.0932 0.1315 4.6790
8.10 -1.025 -2.50 1.6550 0.0126 0.0054 0.1386 0.1684 6.0132
8.10 -0.900 -3.00 3.1267 0.0026 0.0042 0.0554 0.1309 3.2106
8.10 -0.900 -2.75 2.2592 0.0071 0.0047 0.0925 0.1742 4.6643
8.10 -0.900 -2.50 1.6505 0.0154 0.0054 0.1375 0.2231 5.9950
8.10 -0.775 -3.00 3.1176 0.0033 0.0042 0.0548 0.1729 3.1965
8.10 -0.775 -2.75 2.2527 0.0086 0.0047 0.0915 0.2302 4.6457
8.10 -0.775 -2.50 1.6441 0.0189 0.0054 0.1360 0.2947 5.9696
8.10 -0.650 -3.00 3.1103 0.0042 0.0042 0.0539 0.2277 3.1774
8.10 -0.650 -2.75 2.2517 0.0105 0.0047 0.0902 0.3032 4.6190
8.10 -0.650 -2.50 1.6484 0.0232 0.0054 0.1340 0.3882 5.9361
8.10 -0.525 -3.00 3.0949 0.0052 0.0042 0.0528 0.2984 3.1517
8.10 -0.525 -2.75 2.2349 0.0128 0.0047 0.0885 0.3978 4.5853
8.10 -0.525 -2.50 1.6307 0.0286 0.0054 0.1315 0.5094 5.8936
8.10 -0.400 -3.00 3.0868 0.0064 0.0042 0.0514 0.3891 3.1190
8.10 -0.400 -2.75 2.2255 0.0155 0.0047 0.0863 0.5196 4.5423
8.10 -0.400 -2.50 1.6207 0.0352 0.0054 0.1282 0.6651 5.8374
8.10 -0.275 -3.00 3.0640 0.0078 0.0042 0.0496 0.5037 3.0766
8.10 -0.275 -2.75 2.2072 0.0188 0.0047 0.0836 0.6745 4.4868
8.10 -0.275 -2.50 1.6104 0.0430 0.0054 0.1242 0.8631 5.7659
8.10 -0.150 -3.00 3.0310 0.0093 0.0042 0.0474 0.6464 3.0227
8.10 -0.150 -2.75 2.1918 0.0227 0.0047 0.0801 0.8680 4.4148
8.10 -0.150 -2.50 1.5904 0.0522 0.0053 0.1192 1.1115 5.6755
8.10 -0.025 -3.00 2.9918 0.0110 0.0042 0.0446 0.8202 2.9539
8.10 -0.025 -2.75 2.1600 0.0272 0.0046 0.0759 1.1059 4.3244
8.10 -0.025 -2.50 1.5754 0.0623 0.0053 0.1130 1.4170 5.5618
8.10 0.100 -3.00 2.9372 0.0129 0.0042 0.0413 1.0241 2.8660
8.10 0.100 -2.75 2.1180 0.0321 0.0046 0.0708 1.3900 4.2103
8.10 0.100 -2.50 1.5457 0.0730 0.0053 0.1056 1.7845 5.4204
8.10 0.225 -3.00 2.8705 0.0148 0.0041 0.0374 1.2566 2.7594
8.10 0.225 -2.75 2.0673 0.0373 0.0046 0.0648 1.7195 4.0706
8.10 0.225 -2.50 1.5049 0.0832 0.0052 0.0971 2.2149 5.2489
8.10 0.350 -3.00 2.7835 0.0165 0.0041 0.0330 1.5052 2.6286
8.10 0.350 -2.75 1.9968 0.0422 0.0046 0.0580 2.0855 3.9020
8.10 0.350 -2.50 1.4546 0.0919 0.0052 0.0874 2.7012 5.0441
8.10 0.475 -3.00 2.6719 0.0180 0.0041 0.0281 1.7507 2.4729
8.10 0.475 -2.75 1.9165 0.0464 0.0045 0.0506 2.4708 3.7040
8.10 0.475 -2.50 1.3996 0.0979 0.0051 0.0769 3.2270 4.8051
8.10 0.600 -3.00 2.5280 0.0188 0.0040 0.0231 1.9659 2.2922
8.10 0.600 -2.75 1.8166 0.0491 0.0045 0.0427 2.8435 3.4743
8.10 0.600 -2.50 1.3257 0.1000 0.0050 0.0659 3.7646 4.5326
8.20 -1.400 -3.00 2.8845 0.0000 0.0038 0.0465 0.0386 3.3939
8.20 -1.400 -2.75 2.0716 0.0026 0.0042 0.0771 0.0504 4.9458
8.20 -1.400 -2.50 1.5225 0.0059 0.0048 0.1144 0.0638 6.3750
8.20 -1.275 -3.00 2.8806 0.0010 0.0038 0.0463 0.0512 3.3881
8.20 -1.275 -2.75 2.0745 0.0032 0.0042 0.0768 0.0670 4.9390
8.20 -1.275 -2.50 1.5206 0.0070 0.0048 0.1140 0.0848 6.3658
8.20 -1.150 -3.00 2.8780 0.0014 0.0038 0.0460 0.0680 3.3809
8.20 -1.150 -2.75 2.0718 0.0039 0.0042 0.0764 0.0890 4.9297
8.20 -1.150 -2.50 1.5194 0.0083 0.0048 0.1135 0.1126 6.3547
8.20 -1.025 -3.00 2.8707 0.0017 0.0038 0.0457 0.0901 3.3715
8.20 -1.025 -2.75 2.0675 0.0048 0.0042 0.0759 0.1180 4.9174
8.20 -1.025 -2.50 1.5163 0.0098 0.0048 0.1127 0.1493 6.3389
8.20 -0.900 -3.00 2.8609 0.0022 0.0038 0.0452 0.1191 3.3584
8.20 -0.900 -2.75 2.0617 0.0058 0.0042 0.0753 0.1561 4.9009
8.20 -0.900 -2.50 1.5103 0.0117 0.0048 0.1118 0.1976 6.3187
8.20 -0.775 -3.00 2.8538 0.0028 0.0038 0.0446 0.1571 3.3409
8.20 -0.775 -2.75 2.0552 0.0069 0.0042 0.0744 0.2061 4.8789
8.20 -0.775 -2.50 1.5040 0.0140 0.0048 0.1106 0.2610 6.2925
8.20 -0.650 -3.00 2.8381 0.0035 0.0038 0.0438 0.2063 3.3180
8.20 -0.650 -2.75 2.0491 0.0083 0.0042 0.0733 0.2712 4.8504
8.20 -0.650 -2.50 1.4998 0.0169 0.0048 0.1089 0.3436 6.2567
8.20 -0.525 -3.00 2.8312 0.0043 0.0038 0.0428 0.2698 3.2887
8.20 -0.525 -2.75 2.0347 0.0098 0.0042 0.0718 0.3554 4.8131
8.20 -0.525 -2.50 1.4893 0.0204 0.0048 0.1068 0.4507 6.2115
8.20 -0.400 -3.00 2.8236 0.0052 0.0038 0.0415 0.3506 3.2498
8.20 -0.400 -2.75 2.0184 0.0117 0.0042 0.0699 0.4632 4.7643
8.20 -0.400 -2.50 1.4778 0.0247 0.0048 0.1042 0.5882 6.1519
8.20 -0.275 -3.00 2.8016 0.0062 0.0038 0.0399 0.4520 3.2005
8.20 -0.275 -2.75 2.0102 0.0139 0.0042 0.0675 0.5995 4.7015
8.20 -0.275 -2.50 1.4672 0.0298 0.0048 0.1008 0.7629 6.0769
8.20 -0.150 -3.00 2.7641 0.0073 0.0038 0.0379 0.5764 3.1365
8.20 -0.150 -2.75 1.9855 0.0165 0.0042 0.0645 0.7694 4.6222
8.20 -0.150 -2.50 1.4479 0.0355 0.0048 0.0966 0.9804 5.9784
8.20 -0.025 -3.00 2.7201 0.0085 0.0038 0.0354 0.7251 3.0554
8.20 -0.025 -2.75 1.9568 0.0194 0.0042 0.0608 0.9752 4.5194
8.20 -0.025 -2.50 1.4316 0.0419 0.0047 0.0915 1.2477 5.8564
8.20 0.100 -3.00 2.6886 0.0097 0.0038 0.0324 0.8971 2.9544
8.20 0.100 -2.75 1.9192 0.0225 0.0042 0.0564 1.2183 4.3921
8.20 0.100 -2.50 1.3972 0.0485 0.0047 0.0853 1.5666 5.7041
8.20 0.225 -3.00 2.6127 0.0109 0.0037 0.0289 1.0849 2.8291
8.20 0.225 -2.75 1.8706 0.0256 0.0041 0.0513 1.4949 4.2363
8.20 0.225 -2.50 1.3702 0.0547 0.0047 0.0781 1.9361 5.5182
8.20 0.350 -3.00 2.5421 0.0120 0.0037 0.0251 1.2772 2.6785
8.20 0.350 -2.75 1.8147 0.0285 0.0041 0.0454 1.7930 4.0477
8.20 0.350 -2.50 1.3266 0.0597 0.0046 0.0700 2.3473 5.2961
8.20 0.475 -3.00 2.4423 0.0127 0.0037 0.0209 1.4528 2.5000
8.20 0.475 -2.75 1.7338 0.0307 0.0040 0.0391 2.0930 3.8247
8.20 0.475 -2.50 1.2691 0.0629 0.0046 0.0612 2.7820 5.0366
8.20 0.600 -3.00 2.3398 0.0130 0.0036 0.0167 1.5838 2.2938
8.20 0.600 -2.75 1.6598 0.0320 0.0040 0.0325 2.3625 3.5672
8.20 0.600 -2.50 1.2014 0.0634 0.0045 0.0518 3.2054 4.7354
8.30 -1.400 -3.00 2.6547 0.0000 0.0035 0.0333 0.0318 3.3395
8.30 -1.400 -2.75 1.9064 0.0022 0.0038 0.0557 0.0412 4.9263
8.30 -1.400 -2.50 1.3890 0.0049 0.0044 0.0832 0.0517 6.4006
8.30 -1.275 -3.00 2.6735 0.0000 0.0035 0.0331 0.0422 3.3332
8.30 -1.275 -2.75 1.9039 0.0027 0.0038 0.0555 0.0548 4.9189
8.30 -1.275 -2.50 1.3857 0.0056 0.0044 0.0829 0.0687 6.3925
8.30 -1.150 -3.00 2.6689 0.0011 0.0035 0.0329 0.0560 3.3252
8.30 -1.150 -2.75 1.9024 0.0033 0.0038 0.0552 0.0727 4.9090
8.30 -1.150 -2.50 1.3845 0.0065 0.0044 0.0824 0.0912 6.3795
8.30 -1.025 -3.00 2.6555 0.0014 0.0035 0.0326 0.0741 3.3142
8.30 -1.025 -2.75 1.8967 0.0039 0.0038 0.0548 0.0963 4.8962
8.30 -1.025 -2.50 1.3814 0.0075 0.0044 0.0819 0.1209 6.3636
8.30 -0.900 -3.00 2.6564 0.0018 0.0035 0.0323 0.0978 3.2993
8.30 -0.900 -2.75 1.8894 0.0046 0.0038 0.0542 0.1273 4.8784
8.30 -0.900 -2.50 1.3859 0.0087 0.0044 0.0812 0.1599 6.3432
8.30 -0.775 -3.00 2.6354 0.0023 0.0035 0.0318 0.1289 3.2814
8.30 -0.775 -2.75 1.8821 0.0054 0.0038 0.0536 0.1679 4.8555
8.30 -0.775 -2.50 1.3811 0.0101 0.0044 0.0803 0.2111 6.3169
8.30 -0.650 -3.00 2.6220 0.0028 0.0035 0.0312 0.1689 3.2563
8.30 -0.650 -2.75 1.8720 0.0063 0.0038 0.0527 0.2206 4.8254
8.30 -0.650 -2.50 1.3732 0.0118 0.0044 0.0791 0.2779 6.2825
8.30 -0.525 -3.00 2.6198 0.0034 0.0035 0.0304 0.2201 3.2234
8.30 -0.525 -2.75 1.8632 0.0073 0.0038 0.0515 0.2886 4.7864
8.30 -0.525 -2.50 1.3626 0.0138 0.0043 0.0775 0.3642 6.2363
8.30 -0.400 -3.00 2.6060 0.0041 0.0034 0.0293 0.2846 3.1804
8.30 -0.400 -2.75 1.8579 0.0085 0.0038 0.0501 0.3751 4.7341
8.30 -0.400 -2.50 1.3499 0.0162 0.0043 0.0755 0.4747 6.1771
8.30 -0.275 -3.00 2.5773 0.0048 0.0034 0.0280 0.3645 3.1250
8.30 -0.275 -2.75 1.8346 0.0098 0.0038 0.0482 0.4837 4.6674
8.30 -0.275 -2.50 1.3380 0.0190 0.0043 0.0730 0.6146 6.1002
8.30 -0.150 -3.00 2.5370 0.0056 0.0034 0.0264 0.4616 3.0553
8.30 -0.150 -2.75 1.8039 0.0113 0.0038 0.0458 0.6169 4.5807
8.30 -0.150 -2.50 1.3201 0.0222 0.0043 0.0699 0.7886 6.0022
8.30 -0.025 -3.00 2.5075 0.0063 0.0034 0.0244 0.5740 2.9643
8.30 -0.025 -2.75 1.7826 0.0129 0.0038 0.0430 0.7772 4.4726
8.30 -0.025 -2.50 1.3024 0.0257 0.0043 0.0659 0.9995 5.8756
8.30 0.100 -3.00 2.4492 0.0071 0.0034 0.0220 0.7002 2.8525
8.30 0.100 -2.75 1.7332 0.0146 0.0038 0.0396 0.9629 4.3374
8.30 0.100 -2.50 1.2682 0.0292 0.0042 0.0613 1.2496 5.7200
8.30 0.225 -3.00 2.4016 0.0077 0.0034 0.0193 0.8326 2.7162
8.30 0.225 -2.75 1.6912 0.0163 0.0037 0.0356 1.1681 4.1709
8.30 0.225 -2.50 1.2338 0.0324 0.0042 0.0559 1.5353 5.5299
8.30 0.350 -3.00 2.3246 0.0083 0.0033 0.0164 0.9567 2.5498
8.30 0.350 -2.75 1.6357 0.0177 0.0037 0.0311 1.3789 3.9676
8.30 0.350 -2.50 1.1860 0.0349 0.0042 0.0497 1.8439 5.2974
8.30 0.475 -3.00 2.2504 0.0086 0.0033 0.0133 1.0556 2.3550
8.30 0.475 -2.75 1.5676 0.0187 0.0036 0.0263 1.5762 3.7270
8.30 0.475 -2.50 1.1341 0.0362 0.0041 0.0430 2.1576 5.0239
8.30 0.600 -3.00 2.1578 0.0087 0.0032 0.0103 1.1090 2.1328
8.30 0.600 -2.75 1.4852 0.0190 0.0036 0.0213 1.7338 3.4487
8.30 0.600 -2.50 1.0699 0.0361 0.0040 0.0359 2.4458 4.7062
8.40 -1.400 -3.00 2.4850 0.0000 0.0028 0.0223 0.0251 3.1694
8.40 -1.400 -2.75 1.7514 0.0019 0.0031 0.0377 0.0323 4.7540
8.40 -1.400 -2.50 1.2672 0.0042 0.0036 0.0569 0.0402 6.2482
8.40 -1.275 -3.00 2.4807 0.0000 0.0028 0.0222 0.0333 3.1630
8.40 -1.275 -2.75 1.7484 0.0023 0.0031 0.0375 0.0429 4.7460
8.40 -1.275 -2.50 1.2649 0.0048 0.0036 0.0567 0.0534 6.2399
8.40 -1.150 -3.00 2.4792 0.0000 0.0028 0.0220 0.0441 3.1533
8.40 -1.150 -2.75 1.7502 0.0028 0.0031 0.0373 0.0569 4.7357
8.40 -1.150 -2.50 1.2678 0.0054 0.0036 0.0564 0.0708 6.2288
8.40 -1.025 -3.00 2.4706 0.0012 0.0028 0.0218 0.0582 3.1415
8.40 -1.025 -2.75 1.7360 0.0033 0.0031 0.0370 0.0753 4.7229
8.40 -1.025 -2.50 1.2597 0.0061 0.0036 0.0560 0.0939 6.2144
8.40 -0.900 -3.00 2.4632 0.0015 0.0028 0.0215 0.0768 3.1262
8.40 -0.900 -2.75 1.7404 0.0039 0.0031 0.0367 0.0995 4.7051
8.40 -0.900 -2.50 1.2618 0.0069 0.0036 0.0555 0.1241 6.1942
8.40 -0.775 -3.00 2.4559 0.0019 0.0028 0.0211 0.1008 3.1055
8.40 -0.775 -2.75 1.7343 0.0045 0.0031 0.0361 0.1309 4.6812
8.40 -0.775 -2.50 1.2563 0.0077 0.0036 0.0548 0.1637 6.1677
8.40 -0.650 -3.00 2.4598 0.0024 0.0028 0.0206 0.1316 3.0785
8.40 -0.650 -2.75 1.7225 0.0051 0.0031 0.0355 0.1716 4.6491
8.40 -0.650 -2.50 1.2467 0.0087 0.0036 0.0540 0.2152 6.1338
8.40 -0.525 -3.00 2.4433 0.0029 0.0028 0.0200 0.1708 3.0432
8.40 -0.525 -2.75 1.7107 0.0058 0.0031 0.0346 0.2238 4.6078
8.40 -0.525 -2.50 1.2405 0.0098 0.0035 0.0529 0.2815 6.0882
8.40 -0.400 -3.00 2.4240 0.0034 0.0028 0.0192 0.2198 2.9979
8.40 -0.400 -2.75 1.6886 0.0065 0.0031 0.0335 0.2897 4.5538
8.40 -0.400 -2.50 1.2286 0.0111 0.0035 0.0514 0.3660 6.0272
8.40 -0.275 -3.00 2.3937 0.0039 0.0028 0.0182 0.2794 2.9384
8.40 -0.275 -2.75 1.6795 0.0073 0.0031 0.0321 0.3719 4.4848
8.40 -0.275 -2.50 1.2148 0.0126 0.0035 0.0496 0.4724 5.9505
8.40 -0.150 -3.00 2.3778 0.0045 0.0028 0.0170 0.3503 2.8633
8.40 -0.150 -2.75 1.6547 0.0082 0.0031 0.0304 0.4713 4.3951
8.40 -0.150 -2.50 1.1941 0.0142 0.0035 0.0473 0.6040 5.8532
8.40 -0.025 -3.00 2.3346 0.0050 0.0028 0.0155 0.4306 2.7676
8.40 -0.025 -2.75 1.6185 0.0091 0.0031 0.0283 0.5888 4.2828
8.40 -0.025 -2.50 1.1738 0.0160 0.0035 0.0445 0.7615 5.7259
8.40 0.100 -3.00 2.2999 0.0055 0.0028 0.0138 0.5164 2.6484
8.40 0.100 -2.75 1.5884 0.0100 0.0031 0.0258 0.7205 4.1405
8.40 0.100 -2.50 1.1404 0.0177 0.0035 0.0411 0.9455 5.5693
8.40 0.225 -3.00 2.2350 0.0059 0.0027 0.0119 0.6002 2.5029
8.40 0.225 -2.75 1.5509 0.0108 0.0030 0.0229 0.8604 3.9647
8.40 0.225 -2.50 1.1052 0.0192 0.0034 0.0372 1.1501 5.3732
8.40 0.350 -3.00 2.1923 0.0062 0.0027 0.0098 0.6708 2.3289
8.40 0.350 -2.75 1.5007 0.0114 0.0030 0.0197 0.9962 3.7521
8.40 0.350 -2.50 1.0707 0.0202 0.0034 0.0327 1.3641 5.1356
8.40 0.475 -3.00 2.1387 0.0064 0.0027 0.0077 0.7155 2.1271
8.40 0.475 -2.75 1.4474 0.0118 0.0030 0.0163 1.1105 3.4991
8.40 0.475 -2.50 1.0222 0.0207 0.0033 0.0279 1.5698 4.8519
8.40 0.600 -3.00 2.1027 0.0064 0.0026 0.0057 0.7203 1.8972
8.40 0.600 -2.75 1.3969 0.0118 0.0029 0.0129 1.1825 3.2056
8.40 0.600 -2.50 0.9752 0.0204 0.0032 0.0230 1.7424 4.5208
8.50 -1.400 -3.00 2.3462 0.0000 0.0019 0.0124 0.0174 2.7302
8.50 -1.400 -2.75 1.5924 0.0015 0.0021 0.0217 0.0226 4.2347
8.50 -1.400 -2.50 1.1331 0.0036 0.0024 0.0336 0.0281 5.7011
8.50 -1.275 -3.00 2.3426 0.0000 0.0019 0.0123 0.0231 2.7233
8.50 -1.275 -2.75 1.5907 0.0019 0.0021 0.0216 0.0300 4.2270
8.50 -1.275 -2.50 1.1325 0.0042 0.0024 0.0334 0.0373 5.6926
8.50 -1.150 -3.00 2.3427 0.0000 0.0019 0.0122 0.0305 2.7145
8.50 -1.150 -2.75 1.5869 0.0023 0.0021 0.0214 0.0397 4.2168
8.50 -1.150 -2.50 1.1390 0.0047 0.0024 0.0332 0.0495 5.6817
8.50 -1.025 -3.00 2.3378 0.0000 0.0019 0.0121 0.0403 2.7033
8.50 -1.025 -2.75 1.5906 0.0028 0.0021 0.0212 0.0525 4.2042
8.50 -1.025 -2.50 1.1370 0.0052 0.0024 0.0330 0.0655 5.6675
8.50 -0.900 -3.00 2.3310 0.0012 0.0019 0.0119 0.0529 2.6875
8.50 -0.900 -2.75 1.5860 0.0033 0.0021 0.0210 0.0692 4.1865
8.50 -0.900 -2.50 1.1326 0.0057 0.0024 0.0327 0.0865 5.6483
8.50 -0.775 -3.00 2.3235 0.0015 0.0019 0.0116 0.0692 2.6673
8.50 -0.775 -2.75 1.5776 0.0038 0.0021 0.0206 0.0909 4.1628
8.50 -0.775 -2.50 1.1195 0.0063 0.0024 0.0322 0.1139 5.6233
8.50 -0.650 -3.00 2.3126 0.0019 0.0019 0.0113 0.0901 2.6408
8.50 -0.650 -2.75 1.5769 0.0043 0.0021 0.0202 0.1189 4.1321
8.50 -0.650 -2.50 1.1210 0.0068 0.0024 0.0317 0.1494 5.5892
8.50 -0.525 -3.00 2.3017 0.0023 0.0019 0.0109 0.1161 2.6055
8.50 -0.525 -2.75 1.5647 0.0048 0.0021 0.0197 0.1543 4.0916
8.50 -0.525 -2.50 1.1129 0.0074 0.0023 0.0309 0.1948 5.5453
8.50 -0.400 -3.00 2.2980 0.0027 0.0019 0.0104 0.1483 2.5602
8.50 -0.400 -2.75 1.5583 0.0053 0.0021 0.0190 0.1987 4.0392
8.50 -0.400 -2.50 1.1063 0.0081 0.0023 0.0300 0.2525 5.4890
8.50 -0.275 -3.00 2.2794 0.0032 0.0019 0.0098 0.1867 2.5021
8.50 -0.275 -2.75 1.5324 0.0058 0.0021 0.0180 0.2529 3.9697
8.50 -0.275 -2.50 1.0885 0.0088 0.0023 0.0288 0.3243 5.4153
8.50 -0.150 -3.00 2.2563 0.0036 0.0018 0.0090 0.2309 2.4278
8.50 -0.150 -2.75 1.5275 0.0063 0.0020 0.0169 0.3176 3.8819
8.50 -0.150 -2.50 1.0702 0.0095 0.0023 0.0274 0.4117 5.3202
8.50 -0.025 -3.00 2.2328 0.0041 0.0018 0.0081 0.2790 2.3336
8.50 -0.025 -2.75 1.5035 0.0067 0.0020 0.0156 0.3912 3.7688
8.50 -0.025 -2.50 1.0557 0.0102 0.0023 0.0256 0.5148 5.1986
8.50 0.100 -3.00 2.2260 0.0044 0.0018 0.0071 0.3272 2.2176
8.50 0.100 -2.75 1.4826 0.0072 0.0020 0.0140 0.4714 3.6298
8.50 0.100 -2.50 1.0299 0.0109 0.0023 0.0234 0.6313 5.0437
8.50 0.225 -3.00 2.2070 0.0048 0.0018 0.0059 0.3698 2.0760
8.50 0.225 -2.75 1.4570 0.0076 0.0020 0.0122 0.5505 3.4541
8.50 0.225 -2.50 1.0122 0.0115 0.0023 0.0209 0.7563 4.8519
8.50 0.350 -3.00 2.1929 0.0050 0.0018 0.0048 0.3998 1.9093
8.50 0.350 -2.75 1.4239 0.0079 0.0020 0.0103 0.6208 3.2442
8.50 0.350 -2.50 0.9830 0.0118 0.0022 0.0181 0.8804 4.6171
8.50 0.475 -3.00 2.2005 0.0052 0.0018 0.0036 0.4090 1.7173
8.50 0.475 -2.75 1.4122 0.0080 0.0019 0.0083 0.6695 2.9932
8.50 0.475 -2.50 0.9626 0.0119 0.0022 0.0152 0.9892 4.3348
8.50 0.600 -3.00 2.2085 0.0052 0.0017 0.0026 0.3927 1.5044
8.50 0.600 -2.75 1.3964 0.0080 0.0019 0.0063 0.6876 2.7067
8.50 0.600 -2.50 0.9468 0.0116 0.0021 0.0122 1.0669 4.0037
8.60 -1.400 -3.00 2.3492 0.0000 0.0010 0.0060 0.0111 2.1425
8.60 -1.400 -2.75 1.5359 0.0011 0.0011 0.0110 0.0147 3.5000
8.60 -1.400 -2.50 1.0547 0.0029 0.0013 0.0176 0.0183 4.8883
8.60 -1.275 -3.00 2.3501 0.0000 0.0010 0.0059 0.0147 2.1363
8.60 -1.275 -2.75 1.5330 0.0014 0.0011 0.0109 0.0195 3.4924
8.60 -1.275 -2.50 1.0493 0.0035 0.0013 0.0175 0.0243 4.8803
8.60 -1.150 -3.00 2.3480 0.0000 0.0010 0.0059 0.0194 2.1288
8.60 -1.150 -2.75 1.5329 0.0017 0.0011 0.0108 0.0258 3.4823
8.60 -1.150 -2.50 1.0485 0.0040 0.0013 0.0173 0.0322 4.8697
8.60 -1.025 -3.00 2.3463 0.0000 0.0010 0.0058 0.0255 2.1182
8.60 -1.025 -2.75 1.5277 0.0021 0.0011 0.0107 0.0340 3.4698
8.60 -1.025 -2.50 1.0441 0.0045 0.0013 0.0172 0.0426 4.8558
8.60 -0.900 -3.00 2.3442 0.0000 0.0010 0.0057 0.0334 2.1029
8.60 -0.900 -2.75 1.5227 0.0026 0.0011 0.0106 0.0447 3.4524
8.60 -0.900 -2.50 1.0407 0.0050 0.0013 0.0170 0.0561 4.8374
8.60 -0.775 -3.00 2.3400 0.0011 0.0010 0.0055 0.0435 2.0833
8.60 -0.775 -2.75 1.5201 0.0031 0.0011 0.0104 0.0585 3.4297
8.60 -0.775 -2.50 1.0357 0.0054 0.0013 0.0167 0.0736 4.8131
8.60 -0.650 -3.00 2.3326 0.0013 0.0010 0.0054 0.0563 2.0585
8.60 -0.650 -2.75 1.5136 0.0035 0.0011 0.0101 0.0760 3.3995
8.60 -0.650 -2.50 1.0369 0.0059 0.0013 0.0164 0.0963 4.7815
8.60 -0.525 -3.00 2.3456 0.0017 0.0010 0.0051 0.0720 2.0261
8.60 -0.525 -2.75 1.5064 0.0040 0.0011 0.0098 0.0981 3.3602
8.60 -0.525 -2.50 1.0276 0.0063 0.0013 0.0160 0.1250 4.7390
8.60 -0.400 -3.00 2.3387 0.0021 0.0010 0.0048 0.0909 1.9830
8.60 -0.400 -2.75 1.5122 0.0045 0.0011 0.0093 0.1253 3.3089
8.60 -0.400 -2.50 1.0210 0.0067 0.0013 0.0154 0.1609 4.6834
8.60 -0.275 -3.00 2.3370 0.0025 0.0010 0.0045 0.1131 1.9299
8.60 -0.275 -2.75 1.5072 0.0049 0.0011 0.0088 0.1577 3.2419
8.60 -0.275 -2.50 1.0225 0.0071 0.0013 0.0147 0.2047 4.6106
8.60 -0.150 -3.00 2.3350 0.0029 0.0010 0.0041 0.1373 1.8604
8.60 -0.150 -2.75 1.4970 0.0053 0.0011 0.0082 0.1951 3.1560
8.60 -0.150 -2.50 1.0071 0.0075 0.0013 0.0138 0.2570 4.5184
8.60 -0.025 -3.00 2.3310 0.0033 0.0000 0.0036 0.1620 1.7733
8.60 -0.025 -2.75 1.4922 0.0057 0.0011 0.0074 0.2360 3.0479
8.60 -0.025 -2.50 1.0020 0.0079 0.0013 0.0127 0.3169 4.3990
8.60 0.100 -3.00 2.3458 0.0037 0.0000 0.0030 0.1846 1.6671
8.60 0.100 -2.75 1.4862 0.0060 0.0011 0.0065 0.2774 2.9118
8.60 0.100 -2.50 0.9942 0.0082 0.0012 0.0115 0.3819 4.2507
8.60 0.225 -3.00 2.3727 0.0040 0.0000 0.0025 0.2015 1.5404
8.60 0.225 -2.75 1.4856 0.0062 0.0011 0.0055 0.3147 2.7449
8.60 0.225 -2.50 0.9818 0.0084 0.0012 0.0101 0.4469 4.0620
8.60 0.350 -3.00 2.4015 0.0043 0.0000 0.0019 0.2081 1.3917
8.60 0.350 -2.75 1.4931 0.0064 0.0011 0.0045 0.3422 2.5443
8.60 0.350 -2.50 0.9814 0.0086 0.0012 0.0085 0.5054 3.8311
8.60 0.475 -3.00 2.4531 0.0045 0.0000 0.0014 0.2019 1.2252
8.60 0.475 -2.75 1.5080 0.0065 0.0010 0.0035 0.3533 2.3086
8.60 0.475 -2.50 0.9883 0.0086 0.0012 0.0069 0.5485 3.5533
8.60 0.600 -3.00 2.5328 0.0047 0.0000 0.0000 0.1819 1.0448
8.60 0.600 -2.75 1.5436 0.0066 0.0010 0.0025 0.3434 2.0402
8.60 0.600 -2.50 0.9915 0.0084 0.0011 0.0053 0.5672 3.2269
8.70 -1.400 -3.00 2.6104 0.0000 0.0000 0.0026 0.0063 1.5986
8.70 -1.400 -2.75 1.6288 0.0000 0.0000 0.0050 0.0088 2.7666
8.70 -1.400 -2.50 1.0612 0.0024 0.0000 0.0084 0.0113 4.0327
8.70 -1.275 -3.00 2.6100 0.0000 0.0000 0.0025 0.0084 1.5935
8.70 -1.275 -2.75 1.6197 0.0010 0.0000 0.0050 0.0117 2.7596
8.70 -1.275 -2.50 1.0613 0.0028 0.0000 0.0084 0.0149 4.0254
8.70 -1.150 -3.00 2.6209 0.0000 0.0000 0.0025 0.0110 1.5860
8.70 -1.150 -2.75 1.6188 0.0013 0.0000 0.0049 0.0154 2.7503
8.70 -1.150 -2.50 1.0591 0.0034 0.0000 0.0083 0.0197 4.0154
8.70 -1.025 -3.00 2.6295 0.0000 0.0000 0.0025 0.0145 1.5761
8.70 -1.025 -2.75 1.6175 0.0016 0.0000 0.0049 0.0202 2.7384
8.70 -1.025 -2.50 1.0574 0.0039 0.0000 0.0082 0.0260 4.0013
8.70 -0.900 -3.00 2.6267 0.0000 0.0000 0.0024 0.0188 1.5623
8.70 -0.900 -2.75 1.6171 0.0020 0.0000 0.0048 0.0265 2.7224
8.70 -0.900 -2.50 1.0554 0.0044 0.0000 0.0081 0.0342 3.9852
8.70 -0.775 -3.00 2.6318 0.0000 0.0000 0.0023 0.0244 1.5450
8.70 -0.775 -2.75 1.6321 0.0025 0.0000 0.0047 0.0345 2.7002
8.70 -0.775 -2.50 1.0545 0.0049 0.0000 0.0080 0.0446 3.9600
8.70 -0.650 -3.00 2.6304 0.0000 0.0000 0.0022 0.0313 1.5227
8.70 -0.650 -2.75 1.6329 0.0029 0.0000 0.0046 0.0446 2.6724
8.70 -0.650 -2.50 1.0630 0.0053 0.0000 0.0078 0.0581 3.9292
8.70 -0.525 -3.00 2.6342 0.0013 0.0000 0.0021 0.0397 1.4934
8.70 -0.525 -2.75 1.6326 0.0034 0.0000 0.0044 0.0572 2.6352
8.70 -0.525 -2.50 1.0596 0.0057 0.0000 0.0075 0.0749 3.8886
8.70 -0.400 -3.00 2.6472 0.0016 0.0000 0.0020 0.0495 1.4556
8.70 -0.400 -2.75 1.6377 0.0039 0.0000 0.0041 0.0723 2.5868
8.70 -0.400 -2.50 1.0534 0.0061 0.0000 0.0072 0.0956 3.8349
8.70 -0.275 -3.00 2.6750 0.0019 0.0000 0.0018 0.0606 1.4088
8.70 -0.275 -2.75 1.6359 0.0043 0.0000 0.0039 0.0899 2.5248
8.70 -0.275 -2.50 1.0538 0.0064 0.0000 0.0068 0.1204 3.7655
8.70 -0.150 -3.00 2.6849 0.0023 0.0000 0.0016 0.0721 1.3475
8.70 -0.150 -2.75 1.6480 0.0047 0.0000 0.0035 0.1093 2.4443
8.70 -0.150 -2.50 1.0500 0.0068 0.0000 0.0063 0.1492 3.6757
8.70 -0.025 -3.00 2.7035 0.0027 0.0000 0.0014 0.0830 1.2724
8.70 -0.025 -2.75 1.6498 0.0051 0.0000 0.0031 0.1295 2.3434
8.70 -0.025 -2.50 1.0574 0.0070 0.0000 0.0058 0.1807 3.5609
8.70 0.100 -3.00 2.7540 0.0031 0.0000 0.0011 0.0918 1.1825
8.70 0.100 -2.75 1.6671 0.0054 0.0000 0.0027 0.1481 2.2170
8.70 0.100 -2.50 1.0697 0.0073 0.0000 0.0051 0.2129 3.4161
8.70 0.225 -3.00 2.8140 0.0035 0.0000 0.0000 0.0964 1.0752
8.70 0.225 -2.75 1.7003 0.0056 0.0000 0.0022 0.1625 2.0643
8.70 0.225 -2.50 1.0792 0.0074 0.0000 0.0044 0.2425 3.2348
8.70 0.350 -3.00 2.8871 0.0038 0.0000 0.0000 0.0950 0.9523
8.70 0.350 -2.75 1.7243 0.0058 0.0000 0.0017 0.1694 1.8814
8.70 0.350 -2.50 1.0941 0.0076 0.0000 0.0036 0.2647 3.0128
8.70 0.475 -3.00 3.0097 0.0040 0.0000 0.0000 0.0873 0.8183
8.70 0.475 -2.75 1.7949 0.0060 0.0000 0.0013 0.1664 1.6706
8.70 0.475 -2.50 1.1127 0.0076 0.0000 0.0028 0.2750 2.7464
8.70 0.600 -3.00 3.1492 0.0042 0.0000 0.0000 0.0740 0.6777
8.70 0.600 -2.75 1.8738 0.0060 0.0000 0.0000 0.1526 1.4351
8.70 0.600 -2.50 1.1539 0.0075 0.0000 0.0020 0.2706 2.4380
8.80 -1.400 -3.25 5.6521 0.0000 0.0000 0.0000 0.0016 0.4384
8.80 -1.400 -3.00 3.1715 0.0000 0.0000 0.0000 0.0031 1.0699
8.80 -1.400 -2.75 1.9050 0.0000 0.0000 0.0020 0.0047 1.9962
8.80 -1.275 -3.25 5.7080 0.0000 0.0000 0.0000 0.0021 0.4357
8.80 -1.275 -3.00 3.1736 0.0000 0.0000 0.0000 0.0041 1.0646
8.80 -1.275 -2.75 1.9010 0.0000 0.0000 0.0020 0.0063 1.9898
8.80 -1.150 -3.25 5.7143 0.0000 0.0000 0.0000 0.0028 0.4325
8.80 -1.150 -3.00 3.1922 0.0000 0.0000 0.0000 0.0054 1.0579
8.80 -1.150 -2.75 1.9011 0.0000 0.0000 0.0019 0.0082 1.9815
8.80 -1.025 -3.25 5.7247 0.0000 0.0000 0.0000 0.0036 0.4284
8.80 -1.025 -3.00 3.2031 0.0000 0.0000 0.0000 0.0070 1.0495
8.80 -1.025 -2.75 1.9030 0.0000 0.0000 0.0019 0.0108 1.9700
8.80 -0.900 -3.25 5.7202 0.0000 0.0000 0.0000 0.0047 0.4223
8.80 -0.900 -3.00 3.2086 0.0000 0.0000 0.0000 0.0091 1.0387
8.80 -0.900 -2.75 1.9071 0.0012 0.0000 0.0019 0.0141 1.9548
8.80 -0.775 -3.25 5.7337 0.0000 0.0000 0.0000 0.0060 0.4150
8.80 -0.775 -3.00 3.2114 0.0000 0.0000 0.0000 0.0117 1.0244
8.80 -0.775 -2.75 1.9097 0.0016 0.0000 0.0018 0.0182 1.9348
8.80 -0.650 -3.25 5.8061 0.0000 0.0000 0.0000 0.0076 0.4051
8.80 -0.650 -3.00 3.2494 0.0000 0.0000 0.0000 0.0149 1.0062
8.80 -0.650 -2.75 1.9270 0.0019 0.0000 0.0018 0.0233 1.9088
8.80 -0.525 -3.25 5.8318 0.0000 0.0000 0.0000 0.0094 0.3929
8.80 -0.525 -3.00 3.2431 0.0000 0.0000 0.0000 0.0186 0.9815
8.80 -0.525 -2.75 1.9283 0.0024 0.0000 0.0017 0.0295 1.8747
8.80 -0.400 -3.25 5.8638 0.0000 0.0000 0.0000 0.0114 0.3767
8.80 -0.400 -3.00 3.2849 0.0000 0.0000 0.0000 0.0229 0.9505
8.80 -0.400 -2.75 1.9513 0.0028 0.0000 0.0016 0.0368 1.8304
8.80 -0.275 -3.25 5.9256 0.0000 0.0000 0.0000 0.0134 0.3575
8.80 -0.275 -3.00 3.3015 0.0011 0.0000 0.0000 0.0274 0.9112
8.80 -0.275 -2.75 1.9722 0.0033 0.0000 0.0014 0.0449 1.7735
8.80 -0.150 -3.25 6.0351 0.0000 0.0000 0.0000 0.0152 0.3335
8.80 -0.150 -3.00 3.3682 0.0014 0.0000 0.0000 0.0318 0.8622
8.80 -0.150 -2.75 1.9833 0.0038 0.0000 0.0013 0.0533 1.7016
8.80 -0.025 -3.25 6.1868 0.0000 0.0000 0.0000 0.0164 0.3053
8.80 -0.025 -3.00 3.4072 0.0017 0.0000 0.0000 0.0354 0.8021
8.80 -0.025 -2.75 2.0260 0.0042 0.0000 0.0011 0.0613 1.6115
8.80 0.100 -3.25 6.3470 0.0000 0.0000 0.0000 0.0169 0.2731
8.80 0.100 -3.00 3.4954 0.0021 0.0000 0.0000 0.0376 0.7317
8.80 0.100 -2.75 2.0603 0.0046 0.0000 0.0000 0.0676 1.5005
8.80 0.225 -3.25 6.5500 0.0000 0.0000 0.0000 0.0163 0.2380
8.80 0.225 -3.00 3.6193 0.0024 0.0000 0.0000 0.0376 0.6507
8.80 0.225 -2.75 2.1326 0.0049 0.0000 0.0000 0.0707 1.3676
8.80 0.350 -3.25 6.7738 0.0000 0.0000 0.0000 0.0145 0.2015
8.80 0.350 -3.00 3.7868 0.0028 0.0000 0.0000 0.0350 0.5610
8.80 0.350 -2.75 2.2249 0.0052 0.0000 0.0000 0.0697 1.2141
8.80 0.475 -3.25 7.1113 0.0000 0.0000 0.0000 0.0120 0.1646
8.80 0.475 -3.00 4.0003 0.0031 0.0000 0.0000 0.0302 0.4668
8.80 0.475 -2.75 2.3509 0.0054 0.0000 0.0000 0.0641 1.0423
8.80 0.600 -3.25 7.5994 0.0011 0.0000 0.0000 0.0091 0.1297
8.80 0.600 -3.00 4.3171 0.0033 0.0000 0.0000 0.0240 0.3732
8.80 0.600 -2.75 2.5455 0.0055 0.0000 0.0000 0.0547 0.8601
8.90 -1.400 -3.25 7.8221 0.0000 0.0000 0.0000 0.0000 0.1997
8.90 -1.400 -3.00 4.2637 0.0000 0.0000 0.0000 0.0011 0.5772
8.90 -1.400 -2.75 2.4709 0.0000 0.0000 0.0000 0.0020 1.2110
8.90 -1.275 -3.25 7.8299 0.0000 0.0000 0.0000 0.0000 0.1983
8.90 -1.275 -3.00 4.2665 0.0000 0.0000 0.0000 0.0014 0.5739
8.90 -1.275 -2.75 2.4780 0.0000 0.0000 0.0000 0.0026 1.2062
8.90 -1.150 -3.25 7.8406 0.0000 0.0000 0.0000 0.0000 0.1965
8.90 -1.150 -3.00 4.2746 0.0000 0.0000 0.0000 0.0019 0.5696
8.90 -1.150 -2.75 2.4817 0.0000 0.0000 0.0000 0.0034 1.1987
8.90 -1.025 -3.25 7.8543 0.0000 0.0000 0.0000 0.0000 0.1941
8.90 -1.025 -3.00 4.2797 0.0000 0.0000 0.0000 0.0024 0.5639
8.90 -1.025 -2.75 2.4770 0.0000 0.0000 0.0000 0.0045 1.1895
8.90 -0.900 -3.25 7.8613 0.0000 0.0000 0.0000 0.0012 0.1909
8.90 -0.900 -3.00 4.2879 0.0000 0.0000 0.0000 0.0031 0.5565
8.90 -0.900 -2.75 2.4794 0.0000 0.0000 0.0000 0.0058 1.1777
8.90 -0.775 -3.25 7.8942 0.0000 0.0000 0.0000 0.0015 0.1869
8.90 -0.775 -3.00 4.2989 0.0000 0.0000 0.0000 0.0040 0.5467
8.90 -0.775 -2.75 2.4976 0.0000 0.0000 0.0000 0.0075 1.1618
8.90 -0.650 -3.25 7.9492 0.0000 0.0000 0.0000 0.0019 0.1817
8.90 -0.650 -3.00 4.3315 0.0000 0.0000 0.0000 0.0050 0.5340
8.90 -0.650 -2.75 2.5222 0.0010 0.0000 0.0000 0.0094 1.1409
8.90 -0.525 -3.25 8.0519 0.0000 0.0000 0.0000 0.0023 0.1751
8.90 -0.525 -3.00 4.3623 0.0000 0.0000 0.0000 0.0061 0.5176
8.90 -0.525 -2.75 2.5477 0.0013 0.0000 0.0000 0.0118 1.1136
8.90 -0.400 -3.25 8.1046 0.0000 0.0000 0.0000 0.0027 0.1670
8.90 -0.400 -3.00 4.4329 0.0000 0.0000 0.0000 0.0074 0.4970
8.90 -0.400 -2.75 2.5556 0.0017 0.0000 0.0000 0.0144 1.0793
8.90 -0.275 -3.25 8.2321 0.0000 0.0000 0.0000 0.0031 0.1570
8.90 -0.275 -3.00 4.5094 0.0000 0.0000 0.0000 0.0087 0.4714
8.90 -0.275 -2.75 2.5908 0.0020 0.0000 0.0000 0.0172 1.0354
8.90 -0.150 -3.25 8.3337 0.0000 0.0000 0.0000 0.0035 0.1452
8.90 -0.150 -3.00 4.5753 0.0000 0.0000 0.0000 0.0098 0.4400
8.90 -0.150 -2.75 2.6611 0.0025 0.0000 0.0000 0.0199 0.9804
8.90 -0.025 -3.25 8.5443 0.0000 0.0000 0.0000 0.0037 0.1314
8.90 -0.025 -3.00 4.7065 0.0000 0.0000 0.0000 0.0106 0.4030
8.90 -0.025 -2.75 2.7340 0.0029 0.0000 0.0000 0.0220 0.9127
8.90 0.100 -3.25 8.7467 0.0000 0.0000 0.0000 0.0037 0.1162
8.90 0.100 -3.00 4.8868 0.0011 0.0000 0.0000 0.0108 0.3598
8.90 0.100 -2.75 2.8161 0.0034 0.0000 0.0000 0.0232 0.8319
8.90 0.225 -3.25 9.0514 0.0000 0.0000 0.0000 0.0035 0.1001
8.90 0.225 -3.00 5.0775 0.0014 0.0000 0.0000 0.0103 0.3124
8.90 0.225 -2.75 2.9596 0.0038 0.0000 0.0000 0.0231 0.7378
8.90 0.350 -3.25 9.3321 0.0000 0.0000 0.0000 0.0030 0.0836
8.90 0.350 -3.00 5.3309 0.0016 0.0000 0.0000 0.0091 0.2620
8.90 0.350 -2.75 3.1610 0.0041 0.0000 0.0000 0.0215 0.6333
8.90 0.475 -3.25 9.8105 0.0000 0.0000 0.0000 0.0025 0.0675
8.90 0.475 -3.00 5.7051 0.0018 0.0000 0.0000 0.0075 0.2115
8.90 0.475 -2.75 3.4086 0.0044 0.0000 0.0000 0.0185 0.5227
8.90 0.600 -3.25 10.3087 0.0000 0.0000 0.0000 0.0019 0.0527
8.90 0.600 -3.00 6.1678 0.0021 0.0000 0.0000 0.0057 0.1640
8.90 0.600 -2.75 3.7184 0.0046 0.0000 0.0000 0.0148 0.4118
9.00 -1.400 -3.25 10.4084 0.0000 0.0000 0.0000 0.0000 0.0650
9.00 -1.400 -3.00 5.7327 0.0000 0.0000 0.0000 0.0000 0.2400
9.00 -1.400 -2.75 3.2450 0.0000 0.0000 0.0000 0.0000 0.5952
9.00 -1.275 -3.25 10.4155 0.0000 0.0000 0.0000 0.0000 0.0645
9.00 -1.275 -3.00 5.7873 0.0000 0.0000 0.0000 0.0000 0.2383
9.00 -1.275 -2.75 3.2459 0.0000 0.0000 0.0000 0.0000 0.5915
9.00 -1.150 -3.25 10.4252 0.0000 0.0000 0.0000 0.0000 0.0639
9.00 -1.150 -3.00 5.7955 0.0000 0.0000 0.0000 0.0000 0.2360
9.00 -1.150 -2.75 3.2593 0.0000 0.0000 0.0000 0.0011 0.5869
9.00 -1.025 -3.25 10.4395 0.0000 0.0000 0.0000 0.0000 0.0631
9.00 -1.025 -3.00 5.8132 0.0000 0.0000 0.0000 0.0000 0.2330
9.00 -1.025 -2.75 3.2903 0.0000 0.0000 0.0000 0.0015 0.5811
9.00 -0.900 -3.25 10.4833 0.0000 0.0000 0.0000 0.0000 0.0620
9.00 -0.900 -3.00 5.8272 0.0000 0.0000 0.0000 0.0000 0.2290
9.00 -0.900 -2.75 3.3039 0.0000 0.0000 0.0000 0.0019 0.5729
9.00 -0.775 -3.25 10.5758 0.0000 0.0000 0.0000 0.0000 0.0605
9.00 -0.775 -3.00 5.8456 0.0000 0.0000 0.0000 0.0000 0.2240
9.00 -0.775 -2.75 3.3190 0.0000 0.0000 0.0000 0.0024 0.5627
9.00 -0.650 -3.25 10.6031 0.0000 0.0000 0.0000 0.0000 0.0587
9.00 -0.650 -3.00 5.9234 0.0000 0.0000 0.0000 0.0012 0.2175
9.00 -0.650 -2.75 3.3308 0.0000 0.0000 0.0000 0.0030 0.5492
9.00 -0.525 -3.25 10.6431 0.0000 0.0000 0.0000 0.0000 0.0565
9.00 -0.525 -3.00 5.9893 0.0000 0.0000 0.0000 0.0015 0.2094
9.00 -0.525 -2.75 3.3761 0.0000 0.0000 0.0000 0.0037 0.5320
9.00 -0.400 -3.25 10.7126 0.0000 0.0000 0.0000 0.0000 0.0537
9.00 -0.400 -3.00 6.0284 0.0000 0.0000 0.0000 0.0017 0.1992
9.00 -0.400 -2.75 3.4130 0.0000 0.0000 0.0000 0.0044 0.5100
9.00 -0.275 -3.25 10.8683 0.0000 0.0000 0.0000 0.0000 0.0503
9.00 -0.275 -3.00 6.1296 0.0000 0.0000 0.0000 0.0020 0.1869
9.00 -0.275 -2.75 3.4775 0.0010 0.0000 0.0000 0.0052 0.4825
9.00 -0.150 -3.25 10.9788 0.0000 0.0000 0.0000 0.0000 0.0463
9.00 -0.150 -3.00 6.2705 0.0000 0.0000 0.0000 0.0022 0.1721
9.00 -0.150 -2.75 3.5829 0.0013 0.0000 0.0000 0.0058 0.4492
9.00 -0.025 -3.25 11.2275 0.0000 0.0000 0.0000 0.0000 0.0418
9.00 -0.025 -3.00 6.3774 0.0000 0.0000 0.0000 0.0023 0.1549
9.00 -0.025 -2.75 3.6903 0.0015 0.0000 0.0000 0.0062 0.4091
9.00 0.100 -3.25 11.4317 0.0000 0.0000 0.0000 0.0000 0.0369
9.00 0.100 -3.00 6.6224 0.0000 0.0000 0.0000 0.0023 0.1358
9.00 0.100 -2.75 3.8470 0.0019 0.0000 0.0000 0.0062 0.3629
9.00 0.225 -3.25 11.6805 0.0000 0.0000 0.0000 0.0000 0.0317
9.00 0.225 -3.00 6.8875 0.0000 0.0000 0.0000 0.0021 0.1153
9.00 0.225 -2.75 4.0395 0.0022 0.0000 0.0000 0.0059 0.3116
9.00 0.350 -3.25 12.0721 0.0000 0.0000 0.0000 0.0000 0.0264
9.00 0.350 -3.00 7.2139 0.0000 0.0000 0.0000 0.0018 0.0945
9.00 0.350 -2.75 4.2391 0.0025 0.0000 0.0000 0.0052 0.2578
9.00 0.475 -3.25 12.4479 0.0000 0.0000 0.0000 0.0000 0.0214
9.00 0.475 -3.00 7.6042 0.0000 0.0000 0.0000 0.0015 0.0742
9.00 0.475 -2.75 4.5091 0.0028 0.0000 0.0000 0.0043 0.2041
9.00 0.600 -3.25 13.0533 0.0000 0.0000 0.0000 0.0000 0.0168
9.00 0.600 -3.00 8.0847 0.0000 0.0000 0.0000 0.0011 0.0560
9.00 0.600 -2.75 4.7604 0.0030 0.0000 0.0000 0.0033 0.1538
9.10 -1.400 -3.25 13.6418 0.0000 0.0000 0.0000 0.0000 0.0132
9.10 -1.400 -3.00 7.9527 0.0000 0.0000 0.0000 0.0000 0.0665
9.10 -1.400 -2.75 4.3884 0.0000 0.0000 0.0000 0.0000 0.2135
9.10 -1.275 -3.25 13.6345 0.0000 0.0000 0.0000 0.0000 0.0131
9.10 -1.275 -3.00 7.9548 0.0000 0.0000 0.0000 0.0000 0.0660
9.10 -1.275 -2.75 4.3956 0.0000 0.0000 0.0000 0.0000 0.2119
9.10 -1.150 -3.25 13.6370 0.0000 0.0000 0.0000 0.0000 0.0130
9.10 -1.150 -3.00 7.9621 0.0000 0.0000 0.0000 0.0000 0.0654
9.10 -1.150 -2.75 4.4430 0.0000 0.0000 0.0000 0.0000 0.2097
9.10 -1.025 -3.25 13.6388 0.0000 0.0000 0.0000 0.0000 0.0128
9.10 -1.025 -3.00 7.9730 0.0000 0.0000 0.0000 0.0000 0.0645
9.10 -1.025 -2.75 4.4513 0.0000 0.0000 0.0000 0.0000 0.2069
9.10 -0.900 -3.25 13.7053 0.0000 0.0000 0.0000 0.0000 0.0127
9.10 -0.900 -3.00 8.0547 0.0000 0.0000 0.0000 0.0000 0.0633
9.10 -0.900 -2.75 4.4642 0.0000 0.0000 0.0000 0.0000 0.2034
9.10 -0.775 -3.25 13.7089 0.0000 0.0000 0.0000 0.0000 0.0124
9.10 -0.775 -3.00 8.0656 0.0000 0.0000 0.0000 0.0000 0.0618
9.10 -0.775 -2.75 4.4785 0.0000 0.0000 0.0000 0.0000 0.1988
9.10 -0.650 -3.25 13.7926 0.0000 0.0000 0.0000 0.0000 0.0121
9.10 -0.650 -3.00 8.0882 0.0000 0.0000 0.0000 0.0000 0.0599
9.10 -0.650 -2.75 4.5407 0.0000 0.0000 0.0000 0.0000 0.1930
9.10 -0.525 -3.25 13.7986 0.0000 0.0000 0.0000 0.0000 0.0117
9.10 -0.525 -3.00 8.1894 0.0000 0.0000 0.0000 0.0000 0.0575
9.10 -0.525 -2.75 4.5693 0.0000 0.0000 0.0000 0.0000 0.1854
9.10 -0.400 -3.25 13.8945 0.0000 0.0000 0.0000 0.0000 0.0112
9.10 -0.400 -3.00 8.2236 0.0000 0.0000 0.0000 0.0000 0.0545
9.10 -0.400 -2.75 4.6538 0.0000 0.0000 0.0000 0.0000 0.1761
9.10 -0.275 -3.25 14.0237 0.0000 0.0000 0.0000 0.0000 0.0107
9.10 -0.275 -3.00 8.3755 0.0000 0.0000 0.0000 0.0000 0.0508
9.10 -0.275 -2.75 4.7379 0.0000 0.0000 0.0000 0.0000 0.1645
9.10 -0.150 -3.25 14.2145 0.0000 0.0000 0.0000 0.0000 0.0099
9.10 -0.150 -3.00 8.5086 0.0000 0.0000 0.0000 0.0000 0.0464
9.10 -0.150 -2.75 4.8549 0.0000 0.0000 0.0000 0.0011 0.1507
9.10 -0.025 -3.25 14.3585 0.0000 0.0000 0.0000 0.0000 0.0091
9.10 -0.025 -3.00 8.6565 0.0000 0.0000 0.0000 0.0000 0.0414
9.10 -0.025 -2.75 5.0005 0.0000 0.0000 0.0000 0.0011 0.1348
9.10 0.100 -3.25 22.6050 0.0000 0.0000 0.0000 0.0000 0.0147
9.10 0.100 -3.00 8.8521 0.0000 0.0000 0.0000 0.0000 0.0359
9.10 0.100 -2.75 5.1064 0.0000 0.0000 0.0000 0.0011 0.1162
9.10 0.225 -3.25 23.7013 0.0000 0.0000 0.0000 0.0000 0.0141
9.10 0.225 -3.00 9.1926 0.0000 0.0000 0.0000 0.0000 0.0302
9.10 0.225 -2.75 5.3208 0.0011 0.0000 0.0000 0.0010 0.0960
9.10 0.350 -3.25 24.2525 0.0000 0.0000 0.0000 0.0000 0.0144
9.10 0.350 -3.00 9.6046 0.0000 0.0000 0.0000 0.0000 0.0246
9.10 0.350 -2.75 5.5597 0.0013 0.0000 0.0000 0.0000 0.0764
9.10 0.475 -3.25 24.6579 0.0000 0.0000 0.0000 0.0000 0.0135
9.10 0.475 -3.00 9.8392 0.0000 0.0000 0.0000 0.0000 0.0195
9.10 0.475 -2.75 5.7519 0.0014 0.0000 0.0000 0.0000 0.0581
9.10 0.600 -3.25 25.0801 0.0000 0.0000 0.0000 0.0000 0.0121
9.10 0.600 -3.00 20.8533 0.0000 0.0000 0.0000 0.0000 0.0250
9.10 0.600 -2.75 5.9811 0.0016 0.0000 0.0000 0.0000 0.0423
