#Cloudy 17.00 models results grids
# O/H: 6.9 - 9.1, log C/O: -1.4 - 0.6, log U: -4.0 - -1.5 (O/H vs. log U and vs N/O empirically constrained)
# SED: POPSTAR, Chabrier IMF, age = 1 Myr
# Plane-parallel geometry
#
#12+log(O/H) log(C/O) log(U) Lya_1216 CIV_1549 HeII_1640 OIII_1665 CIII_1909 OIII_5007
6.90 -1.150 -2.50 2.1197 0.0065 0.0067 0.0499 0.0331 0.7318
6.90 -1.150 -2.25 1.5749 0.0165 0.0088 0.0763 0.0455 0.9022
6.90 -1.150 -2.00 1.2031 0.0362 0.0121 0.1112 0.0595 1.0697
6.90 -1.025 -2.50 2.1190 0.0085 0.0067 0.0499 0.0441 0.7316
6.90 -1.025 -2.25 1.5754 0.0212 0.0088 0.0762 0.0606 0.9016
6.90 -1.025 -2.00 1.2024 0.0466 0.0121 0.1110 0.0792 1.0691
6.90 -0.900 -2.50 2.1194 0.0111 0.0067 0.0498 0.0588 0.7312
6.90 -0.900 -2.25 1.5748 0.0274 0.0088 0.0760 0.0807 0.9011
6.90 -0.900 -2.00 1.2024 0.0602 0.0121 0.1107 0.1054 1.0683
7.00 -1.150 -2.50 2.1111 0.0079 0.0066 0.0611 0.0407 0.9122
7.00 -1.150 -2.25 1.5709 0.0196 0.0087 0.0931 0.0558 1.1235
7.00 -1.150 -2.00 1.1991 0.0429 0.0120 0.1352 0.0727 1.3311
7.00 -0.900 -2.50 2.1106 0.0133 0.0066 0.0610 0.0722 0.9113
7.00 -0.900 -2.25 1.5651 0.0325 0.0087 0.0927 0.0990 1.1220
7.00 -0.900 -2.00 1.2003 0.0714 0.0119 0.1344 0.1286 1.3285
7.20 -1.150 -2.50 2.0834 0.0110 0.0065 0.0887 0.0598 1.4008
7.20 -1.150 -2.25 1.5587 0.0268 0.0085 0.1337 0.0814 1.7206
7.20 -1.150 -2.00 1.1949 0.0582 0.0117 0.1919 0.1048 2.0319
7.20 -1.025 -2.50 2.0837 0.0142 0.0065 0.0885 0.0797 1.3999
7.20 -1.025 -2.25 1.5583 0.0344 0.0085 0.1334 0.1083 1.7191
7.20 -1.025 -2.00 1.1953 0.0750 0.0117 0.1911 0.1393 2.0293
7.20 -0.900 -2.50 2.0827 0.0183 0.0065 0.0883 0.1060 1.3986
7.20 -0.900 -2.25 1.5583 0.0443 0.0085 0.1329 0.1440 1.7169
7.20 -0.900 -2.00 1.1943 0.0968 0.0117 0.1901 0.1849 2.0256
7.30 -1.150 -2.50 2.0711 0.0126 0.0064 0.1043 0.0711 1.7205
7.30 -1.150 -2.25 1.5461 0.0304 0.0084 0.1561 0.0961 2.1094
7.30 -1.150 -2.00 1.1852 0.0655 0.0115 0.2222 0.1230 2.4850
7.30 -1.025 -2.50 2.0708 0.0163 0.0064 0.1040 0.0946 1.7190
7.30 -1.025 -2.25 1.5455 0.0389 0.0084 0.1556 0.1278 2.1069
7.30 -1.025 -2.00 1.1845 0.0844 0.0115 0.2212 0.1634 2.4810
7.30 -0.900 -2.50 2.0703 0.0208 0.0064 0.1037 0.1258 1.7171
7.30 -0.900 -2.25 1.5444 0.0500 0.0084 0.1549 0.1698 2.1037
7.30 -0.900 -2.00 1.1848 0.1088 0.0115 0.2198 0.2167 2.4757
7.50 -1.150 -2.50 2.0113 0.0156 0.0063 0.1358 0.0954 2.5377
7.50 -1.150 -2.25 1.5080 0.0365 0.0082 0.1998 0.1268 3.0945
7.50 -1.150 -2.00 1.1609 0.0777 0.0112 0.2792 0.1599 3.6247
7.50 -1.025 -2.50 2.0106 0.0199 0.0063 0.1353 0.1268 2.5345
7.50 -1.025 -2.25 1.5074 0.0466 0.0082 0.1988 0.1684 3.0893
7.50 -1.025 -2.00 1.1610 0.0997 0.0112 0.2774 0.2120 3.6164
7.50 -0.900 -2.50 2.0105 0.0253 0.0063 0.1347 0.1684 2.5301
7.50 -0.900 -2.25 1.5065 0.0597 0.0082 0.1976 0.2234 3.0823
7.50 -0.900 -2.00 1.1564 0.1279 0.0112 0.2751 0.2806 3.6056
7.60 -1.150 -2.50 1.9676 0.0167 0.0062 0.1487 0.1068 3.0349
7.60 -1.150 -2.25 1.4878 0.0383 0.0081 0.2167 0.1404 3.6869
7.60 -1.150 -2.00 1.1369 0.0808 0.0110 0.2998 0.1754 4.3042
7.60 -1.025 -2.50 1.9667 0.0211 0.0062 0.1480 0.1419 3.0301
7.60 -1.025 -2.25 1.4857 0.0488 0.0080 0.2155 0.1863 3.6794
7.60 -1.025 -2.00 1.1432 0.1033 0.0109 0.2976 0.2324 4.2930
7.60 -0.900 -2.50 1.9636 0.0268 0.0062 0.1472 0.1883 3.0239
7.60 -0.900 -2.25 1.4848 0.0622 0.0080 0.2139 0.2469 3.6697
7.60 -0.900 -2.00 1.1378 0.1320 0.0109 0.2948 0.3073 4.2780
7.70 -1.150 -2.50 1.9280 0.0172 0.0060 0.1560 0.1156 3.5731
7.70 -1.150 -2.25 1.4506 0.0385 0.0079 0.2254 0.1501 4.3231
7.70 -1.150 -2.00 1.1176 0.0803 0.0107 0.3093 0.1857 5.0290
7.70 -1.025 -2.50 1.9217 0.0216 0.0060 0.1553 0.1535 3.5665
7.70 -1.025 -2.25 1.4497 0.0488 0.0079 0.2240 0.1991 4.3132
7.70 -1.025 -2.00 1.1173 0.1021 0.0107 0.3068 0.2460 5.0140
7.70 -0.900 -2.50 1.9198 0.0272 0.0060 0.1542 0.2035 3.5578
7.70 -0.900 -2.25 1.4492 0.0620 0.0079 0.2222 0.2637 4.3001
7.70 -0.900 -2.00 1.1158 0.1298 0.0107 0.3036 0.3250 4.9944
7.80 -1.150 -2.50 1.8649 0.0169 0.0059 0.1570 0.1209 4.1348
7.80 -1.150 -2.25 1.4102 0.0371 0.0077 0.2242 0.1551 4.9856
7.80 -1.150 -2.00 1.0850 0.0761 0.0104 0.3060 0.1900 5.7773
7.80 -1.025 -2.50 1.8635 0.0211 0.0059 0.1562 0.1605 4.1270
7.80 -1.025 -2.25 1.4090 0.0467 0.0077 0.2228 0.2057 4.9740
7.80 -1.025 -2.00 1.0820 0.0962 0.0104 0.3035 0.2515 5.7591
7.80 -0.900 -2.50 1.8610 0.0264 0.0059 0.1551 0.2127 4.1153
7.80 -0.900 -2.25 1.4073 0.0590 0.0077 0.2206 0.2720 4.9558
7.80 -0.900 -2.00 1.0817 0.1215 0.0103 0.3003 0.3324 5.7367
7.90 -1.150 -2.75 2.4031 0.0068 0.0046 0.0985 0.0909 3.6360
7.90 -1.150 -2.50 1.7951 0.0159 0.0057 0.1493 0.1206 4.6758
7.90 -1.150 -2.25 1.3602 0.0338 0.0074 0.2109 0.1531 5.6181
7.90 -1.025 -2.75 2.4092 0.0085 0.0046 0.0980 0.1207 3.6283
7.90 -1.025 -2.50 1.7946 0.0196 0.0057 0.1483 0.1599 4.6638
7.90 -1.025 -2.25 1.3581 0.0422 0.0074 0.2093 0.2028 5.6012
7.90 -0.900 -2.75 2.4057 0.0105 0.0046 0.0973 0.1600 3.6183
7.90 -0.900 -2.50 1.8006 0.0243 0.0057 0.1471 0.2118 4.6499
7.90 -0.900 -2.25 1.3561 0.0528 0.0074 0.2073 0.2683 5.5813
8.00 -1.150 -2.75 2.2944 0.0065 0.0045 0.0899 0.0882 4.0370
8.00 -1.150 -2.50 1.7210 0.0144 0.0055 0.1347 0.1153 5.1727
8.00 -1.150 -2.25 1.3042 0.0293 0.0072 0.1887 0.1449 6.1962
8.00 -1.025 -2.75 2.2931 0.0080 0.0044 0.0893 0.1169 4.0274
8.00 -1.025 -2.50 1.7143 0.0175 0.0055 0.1338 0.1529 5.1598
8.00 -1.025 -2.25 1.3020 0.0362 0.0072 0.1874 0.1921 6.1793
8.00 -0.900 -2.75 2.2891 0.0098 0.0044 0.0886 0.1549 4.0145
8.00 -0.900 -2.50 1.7150 0.0214 0.0055 0.1327 0.2023 5.1425
8.00 -0.900 -2.25 1.2995 0.0448 0.0071 0.1855 0.2540 6.1556
8.00 -0.775 -2.75 2.2781 0.0119 0.0044 0.0877 0.2047 3.9985
8.00 -0.775 -2.50 1.7119 0.0263 0.0055 0.1311 0.2671 5.1195
8.00 -0.775 -2.25 1.2973 0.0557 0.0071 0.1833 0.3352 6.1267
8.00 -0.650 -2.75 2.2690 0.0145 0.0044 0.0864 0.2696 3.9759
8.00 -0.650 -2.50 1.7060 0.0324 0.0055 0.1292 0.3519 5.0914
8.00 -0.650 -2.25 1.2935 0.0690 0.0071 0.1805 0.4412 6.0909
8.10 -1.150 -3.00 2.8806 0.0022 0.0036 0.0457 0.0597 3.0150
8.10 -1.150 -2.75 2.1418 0.0061 0.0043 0.0762 0.0805 4.3433
8.10 -1.150 -2.50 1.6123 0.0125 0.0053 0.1133 0.1040 5.5556
8.10 -1.150 -2.25 1.2254 0.0242 0.0069 0.1584 0.1301 6.6514
8.10 -1.025 -3.00 2.8780 0.0028 0.0036 0.0454 0.0791 3.0065
8.10 -1.025 -2.75 2.1392 0.0073 0.0043 0.0756 0.1067 4.3307
8.10 -1.025 -2.50 1.6099 0.0149 0.0053 0.1126 0.1379 5.5419
8.10 -1.025 -2.25 1.2238 0.0293 0.0069 0.1573 0.1725 6.6332
8.10 -0.900 -3.00 2.8713 0.0035 0.0036 0.0449 0.1046 2.9952
8.10 -0.900 -2.75 2.1335 0.0087 0.0043 0.0749 0.1411 4.3150
8.10 -0.900 -2.50 1.6066 0.0179 0.0053 0.1117 0.1826 5.5243
8.10 -0.900 -2.25 1.2204 0.0358 0.0068 0.1559 0.2281 6.6096
8.10 -0.775 -3.00 2.8651 0.0044 0.0036 0.0443 0.1380 2.9801
8.10 -0.775 -2.75 2.1276 0.0104 0.0043 0.0741 0.1865 4.2969
8.10 -0.775 -2.50 1.6014 0.0216 0.0053 0.1104 0.2411 5.4990
8.10 -0.775 -2.25 1.2168 0.0438 0.0068 0.1540 0.3011 6.5790
8.10 -0.650 -3.00 2.8579 0.0054 0.0036 0.0436 0.1814 2.9609
8.10 -0.650 -2.75 2.1218 0.0125 0.0043 0.0729 0.2453 4.2700
8.10 -0.650 -2.50 1.5970 0.0262 0.0053 0.1087 0.3173 5.4662
8.10 -0.650 -2.25 1.2146 0.0535 0.0068 0.1515 0.3961 6.5382
8.20 -0.900 -3.00 2.6650 0.0032 0.0034 0.0351 0.0903 3.1057
8.20 -0.900 -2.75 1.9744 0.0074 0.0040 0.0584 0.1207 4.4766
8.20 -0.900 -2.50 1.4958 0.0141 0.0050 0.0871 0.1552 5.7377
8.20 -0.900 -2.25 1.1416 0.0262 0.0064 0.1220 0.1938 6.8749
8.20 -0.775 -3.00 2.6598 0.0039 0.0034 0.0346 0.1189 3.0880
8.20 -0.775 -2.75 1.9805 0.0087 0.0040 0.0576 0.1592 4.4544
8.20 -0.775 -2.50 1.4934 0.0166 0.0050 0.0861 0.2048 5.7119
8.20 -0.775 -2.25 1.1434 0.0314 0.0063 0.1205 0.2557 6.8431
8.20 -0.650 -3.00 2.6470 0.0048 0.0034 0.0339 0.1560 3.0647
8.20 -0.650 -2.75 1.9712 0.0101 0.0040 0.0567 0.2093 4.4262
8.20 -0.650 -2.50 1.4865 0.0196 0.0050 0.0847 0.2694 5.6770
8.20 -0.650 -2.25 1.1393 0.0375 0.0063 0.1186 0.3364 6.8017
8.20 -0.525 -3.00 2.6357 0.0057 0.0034 0.0331 0.2035 3.0338
8.20 -0.525 -2.75 1.9631 0.0118 0.0040 0.0554 0.2736 4.3877
8.20 -0.525 -2.50 1.4897 0.0233 0.0049 0.0831 0.3531 5.6344
8.20 -0.525 -2.25 1.1318 0.0447 0.0063 0.1162 0.4408 6.7489
8.20 -0.400 -3.00 2.6219 0.0067 0.0033 0.0319 0.2634 2.9934
8.20 -0.400 -2.75 1.9488 0.0138 0.0040 0.0538 0.3559 4.3396
8.20 -0.400 -2.50 1.4742 0.0277 0.0049 0.0808 0.4599 5.5753
8.20 -0.400 -2.25 1.1291 0.0528 0.0063 0.1131 0.5745 6.6798
8.30 -0.900 -3.00 2.4728 0.0027 0.0030 0.0237 0.0692 3.0223
8.30 -0.900 -2.75 1.8339 0.0061 0.0036 0.0398 0.0925 4.3877
8.30 -0.900 -2.50 1.3938 0.0105 0.0044 0.0600 0.1192 5.6553
8.30 -0.775 -3.00 2.4617 0.0033 0.0030 0.0233 0.0909 3.0033
8.30 -0.775 -2.75 1.8274 0.0069 0.0036 0.0392 0.1219 4.3650
8.30 -0.775 -2.50 1.3883 0.0119 0.0044 0.0593 0.1572 5.6305
8.30 -0.650 -3.00 2.4666 0.0040 0.0030 0.0228 0.1189 2.9776
8.30 -0.650 -2.75 1.8349 0.0079 0.0036 0.0385 0.1599 4.3347
8.30 -0.650 -2.50 1.3880 0.0136 0.0044 0.0583 0.2067 5.5964
8.30 -0.525 -3.00 2.4584 0.0047 0.0030 0.0221 0.1546 2.9441
8.30 -0.525 -2.75 1.8177 0.0089 0.0036 0.0376 0.2087 4.2956
8.30 -0.525 -2.50 1.3781 0.0156 0.0044 0.0571 0.2703 5.5516
8.30 -0.400 -3.00 2.4403 0.0054 0.0030 0.0213 0.1993 2.9012
8.30 -0.400 -2.75 1.8026 0.0100 0.0036 0.0364 0.2704 4.2432
8.30 -0.400 -2.50 1.3694 0.0179 0.0044 0.0554 0.3515 5.4926
8.40 -0.900 -3.00 2.3249 0.0024 0.0027 0.0150 0.0502 2.8596
8.40 -0.900 -2.75 1.7026 0.0053 0.0032 0.0255 0.0675 4.1892
8.40 -0.900 -2.50 1.2956 0.0085 0.0039 0.0390 0.0872 5.4391
8.40 -0.775 -3.00 2.3006 0.0029 0.0027 0.0147 0.0657 2.8385
8.40 -0.775 -2.75 1.6973 0.0059 0.0032 0.0251 0.0887 4.1648
8.40 -0.775 -2.50 1.2909 0.0094 0.0039 0.0384 0.1149 5.4117
8.40 -0.650 -3.00 2.3097 0.0035 0.0027 0.0143 0.0857 2.8106
8.40 -0.650 -2.75 1.6866 0.0066 0.0032 0.0245 0.1161 4.1336
8.40 -0.650 -2.50 1.2842 0.0103 0.0039 0.0377 0.1506 5.3764
8.40 -0.525 -3.00 2.2960 0.0041 0.0027 0.0138 0.1108 2.7743
8.40 -0.525 -2.75 1.6743 0.0072 0.0032 0.0239 0.1509 4.0916
8.40 -0.525 -2.50 1.2751 0.0114 0.0039 0.0368 0.1967 5.3313
8.40 -0.400 -3.00 2.2811 0.0046 0.0027 0.0132 0.1420 2.7284
8.40 -0.400 -2.75 1.6722 0.0079 0.0031 0.0230 0.1945 4.0353
8.40 -0.400 -2.50 1.2657 0.0126 0.0038 0.0357 0.2550 5.2721
8.50 -0.900 -3.25 3.2583 0.0000 0.0016 0.0036 0.0212 1.3050
8.50 -0.900 -3.00 2.1662 0.0018 0.0019 0.0077 0.0318 2.4156
8.50 -0.900 -2.75 1.5415 0.0044 0.0022 0.0135 0.0436 3.6527
8.50 -0.775 -3.25 3.2550 0.0000 0.0016 0.0035 0.0275 1.2909
8.50 -0.775 -3.00 2.1601 0.0023 0.0019 0.0075 0.0415 2.3949
8.50 -0.775 -2.75 1.5396 0.0050 0.0022 0.0133 0.0570 3.6286
8.50 -0.650 -3.25 3.2804 0.0000 0.0016 0.0033 0.0354 1.2714
8.50 -0.650 -3.00 2.1756 0.0027 0.0019 0.0073 0.0538 2.3676
8.50 -0.650 -2.75 1.5320 0.0055 0.0022 0.0130 0.0743 3.5965
8.50 -0.525 -3.25 3.2760 0.0000 0.0016 0.0032 0.0452 1.2471
8.50 -0.525 -3.00 2.1578 0.0032 0.0019 0.0070 0.0691 2.3328
8.50 -0.525 -2.75 1.5222 0.0060 0.0022 0.0125 0.0961 3.5555
8.50 -0.400 -3.25 3.2720 0.0012 0.0016 0.0030 0.0569 1.2160
8.50 -0.400 -3.00 2.1498 0.0038 0.0019 0.0066 0.0877 2.2864
8.50 -0.400 -2.75 1.5131 0.0064 0.0022 0.0120 0.1230 3.5003
8.60 -0.650 -3.25 3.6846 0.0000 0.0000 0.0013 0.0203 0.8679
8.60 -0.650 -3.00 2.2697 0.0016 0.0000 0.0032 0.0324 1.7656
8.60 -0.650 -2.75 1.4887 0.0042 0.0010 0.0060 0.0457 2.8567
8.60 -0.525 -3.25 3.6928 0.0000 0.0000 0.0012 0.0256 0.8478
8.60 -0.525 -3.00 2.2641 0.0020 0.0000 0.0030 0.0413 1.7335
8.60 -0.525 -2.75 1.4842 0.0047 0.0010 0.0058 0.0587 2.8173
8.60 -0.400 -3.25 3.7368 0.0000 0.0000 0.0011 0.0317 0.8218
8.60 -0.400 -3.00 2.2690 0.0025 0.0000 0.0028 0.0519 1.6927
8.60 -0.400 -2.75 1.4792 0.0051 0.0010 0.0055 0.0744 2.7649
8.60 -0.275 -3.25 3.7612 0.0000 0.0000 0.0010 0.0385 0.7895
8.60 -0.275 -3.00 2.2680 0.0029 0.0000 0.0026 0.0638 1.6397
8.60 -0.275 -2.75 1.4809 0.0056 0.0010 0.0051 0.0928 2.6975
8.60 -0.150 -3.25 3.8075 0.0010 0.0000 0.0000 0.0453 0.7490
8.60 -0.150 -3.00 2.2902 0.0034 0.0000 0.0023 0.0767 1.5728
8.60 -0.150 -2.75 1.4855 0.0060 0.0010 0.0047 0.1134 2.6109
8.70 -0.650 -3.50 8.5155 0.0000 0.0000 0.0000 0.0039 0.1786
8.70 -0.650 -3.25 4.6199 0.0000 0.0000 0.0000 0.0096 0.5452
8.70 -0.650 -3.00 2.6841 0.0000 0.0000 0.0012 0.0177 1.2412
8.70 -0.525 -3.50 8.5472 0.0000 0.0000 0.0000 0.0049 0.1728
8.70 -0.525 -3.25 4.6771 0.0000 0.0000 0.0000 0.0120 0.5310
8.70 -0.525 -3.00 2.6870 0.0011 0.0000 0.0012 0.0222 1.2143
8.70 -0.400 -3.50 8.6816 0.0000 0.0000 0.0000 0.0059 0.1657
8.70 -0.400 -3.25 4.7197 0.0000 0.0000 0.0000 0.0146 0.5116
8.70 -0.400 -3.00 2.7045 0.0014 0.0000 0.0011 0.0275 1.1796
8.70 -0.275 -3.50 8.7720 0.0000 0.0000 0.0000 0.0070 0.1569
8.70 -0.275 -3.25 4.7527 0.0000 0.0000 0.0000 0.0174 0.4881
8.70 -0.275 -3.00 2.7423 0.0018 0.0000 0.0000 0.0333 1.1358
8.70 -0.150 -3.50 8.9402 0.0000 0.0000 0.0000 0.0079 0.1463
8.70 -0.150 -3.25 4.8448 0.0000 0.0000 0.0000 0.0200 0.4586
8.70 -0.150 -3.00 2.7859 0.0022 0.0000 0.0000 0.0392 1.0809
8.80 -0.400 -3.50 11.0590 0.0000 0.0000 0.0000 0.0020 0.0846
8.80 -0.400 -3.25 6.0589 0.0000 0.0000 0.0000 0.0061 0.3055
8.80 -0.400 -3.00 3.3799 0.0000 0.0000 0.0000 0.0139 0.7967
8.80 -0.275 -3.50 11.1329 0.0000 0.0000 0.0000 0.0023 0.0798
8.80 -0.275 -3.25 6.1640 0.0000 0.0000 0.0000 0.0072 0.2890
8.80 -0.275 -3.00 3.4192 0.0000 0.0000 0.0000 0.0165 0.7616
8.80 -0.150 -3.50 11.3645 0.0000 0.0000 0.0000 0.0026 0.0740
8.80 -0.150 -3.25 6.2507 0.0000 0.0000 0.0000 0.0081 0.2690
8.80 -0.150 -3.00 3.4808 0.0012 0.0000 0.0000 0.0190 0.7178
8.80 -0.025 -3.50 11.4946 0.0000 0.0000 0.0000 0.0027 0.0673
8.80 -0.025 -3.25 6.3929 0.0000 0.0000 0.0000 0.0087 0.2452
8.80 -0.025 -3.00 3.5687 0.0015 0.0000 0.0000 0.0207 0.6633
8.80 0.100 -3.50 11.8233 0.0000 0.0000 0.0000 0.0028 0.0597
8.80 0.100 -3.25 6.5795 0.0000 0.0000 0.0000 0.0088 0.2181
8.80 0.100 -3.00 3.6430 0.0019 0.0000 0.0000 0.0215 0.5992
8.90 -0.400 -3.75 19.3526 0.0000 0.0000 0.0000 0.0000 0.0058
8.90 -0.400 -3.50 14.1564 0.0000 0.0000 0.0000 0.0000 0.0261
8.90 -0.400 -3.25 8.3188 0.0000 0.0000 0.0000 0.0012 0.1191
8.90 -0.275 -3.75 19.3730 0.0000 0.0000 0.0000 0.0000 0.0055
8.90 -0.275 -3.50 14.3198 0.0000 0.0000 0.0000 0.0000 0.0247
8.90 -0.275 -3.25 8.4474 0.0000 0.0000 0.0000 0.0013 0.1119
8.90 -0.150 -3.75 19.4967 0.0000 0.0000 0.0000 0.0000 0.0052
8.90 -0.150 -3.50 14.4065 0.0000 0.0000 0.0000 0.0000 0.0230
8.90 -0.150 -3.25 8.5562 0.0000 0.0000 0.0000 0.0015 0.1031
8.90 -0.025 -3.75 19.5492 0.0000 0.0000 0.0000 0.0000 0.0049
8.90 -0.025 -3.50 14.6166 0.0000 0.0000 0.0000 0.0000 0.0210
8.90 -0.025 -3.25 8.8121 0.0000 0.0000 0.0000 0.0016 0.0931
8.90 0.100 -3.75 19.7143 0.0000 0.0000 0.0000 0.0000 0.0045
8.90 0.100 -3.50 14.8873 0.0000 0.0000 0.0000 0.0000 0.0188
8.90 0.100 -3.25 9.0549 0.0000 0.0000 0.0000 0.0015 0.0818
9.00 -0.150 -3.75 23.0358 0.0000 0.0000 0.0000 0.0000 0.0024
9.00 -0.150 -3.50 23.0993 0.0000 0.0000 0.0000 0.0000 0.0090
9.00 -0.150 -3.25 12.2773 0.0000 0.0000 0.0000 0.0000 0.0210
9.00 -0.025 -3.75 23.2185 0.0000 0.0000 0.0000 0.0000 0.0023
9.00 -0.025 -3.50 23.0380 0.0000 0.0000 0.0000 0.0000 0.0089
9.00 -0.025 -3.25 12.4672 0.0000 0.0000 0.0000 0.0000 0.0189
9.00 0.100 -3.75 24.5907 0.0000 0.0000 0.0000 0.0000 0.0023
9.00 0.100 -3.50 23.0705 0.0000 0.0000 0.0000 0.0000 0.0087
9.00 0.100 -3.25 12.8489 0.0000 0.0000 0.0000 0.0000 0.0166
9.00 0.225 -3.75 22.4468 0.0000 0.0000 0.0000 0.0000 0.0021
9.00 0.225 -3.50 22.9788 0.0000 0.0000 0.0000 0.0000 0.0080
9.00 0.225 -3.25 13.1446 0.0000 0.0000 0.0000 0.0000 0.0142
9.00 0.350 -3.75 47.2879 0.0000 0.0000 0.0000 0.0000 0.0014
9.00 0.350 -3.50 22.9608 0.0000 0.0000 0.0000 0.0000 0.0071
9.00 0.350 -3.25 21.2096 0.0000 0.0000 0.0000 0.0000 0.0216
9.10 -0.150 -3.75 45.5449 0.0000 0.0000 0.0000 0.0000 0.0000
9.10 -0.150 -3.50 46.7045 0.0000 0.0000 0.0000 0.0000 0.0013
9.10 -0.150 -3.25 22.3127 0.0000 0.0000 0.0000 0.0000 0.0104
9.10 -0.025 -3.75 45.4767 0.0000 0.0000 0.0000 0.0000 0.0000
9.10 -0.025 -3.50 46.6085 0.0000 0.0000 0.0000 0.0000 0.0012
9.10 -0.025 -3.25 21.7012 0.0000 0.0000 0.0000 0.0000 0.0097
9.10 0.100 -3.75 45.3885 0.0000 0.0000 0.0000 0.0000 0.0000
9.10 0.100 -3.50 46.4871 0.0000 0.0000 0.0000 0.0000 0.0011
9.10 0.100 -3.25 22.1229 0.0000 0.0000 0.0000 0.0000 0.0092
9.10 0.225 -3.75 45.2757 0.0000 0.0000 0.0000 0.0000 0.0000
9.10 0.225 -3.50 46.3348 0.0000 0.0000 0.0000 0.0000 0.0000
9.10 0.225 -3.25 48.4606 0.0000 0.0000 0.0000 0.0000 0.0060
9.10 0.350 -3.75 45.1332 0.0000 0.0000 0.0000 0.0000 0.0000
9.10 0.350 -3.50 46.1467 0.0000 0.0000 0.0000 0.0000 0.0000
9.10 0.350 -3.25 48.2276 0.0000 0.0000 0.0000 0.0000 0.0050
